1.769531,-0.113281,0.310547,0.614669,24.983105,0.000000
1.673828,-0.164062,-0.517578,-0.614669,25.634811,0.000000
0.041016,-0.033203,0.062500,0.000000,30.166155,0.000000
0.044922,-0.046875,0.103516,0.000000,29.057959,0.000000
1.115234,-0.515625,0.316406,0.000000,19.030899,0.000000
0.849609,2.300781,-0.087891,0.000000,25.587086,0.000000
0.847656,2.339844,-0.185547,0.000000,26.512779,0.000000
0.011719,-0.039062,-0.007812,0.000000,30.759117,1.000000
0.017578,-0.080078,-0.007812,0.000000,31.997551,1.000000
0.029297,-0.119141,-0.005859,0.000000,30.240749,1.000000
0.056641,-0.154297,0.005859,0.000000,25.514500,1.000000
0.353516,-0.080078,-1.214844,0.000000,21.931246,1.000000
0.306641,-0.041016,1.271484,0.000000,23.222193,1.000000
0.490234,-0.042969,1.257812,0.000000,21.875208,1.000000
1.753906,0.109375,0.060547,0.000000,27.795965,1.000000
1.798828,-0.056641,-0.027344,0.000000,28.692318,1.000000
1.835938,-0.056641,-0.117188,0.000000,26.875290,1.000000
2.556641,-0.263672,1.166016,0.000000,29.355072,1.000000
2.607422,-0.267578,1.154297,0.000000,32.727695,1.000000
2.662109,-0.181641,1.148438,0.000000,31.931246,1.000000
0.041016,-0.033203,0.062500,0.000000,30.161974,1.000000
0.044922,-0.046875,0.103516,0.000000,29.057959,1.000000
1.117188,-0.515625,0.306641,0.000000,19.030899,1.000000
0.011719,-0.039062,-0.007812,0.000000,30.762762,2.000000
0.017578,-0.080078,-0.007812,0.000000,32.000294,2.000000
0.029297,-0.119141,-0.003906,0.000000,30.244856,2.000000
0.056641,-0.154297,0.005859,0.000000,25.526682,2.000000
0.357422,-0.080078,-1.214844,0.000000,21.875208,2.000000
0.273438,-0.041016,1.279297,0.000000,23.201464,2.000000
0.388672,-0.000000,1.292969,0.000000,21.846914,2.000000
1.693359,-0.000000,-0.291016,0.000000,29.232441,2.000000
1.742188,-0.054688,-0.228516,0.000000,30.310043,2.000000
1.781250,-0.056641,-0.255859,0.000000,28.721563,2.000000
1.781250,-0.056641,-0.460938,0.000000,26.294096,2.000000
2.519531,-0.263672,1.244141,0.000000,29.400181,2.000000
2.599609,-0.267578,1.171875,0.000000,32.789822,2.000000
2.666016,-0.181641,1.138672,0.000000,32.043915,2.000000
0.041016,-0.033203,0.062500,0.000000,30.157787,2.000000
0.044922,-0.046875,0.103516,0.000000,29.052561,2.000000
1.201172,0.357422,0.199219,0.000000,19.030899,2.000000
0.011719,-0.039062,-0.007812,0.000000,30.759117,3.000000
0.017578,-0.080078,-0.007812,0.000000,31.997551,3.000000
0.041016,-0.115234,-0.007812,0.000000,30.236639,3.000000
0.056641,-0.154297,0.005859,0.000000,25.514500,3.000000
0.367188,-0.080078,-1.210938,0.000000,21.958996,3.000000
0.246094,-0.041016,1.285156,0.000000,23.242825,3.000000
0.322266,-0.000000,1.310547,0.000000,21.846914,3.000000
1.673828,-0.105469,-0.058594,0.000000,27.242758,3.000000
1.714844,-0.052734,-0.076172,0.000000,31.162756,3.000000
1.753906,-0.054688,-0.119141,0.000000,31.461281,3.000000
1.783203,-0.056641,-0.230469,0.000000,28.579353,3.000000
2.550781,-0.263672,1.177734,0.000000,29.415113,3.000000
2.609375,-0.267578,1.146484,0.000000,32.842052,3.000000
2.675781,-0.271484,1.097656,0.000000,32.113876,3.000000
0.041016,-0.033203,0.062500,0.000000,30.161974,3.000000
0.044922,-0.046875,0.103516,0.000000,29.057959,3.000000
0.011719,-0.039062,-0.007812,0.000000,30.755470,4.000000
0.017578,-0.080078,-0.007812,0.000000,31.994808,4.000000
0.029297,-0.119141,-0.005859,0.000000,30.236639,4.000000
0.056641,-0.154297,0.005859,0.000000,25.514500,4.000000
0.375000,-0.080078,-1.208984,0.000000,21.875208,4.000000
0.244141,-0.041016,1.285156,0.000000,23.263359,4.000000
0.367188,-0.000000,1.298828,0.000000,21.903316,4.000000
1.714844,-0.052734,-0.103516,0.000000,30.561422,4.000000
1.753906,-0.109375,-0.078125,0.000000,30.809870,4.000000
1.796875,-0.113281,0.001953,0.000000,27.979597,4.000000
1.808594,-0.115234,-0.318359,0.000000,26.776070,4.000000
1.845703,-0.058594,-0.363281,0.000000,26.053051,4.000000
2.556641,-0.263672,1.166016,0.000000,29.439888,4.000000
2.607422,-0.267578,1.152344,0.000000,32.792107,4.000000
2.662109,-0.271484,1.130859,0.000000,31.961761,4.000000
0.041016,-0.033203,0.062500,0.000000,30.166155,4.000000
0.044922,-0.046875,0.103516,0.000000,29.057959,4.000000
1.113281,-0.515625,0.324219,0.000000,19.138138,4.000000
0.867188,2.339844,-0.027344,0.000000,25.078558,4.000000
0.011719,-0.039062,-0.007812,0.000000,30.766405,5.000000
0.017578,-0.080078,-0.007812,0.000000,32.003033,5.000000
0.029297,-0.119141,-0.003906,0.000000,30.244856,5.000000
0.056641,-0.154297,0.005859,0.000000,25.526682,5.000000
0.359375,-0.080078,-1.212891,0.000000,21.903316,5.000000
0.275391,-0.041016,1.279297,0.000000,23.222193,5.000000
0.470703,-0.042969,1.263672,0.000000,21.875208,5.000000
1.625000,-0.105469,-0.402344,0.000000,27.626785,5.000000
1.650391,-0.052734,-0.476562,0.000000,30.791813,5.000000
1.589844,-0.000000,-0.751953,0.000000,29.211660,5.000000
1.777344,-0.281250,0.042969,0.000000,25.682016,5.000000
1.832031,-0.115234,-0.125000,0.000000,28.549129,5.000000
1.865234,-0.058594,-0.248047,0.000000,27.442930,5.000000
2.537109,-0.263672,1.208984,0.000000,29.355072,5.000000
2.603516,-0.267578,1.164062,0.000000,32.727695,5.000000
2.664062,-0.271484,1.125000,0.000000,31.900515,5.000000
0.041016,-0.033203,0.062500,0.000000,30.157787,5.000000
0.044922,-0.046875,0.103516,0.000000,29.057959,5.000000
1.119141,-0.474609,0.361328,0.000000,19.030899,5.000000
0.011719,-0.039062,-0.007812,0.000000,30.755470,6.000000
0.017578,-0.080078,-0.007812,0.000000,32.000294,6.000000
0.029297,-0.119141,-0.003906,0.000000,30.240749,6.000000
0.056641,-0.154297,0.005859,0.000000,25.526682,6.000000
0.345703,-0.080078,-1.216797,0.000000,21.875208,6.000000
0.294922,-0.041016,1.275391,0.000000,23.222193,6.000000
0.359375,-0.000000,1.300781,0.000000,21.846914,6.000000
1.648438,-0.052734,-0.308594,0.000000,29.227255,6.000000
1.689453,-0.052734,-0.308594,0.000000,32.812607,6.000000
1.714844,-0.109375,-0.373047,0.000000,32.273724,6.000000
1.632812,-0.281250,-0.703125,0.000000,27.888752,6.000000
2.527344,-0.263672,1.228516,0.000000,29.355072,6.000000
2.597656,-0.267578,1.175781,0.000000,32.755417,6.000000
2.658203,-0.271484,1.140625,0.000000,31.964525,6.000000
0.041016,-0.033203,0.062500,0.000000,30.161974,6.000000
0.044922,-0.046875,0.105469,0.000000,29.057959,6.000000
1.207031,0.357422,0.154297,0.000000,19.030899,6.000000
0.011719,-0.039062,-0.007812,0.000000,30.755470,7.000000
0.017578,-0.080078,-0.007812,0.000000,31.997551,7.000000
0.029297,-0.119141,-0.003906,0.000000,30.244856,7.000000
0.056641,-0.154297,0.005859,0.000000,25.526682,7.000000
0.343750,-0.080078,-1.218750,0.000000,21.958996,7.000000
0.296875,-0.041016,1.273438,0.000000,23.242825,7.000000
0.490234,-0.042969,1.257812,0.000000,21.818436,7.000000
1.654297,-0.052734,-0.269531,0.000000,28.027737,7.000000
1.697266,-0.052734,-0.257812,0.000000,31.740599,7.000000
1.740234,-0.000000,-0.261719,0.000000,31.245043,7.000000
1.613281,-0.449219,0.660156,0.000000,27.427252,7.000000
1.839844,-0.000000,-0.396484,0.000000,27.101173,7.000000
2.552734,-0.263672,1.173828,0.000000,29.350031,7.000000
2.605469,-0.267578,1.158203,0.000000,32.730011,7.000000
2.658203,-0.271484,1.136719,0.000000,31.925674,7.000000
0.041016,-0.033203,0.062500,0.000000,30.161974,7.000000
0.044922,-0.046875,0.103516,0.000000,29.052561,7.000000
1.115234,-0.515625,0.314453,0.000000,19.084850,7.000000
1.726562,0.167969,-0.482422,0.000000,26.473829,7.000000
0.011719,-0.039062,-0.007812,0.000000,30.759117,8.000000
0.017578,-0.080078,-0.007812,0.000000,32.000294,8.000000
0.029297,-0.119141,-0.005859,0.000000,30.244856,8.000000
0.056641,-0.154297,0.005859,0.000000,25.538830,8.000000
0.378906,-0.080078,-1.207031,0.000000,21.931246,8.000000
0.234375,-0.041016,1.287109,0.000000,23.242825,8.000000
0.414062,-0.042969,1.283203,0.000000,21.875208,8.000000
1.654297,-0.052734,-0.273438,0.000000,27.535831,8.000000
1.695312,-0.052734,-0.279297,0.000000,31.218880,8.000000
1.734375,-0.000000,-0.289062,0.000000,31.031193,8.000000
1.765625,0.167969,-0.308594,0.000000,27.781513,8.000000
2.556641,-0.263672,1.167969,0.000000,29.523081,8.000000
2.609375,-0.267578,1.148438,0.000000,32.808060,8.000000
2.671875,-0.181641,1.123047,0.000000,31.970047,8.000000
0.041016,-0.033203,0.062500,0.000000,30.157787,8.000000
0.044922,-0.046875,0.103516,0.000000,29.057959,8.000000
1.119141,-0.515625,0.296875,0.000000,19.030899,8.000000
1.583984,-0.449219,0.724609,0.000000,25.728716,8.000000
0.011719,-0.039062,-0.007812,0.000000,30.766405,9.000000
0.017578,-0.080078,-0.007812,0.000000,32.003033,9.000000
0.029297,-0.119141,-0.003906,0.000000,30.244856,9.000000
0.056641,-0.154297,0.005859,0.000000,25.526682,9.000000
0.375000,-0.080078,-1.208984,0.000000,21.903316,9.000000
0.263672,-0.041016,1.281250,0.000000,23.242825,9.000000
0.451172,-0.042969,1.271484,0.000000,21.846914,9.000000
1.710938,-0.000000,-0.146484,0.000000,30.445398,9.000000
1.753906,-0.000000,-0.121094,0.000000,30.944712,9.000000
2.552734,-0.263672,1.175781,0.000000,29.420080,9.000000
2.609375,-0.267578,1.148438,0.000000,32.787537,9.000000
2.667969,-0.271484,1.113281,0.000000,31.986570,9.000000
0.041016,-0.033203,0.062500,0.000000,30.166155,9.000000
0.044922,-0.046875,0.103516,0.000000,29.057959,9.000000
1.113281,-0.515625,0.322266,0.000000,19.084850,9.000000
0.011719,-0.039062,-0.007812,0.000000,30.762762,10.000000
0.017578,-0.080078,-0.007812,0.000000,31.997551,10.000000
0.029297,-0.119141,-0.005859,0.000000,30.240749,10.000000
0.056641,-0.154297,0.005859,0.000000,25.514500,10.000000
0.318359,-0.080078,-1.224609,0.000000,21.958996,10.000000
0.283203,-0.041016,1.277344,0.000000,23.222193,10.000000
0.476562,-0.042969,1.261719,0.000000,21.875208,10.000000
1.705078,-0.052734,-0.210938,0.000000,29.973864,10.000000
1.757812,-0.000000,-0.041016,0.000000,30.618294,10.000000
1.794922,-0.000000,0.142578,0.000000,28.000294,10.000000
2.572266,-0.263672,1.130859,0.000000,29.599949,10.000000
2.613281,-0.267578,1.138672,0.000000,32.848816,10.000000
2.669922,-0.271484,1.111328,0.000000,32.016701,10.000000
0.041016,-0.033203,0.062500,0.000000,30.157787,10.000000
0.044922,-0.046875,0.103516,0.000000,29.052561,10.000000
1.203125,0.357422,0.179688,0.000000,19.030899,10.000000
0.011719,-0.039062,-0.007812,0.000000,30.755470,11.000000
0.017578,-0.080078,-0.007812,0.000000,32.000294,11.000000
0.029297,-0.119141,-0.005859,0.000000,30.244856,11.000000
0.056641,-0.154297,0.005859,0.000000,25.526682,11.000000
0.310547,-0.080078,-1.226562,0.000000,21.931246,11.000000
0.292969,-0.041016,1.275391,0.000000,23.242825,11.000000
0.464844,-0.042969,1.267578,0.000000,21.903316,11.000000
1.662109,-0.052734,-0.212891,0.000000,27.209858,11.000000
1.712891,-0.052734,-0.113281,0.000000,31.936810,11.000000
1.757812,-0.054688,-0.005859,0.000000,32.789822,11.000000
1.779297,-0.000000,0.277344,0.000000,29.656719,11.000000
1.724609,-0.287109,-0.576172,0.000000,26.866364,11.000000
1.847656,-0.117188,-0.335938,0.000000,26.946053,11.000000
2.558594,-0.263672,1.164062,0.000000,29.489017,11.000000
2.609375,-0.267578,1.146484,0.000000,32.801228,11.000000
2.667969,-0.271484,1.115234,0.000000,31.992065,11.000000
0.041016,-0.033203,0.062500,0.000000,30.157787,11.000000
0.044922,-0.046875,0.103516,0.000000,29.057959,11.000000
1.119141,-0.474609,0.357422,0.000000,19.084850,11.000000
0.011719,-0.039062,-0.007812,0.000000,30.751818,12.000000
0.017578,-0.080078,-0.007812,0.000000,31.994808,12.000000
0.029297,-0.119141,-0.005859,0.000000,30.236639,12.000000
0.056641,-0.154297,0.005859,0.000000,25.514500,12.000000
0.361328,-0.080078,-1.212891,0.000000,21.875208,12.000000
0.240234,-0.041016,1.285156,0.000000,23.242825,12.000000
0.324219,-0.000000,1.310547,0.000000,21.875208,12.000000
1.648438,-0.105469,-0.289062,0.000000,28.318697,12.000000
1.677734,-0.052734,-0.363281,0.000000,31.195858,12.000000
1.701172,-0.000000,-0.445312,0.000000,28.615345,12.000000
1.781250,-0.167969,0.201172,0.000000,29.537598,12.000000
1.835938,-0.115234,0.050781,0.000000,29.813656,12.000000
2.560547,-0.263672,1.156250,0.000000,29.628428,12.000000
2.599609,-0.267578,1.169922,0.000000,32.819420,12.000000
2.654297,-0.271484,1.146484,0.000000,31.942368,12.000000
0.041016,-0.033203,0.062500,0.000000,30.161974,12.000000
0.044922,-0.046875,0.103516,0.000000,29.057959,12.000000
1.115234,-0.515625,0.314453,0.000000,19.084850,12.000000
0.011719,-0.039062,-0.007812,0.000000,30.755470,13.000000
0.017578,-0.080078,-0.007812,0.000000,31.997551,13.000000
0.029297,-0.119141,-0.005859,0.000000,30.244856,13.000000
0.056641,-0.154297,0.005859,0.000000,25.538830,13.000000
0.373047,-0.080078,-1.208984,0.000000,21.931246,13.000000
0.246094,-0.041016,1.285156,0.000000,23.263359,13.000000
0.359375,-0.000000,1.300781,0.000000,21.875208,13.000000
1.708984,-0.000000,0.171875,0.000000,27.923918,13.000000
1.740234,-0.000000,0.255859,0.000000,30.047512,13.000000
1.759766,0.056641,0.373047,0.000000,28.155777,13.000000
2.531250,-0.263672,1.218750,0.000000,29.253120,13.000000
2.603516,-0.267578,1.162109,0.000000,32.736958,13.000000
2.664062,-0.271484,1.123047,0.000000,32.000294,13.000000
0.041016,-0.033203,0.062500,0.000000,30.166155,13.000000
0.044922,-0.046875,0.103516,0.000000,29.057959,13.000000
1.113281,-0.474609,0.375000,0.000000,19.030899,13.000000
1.248047,-0.562500,-1.167969,0.000000,25.550945,13.000000
0.011719,-0.039062,-0.007812,0.000000,30.759117,14.000000
0.017578,-0.080078,-0.007812,0.000000,31.997551,14.000000
0.029297,-0.119141,-0.005859,0.000000,30.240749,14.000000
0.056641,-0.154297,0.005859,0.000000,25.514500,14.000000
0.347656,-0.080078,-1.216797,0.000000,21.958996,14.000000
0.283203,-0.041016,1.277344,0.000000,23.242825,14.000000
0.460938,-0.042969,1.267578,0.000000,21.875208,14.000000
1.650391,-0.107422,-0.464844,0.000000,28.208580,14.000000
1.646484,-0.109375,-0.611328,0.000000,27.701153,14.000000
2.541016,-0.263672,1.199219,0.000000,29.484129,14.000000
2.601562,-0.267578,1.166016,0.000000,32.762321,14.000000
2.660156,-0.181641,1.150391,0.000000,31.917303,14.000000
0.041016,-0.033203,0.062500,0.000000,30.161974,14.000000
0.044922,-0.046875,0.103516,0.000000,29.057959,14.000000
1.117188,-0.515625,0.308594,0.000000,19.084850,14.000000
0.011719,-0.039062,-0.007812,0.000000,30.759117,15.000000
0.017578,-0.080078,-0.007812,0.000000,31.997551,15.000000
0.029297,-0.119141,-0.005859,0.000000,30.240749,15.000000
0.056641,-0.154297,0.005859,0.000000,25.514500,15.000000
0.343750,-0.080078,-1.218750,0.000000,21.958996,15.000000
0.281250,-0.041016,1.277344,0.000000,23.263359,15.000000
0.355469,-0.000000,1.302734,0.000000,21.875208,15.000000
1.712891,-0.052734,-0.121094,0.000000,29.469433,15.000000
