1.412109,-0.089844,0.222656,-0.614669,25.587086,0.000000
0.009766,0.031250,0.025391,0.000000,29.304396,0.000000
0.041016,-0.033203,0.062500,0.000000,30.090258,0.000000
0.046875,-0.046875,0.103516,0.000000,28.976271,0.000000
2.734375,-0.181641,0.962891,0.000000,31.136091,0.000000
1.419922,-0.000000,0.189453,-0.614669,25.563025,0.000000
0.011719,-0.039062,-0.007812,0.000000,30.640835,1.000000
0.017578,-0.080078,-0.007812,0.000000,31.900515,1.000000
0.029297,-0.119141,-0.005859,0.000000,30.149403,1.000000
0.056641,-0.154297,0.005859,0.000000,25.453072,1.000000
0.093750,-0.080078,1.261719,0.000000,23.117538,1.000000
0.824219,-0.042969,-1.068359,0.000000,24.996870,1.000000
1.464844,-0.138672,-0.074219,0.000000,24.871384,1.000000
1.509766,0.046875,-0.091797,0.000000,27.259117,1.000000
1.552734,0.048828,-0.058594,0.000000,28.129133,1.000000
2.607422,-0.175781,1.066406,0.000000,28.992731,1.000000
2.685547,-0.089844,0.990234,0.000000,32.166935,1.000000
2.753906,-0.089844,0.916016,0.000000,31.132748,1.000000
4.402344,-0.142578,1.105469,0.000000,28.280151,1.000000
4.419922,-0.142578,1.197266,0.000000,31.676126,1.000000
4.458984,-0.144531,1.207031,0.000000,31.215599,1.000000
1.390625,-0.000000,-0.007812,-0.614669,27.234556,1.000000
1.431641,-0.000000,0.001953,-0.614669,27.951845,1.000000
0.009766,0.031250,0.025391,0.000000,29.304396,1.000000
0.041016,-0.033203,0.062500,0.000000,30.090258,1.000000
0.044922,-0.046875,0.103516,0.000000,28.970770,1.000000
0.757812,-0.486328,-1.267578,0.000000,25.728716,1.000000
0.011719,-0.039062,-0.007812,0.000000,30.648323,2.000000
0.017578,-0.080078,-0.007812,0.000000,31.900515,2.000000
0.029297,-0.119141,-0.005859,0.000000,30.136797,2.000000
0.056641,-0.154297,0.005859,0.000000,25.428255,2.000000
0.099609,-0.080078,1.261719,0.000000,23.074961,2.000000
0.394531,-0.082031,1.246094,0.000000,24.409090,2.000000
0.970703,-0.083984,0.933594,0.000000,23.283796,2.000000
1.347656,-0.000000,0.482422,0.000000,25.365585,2.000000
1.470703,-0.046875,0.037109,0.000000,25.611013,2.000000
1.505859,-0.093750,-0.121094,0.000000,25.693739,2.000000
2.611328,-0.175781,1.056641,0.000000,29.030899,2.000000
2.689453,-0.089844,0.978516,0.000000,32.172207,2.000000
2.728516,-0.181641,0.980469,0.000000,31.085649,2.000000
4.392578,-0.287109,1.267578,0.000000,30.835026,2.000000
4.433594,-0.144531,1.296875,0.000000,30.293839,2.000000
4.880859,-0.308594,0.759766,0.000000,31.078880,2.000000
4.949219,-0.623047,0.164062,0.000000,29.493900,2.000000
1.361328,-0.000000,0.289062,-0.614669,25.171959,2.000000
0.009766,0.031250,0.025391,0.000000,29.309490,2.000000
0.041016,-0.033203,0.062500,0.000000,30.090258,2.000000
0.044922,-0.046875,0.103516,0.000000,28.976271,2.000000
0.730469,0.472656,1.238281,0.000000,23.560259,2.000000
2.769531,-0.000000,0.876953,0.000000,31.075491,2.000000
0.011719,-0.039062,-0.007812,0.000000,30.648323,3.000000
0.017578,-0.080078,-0.007812,0.000000,31.900515,3.000000
0.029297,-0.119141,-0.005859,0.000000,30.136797,3.000000
0.056641,-0.154297,0.005859,0.000000,25.415792,3.000000
0.208984,-0.080078,1.248047,0.000000,23.096302,3.000000
0.404297,-0.041016,-1.244141,0.000000,25.276299,3.000000
1.271484,-0.000000,-0.453125,0.000000,25.717089,3.000000
1.378906,0.042969,-0.179688,0.000000,26.599161,3.000000
1.417969,0.044922,-0.185547,0.000000,25.378191,3.000000
1.480469,-0.142578,-0.277344,0.000000,27.481880,3.000000
1.515625,-0.193359,-0.283203,0.000000,27.092699,3.000000
2.628906,-0.175781,1.013672,0.000000,29.052561,3.000000
2.695312,-0.089844,0.962891,0.000000,32.211533,3.000000
2.728516,-0.181641,0.976562,0.000000,31.105898,3.000000
4.402344,-0.142578,1.263672,0.000000,30.927206,3.000000
4.435547,-0.144531,1.291016,0.000000,30.441477,3.000000
4.882812,-0.308594,0.751953,0.000000,30.253059,3.000000
4.951172,-0.623047,0.111328,0.000000,29.405165,3.000000
0.009766,0.031250,0.025391,0.000000,29.314579,3.000000
0.041016,-0.033203,0.062500,0.000000,30.090258,3.000000
0.046875,-0.046875,0.103516,0.000000,28.976271,3.000000
0.613281,0.630859,1.281250,0.000000,24.533184,3.000000
2.769531,-0.000000,0.875000,0.000000,31.099159,3.000000
0.011719,-0.039062,-0.007812,0.000000,30.644581,4.000000
0.017578,-0.080078,-0.007812,0.000000,31.903316,4.000000
0.029297,-0.119141,-0.005859,0.000000,30.149403,4.000000
0.056641,-0.154297,0.005859,0.000000,25.440680,4.000000
0.003906,-0.080078,-1.265625,0.000000,22.988531,4.000000
0.394531,-0.082031,1.246094,0.000000,24.548449,4.000000
0.804688,-0.083984,1.080078,0.000000,24.166405,4.000000
1.312500,-0.044922,0.570312,0.000000,23.031961,4.000000
1.466797,-0.091797,-0.107422,0.000000,28.549129,4.000000
1.496094,-0.046875,-0.230469,0.000000,31.772478,4.000000
1.527344,-0.048828,-0.285156,0.000000,31.179338,4.000000
1.558594,-0.099609,-0.324219,0.000000,26.599161,4.000000
2.611328,-0.175781,1.054688,0.000000,29.074114,4.000000
2.685547,-0.089844,0.988281,0.000000,32.208923,4.000000
2.751953,-0.089844,0.925781,0.000000,31.182648,4.000000
4.414062,-0.142578,1.218750,0.000000,31.179338,4.000000
4.453125,-0.144531,1.232422,0.000000,30.740847,4.000000
4.886719,-0.308594,0.722656,0.000000,31.464382,4.000000
4.966797,-0.468750,0.111328,0.000000,29.680157,4.000000
1.349609,-0.000000,0.337891,-0.614669,22.900347,4.000000
0.009766,0.031250,0.025391,0.000000,29.309490,4.000000
0.041016,-0.033203,0.062500,0.000000,30.090258,4.000000
0.044922,-0.046875,0.103516,0.000000,28.976271,4.000000
0.826172,0.597656,1.226562,0.000000,24.885508,4.000000
0.011719,-0.039062,-0.007812,0.000000,30.648323,5.000000
0.017578,-0.080078,-0.007812,0.000000,31.906118,5.000000
0.029297,-0.119141,-0.005859,0.000000,30.149403,5.000000
0.056641,-0.154297,0.007812,0.000000,25.440680,5.000000
0.287109,-0.080078,-1.232422,0.000000,22.068258,5.000000
0.814453,-0.246094,0.994141,0.000000,21.789770,5.000000
1.376953,-0.000000,0.195312,0.000000,25.365585,5.000000
1.406250,-0.044922,0.259766,0.000000,24.742163,5.000000
1.472656,-0.046875,0.009766,0.000000,26.522463,5.000000
1.496094,-0.142578,-0.183594,0.000000,28.615345,5.000000
1.523438,-0.193359,-0.236328,0.000000,28.149132,5.000000
2.626953,-0.175781,1.015625,0.000000,29.079485,5.000000
2.691406,-0.089844,0.974609,0.000000,32.208923,5.000000
2.767578,-0.000000,0.880859,0.000000,31.115986,5.000000
4.404297,-0.142578,1.093750,0.000000,27.993406,5.000000
4.417969,-0.142578,1.205078,0.000000,31.293676,5.000000
4.455078,-0.144531,1.222656,0.000000,30.831442,5.000000
4.892578,-0.308594,0.683594,0.000000,31.068705,5.000000
4.951172,-0.623047,-0.005859,0.000000,29.717396,5.000000
1.349609,-0.000000,0.035156,-0.614669,25.365585,5.000000
0.009766,0.031250,0.025391,0.000000,29.304396,5.000000
0.041016,-0.033203,0.062500,0.000000,30.090258,5.000000
0.044922,-0.046875,0.103516,0.000000,28.970770,5.000000
1.275391,0.246094,-0.166016,0.000000,20.253059,5.000000
0.408203,0.679688,1.335938,0.000000,25.428255,5.000000
0.011719,-0.039062,-0.007812,0.000000,30.648323,6.000000
0.017578,-0.080078,-0.007812,0.000000,31.900515,6.000000
0.029297,-0.119141,-0.005859,0.000000,30.141003,6.000000
0.056641,-0.154297,0.005859,0.000000,25.453072,6.000000
0.416016,-0.119141,1.191406,0.000000,21.643528,6.000000
1.013672,-0.205078,0.802734,0.000000,22.013971,6.000000
1.335938,-0.000000,0.193359,0.000000,24.885508,6.000000
1.365234,-0.000000,0.259766,0.000000,23.654881,6.000000
1.523438,-0.048828,-0.302734,0.000000,25.611013,6.000000
2.617188,-0.175781,1.041016,0.000000,28.976271,6.000000
2.691406,-0.089844,0.974609,0.000000,32.193226,6.000000
2.771484,-0.000000,0.867188,0.000000,31.139433,6.000000
4.406250,-0.142578,1.087891,0.000000,27.944880,6.000000
4.416016,-0.142578,1.210938,0.000000,31.235250,6.000000
4.455078,-0.144531,1.222656,0.000000,30.780941,6.000000
4.894531,-0.308594,0.669922,0.000000,30.965624,6.000000
4.951172,-0.623047,-0.023438,0.000000,29.556877,6.000000
0.011719,0.031250,0.025391,0.000000,29.304396,6.000000
0.041016,-0.033203,0.062500,0.000000,30.090258,6.000000
0.044922,-0.046875,0.103516,0.000000,28.976271,6.000000
1.273438,0.246094,-0.181641,0.000000,20.043213,6.000000
2.730469,-0.181641,0.974609,0.000000,31.136091,6.000000
0.011719,-0.039062,-0.007812,0.000000,30.652061,7.000000
0.017578,-0.080078,-0.007812,0.000000,31.906118,7.000000
0.029297,-0.119141,-0.005859,0.000000,30.145205,7.000000
0.056641,-0.154297,0.005859,0.000000,25.440680,7.000000
0.728516,-0.039062,-1.037109,0.000000,23.979401,7.000000
1.107422,-0.000000,-0.697266,0.000000,26.551384,7.000000
1.279297,-0.000000,-0.429688,0.000000,26.884199,7.000000
1.328125,0.042969,-0.412109,0.000000,24.638929,7.000000
1.412109,-0.091797,-0.406250,0.000000,24.031206,7.000000
1.470703,-0.093750,-0.341797,0.000000,29.415113,7.000000
1.509766,-0.097656,-0.355469,0.000000,30.236639,7.000000
1.546875,-0.099609,-0.375000,0.000000,27.395723,7.000000
2.615234,-0.175781,1.046875,0.000000,29.041744,7.000000
2.691406,-0.089844,0.974609,0.000000,32.211533,7.000000
2.734375,-0.181641,0.964844,0.000000,31.166077,7.000000
4.416016,-0.142578,1.208984,0.000000,31.261314,7.000000
4.451172,-0.144531,1.238281,0.000000,30.733517,7.000000
4.888672,-0.308594,0.712891,0.000000,30.838608,7.000000
4.951172,-0.623047,0.035156,0.000000,29.439888,7.000000
0.009766,0.031250,0.025391,0.000000,29.309490,7.000000
0.041016,-0.033203,0.062500,0.000000,30.090258,7.000000
0.044922,-0.046875,0.103516,0.000000,28.976271,7.000000
0.011719,-0.039062,-0.007812,0.000000,30.644581,8.000000
0.017578,-0.080078,-0.007812,0.000000,31.900515,8.000000
0.029297,-0.119141,-0.005859,0.000000,30.141003,8.000000
0.056641,-0.154297,0.005859,0.000000,25.440680,8.000000
0.619141,-0.039062,-1.105469,0.000000,23.443922,8.000000
0.839844,-0.041016,-1.003906,0.000000,25.132175,8.000000
0.992188,-0.042969,-0.914062,0.000000,23.617279,8.000000
0.882812,-0.042969,-1.074219,0.000000,22.624512,8.000000
1.335938,-0.339844,-0.716797,0.000000,26.180481,8.000000
2.617188,-0.175781,1.041016,0.000000,29.036325,8.000000
2.689453,-0.089844,0.978516,0.000000,32.214142,8.000000
2.728516,-0.181641,0.976562,0.000000,31.179338,8.000000
4.414062,-0.142578,1.220703,0.000000,31.248301,8.000000
4.449219,-0.144531,1.246094,0.000000,30.740847,8.000000
4.880859,-0.308594,0.759766,0.000000,30.965624,8.000000
4.951172,-0.623047,0.097656,0.000000,29.561684,8.000000
0.009766,0.031250,0.025391,0.000000,29.309490,8.000000
0.041016,-0.033203,0.062500,0.000000,30.086002,8.000000
0.044922,-0.046875,0.103516,0.000000,28.976271,8.000000
0.478516,0.630859,1.337891,0.000000,24.996870,8.000000
2.771484,-0.000000,0.871094,0.000000,31.176027,8.000000
0.011719,-0.039062,-0.007812,0.000000,30.652061,9.000000
0.017578,-0.080078,-0.007812,0.000000,31.903316,9.000000
0.029297,-0.119141,-0.005859,0.000000,30.145205,9.000000
0.056641,-0.154297,0.005859,0.000000,25.440680,9.000000
0.808594,-0.039062,-0.976562,0.000000,24.199558,9.000000
1.042969,-0.000000,-0.791016,0.000000,25.888317,9.000000
1.166016,-0.000000,-0.679688,0.000000,24.048338,9.000000
2.607422,-0.175781,1.066406,0.000000,29.003672,9.000000
2.687500,-0.089844,0.982422,0.000000,32.198463,9.000000
2.771484,-0.000000,0.871094,0.000000,31.126051,9.000000
4.414062,-0.142578,1.216797,0.000000,31.245043,9.000000
4.449219,-0.144531,1.246094,0.000000,30.737183,9.000000
4.732422,-0.298828,-0.650391,0.000000,29.818186,9.000000
4.751953,-0.300781,-0.791016,0.000000,30.119930,9.000000
4.882812,-0.308594,0.750000,0.000000,30.835026,9.000000
4.951172,-0.623047,0.074219,0.000000,29.537598,9.000000
0.009766,0.031250,0.025391,0.000000,29.304396,9.000000
0.041016,-0.033203,0.062500,0.000000,30.090258,9.000000
0.044922,-0.046875,0.103516,0.000000,28.976271,9.000000
0.900391,-0.421875,0.912109,0.000000,21.238516,9.000000
2.728516,-0.181641,0.976562,0.000000,31.126051,9.000000
0.011719,-0.039062,-0.007812,0.000000,30.648323,10.000000
0.017578,-0.080078,-0.007812,0.000000,31.903316,10.000000
0.029297,-0.119141,-0.005859,0.000000,30.145205,10.000000
0.056641,-0.154297,0.005859,0.000000,25.440680,10.000000
0.472656,-0.080078,-1.173828,0.000000,22.600714,10.000000
0.730469,-0.041016,-1.085938,0.000000,22.430380,10.000000
1.292969,0.167969,-0.349609,0.000000,21.553360,10.000000
1.236328,-0.216797,0.599609,0.000000,20.413927,10.000000
2.623047,-0.175781,1.027344,0.000000,29.106243,10.000000
2.689453,-0.089844,0.978516,0.000000,32.229763,10.000000
2.750000,-0.089844,0.927734,0.000000,31.146111,10.000000
4.412109,-0.142578,1.224609,0.000000,31.274288,10.000000
4.437500,-0.144531,1.287109,0.000000,30.802656,10.000000
4.703125,-0.296875,-0.558594,0.000000,29.355072,10.000000
4.740234,-0.298828,-0.587891,0.000000,34.053463,10.000000
4.777344,-0.300781,-0.623047,0.000000,34.643406,10.000000
4.767578,-0.152344,-0.968750,0.000000,30.986437,10.000000
4.886719,-0.308594,0.728516,0.000000,30.891983,10.000000
4.951172,-0.623047,0.060547,0.000000,29.618956,10.000000
0.009766,0.031250,0.025391,0.000000,29.309490,10.000000
0.041016,-0.033203,0.062500,0.000000,30.086002,10.000000
0.044922,-0.046875,0.103516,0.000000,28.970770,10.000000
0.947266,-0.337891,0.900391,0.000000,20.791813,10.000000
1.386719,0.087891,-0.058594,0.000000,20.253059,10.000000
0.011719,-0.039062,-0.007812,0.000000,30.652061,11.000000
0.017578,-0.080078,-0.007812,0.000000,31.903316,11.000000
0.029297,-0.119141,-0.005859,0.000000,30.145205,11.000000
0.056641,-0.154297,0.005859,0.000000,25.453072,11.000000
0.398438,-0.080078,1.201172,0.000000,23.031961,11.000000
0.398438,-0.082031,1.244141,0.000000,24.533184,11.000000
0.527344,-0.042969,-1.242188,0.000000,22.988531,11.000000
0.904297,-0.042969,-1.056641,0.000000,22.304489,11.000000
2.611328,-0.175781,1.056641,0.000000,29.014584,11.000000
2.687500,-0.089844,0.982422,0.000000,32.185356,11.000000
2.726562,-0.181641,0.982422,0.000000,31.119343,11.000000
4.421875,-0.142578,1.193359,0.000000,31.367207,11.000000
4.472656,-0.144531,1.154297,0.000000,31.277525,11.000000
4.705078,-0.296875,-0.539062,0.000000,29.489017,11.000000
4.738281,-0.298828,-0.605469,0.000000,33.420277,11.000000
4.777344,-0.300781,-0.619141,0.000000,33.970707,11.000000
4.796875,-0.304688,-0.773438,0.000000,30.124153,11.000000
4.888672,-0.308594,0.707031,0.000000,30.958664,11.000000
4.951172,-0.623047,0.062500,0.000000,29.604708,11.000000
0.009766,0.031250,0.025391,0.000000,29.309490,11.000000
0.041016,-0.033203,0.062500,0.000000,30.090258,11.000000
0.044922,-0.046875,0.103516,0.000000,28.970770,11.000000
0.011719,-0.039062,-0.007812,0.000000,30.644581,12.000000
0.017578,-0.080078,-0.007812,0.000000,31.897709,12.000000
