0.054688,-0.082031,1.304688,0.000000,24.593925,0.000000
0.335938,-0.083984,1.304688,0.000000,23.424227,0.000000
1.509766,-0.093750,-0.068359,0.000000,25.954962,0.000000
1.552734,-0.048828,-0.048828,0.000000,25.910646,0.000000
2.625000,-0.175781,1.023438,0.000000,29.253120,0.000000
2.693359,-0.089844,0.968750,0.000000,32.258259,0.000000
2.771484,-0.000000,0.865234,0.000000,31.172712,0.000000
4.394531,-0.287109,1.263672,0.000000,28.561245,0.000000
1.359375,-0.042969,0.292969,0.614669,25.276299,0.000000
1.404297,-0.044922,0.275391,0.614669,27.902851,0.000000
1.437500,-0.046875,0.314453,0.614669,27.024305,0.000000
0.009766,0.031250,0.025391,0.000000,29.299295,0.000000
0.041016,-0.033203,0.062500,0.000000,30.086002,0.000000
0.044922,-0.046875,0.103516,0.000000,28.970770,0.000000
0.308594,0.519531,1.386719,0.000000,23.201464,0.000000
0.564453,0.582031,1.326172,0.000000,24.329693,0.000000
2.730469,-0.181641,0.972656,0.000000,31.149445,0.000000
0.011719,-0.039062,-0.007812,0.000000,30.648323,1.000000
0.017578,-0.080078,-0.007812,0.000000,31.897709,1.000000
0.029297,-0.119141,-0.005859,0.000000,30.141003,1.000000
0.056641,-0.154297,0.005859,0.000000,25.428255,1.000000
0.160156,-0.080078,1.255859,0.000000,23.096302,1.000000
0.347656,-0.083984,-1.302734,0.000000,23.180634,1.000000
1.468750,-0.091797,-0.070312,0.000000,27.250946,1.000000
1.494141,-0.189453,-0.142578,0.000000,27.371927,1.000000
2.615234,-0.175781,1.046875,0.000000,28.948696,1.000000
2.693359,-0.089844,0.968750,0.000000,32.119209,1.000000
2.773438,-0.000000,0.859375,0.000000,31.020905,1.000000
1.419922,-0.044922,0.173828,0.614669,26.053051,1.000000
0.009766,0.031250,0.025391,0.000000,29.304396,1.000000
0.041016,-0.033203,0.062500,0.000000,30.081741,1.000000
0.044922,-0.046875,0.103516,0.000000,28.970770,1.000000
2.732422,-0.181641,0.966797,0.000000,31.014034,1.000000
0.011719,-0.039062,-0.007812,0.000000,30.640835,2.000000
0.017578,-0.080078,-0.007812,0.000000,31.894903,2.000000
0.029297,-0.119141,-0.005859,0.000000,30.136797,2.000000
0.056641,-0.154297,0.005859,0.000000,25.440680,2.000000
0.093750,-0.080078,1.261719,0.000000,23.053514,2.000000
0.003906,-0.082031,-1.306641,0.000000,24.593925,2.000000
0.455078,-0.083984,-1.267578,0.000000,22.966652,2.000000
1.447266,-0.046875,-0.267578,0.000000,26.866364,2.000000
1.494141,-0.093750,-0.226562,0.000000,29.537598,2.000000
1.511719,-0.146484,-0.328125,0.000000,27.867514,2.000000
2.595703,-0.175781,1.091797,0.000000,28.870544,2.000000
2.681641,-0.089844,1.000000,0.000000,32.079037,2.000000
2.765625,-0.000000,0.886719,0.000000,30.962147,2.000000
0.009766,0.031250,0.025391,0.000000,29.299295,2.000000
0.041016,-0.033203,0.062500,0.000000,30.081741,2.000000
0.044922,-0.046875,0.103516,0.000000,28.970770,2.000000
2.720703,-0.181641,1.000000,0.000000,30.958664,2.000000
0.011719,-0.039062,-0.007812,0.000000,30.644581,3.000000
0.017578,-0.080078,-0.007812,0.000000,31.897709,3.000000
0.029297,-0.119141,-0.005859,0.000000,30.136797,3.000000
0.056641,-0.154297,0.005859,0.000000,25.440680,3.000000
0.082031,-0.080078,1.263672,0.000000,23.096302,3.000000
0.416016,-0.083984,-1.281250,0.000000,23.053514,3.000000
0.572266,-0.042969,1.267578,0.000000,21.931246,3.000000
1.507812,-0.000000,-0.378906,0.000000,28.937618,3.000000
1.572266,-0.000000,-0.271484,0.000000,29.100906,3.000000
2.607422,-0.175781,1.068359,0.000000,29.079485,3.000000
2.685547,-0.089844,0.988281,0.000000,32.216751,3.000000
2.722656,-0.181641,0.996094,0.000000,31.166077,3.000000
1.406250,-0.046875,0.433594,0.614669,23.443922,3.000000
0.009766,0.031250,0.025391,0.000000,29.299295,3.000000
0.041016,-0.033203,0.062500,0.000000,30.077478,3.000000
0.046875,-0.046875,0.103516,0.000000,28.965261,3.000000
2.765625,-0.000000,0.888672,0.000000,31.162756,3.000000
0.011719,-0.039062,-0.007812,0.000000,30.640835,4.000000
0.017578,-0.080078,-0.007812,0.000000,31.897709,4.000000
0.029297,-0.119141,-0.005859,0.000000,30.145205,4.000000
0.056641,-0.154297,0.005859,0.000000,25.453072,4.000000
0.050781,-0.080078,1.263672,0.000000,23.074961,4.000000
0.046875,-0.082031,-1.304688,0.000000,24.608978,4.000000
0.453125,-0.083984,-1.269531,0.000000,23.031961,4.000000
0.726562,-0.042969,-1.185547,0.000000,21.335388,4.000000
1.468750,-0.046875,-0.089844,0.000000,25.774918,4.000000
1.507812,0.097656,-0.367188,0.000000,27.909885,4.000000
1.574219,-0.000000,-0.263672,0.000000,27.387806,4.000000
2.626953,-0.175781,1.019531,0.000000,29.122221,4.000000
2.693359,-0.089844,0.970703,0.000000,32.237553,4.000000
2.751953,-0.089844,0.925781,0.000000,31.205740,4.000000
1.507812,-0.000000,0.136719,0.614669,27.084209,4.000000
0.009766,0.031250,0.025391,0.000000,29.304396,4.000000
0.041016,-0.033203,0.062500,0.000000,30.081741,4.000000
0.044922,-0.046875,0.103516,0.000000,28.970770,4.000000
0.664062,0.630859,1.255859,0.000000,25.010593,4.000000
0.011719,-0.039062,-0.007812,0.000000,30.640835,5.000000
0.017578,-0.080078,-0.007812,0.000000,31.894903,5.000000
0.029297,-0.119141,-0.005859,0.000000,30.136797,5.000000
0.056641,-0.154297,0.005859,0.000000,25.428255,5.000000
0.083984,-0.080078,1.263672,0.000000,23.096302,5.000000
0.417969,-0.083984,-1.281250,0.000000,23.031961,5.000000
1.447266,-0.138672,-0.228516,0.000000,26.404814,5.000000
1.494141,-0.093750,-0.222656,0.000000,30.232525,5.000000
1.531250,-0.097656,-0.253906,0.000000,31.095785,5.000000
1.566406,-0.050781,-0.300781,0.000000,28.825245,5.000000
2.607422,-0.175781,1.068359,0.000000,28.937618,5.000000
2.683594,-0.089844,0.992188,0.000000,32.119209,5.000000
2.750000,-0.089844,0.929688,0.000000,31.132748,5.000000
0.009766,0.031250,0.025391,0.000000,29.304396,5.000000
0.041016,-0.033203,0.062500,0.000000,30.086002,5.000000
0.044922,-0.046875,0.103516,0.000000,28.970770,5.000000
0.011719,-0.039062,-0.007812,0.000000,30.640835,6.000000
0.017578,-0.080078,-0.007812,0.000000,31.897709,6.000000
0.029297,-0.119141,-0.005859,0.000000,30.141003,6.000000
0.056641,-0.154297,0.005859,0.000000,25.440680,6.000000
0.158203,-0.080078,1.255859,0.000000,23.074961,6.000000
0.033203,-0.082031,1.306641,0.000000,24.593925,6.000000
0.410156,-0.083984,-1.283203,0.000000,23.053514,6.000000
1.451172,-0.091797,-0.228516,0.000000,25.587086,6.000000
1.488281,-0.046875,-0.269531,0.000000,29.831751,6.000000
1.535156,-0.048828,-0.244141,0.000000,30.614525,6.000000
1.582031,0.050781,-0.197266,0.000000,28.937618,6.000000
2.591797,-0.175781,1.101562,0.000000,28.926510,6.000000
2.681641,-0.089844,0.998047,0.000000,32.137833,6.000000
2.767578,-0.000000,0.884766,0.000000,31.095785,6.000000
0.009766,0.031250,0.025391,0.000000,29.304396,6.000000
0.041016,-0.033203,0.062500,0.000000,30.081741,6.000000
0.044922,-0.046875,0.103516,0.000000,28.965261,6.000000
2.724609,-0.181641,0.990234,0.000000,31.092409,6.000000
0.011719,-0.039062,-0.007812,0.000000,30.637085,7.000000
0.017578,-0.080078,-0.007812,0.000000,31.894903,7.000000
0.029297,-0.119141,-0.005859,0.000000,30.141003,7.000000
0.056641,-0.154297,0.005859,0.000000,25.440680,7.000000
0.154297,-0.080078,1.255859,0.000000,23.096302,7.000000
0.015625,-0.082031,-1.306641,0.000000,24.623980,7.000000
0.421875,-0.083984,-1.279297,0.000000,23.031961,7.000000
1.468750,-0.091797,0.021484,0.000000,26.138418,7.000000
1.509766,-0.046875,-0.103516,0.000000,27.481880,7.000000
2.611328,-0.175781,1.054688,0.000000,29.025467,7.000000
2.691406,-0.089844,0.972656,0.000000,32.232361,7.000000
2.734375,-0.181641,0.962891,0.000000,31.228710,7.000000
0.009766,0.031250,0.025391,0.000000,29.304396,7.000000
0.041016,-0.033203,0.062500,0.000000,30.086002,7.000000
0.044922,-0.046875,0.103516,0.000000,28.970770,7.000000
0.011719,-0.039062,-0.007812,0.000000,30.640835,8.000000
0.017578,-0.080078,-0.007812,0.000000,31.894903,8.000000
0.029297,-0.119141,-0.005859,0.000000,30.132587,8.000000
0.056641,-0.154297,0.005859,0.000000,25.415792,8.000000
0.023438,-0.082031,-1.306641,0.000000,24.578819,8.000000
0.416016,-0.083984,-1.281250,0.000000,23.031961,8.000000
0.587891,-0.042969,-1.259766,0.000000,21.673174,8.000000
1.437500,-0.091797,-0.308594,0.000000,24.756712,8.000000
1.492188,-0.046875,-0.253906,0.000000,29.014584,8.000000
1.519531,-0.097656,-0.310547,0.000000,29.227255,8.000000
1.568359,-0.150391,-0.246094,0.000000,27.671558,8.000000
1.619141,-0.205078,-0.109375,0.000000,27.075703,8.000000
2.613281,-0.175781,1.054688,0.000000,29.074114,8.000000
2.687500,-0.089844,0.982422,0.000000,32.237553,8.000000
2.724609,-0.181641,0.988281,0.000000,31.209028,8.000000
0.009766,0.031250,0.025391,0.000000,29.309490,8.000000
0.041016,-0.033203,0.062500,0.000000,30.081741,8.000000
0.044922,-0.046875,0.103516,0.000000,28.965261,8.000000
0.011719,-0.039062,-0.007812,0.000000,30.637085,9.000000
0.017578,-0.080078,-0.007812,0.000000,31.894903,9.000000
0.029297,-0.119141,-0.005859,0.000000,30.136797,9.000000
0.056641,-0.154297,0.005859,0.000000,25.440680,9.000000
0.136719,-0.080078,1.257812,0.000000,23.096302,9.000000
0.011719,-0.082031,1.306641,0.000000,24.608978,9.000000
0.431641,-0.083984,-1.277344,0.000000,23.053514,9.000000
0.541016,-0.042969,-1.281250,0.000000,21.789770,9.000000
1.462891,-0.046875,-0.171875,0.000000,27.512791,9.000000
1.503906,-0.093750,-0.142578,0.000000,30.297895,9.000000
1.541016,-0.000000,-0.205078,0.000000,30.674429,9.000000
1.580078,0.050781,-0.216797,0.000000,28.645111,9.000000
2.617188,-0.175781,1.044922,0.000000,29.175055,9.000000
2.685547,-0.089844,0.990234,0.000000,32.278866,9.000000
2.746094,-0.089844,0.941406,0.000000,31.271048,9.000000
0.009766,0.031250,0.025391,0.000000,29.299295,9.000000
0.041016,-0.033203,0.062500,0.000000,30.086002,9.000000
0.044922,-0.046875,0.103516,0.000000,28.976271,9.000000
0.011719,-0.039062,-0.007812,0.000000,30.648323,10.000000
0.017578,-0.080078,-0.007812,0.000000,31.897709,10.000000
0.029297,-0.119141,-0.005859,0.000000,30.136797,10.000000
0.056641,-0.154297,0.005859,0.000000,25.440680,10.000000
0.107422,-0.080078,1.261719,0.000000,23.096302,10.000000
0.089844,-0.082031,1.302734,0.000000,24.578819,10.000000
0.412109,-0.083984,-1.283203,0.000000,23.053514,10.000000
0.564453,-0.042969,-1.269531,0.000000,21.702618,10.000000
1.416016,-0.138672,-0.376953,0.000000,24.941545,10.000000
1.492188,-0.046875,-0.250000,0.000000,29.324738,10.000000
1.537109,-0.048828,-0.222656,0.000000,30.488300,10.000000
1.583984,-0.099609,-0.169922,0.000000,28.893017,10.000000
2.619141,-0.175781,1.037109,0.000000,29.084850,10.000000
2.691406,-0.089844,0.972656,0.000000,32.245331,10.000000
2.753906,-0.089844,0.916016,0.000000,31.225435,10.000000
0.009766,0.031250,0.025391,0.000000,29.294189,10.000000
0.041016,-0.033203,0.062500,0.000000,30.081741,10.000000
0.044922,-0.046875,0.103516,0.000000,28.976271,10.000000
0.011719,-0.039062,-0.007812,0.000000,30.644581,11.000000
0.017578,-0.080078,-0.007812,0.000000,31.894903,11.000000
0.029297,-0.119141,-0.005859,0.000000,30.136797,11.000000
0.056641,-0.154297,0.005859,0.000000,25.428255,11.000000
0.080078,-0.080078,1.263672,0.000000,23.117538,11.000000
0.414062,-0.083984,-1.283203,0.000000,23.031961,11.000000
1.457031,-0.138672,-0.164062,0.000000,26.283890,11.000000
1.503906,-0.093750,-0.140625,0.000000,30.849337,11.000000
1.546875,-0.048828,-0.144531,0.000000,32.352760,11.000000
1.589844,-0.099609,-0.101562,0.000000,30.784569,11.000000
2.625000,-0.175781,1.021484,0.000000,28.926510,11.000000
2.689453,-0.089844,0.980469,0.000000,32.127201,11.000000
2.748047,-0.089844,0.933594,0.000000,31.129400,11.000000
0.009766,0.031250,0.025391,0.000000,29.304396,11.000000
0.041016,-0.033203,0.062500,0.000000,30.086002,11.000000
0.044922,-0.046875,0.103516,0.000000,28.976271,11.000000
0.011719,-0.039062,-0.007812,0.000000,30.644581,12.000000
0.017578,-0.080078,-0.007812,0.000000,31.897709,12.000000
0.029297,-0.119141,-0.005859,0.000000,30.141003,12.000000
0.056641,-0.154297,0.005859,0.000000,25.440680,12.000000
0.111328,-0.080078,1.259766,0.000000,23.117538,12.000000
0.412109,-0.083984,-1.283203,0.000000,23.074961,12.000000
0.519531,-0.042969,-1.289062,0.000000,21.702618,12.000000
1.464844,-0.046875,-0.142578,0.000000,25.065050,12.000000
1.496094,-0.000000,-0.224609,0.000000,27.656685,12.000000
1.546875,-0.000000,-0.160156,0.000000,28.109043,12.000000
1.591797,-0.000000,-0.117188,0.000000,27.853298,12.000000
2.623047,-0.175781,1.027344,0.000000,28.965261,12.000000
2.695312,-0.089844,0.962891,0.000000,32.161659,12.000000
2.779297,-0.000000,0.845703,0.000000,31.119343,12.000000
4.392578,-0.287109,1.269531,0.000000,28.260748,12.000000
0.009766,0.031250,0.025391,0.000000,29.299295,12.000000
0.041016,-0.033203,0.062500,0.000000,30.086002,12.000000
0.044922,-0.046875,0.103516,0.000000,28.970770,12.000000
0.490234,0.679688,1.308594,0.000000,25.158739,12.000000
0.011719,-0.039062,-0.007812,0.000000,30.640835,13.000000
0.017578,-0.080078,-0.007812,0.000000,31.894903,13.000000
0.029297,-0.119141,-0.005859,0.000000,30.136797,13.000000
0.056641,-0.154297,0.005859,0.000000,25.440680,13.000000
0.126953,-0.080078,1.259766,0.000000,23.096302,13.000000
0.056641,-0.082031,-1.304688,0.000000,24.623980,13.000000
0.408203,-0.083984,-1.283203,0.000000,23.074961,13.000000
0.542969,-0.042969,-1.279297,0.000000,21.673174,13.000000
1.457031,-0.091797,-0.189453,0.000000,26.637009,13.000000
1.498047,-0.093750,-0.193359,0.000000,28.796692,13.000000
1.544922,-0.048828,-0.160156,0.000000,29.772661,13.000000
1.589844,-0.050781,-0.123047,0.000000,28.904211,13.000000
2.607422,-0.175781,1.066406,0.000000,28.893017,13.000000
2.685547,-0.089844,0.990234,0.000000,32.143139,13.000000
2.748047,-0.089844,0.937500,0.000000,31.119343,13.000000
4.398438,-0.287109,1.251953,0.000000,28.475727,13.000000
0.009766,0.031250,0.025391,0.000000,29.299295,13.000000
0.041016,-0.033203,0.062500,0.000000,30.086002,13.000000
0.044922,-0.046875,0.103516,0.000000,28.970770,13.000000
0.011719,-0.039062,-0.007812,0.000000,30.644581,14.000000
0.017578,-0.080078,-0.007812,0.000000,31.894903,14.000000
0.029297,-0.119141,-0.005859,0.000000,30.136797,14.000000
0.056641,-0.154297,0.005859,0.000000,25.428255,14.000000
0.089844,-0.080078,1.261719,0.000000,23.096302,14.000000
0.439453,-0.083984,-1.273438,0.000000,23.074961,14.000000
0.583984,-0.042969,-1.261719,0.000000,21.643528,14.000000
1.462891,-0.091797,-0.148438,0.000000,25.646660,14.000000
1.486328,-0.093750,-0.267578,0.000000,28.175653,14.000000
1.507812,-0.048828,-0.373047,0.000000,26.201361,14.000000
2.687500,-0.089844,0.984375,0.000000,32.159019,14.000000
2.730469,-0.181641,0.972656,0.000000,31.159431,14.000000
4.402344,-0.287109,1.240234,0.000000,28.668777,14.000000
