2.701172,-0.089844,0.947266,0.000000,32.591160,0.000000
2.763672,-0.089844,0.890625,0.000000,31.922886,0.000000
4.283203,-0.142578,1.501953,0.000000,27.752462,0.000000
4.376953,-0.142578,1.347656,0.000000,31.442627,0.000000
4.447266,-0.144531,1.250000,0.000000,31.159431,0.000000
4.650391,-0.000000,0.353516,0.000000,30.141003,0.000000
4.691406,-0.000000,0.347656,0.000000,30.895519,0.000000
4.857422,-0.308594,0.902344,0.000000,30.881361,0.000000
0.037109,-0.035156,0.064453,0.000000,30.098757,0.000000
0.044922,-0.046875,0.103516,0.000000,29.020029,0.000000
1.173828,-0.449219,0.363281,0.000000,21.430147,0.000000
1.230469,-0.464844,0.302734,0.000000,19.731279,0.000000
0.011719,-0.039062,-0.007812,0.000000,30.704073,1.000000
0.027344,-0.076172,-0.009766,0.000000,31.900515,1.000000
0.029297,-0.119141,-0.005859,0.000000,30.111473,1.000000
0.056641,-0.154297,0.007812,0.000000,25.378191,1.000000
0.253906,0.039062,-1.242188,0.000000,23.521826,1.000000
0.197266,0.041016,-1.292969,0.000000,24.329693,1.000000
0.464844,0.042969,1.267578,0.000000,22.430380,1.000000
1.933594,-0.306641,-0.152344,0.000000,28.109043,1.000000
1.968750,-0.312500,-0.207031,0.000000,27.937904,1.000000
2.613281,-0.175781,1.052734,0.000000,29.484129,1.000000
2.697266,-0.089844,0.957031,0.000000,32.678753,1.000000
2.759766,-0.089844,0.898438,0.000000,31.994808,1.000000
4.300781,-0.142578,1.449219,0.000000,27.795965,1.000000
4.384766,-0.142578,1.320312,0.000000,31.479853,1.000000
4.453125,-0.144531,1.230469,0.000000,31.189257,1.000000
4.644531,-0.000000,0.412109,0.000000,29.786369,1.000000
4.687500,-0.000000,0.392578,0.000000,30.354298,1.000000
4.861328,-0.308594,0.878906,0.000000,31.085649,1.000000
0.037109,-0.035156,0.064453,0.000000,30.102999,1.000000
0.044922,-0.046875,0.103516,0.000000,29.025467,1.000000
1.173828,-0.449219,0.363281,0.000000,21.367207,1.000000
1.228516,-0.464844,0.308594,0.000000,19.637878,1.000000
0.011719,-0.039062,-0.007812,0.000000,30.696680,2.000000
0.027344,-0.076172,-0.009766,0.000000,31.897709,2.000000
0.029297,-0.119141,-0.005859,0.000000,30.107239,2.000000
0.056641,-0.154297,0.007812,0.000000,25.378191,2.000000
0.257812,0.039062,-1.240234,0.000000,23.521826,2.000000
0.197266,0.041016,-1.292969,0.000000,24.361626,2.000000
0.470703,0.042969,1.263672,0.000000,22.528530,2.000000
2.619141,-0.175781,1.037109,0.000000,29.344984,2.000000
2.697266,-0.089844,0.957031,0.000000,32.605484,2.000000
2.759766,-0.089844,0.898438,0.000000,31.950689,2.000000
4.316406,-0.000000,1.412109,0.000000,27.788744,2.000000
4.380859,-0.142578,1.335938,0.000000,31.395643,2.000000
4.425781,-0.144531,1.328125,0.000000,30.962147,2.000000
4.650391,-0.000000,0.333984,0.000000,29.754318,2.000000
4.691406,-0.000000,0.341797,0.000000,30.569048,2.000000
4.861328,-0.308594,0.882812,0.000000,30.877813,2.000000
0.037109,-0.035156,0.064453,0.000000,30.098757,2.000000
0.044922,-0.046875,0.103516,0.000000,29.020029,2.000000
1.181641,-0.449219,0.339844,0.000000,21.430147,2.000000
1.240234,-0.464844,0.259766,0.000000,19.731279,2.000000
0.011719,-0.039062,-0.007812,0.000000,30.704073,3.000000
0.027344,-0.076172,-0.009766,0.000000,31.900515,3.000000
0.029297,-0.119141,-0.005859,0.000000,30.107239,3.000000
0.056641,-0.154297,0.007812,0.000000,25.390760,3.000000
0.224609,0.039062,-1.248047,0.000000,23.541084,3.000000
0.156250,0.041016,-1.298828,0.000000,24.361626,3.000000
0.480469,0.042969,1.261719,0.000000,22.479733,3.000000
2.617188,-0.175781,1.041016,0.000000,29.201233,3.000000
2.707031,-0.089844,0.929688,0.000000,32.615009,3.000000
2.769531,-0.089844,0.871094,0.000000,31.900515,3.000000
4.312500,-0.142578,1.416016,0.000000,27.824726,3.000000
4.384766,-0.142578,1.320312,0.000000,31.489109,3.000000
4.447266,-0.144531,1.251953,0.000000,31.129400,3.000000
4.648438,-0.000000,0.371094,0.000000,29.903389,3.000000
4.689453,-0.000000,0.367188,0.000000,30.640835,3.000000
4.859375,-0.308594,0.884766,0.000000,30.916670,3.000000
0.037109,-0.035156,0.064453,0.000000,30.102999,3.000000
0.044922,-0.046875,0.103516,0.000000,29.025467,3.000000
1.177734,-0.449219,0.349609,0.000000,21.430147,3.000000
1.240234,-0.464844,0.265625,0.000000,19.684830,3.000000
0.011719,-0.039062,-0.007812,0.000000,30.711452,4.000000
0.027344,-0.076172,-0.009766,0.000000,31.900515,4.000000
0.029297,-0.119141,-0.005859,0.000000,30.107239,4.000000
0.056641,-0.154297,0.007812,0.000000,25.378191,4.000000
0.265625,0.039062,-1.238281,0.000000,23.579348,4.000000
0.193359,0.041016,-1.294922,0.000000,24.393328,4.000000
0.488281,0.042969,1.257812,0.000000,22.552725,4.000000
2.656250,-0.175781,0.937500,0.000000,29.590414,4.000000
2.677734,-0.179688,0.998047,0.000000,32.771507,4.000000
2.767578,-0.089844,0.876953,0.000000,32.073650,4.000000
4.308594,-0.000000,1.431641,0.000000,27.774269,4.000000
4.388672,-0.142578,1.310547,0.000000,31.479853,4.000000
4.458984,-0.144531,1.208984,0.000000,31.166077,4.000000
4.650391,-0.000000,0.351562,0.000000,29.960737,4.000000
4.691406,-0.000000,0.359375,0.000000,30.722500,4.000000
4.845703,-0.154297,0.763672,0.000000,29.813656,4.000000
4.861328,-0.308594,0.882812,0.000000,30.976044,4.000000
0.037109,-0.035156,0.064453,0.000000,30.107239,4.000000
0.044922,-0.046875,0.103516,0.000000,29.020029,4.000000
1.175781,-0.449219,0.361328,0.000000,21.461281,4.000000
1.236328,-0.464844,0.285156,0.000000,19.731279,4.000000
0.011719,-0.039062,-0.007812,0.000000,30.704073,5.000000
0.027344,-0.076172,-0.009766,0.000000,31.897709,5.000000
0.029297,-0.119141,-0.005859,0.000000,30.107239,5.000000
0.056641,-0.154297,0.007812,0.000000,25.390760,5.000000
0.265625,0.039062,-1.240234,0.000000,23.521826,5.000000
0.181641,0.041016,-1.294922,0.000000,24.329693,5.000000
0.488281,0.042969,1.257812,0.000000,22.504200,5.000000
1.962891,-0.312500,-0.255859,0.000000,30.021660,5.000000
2.001953,-0.320312,-0.275391,0.000000,30.301949,5.000000
2.613281,-0.175781,1.050781,0.000000,29.415113,5.000000
2.703125,-0.089844,0.937500,0.000000,32.648178,5.000000
2.771484,-0.089844,0.861328,0.000000,31.986570,5.000000
4.320312,-0.142578,1.388672,0.000000,27.867514,5.000000
4.394531,-0.142578,1.285156,0.000000,31.522884,5.000000
4.466797,-0.144531,1.183594,0.000000,31.215599,5.000000
4.648438,-0.000000,0.375000,0.000000,29.978231,5.000000
4.689453,-0.000000,0.378906,0.000000,30.759117,5.000000
4.857422,-0.308594,0.904297,0.000000,30.916670,5.000000
0.037109,-0.035156,0.064453,0.000000,30.102999,5.000000
0.044922,-0.046875,0.103516,0.000000,29.020029,5.000000
1.179688,-0.449219,0.347656,0.000000,21.461281,5.000000
1.240234,-0.464844,0.263672,0.000000,19.731279,5.000000
0.011719,-0.039062,-0.007812,0.000000,30.711452,6.000000
0.027344,-0.076172,-0.009766,0.000000,31.903316,6.000000
0.029297,-0.119141,-0.005859,0.000000,30.115704,6.000000
0.056641,-0.154297,0.007812,0.000000,25.403296,6.000000
0.263672,0.039062,-1.240234,0.000000,23.521826,6.000000
0.207031,0.041016,-1.291016,0.000000,24.329693,6.000000
0.466797,0.042969,1.265625,0.000000,22.455126,6.000000
1.947266,-0.312500,-0.357422,0.000000,27.895807,6.000000
1.966797,-0.320312,-0.462891,0.000000,27.810369,6.000000
2.628906,-0.175781,1.013672,0.000000,29.415113,6.000000
2.701172,-0.089844,0.947266,0.000000,32.619762,6.000000
2.761719,-0.089844,0.896484,0.000000,31.920095,6.000000
4.320312,-0.142578,1.386719,0.000000,27.923918,6.000000
4.396484,-0.142578,1.281250,0.000000,31.547281,6.000000
4.464844,-0.144531,1.185547,0.000000,31.241781,6.000000
4.648438,-0.000000,0.365234,0.000000,30.043213,6.000000
4.689453,-0.000000,0.361328,0.000000,30.795429,6.000000
4.855469,-0.308594,0.908203,0.000000,30.895519,6.000000
0.037109,-0.035156,0.064453,0.000000,30.098757,6.000000
0.044922,-0.046875,0.103516,0.000000,29.020029,6.000000
1.244141,-0.464844,0.246094,0.000000,19.590414,6.000000
0.011719,-0.039062,-0.007812,0.000000,30.704073,7.000000
0.027344,-0.076172,-0.009766,0.000000,31.903316,7.000000
0.029297,-0.119141,-0.005859,0.000000,30.115704,7.000000
0.056641,-0.154297,0.007812,0.000000,25.390760,7.000000
0.236328,0.039062,-1.246094,0.000000,23.560259,7.000000
0.173828,0.041016,-1.296875,0.000000,24.377506,7.000000
0.476562,0.042969,1.261719,0.000000,22.504200,7.000000
2.644531,-0.175781,0.970703,0.000000,29.344984,7.000000
2.703125,-0.089844,0.939453,0.000000,32.595940,7.000000
2.759766,-0.089844,0.898438,0.000000,31.886473,7.000000
4.296875,-0.142578,1.458984,0.000000,27.817554,7.000000
4.386719,-0.142578,1.312500,0.000000,31.495270,7.000000
4.458984,-0.144531,1.208984,0.000000,31.169397,7.000000
4.644531,-0.000000,0.419922,0.000000,29.951963,7.000000
4.687500,-0.000000,0.396484,0.000000,30.729847,7.000000
4.855469,-0.308594,0.906250,0.000000,30.906107,7.000000
0.037109,-0.035156,0.064453,0.000000,30.102999,7.000000
0.044922,-0.046875,0.103516,0.000000,29.020029,7.000000
1.177734,-0.449219,0.349609,0.000000,21.492191,7.000000
1.236328,-0.464844,0.281250,0.000000,19.777237,7.000000
0.011719,-0.039062,-0.007812,0.000000,30.711452,8.000000
0.027344,-0.076172,-0.009766,0.000000,31.903316,8.000000
0.029297,-0.119141,-0.005859,0.000000,30.115704,8.000000
0.056641,-0.154297,0.007812,0.000000,25.390760,8.000000
0.261719,0.039062,-1.240234,0.000000,23.541084,8.000000
0.187500,0.041016,-1.294922,0.000000,24.361626,8.000000
0.466797,0.042969,1.265625,0.000000,22.504200,8.000000
1.978516,-0.250000,-0.208984,0.000000,28.129133,8.000000
2.593750,-0.175781,1.099609,0.000000,29.439888,8.000000
2.697266,-0.089844,0.958984,0.000000,32.662315,8.000000
2.765625,-0.089844,0.880859,0.000000,31.956230,8.000000
4.378906,-0.142578,1.341797,0.000000,31.411362,8.000000
4.451172,-0.144531,1.238281,0.000000,31.099159,8.000000
4.644531,-0.000000,0.408203,0.000000,29.890047,8.000000
4.689453,-0.000000,0.378906,0.000000,30.681858,8.000000
4.863281,-0.308594,0.863281,0.000000,31.024338,8.000000
0.037109,-0.035156,0.064453,0.000000,30.107239,8.000000
0.044922,-0.046875,0.103516,0.000000,29.025467,8.000000
1.177734,-0.449219,0.349609,0.000000,21.398790,8.000000
1.238281,-0.464844,0.271484,0.000000,19.590414,8.000000
0.011719,-0.039062,-0.007812,0.000000,30.704073,9.000000
0.027344,-0.076172,-0.009766,0.000000,31.900515,9.000000
0.029297,-0.119141,-0.005859,0.000000,30.102999,9.000000
0.056641,-0.154297,0.007812,0.000000,25.365585,9.000000
0.269531,0.039062,-1.238281,0.000000,23.598354,9.000000
0.203125,0.041016,-1.292969,0.000000,24.393328,9.000000
0.474609,0.042969,1.263672,0.000000,22.528530,9.000000
2.658203,-0.175781,0.929688,0.000000,29.489017,9.000000
2.710938,-0.089844,0.919922,0.000000,32.678753,9.000000
2.763672,-0.089844,0.888672,0.000000,31.945143,9.000000
4.378906,-0.142578,1.343750,0.000000,31.373541,9.000000
4.453125,-0.144531,1.228516,0.000000,31.048285,9.000000
4.646484,-0.000000,0.404297,0.000000,29.777237,9.000000
4.689453,-0.000000,0.384766,0.000000,30.569048,9.000000
4.867188,-0.308594,0.841797,0.000000,31.024338,9.000000
0.037109,-0.035156,0.064453,0.000000,30.102999,9.000000
0.044922,-0.046875,0.103516,0.000000,29.025467,9.000000
1.179688,-0.449219,0.347656,0.000000,21.461281,9.000000
1.244141,-0.464844,0.240234,0.000000,19.731279,9.000000
0.011719,-0.039062,-0.007812,0.000000,30.704073,10.000000
0.027344,-0.076172,-0.009766,0.000000,31.897709,10.000000
0.029297,-0.119141,-0.005859,0.000000,30.107239,10.000000
0.056641,-0.154297,0.007812,0.000000,25.390760,10.000000
0.230469,0.039062,-1.246094,0.000000,23.560259,10.000000
0.158203,0.041016,-1.298828,0.000000,24.361626,10.000000
0.482422,0.042969,1.259766,0.000000,22.504200,10.000000
1.970703,-0.312500,-0.187500,0.000000,29.106243,10.000000
2.001953,-0.320312,-0.269531,0.000000,28.615345,10.000000
2.636719,-0.175781,0.992188,0.000000,29.334873,10.000000
2.701172,-0.089844,0.945312,0.000000,32.615009,10.000000
2.763672,-0.089844,0.890625,0.000000,31.908916,10.000000
4.378906,-0.142578,1.337891,0.000000,31.357685,10.000000
4.453125,-0.144531,1.228516,0.000000,31.014034,10.000000
4.644531,-0.000000,0.423828,0.000000,29.670797,10.000000
4.685547,-0.000000,0.416016,0.000000,30.429691,10.000000
4.871094,-0.308594,0.824219,0.000000,31.017471,10.000000
0.037109,-0.035156,0.064453,0.000000,30.102999,10.000000
0.044922,-0.046875,0.103516,0.000000,29.020029,10.000000
1.234375,-0.464844,0.291016,0.000000,19.637878,10.000000
0.011719,-0.039062,-0.007812,0.000000,30.707766,11.000000
0.027344,-0.076172,-0.009766,0.000000,31.903316,11.000000
0.029297,-0.119141,-0.005859,0.000000,30.115704,11.000000
0.056641,-0.154297,0.007812,0.000000,25.378191,11.000000
0.267578,0.039062,-1.238281,0.000000,23.541084,11.000000
0.214844,0.041016,-1.291016,0.000000,24.345690,11.000000
0.455078,0.042969,1.269531,0.000000,22.504200,11.000000
2.001953,-0.255859,-0.326172,0.000000,27.581547,11.000000
2.607422,-0.175781,1.064453,0.000000,29.350031,11.000000
2.701172,-0.089844,0.947266,0.000000,32.629253,11.000000
2.761719,-0.089844,0.896484,0.000000,31.903316,11.000000
4.382812,-0.142578,1.326172,0.000000,31.354507,11.000000
4.455078,-0.144531,1.220703,0.000000,30.979511,11.000000
4.644531,-0.000000,0.427734,0.000000,29.604708,11.000000
4.687500,-0.000000,0.388672,0.000000,30.362295,11.000000
4.867188,-0.308594,0.849609,0.000000,30.955181,11.000000
0.037109,-0.035156,0.064453,0.000000,30.102999,11.000000
0.044922,-0.046875,0.103516,0.000000,29.025467,11.000000
1.175781,-0.449219,0.361328,0.000000,21.430147,11.000000
1.236328,-0.464844,0.283203,0.000000,19.731279,11.000000
0.011719,-0.039062,-0.007812,0.000000,30.700378,12.000000
0.027344,-0.076172,-0.009766,0.000000,31.900515,12.000000
0.029297,-0.119141,-0.005859,0.000000,30.115704,12.000000
0.056641,-0.154297,0.007812,0.000000,25.403296,12.000000
0.222656,0.039062,-1.248047,0.000000,23.560259,12.000000
0.189453,0.041016,-1.294922,0.000000,24.393328,12.000000
0.482422,0.042969,1.259766,0.000000,22.528530,12.000000
2.615234,-0.175781,1.046875,0.000000,29.410143,12.000000
2.699219,-0.089844,0.951172,0.000000,32.622135,12.000000
2.761719,-0.089844,0.892578,0.000000,31.897709,12.000000
4.380859,-0.142578,1.330078,0.000000,31.325798,12.000000
4.453125,-0.144531,1.228516,0.000000,30.962147,12.000000
4.640625,-0.000000,0.455078,0.000000,29.527924,12.000000
4.685547,-0.000000,0.423828,0.000000,30.297895,12.000000
4.867188,-0.308594,0.845703,0.000000,30.944712,12.000000
0.037109,-0.035156,0.064453,0.000000,30.107239,12.000000
0.046875,-0.046875,0.103516,0.000000,29.025467,12.000000
1.242188,-0.464844,0.255859,0.000000,19.731279,12.000000
0.011719,-0.039062,-0.007812,0.000000,30.704073,13.000000
