4.376953,-0.142578,1.347656,0.000000,31.430147,0.000000
4.439453,-0.144531,1.279297,0.000000,31.020905,0.000000
4.648438,-0.000000,0.363281,0.000000,29.722029,0.000000
4.693359,-0.000000,0.332031,0.000000,30.610754,0.000000
4.865234,-0.308594,0.853516,0.000000,30.930714,0.000000
0.037109,-0.035156,0.064453,0.000000,30.107239,0.000000
0.044922,-0.046875,0.103516,0.000000,29.030899,0.000000
1.175781,-0.449219,0.361328,0.000000,21.398790,0.000000
1.232422,-0.464844,0.292969,0.000000,19.684830,0.000000
0.011719,-0.039062,-0.007812,0.000000,30.700378,1.000000
0.027344,-0.076172,-0.009766,0.000000,31.900515,1.000000
0.029297,-0.119141,-0.005859,0.000000,30.111473,1.000000
0.056641,-0.154297,0.007812,0.000000,25.390760,1.000000
0.263672,0.039062,-1.240234,0.000000,23.502480,1.000000
0.216797,0.041016,-1.291016,0.000000,24.329693,1.000000
0.466797,0.042969,1.265625,0.000000,22.504200,1.000000
2.611328,-0.175781,1.054688,0.000000,29.268568,1.000000
2.701172,-0.089844,0.947266,0.000000,32.603100,1.000000
2.769531,-0.089844,0.871094,0.000000,31.908916,1.000000
4.296875,-0.142578,1.460938,0.000000,27.774269,1.000000
4.380859,-0.142578,1.332031,0.000000,31.364035,1.000000
4.443359,-0.144531,1.263672,0.000000,30.965624,1.000000
4.646484,-0.000000,0.400391,0.000000,29.647308,1.000000
4.689453,-0.000000,0.373047,0.000000,30.595634,1.000000
4.869141,-0.308594,0.835938,0.000000,30.955181,1.000000
0.037109,-0.035156,0.064453,0.000000,30.107239,1.000000
0.044922,-0.046875,0.103516,0.000000,29.025467,1.000000
1.232422,-0.464844,0.292969,0.000000,19.542425,1.000000
0.011719,-0.039062,-0.007812,0.000000,30.700378,2.000000
0.027344,-0.076172,-0.009766,0.000000,31.900515,2.000000
0.029297,-0.119141,-0.005859,0.000000,30.111473,2.000000
0.056641,-0.154297,0.007812,0.000000,25.378191,2.000000
0.298828,0.039062,-1.232422,0.000000,23.502480,2.000000
0.222656,0.041016,-1.289062,0.000000,24.313637,2.000000
0.480469,0.042969,1.259766,0.000000,22.455126,2.000000
2.650391,-0.175781,0.957031,0.000000,29.484129,2.000000
2.712891,-0.089844,0.910156,0.000000,32.655254,2.000000
2.767578,-0.089844,0.875000,0.000000,31.917303,2.000000
4.380859,-0.142578,1.332031,0.000000,31.338581,2.000000
4.445312,-0.144531,1.257812,0.000000,30.902580,2.000000
4.648438,-0.000000,0.361328,0.000000,29.633156,2.000000
4.693359,-0.000000,0.326172,0.000000,30.666985,2.000000
4.867188,-0.308594,0.845703,0.000000,30.891983,2.000000
0.037109,-0.035156,0.064453,0.000000,30.107239,2.000000
0.044922,-0.046875,0.103516,0.000000,29.030899,2.000000
1.177734,-0.449219,0.355469,0.000000,21.430147,2.000000
1.238281,-0.464844,0.271484,0.000000,19.684830,2.000000
0.011719,-0.039062,-0.007812,0.000000,30.692980,3.000000
0.027344,-0.076172,-0.009766,0.000000,31.900515,3.000000
0.029297,-0.119141,-0.005859,0.000000,30.115704,3.000000
0.056641,-0.154297,0.005859,0.000000,25.390760,3.000000
0.230469,0.039062,-1.246094,0.000000,23.502480,3.000000
0.173828,0.041016,-1.296875,0.000000,24.345690,3.000000
0.505859,0.042969,1.251953,0.000000,22.479733,3.000000
2.605469,-0.175781,1.068359,0.000000,29.405165,3.000000
2.691406,-0.089844,0.972656,0.000000,32.631626,3.000000
2.753906,-0.089844,0.917969,0.000000,31.903316,3.000000
4.384766,-0.142578,1.318359,0.000000,31.357685,3.000000
4.457031,-0.144531,1.216797,0.000000,30.951693,3.000000
4.648438,-0.000000,0.384766,0.000000,29.670797,3.000000
4.691406,-0.000000,0.353516,0.000000,30.674429,3.000000
4.865234,-0.308594,0.859375,0.000000,30.802656,3.000000
0.037109,-0.035156,0.064453,0.000000,30.107239,3.000000
0.044922,-0.046875,0.103516,0.000000,29.030899,3.000000
1.173828,-0.449219,0.361328,0.000000,21.430147,3.000000
1.234375,-0.464844,0.292969,0.000000,19.731279,3.000000
0.011719,-0.039062,-0.007812,0.000000,30.692980,4.000000
0.027344,-0.076172,-0.009766,0.000000,31.897709,4.000000
0.029297,-0.119141,-0.005859,0.000000,30.111473,4.000000
0.056641,-0.154297,0.007812,0.000000,25.378191,4.000000
0.271484,0.039062,-1.238281,0.000000,23.521826,4.000000
0.210938,0.041016,-1.291016,0.000000,24.345690,4.000000
0.470703,0.042969,1.263672,0.000000,22.504200,4.000000
2.636719,-0.175781,0.992188,0.000000,29.365137,4.000000
2.703125,-0.089844,0.941406,0.000000,32.626884,4.000000
2.763672,-0.089844,0.886719,0.000000,31.925674,4.000000
4.376953,-0.142578,1.345703,0.000000,31.335388,4.000000
4.443359,-0.144531,1.265625,0.000000,30.969101,4.000000
4.650391,-0.000000,0.355469,0.000000,29.790930,4.000000
4.693359,-0.000000,0.332031,0.000000,30.777311,4.000000
4.865234,-0.308594,0.857422,0.000000,30.802656,4.000000
0.037109,-0.035156,0.064453,0.000000,30.102999,4.000000
0.044922,-0.046875,0.103516,0.000000,29.020029,4.000000
1.177734,-0.449219,0.355469,0.000000,21.398790,4.000000
1.234375,-0.464844,0.285156,0.000000,19.684830,4.000000
0.011719,-0.039062,-0.007812,0.000000,30.696680,5.000000
0.027344,-0.076172,-0.009766,0.000000,31.900515,5.000000
0.029297,-0.119141,-0.005859,0.000000,30.111473,5.000000
0.056641,-0.154297,0.007812,0.000000,25.390760,5.000000
0.279297,0.039062,-1.236328,0.000000,23.560259,5.000000
0.218750,0.041016,-1.289062,0.000000,24.361626,5.000000
0.462891,0.042969,1.267578,0.000000,22.504200,5.000000
2.625000,-0.175781,1.019531,0.000000,29.278833,5.000000
2.701172,-0.089844,0.947266,0.000000,32.588768,5.000000
2.761719,-0.089844,0.896484,0.000000,31.917303,5.000000
4.373047,-0.142578,1.357422,0.000000,31.293676,5.000000
4.445312,-0.144531,1.261719,0.000000,30.927206,5.000000
4.648438,-0.000000,0.363281,0.000000,29.781805,5.000000
4.693359,-0.000000,0.320312,0.000000,30.780941,5.000000
4.867188,-0.308594,0.849609,0.000000,30.831442,5.000000
0.037109,-0.035156,0.064453,0.000000,30.102999,5.000000
0.044922,-0.046875,0.103516,0.000000,29.020029,5.000000
1.179688,-0.449219,0.341797,0.000000,21.461281,5.000000
1.230469,-0.464844,0.306641,0.000000,19.731279,5.000000
0.011719,-0.039062,-0.007812,0.000000,30.696680,6.000000
0.027344,-0.076172,-0.009766,0.000000,31.897709,6.000000
0.029297,-0.119141,-0.005859,0.000000,30.111473,6.000000
0.056641,-0.154297,0.007812,0.000000,25.390760,6.000000
0.255859,0.039062,-1.242188,0.000000,23.541084,6.000000
0.154297,-0.000000,1.300781,0.000000,24.345690,6.000000
0.464844,0.042969,1.267578,0.000000,22.528530,6.000000
2.062500,-0.482422,-0.626953,0.000000,27.084209,6.000000
2.601562,-0.175781,1.082031,0.000000,29.390198,6.000000
2.644531,-0.179688,1.082031,0.000000,32.595940,6.000000
2.748047,-0.089844,0.935547,0.000000,31.880844,6.000000
4.275391,-0.000000,1.531250,0.000000,27.581547,6.000000
4.382812,-0.142578,1.328125,0.000000,31.332195,6.000000
4.455078,-0.144531,1.226562,0.000000,30.941216,6.000000
4.648438,-0.000000,0.371094,0.000000,29.786369,6.000000
4.691406,-0.000000,0.341797,0.000000,30.744507,6.000000
4.865234,-0.308594,0.853516,0.000000,30.762762,6.000000
0.037109,-0.035156,0.064453,0.000000,30.102999,6.000000
0.044922,-0.046875,0.103516,0.000000,29.025467,6.000000
1.175781,-0.449219,0.359375,0.000000,21.430147,6.000000
1.232422,-0.464844,0.296875,0.000000,19.731279,6.000000
0.011719,-0.039062,-0.007812,0.000000,30.700378,7.000000
0.027344,-0.076172,-0.009766,0.000000,31.900515,7.000000
0.029297,-0.119141,-0.005859,0.000000,30.111473,7.000000
0.056641,-0.154297,0.007812,0.000000,25.390760,7.000000
0.275391,0.039062,-1.238281,0.000000,23.541084,7.000000
0.117188,-0.000000,1.304688,0.000000,24.313637,7.000000
0.460938,0.042969,1.267578,0.000000,22.455126,7.000000
2.623047,-0.175781,1.027344,0.000000,29.385197,7.000000
2.697266,-0.089844,0.958984,0.000000,32.626884,7.000000
2.757812,-0.089844,0.906250,0.000000,31.947918,7.000000
4.273438,-0.142578,1.525391,0.000000,27.589119,7.000000
4.380859,-0.142578,1.332031,0.000000,31.335388,7.000000
4.457031,-0.144531,1.220703,0.000000,30.986437,7.000000
4.650391,-0.000000,0.343750,0.000000,29.809120,7.000000
4.691406,-0.000000,0.357422,0.000000,30.711452,7.000000
4.865234,-0.308594,0.861328,0.000000,30.773680,7.000000
0.037109,-0.035156,0.064453,0.000000,30.102999,7.000000
0.044922,-0.046875,0.103516,0.000000,29.025467,7.000000
1.177734,-0.449219,0.353516,0.000000,21.430147,7.000000
1.240234,-0.464844,0.261719,0.000000,19.637878,7.000000
0.011719,-0.039062,-0.007812,0.000000,30.696680,8.000000
0.027344,-0.076172,-0.009766,0.000000,31.900515,8.000000
0.029297,-0.119141,-0.005859,0.000000,30.111473,8.000000
0.056641,-0.154297,0.007812,0.000000,25.390760,8.000000
0.257812,0.039062,-1.240234,0.000000,23.579348,8.000000
0.205078,0.041016,-1.292969,0.000000,24.361626,8.000000
0.480469,0.042969,1.259766,0.000000,22.479733,8.000000
2.611328,-0.175781,1.054688,0.000000,29.385197,8.000000
2.685547,-0.089844,0.992188,0.000000,32.591160,8.000000
2.746094,-0.089844,0.941406,0.000000,31.914511,8.000000
4.269531,-0.142578,1.537109,0.000000,27.611757,8.000000
4.378906,-0.142578,1.341797,0.000000,31.332195,8.000000
4.457031,-0.144531,1.218750,0.000000,30.996807,8.000000
4.650391,-0.000000,0.357422,0.000000,29.858753,8.000000
4.689453,-0.000000,0.371094,0.000000,30.740847,8.000000
4.865234,-0.308594,0.857422,0.000000,30.802656,8.000000
0.037109,-0.035156,0.064453,0.000000,30.098757,8.000000
0.044922,-0.046875,0.103516,0.000000,29.025467,8.000000
1.175781,-0.449219,0.357422,0.000000,21.398790,8.000000
1.230469,-0.464844,0.304688,0.000000,19.590414,8.000000
0.011719,-0.039062,-0.007812,0.000000,30.704073,9.000000
0.027344,-0.076172,-0.009766,0.000000,31.900515,9.000000
0.029297,-0.119141,-0.005859,0.000000,30.107239,9.000000
0.056641,-0.154297,0.007812,0.000000,25.390760,9.000000
0.210938,0.039062,-1.250000,0.000000,23.521826,9.000000
0.142578,0.041016,-1.300781,0.000000,24.361626,9.000000
0.484375,0.042969,1.259766,0.000000,22.504200,9.000000
1.957031,-0.312500,-0.294922,0.000000,27.259117,9.000000
2.001953,-0.320312,-0.277344,0.000000,27.363964,9.000000
2.613281,-0.175781,1.052734,0.000000,29.395193,9.000000
2.695312,-0.089844,0.962891,0.000000,32.610249,9.000000
2.759766,-0.089844,0.902344,0.000000,31.903316,9.000000
4.271484,-0.142578,1.533203,0.000000,27.589119,9.000000
4.373047,-0.142578,1.357422,0.000000,31.332195,9.000000
4.445312,-0.144531,1.259766,0.000000,30.986437,9.000000
4.646484,-0.000000,0.392578,0.000000,29.863237,9.000000
4.691406,-0.000000,0.359375,0.000000,30.689276,9.000000
4.863281,-0.308594,0.865234,0.000000,30.784569,9.000000
0.037109,-0.035156,0.064453,0.000000,30.107239,9.000000
0.044922,-0.046875,0.103516,0.000000,29.025467,9.000000
1.175781,-0.449219,0.355469,0.000000,21.430147,9.000000
1.228516,-0.464844,0.310547,0.000000,19.731279,9.000000
0.011719,-0.039062,-0.007812,0.000000,30.696680,10.000000
0.027344,-0.076172,-0.009766,0.000000,31.900515,10.000000
0.029297,-0.119141,-0.005859,0.000000,30.111473,10.000000
0.056641,-0.154297,0.007812,0.000000,25.390760,10.000000
0.242188,0.039062,-1.244141,0.000000,23.502480,10.000000
0.181641,0.041016,-1.294922,0.000000,24.361626,10.000000
0.464844,0.042969,1.265625,0.000000,22.504200,10.000000
2.626953,-0.175781,1.019531,0.000000,29.278833,10.000000
2.699219,-0.089844,0.951172,0.000000,32.617386,10.000000
2.757812,-0.089844,0.904297,0.000000,31.892096,10.000000
4.384766,-0.142578,1.322266,0.000000,31.386185,10.000000
4.464844,-0.144531,1.189453,0.000000,31.072100,10.000000
4.646484,-0.000000,0.390625,0.000000,29.969492,10.000000
4.689453,-0.000000,0.371094,0.000000,30.640835,10.000000
4.863281,-0.308594,0.867188,0.000000,30.762762,10.000000
0.037109,-0.035156,0.064453,0.000000,30.102999,10.000000
0.044922,-0.046875,0.103516,0.000000,29.025467,10.000000
1.179688,-0.449219,0.347656,0.000000,21.461281,10.000000
1.238281,-0.464844,0.275391,0.000000,19.684830,10.000000
0.011719,-0.039062,-0.007812,0.000000,30.704073,11.000000
0.027344,-0.076172,-0.009766,0.000000,31.900515,11.000000
0.029297,-0.119141,-0.005859,0.000000,30.111473,11.000000
0.056641,-0.154297,0.007812,0.000000,25.378191,11.000000
0.261719,0.039062,-1.240234,0.000000,23.579348,11.000000
0.169922,0.041016,-1.296875,0.000000,24.377506,11.000000
0.488281,0.042969,1.257812,0.000000,22.528530,11.000000
2.609375,-0.175781,1.060547,0.000000,29.410143,11.000000
2.691406,-0.089844,0.970703,0.000000,32.615009,11.000000
2.757812,-0.089844,0.904297,0.000000,31.950689,11.000000
4.271484,-0.142578,1.535156,0.000000,27.693773,11.000000
4.378906,-0.142578,1.335938,0.000000,31.398790,11.000000
4.455078,-0.144531,1.224609,0.000000,31.109262,11.000000
4.648438,-0.000000,0.361328,0.000000,29.978231,11.000000
4.691406,-0.000000,0.353516,0.000000,30.722500,11.000000
4.863281,-0.308594,0.873047,0.000000,30.773680,11.000000
0.037109,-0.035156,0.064453,0.000000,30.098757,11.000000
0.044922,-0.046875,0.103516,0.000000,29.020029,11.000000
1.175781,-0.449219,0.357422,0.000000,21.398790,11.000000
1.236328,-0.464844,0.279297,0.000000,19.637878,11.000000
0.011719,-0.039062,-0.007812,0.000000,30.692980,12.000000
0.027344,-0.076172,-0.009766,0.000000,31.897709,12.000000
0.029297,-0.119141,-0.005859,0.000000,30.111473,12.000000
0.056641,-0.154297,0.007812,0.000000,25.378191,12.000000
0.275391,0.039062,-1.236328,0.000000,23.579348,12.000000
0.214844,0.041016,-1.291016,0.000000,24.345690,12.000000
0.460938,0.042969,1.267578,0.000000,22.504200,12.000000
2.630859,-0.175781,1.007812,0.000000,29.420080,12.000000
2.705078,-0.089844,0.931641,0.000000,32.681099,12.000000
2.767578,-0.089844,0.875000,0.000000,31.972805,12.000000
4.279297,-0.142578,1.511719,0.000000,27.589119,12.000000
4.384766,-0.142578,1.320312,0.000000,31.364035,12.000000
4.460938,-0.144531,1.203125,0.000000,31.058506,12.000000
4.650391,-0.000000,0.347656,0.000000,29.956352,12.000000
4.691406,-0.000000,0.357422,0.000000,30.827854,12.000000
4.867188,-0.308594,0.841797,0.000000,30.838608,12.000000
0.037109,-0.035156,0.064453,0.000000,30.102999,12.000000
0.044922,-0.046875,0.103516,0.000000,29.025467,12.000000
1.175781,-0.449219,0.359375,0.000000,21.430147,12.000000
1.232422,-0.464844,0.294922,0.000000,19.684830,12.000000
0.011719,-0.039062,-0.007812,0.000000,30.696680,13.000000
0.027344,-0.076172,-0.009766,0.000000,31.897709,13.000000
0.029297,-0.119141,-0.005859,0.000000,30.111473,13.000000
0.056641,-0.154297,0.007812,0.000000,25.390760,13.000000
0.257812,0.039062,-1.240234,0.000000,23.541084,13.000000
0.214844,0.041016,-1.291016,0.000000,24.393328,13.000000
0.453125,0.042969,1.271484,0.000000,22.576786,13.000000
2.644531,-0.175781,0.972656,0.000000,29.454685,13.000000
2.685547,-0.179688,0.976562,0.000000,32.720737,13.000000
2.779297,-0.089844,0.835938,0.000000,32.005768,13.000000
