1.539062,-0.146484,-0.164062,0.000000,27.708521,0.000000
2.550781,-0.263672,1.177734,0.000000,29.405165,0.000000
2.605469,-0.267578,1.156250,0.000000,32.725376,0.000000
2.662109,-0.181641,1.148438,0.000000,31.950689,0.000000
4.416016,-0.287109,1.187500,0.000000,30.795429,0.000000
4.466797,-0.289062,1.152344,0.000000,30.224283,0.000000
4.820312,-0.464844,1.021484,0.000000,30.187004,0.000000
1.298828,-0.167969,0.324219,0.614669,22.833012,0.000000
1.357422,-0.173828,0.250000,0.614669,25.728716,0.000000
1.378906,-0.179688,0.337891,0.614669,24.313637,0.000000
0.041016,-0.033203,0.062500,0.000000,30.086002,0.000000
0.052734,-0.042969,0.101562,0.000000,28.965261,0.000000
1.113281,-0.515625,0.318359,0.000000,18.920946,0.000000
0.576172,0.437500,1.376953,0.000000,25.415792,0.000000
2.841797,-2.003906,-2.982422,0.000000,27.810369,0.000000
2.902344,-2.021484,-2.976562,0.000000,27.267273,0.000000
0.011719,-0.039062,-0.007812,0.000000,30.689276,1.000000
0.017578,-0.080078,-0.007812,0.000000,31.942368,1.000000
0.029297,-0.119141,-0.005859,0.000000,30.203613,1.000000
0.056641,-0.154297,0.005859,0.000000,25.477747,1.000000
0.269531,-0.080078,-1.236328,0.000000,21.875208,1.000000
0.480469,-0.041016,1.216797,0.000000,23.384565,1.000000
1.453125,-0.138672,-0.197266,0.000000,27.923918,1.000000
1.500000,-0.142578,-0.150391,0.000000,29.552065,1.000000
1.546875,-0.097656,-0.125000,0.000000,28.536982,1.000000
2.550781,-0.263672,1.177734,0.000000,29.390198,1.000000
2.605469,-0.267578,1.156250,0.000000,32.718414,1.000000
2.664062,-0.181641,1.144531,0.000000,31.986570,1.000000
4.423828,-0.287109,1.156250,0.000000,30.913151,1.000000
4.478516,-0.289062,1.105469,0.000000,30.293839,1.000000
4.826172,-0.464844,0.994141,0.000000,30.523090,1.000000
1.298828,-0.083984,0.361328,0.614669,23.463530,1.000000
1.378906,-0.130859,0.121094,0.614669,26.031445,1.000000
1.425781,-0.134766,0.021484,0.614669,26.394865,1.000000
0.041016,-0.033203,0.062500,0.000000,30.086002,1.000000
0.052734,-0.042969,0.101562,0.000000,28.970770,1.000000
1.205078,0.357422,0.169922,0.000000,18.920946,1.000000
0.792969,0.486328,1.244141,0.000000,26.085260,1.000000
2.769531,-2.021484,-3.099609,0.000000,27.331972,1.000000
0.011719,-0.039062,-0.007812,0.000000,30.692980,2.000000
0.017578,-0.080078,-0.007812,0.000000,31.939590,2.000000
0.029297,-0.119141,-0.005859,0.000000,30.203613,2.000000
0.056641,-0.154297,0.003906,0.000000,25.490032,2.000000
0.320312,-0.080078,-1.224609,0.000000,21.875208,2.000000
0.496094,-0.041016,1.210938,0.000000,23.242825,2.000000
1.050781,-0.042969,0.845703,0.000000,21.583626,2.000000
1.462891,-0.283203,-0.265625,0.000000,26.570559,2.000000
1.484375,-0.291016,-0.355469,0.000000,26.580114,2.000000
2.550781,-0.263672,1.181641,0.000000,29.429996,2.000000
2.607422,-0.267578,1.152344,0.000000,32.736958,2.000000
2.666016,-0.181641,1.138672,0.000000,31.961761,2.000000
4.419922,-0.287109,1.173828,0.000000,30.806265,2.000000
4.474609,-0.289062,1.125000,0.000000,30.318123,2.000000
1.357422,-0.173828,0.244141,0.614669,25.682016,2.000000
1.400391,-0.179688,0.240234,0.614669,26.720978,2.000000
1.433594,-0.183594,0.287109,0.614669,23.838154,2.000000
0.041016,-0.033203,0.062500,0.000000,30.090258,2.000000
0.052734,-0.042969,0.101562,0.000000,28.970770,2.000000
1.119141,-0.515625,0.298828,0.000000,18.920946,2.000000
2.732422,-2.003906,-3.083984,0.000000,27.916906,2.000000
2.708984,-2.021484,-3.152344,0.000000,27.363964,2.000000
0.011719,-0.039062,-0.007812,0.000000,30.700378,3.000000
0.017578,-0.080078,-0.007812,0.000000,31.939590,3.000000
0.029297,-0.119141,-0.005859,0.000000,30.199467,3.000000
0.056641,-0.154297,0.005859,0.000000,25.465427,3.000000
0.320312,-0.080078,-1.224609,0.000000,21.846914,3.000000
0.357422,-0.041016,1.257812,0.000000,23.096302,3.000000
0.164062,-0.000000,1.339844,0.000000,21.003706,3.000000
1.435547,0.046875,-0.328125,0.000000,24.216040,3.000000
1.292969,-0.332031,-0.712891,0.000000,27.101173,3.000000
1.451172,-0.339844,-0.441406,0.000000,27.909885,3.000000
2.544922,-0.263672,1.189453,0.000000,29.459606,3.000000
2.605469,-0.267578,1.160156,0.000000,32.755417,3.000000
2.664062,-0.181641,1.142578,0.000000,31.983822,3.000000
4.410156,-0.287109,1.208984,0.000000,30.824263,3.000000
4.455078,-0.289062,1.201172,0.000000,29.934362,3.000000
1.373047,-0.216797,0.052734,0.614669,20.755470,3.000000
1.408203,-0.224609,0.138672,0.614669,24.814426,3.000000
0.041016,-0.033203,0.062500,0.000000,30.081741,3.000000
0.052734,-0.042969,0.101562,0.000000,28.970770,3.000000
1.121094,-0.515625,0.296875,0.000000,18.976271,3.000000
1.216797,-0.414062,0.718750,0.000000,23.364597,3.000000
1.509766,0.093750,-0.044922,0.000000,24.683474,3.000000
0.843750,1.019531,-0.814453,0.000000,24.941545,3.000000
2.908203,-2.003906,-2.917969,0.000000,27.930916,3.000000
2.982422,-2.021484,-2.894531,0.000000,27.176704,3.000000
0.011719,-0.039062,-0.007812,0.000000,30.700378,4.000000
0.017578,-0.080078,-0.007812,0.000000,31.939590,4.000000
0.029297,-0.119141,-0.005859,0.000000,30.203613,4.000000
0.056641,-0.154297,0.005859,0.000000,25.490032,4.000000
0.322266,-0.080078,-1.224609,0.000000,21.789770,4.000000
0.363281,-0.041016,1.257812,0.000000,23.117538,4.000000
0.888672,-0.042969,1.015625,0.000000,22.455126,4.000000
1.431641,-0.183594,-0.289062,0.000000,27.505083,4.000000
1.492188,-0.189453,-0.173828,0.000000,30.216026,4.000000
1.537109,-0.193359,-0.121094,0.000000,29.036325,4.000000
2.550781,-0.263672,1.177734,0.000000,29.395193,4.000000
2.607422,-0.267578,1.154297,0.000000,32.750809,4.000000
2.666016,-0.181641,1.136719,0.000000,32.000294,4.000000
4.417969,-0.287109,1.181641,0.000000,31.146111,4.000000
4.470703,-0.289062,1.140625,0.000000,30.580462,4.000000
1.365234,-0.130859,0.234375,0.614669,24.471581,4.000000
1.408203,-0.179688,0.191406,0.614669,26.374897,4.000000
0.041016,-0.033203,0.062500,0.000000,30.086002,4.000000
0.052734,-0.042969,0.101562,0.000000,28.970770,4.000000
1.117188,-0.515625,0.306641,0.000000,18.864906,4.000000
2.724609,-2.003906,-3.089844,0.000000,28.169039,4.000000
2.585938,-2.021484,-3.253906,0.000000,27.626785,4.000000
0.011719,-0.039062,-0.007812,0.000000,30.696680,5.000000
0.017578,-0.080078,-0.007812,0.000000,31.936810,5.000000
0.029297,-0.119141,-0.005859,0.000000,30.199467,5.000000
0.056641,-0.154297,0.005859,0.000000,25.465427,5.000000
0.343750,-0.080078,-1.218750,0.000000,21.818436,5.000000
0.298828,-0.041016,1.273438,0.000000,23.138672,5.000000
0.146484,-0.000000,-1.341797,0.000000,21.760912,5.000000
1.207031,-0.042969,-0.689453,0.000000,21.553360,5.000000
1.453125,-0.138672,-0.189453,0.000000,29.143431,5.000000
1.488281,-0.189453,-0.197266,0.000000,31.020905,5.000000
1.529297,-0.193359,-0.195312,0.000000,29.222063,5.000000
2.554688,-0.263672,1.171875,0.000000,29.493900,5.000000
2.605469,-0.267578,1.158203,0.000000,32.732327,5.000000
2.660156,-0.181641,1.150391,0.000000,31.911715,5.000000
4.412109,-0.287109,1.199219,0.000000,31.218880,5.000000
4.457031,-0.289062,1.191406,0.000000,30.881361,5.000000
1.429688,-0.089844,0.015625,0.614669,24.800070,5.000000
0.041016,-0.033203,0.062500,0.000000,30.081741,5.000000
0.052734,-0.042969,0.101562,0.000000,28.965261,5.000000
1.117188,-0.515625,0.308594,0.000000,18.920946,5.000000
0.011719,-0.039062,-0.007812,0.000000,30.696680,6.000000
0.017578,-0.080078,-0.007812,0.000000,31.939590,6.000000
0.029297,-0.119141,-0.005859,0.000000,30.199467,6.000000
0.056641,-0.154297,0.005859,0.000000,25.465427,6.000000
0.335938,-0.080078,-1.220703,0.000000,21.818436,6.000000
0.333984,-0.041016,1.265625,0.000000,23.138672,6.000000
0.496094,-0.042969,1.253906,0.000000,21.958996,6.000000
1.460938,-0.183594,0.041016,0.000000,27.315887,6.000000
1.480469,-0.046875,-0.310547,0.000000,24.771212,6.000000
2.560547,-0.263672,1.158203,0.000000,29.439888,6.000000
2.611328,-0.267578,1.144531,0.000000,32.727695,6.000000
2.669922,-0.181641,1.128906,0.000000,31.956230,6.000000
4.396484,-0.287109,1.253906,0.000000,30.655798,6.000000
4.451172,-0.289062,1.212891,0.000000,30.519239,6.000000
1.388672,-0.087891,0.009766,0.614669,21.673174,6.000000
1.412109,-0.179688,0.162109,0.614669,26.042261,6.000000
0.041016,-0.033203,0.062500,0.000000,30.081741,6.000000
0.052734,-0.042969,0.101562,0.000000,28.965261,6.000000
1.111328,-0.515625,0.326172,0.000000,18.976271,6.000000
0.802734,1.277344,-0.126953,0.000000,22.922562,6.000000
0.011719,-0.039062,-0.007812,0.000000,30.704073,7.000000
0.017578,-0.080078,-0.007812,0.000000,31.942368,7.000000
0.029297,-0.119141,-0.005859,0.000000,30.203613,7.000000
0.056641,-0.154297,0.005859,0.000000,25.477747,7.000000
0.337891,-0.080078,-1.218750,0.000000,21.789770,7.000000
0.312500,-0.041016,1.269531,0.000000,23.138672,7.000000
0.500000,-0.042969,1.253906,0.000000,21.789770,7.000000
1.390625,-0.224609,0.257812,0.000000,23.364597,7.000000
1.464844,-0.138672,-0.072266,0.000000,29.164539,7.000000
1.494141,-0.189453,-0.142578,0.000000,31.439510,7.000000
1.535156,-0.146484,-0.191406,0.000000,29.786369,7.000000
2.550781,-0.263672,1.177734,0.000000,29.420080,7.000000
2.609375,-0.267578,1.150391,0.000000,32.697464,7.000000
2.669922,-0.181641,1.126953,0.000000,31.906118,7.000000
4.388672,-0.287109,1.287109,0.000000,30.111473,7.000000
4.427734,-0.289062,1.292969,0.000000,29.894499,7.000000
0.041016,-0.033203,0.062500,0.000000,30.081741,7.000000
0.052734,-0.042969,0.101562,0.000000,28.965261,7.000000
1.117188,-0.515625,0.306641,0.000000,18.864906,7.000000
0.011719,-0.039062,-0.007812,0.000000,30.696680,8.000000
0.017578,-0.080078,-0.007812,0.000000,31.936810,8.000000
0.029297,-0.119141,-0.005859,0.000000,30.203613,8.000000
0.056641,-0.154297,0.005859,0.000000,25.490032,8.000000
0.339844,-0.080078,-1.218750,0.000000,21.903316,8.000000
0.337891,-0.041016,1.263672,0.000000,23.180634,8.000000
0.511719,-0.042969,1.248047,0.000000,21.931246,8.000000
1.455078,-0.230469,-0.003906,0.000000,25.921768,8.000000
1.501953,-0.189453,-0.007812,0.000000,30.021660,8.000000
1.535156,-0.242188,-0.023438,0.000000,30.553783,8.000000
1.578125,-0.199219,-0.125000,0.000000,28.692318,8.000000
2.556641,-0.263672,1.166016,0.000000,29.365137,8.000000
2.611328,-0.267578,1.144531,0.000000,32.704460,8.000000
2.669922,-0.181641,1.126953,0.000000,31.953461,8.000000
4.384766,-0.287109,1.300781,0.000000,29.809120,8.000000
4.421875,-0.289062,1.318359,0.000000,29.609463,8.000000
0.041016,-0.033203,0.062500,0.000000,30.081741,8.000000
0.052734,-0.042969,0.101562,0.000000,28.965261,8.000000
3.388672,-1.861328,-2.458984,0.000000,26.893089,8.000000
3.371094,-2.021484,-2.433594,0.000000,26.627579,8.000000
0.011719,-0.039062,-0.007812,0.000000,30.692980,9.000000
0.017578,-0.080078,-0.007812,0.000000,31.936810,9.000000
0.029297,-0.119141,-0.005859,0.000000,30.195316,9.000000
0.056641,-0.154297,0.005859,0.000000,25.465427,9.000000
0.328125,-0.080078,-1.222656,0.000000,21.846914,9.000000
0.296875,-0.041016,1.273438,0.000000,23.159704,9.000000
0.484375,-0.042969,1.259766,0.000000,21.846914,9.000000
1.423828,-0.367188,-0.062500,0.000000,23.579348,9.000000
1.494141,-0.236328,-0.056641,0.000000,28.221682,9.000000
1.544922,-0.146484,-0.099609,0.000000,29.547249,9.000000
1.583984,-0.150391,-0.115234,0.000000,28.375885,9.000000
2.535156,-0.263672,1.210938,0.000000,29.344984,9.000000
2.601562,-0.267578,1.167969,0.000000,32.688118,9.000000
2.662109,-0.181641,1.148438,0.000000,31.939590,9.000000
4.384766,-0.287109,1.296875,0.000000,29.609463,9.000000
4.416016,-0.289062,1.333984,0.000000,29.395193,9.000000
0.041016,-0.033203,0.062500,0.000000,30.077478,9.000000
0.052734,-0.042969,0.101562,0.000000,28.959747,9.000000
1.113281,-0.515625,0.318359,0.000000,18.920946,9.000000
0.541016,0.183594,-1.357422,0.000000,20.644581,9.000000
3.419922,-1.861328,-2.414062,0.000000,26.711729,9.000000
3.410156,-2.021484,-2.376953,0.000000,26.424644,9.000000
0.011719,-0.039062,-0.007812,0.000000,30.707766,10.000000
0.017578,-0.080078,-0.007812,0.000000,31.945143,10.000000
0.029297,-0.119141,-0.005859,0.000000,30.203613,10.000000
0.056641,-0.154297,0.005859,0.000000,25.490032,10.000000
0.320312,-0.080078,-1.224609,0.000000,21.875208,10.000000
0.337891,-0.041016,1.263672,0.000000,23.138672,10.000000
0.482422,-0.042969,1.259766,0.000000,21.846914,10.000000
1.466797,-0.138672,0.013672,0.000000,25.514500,10.000000
1.498047,-0.189453,0.093750,0.000000,28.567289,10.000000
1.537109,-0.193359,-0.128906,0.000000,29.960737,10.000000
1.562500,-0.150391,-0.281250,0.000000,28.481892,10.000000
2.544922,-0.263672,1.191406,0.000000,29.425041,10.000000
2.603516,-0.267578,1.162109,0.000000,32.730011,10.000000
2.660156,-0.181641,1.150391,0.000000,31.928461,10.000000
4.384766,-0.287109,1.296875,0.000000,29.523081,10.000000
4.423828,-0.289062,1.306641,0.000000,29.344984,10.000000
0.041016,-0.033203,0.062500,0.000000,30.086002,10.000000
0.052734,-0.042969,0.101562,0.000000,28.970770,10.000000
1.119141,-0.515625,0.302734,0.000000,18.976271,10.000000
3.398438,-1.861328,-2.445312,0.000000,26.627579,10.000000
0.011719,-0.039062,-0.007812,0.000000,30.700378,11.000000
0.017578,-0.080078,-0.007812,0.000000,31.939590,11.000000
0.029297,-0.119141,-0.005859,0.000000,30.203613,11.000000
0.056641,-0.154297,0.005859,0.000000,25.465427,11.000000
0.330078,-0.080078,-1.222656,0.000000,21.875208,11.000000
0.341797,-0.041016,1.263672,0.000000,23.159704,11.000000
0.507812,-0.042969,1.250000,0.000000,21.903316,11.000000
1.390625,-0.134766,0.312500,0.000000,25.526682,11.000000
1.460938,-0.183594,-0.007812,0.000000,30.077478,11.000000
1.501953,-0.142578,-0.130859,0.000000,32.702129,11.000000
1.535156,-0.146484,-0.195312,0.000000,33.014641,11.000000
1.574219,-0.099609,-0.238281,0.000000,30.729847,11.000000
2.556641,-0.263672,1.164062,0.000000,29.469433,11.000000
2.605469,-0.267578,1.158203,0.000000,32.713768,11.000000
2.660156,-0.181641,1.152344,0.000000,31.914511,11.000000
4.382812,-0.287109,1.300781,0.000000,29.434946,11.000000
4.423828,-0.289062,1.312500,0.000000,29.268568,11.000000
0.041016,-0.033203,0.062500,0.000000,30.086002,11.000000
0.052734,-0.042969,0.101562,0.000000,28.970770,11.000000
3.431641,-1.861328,-2.398438,0.000000,26.618126,11.000000
3.439453,-2.021484,-2.333984,0.000000,26.304279,11.000000
0.011719,-0.039062,-0.007812,0.000000,30.696680,12.000000
0.017578,-0.080078,-0.007812,0.000000,31.936810,12.000000
0.029297,-0.119141,-0.005859,0.000000,30.199467,12.000000
0.056641,-0.154297,0.005859,0.000000,25.477747,12.000000
0.302734,-0.080078,-1.228516,0.000000,21.875208,12.000000
0.332031,-0.041016,1.265625,0.000000,23.180634,12.000000
