1.234375,-0.464844,0.287109,0.000000,19.637878,0.000000
0.011719,-0.039062,-0.007812,0.000000,30.704073,1.000000
0.027344,-0.076172,-0.009766,0.000000,31.900515,1.000000
0.029297,-0.119141,-0.005859,0.000000,30.111473,1.000000
0.056641,-0.154297,0.007812,0.000000,25.378191,1.000000
0.283203,0.039062,-1.236328,0.000000,23.521826,1.000000
0.230469,0.041016,-1.287109,0.000000,24.329693,1.000000
0.449219,0.042969,1.271484,0.000000,22.479733,1.000000
2.611328,-0.175781,1.054688,0.000000,29.434946,1.000000
2.658203,-0.179688,1.048828,0.000000,32.650539,1.000000
2.755859,-0.089844,0.914062,0.000000,31.917303,1.000000
4.375000,-0.142578,1.351562,0.000000,31.296900,1.000000
4.447266,-0.144531,1.250000,0.000000,30.944712,1.000000
4.648438,-0.000000,0.369141,0.000000,29.854265,1.000000
4.689453,-0.000000,0.380859,0.000000,30.591846,1.000000
4.867188,-0.308594,0.849609,0.000000,30.856472,1.000000
0.037109,-0.035156,0.064453,0.000000,30.102999,1.000000
0.044922,-0.046875,0.103516,0.000000,29.020029,1.000000
1.169922,-0.449219,0.376953,0.000000,21.398790,1.000000
1.228516,-0.464844,0.310547,0.000000,19.637878,1.000000
0.011719,-0.039062,-0.007812,0.000000,30.696680,2.000000
0.027344,-0.076172,-0.009766,0.000000,31.900515,2.000000
0.029297,-0.119141,-0.005859,0.000000,30.111473,2.000000
0.056641,-0.154297,0.007812,0.000000,25.403296,2.000000
0.271484,0.039062,-1.238281,0.000000,23.521826,2.000000
0.216797,0.041016,-1.291016,0.000000,24.345690,2.000000
0.464844,0.042969,1.265625,0.000000,22.504200,2.000000
2.621094,-0.175781,1.033203,0.000000,29.355072,2.000000
2.703125,-0.089844,0.941406,0.000000,32.633995,2.000000
2.767578,-0.089844,0.878906,0.000000,31.947918,2.000000
4.294922,-0.000000,1.476562,0.000000,27.693773,2.000000
4.386719,-0.142578,1.312500,0.000000,31.386185,2.000000
4.457031,-0.144531,1.220703,0.000000,31.007151,2.000000
4.640625,-0.000000,0.449219,0.000000,29.694159,2.000000
4.687500,-0.000000,0.406250,0.000000,30.386202,2.000000
4.859375,-0.308594,0.884766,0.000000,30.895519,2.000000
0.037109,-0.035156,0.064453,0.000000,30.107239,2.000000
0.044922,-0.046875,0.103516,0.000000,29.025467,2.000000
1.181641,-0.449219,0.339844,0.000000,21.430147,2.000000
1.242188,-0.464844,0.255859,0.000000,19.684830,2.000000
0.011719,-0.039062,-0.007812,0.000000,30.700378,3.000000
0.027344,-0.076172,-0.009766,0.000000,31.903316,3.000000
0.029297,-0.119141,-0.005859,0.000000,30.115704,3.000000
0.056641,-0.154297,0.007812,0.000000,25.390760,3.000000
0.267578,0.039062,-1.238281,0.000000,23.541084,3.000000
0.205078,0.041016,-1.292969,0.000000,24.345690,3.000000
0.498047,0.042969,1.253906,0.000000,22.479733,3.000000
1.904297,-0.240234,0.101562,0.000000,27.512791,3.000000
1.947266,-0.246094,-0.066406,0.000000,27.395723,3.000000
2.611328,-0.175781,1.054688,0.000000,29.508514,3.000000
2.697266,-0.089844,0.958984,0.000000,32.674065,3.000000
2.757812,-0.089844,0.906250,0.000000,31.934029,3.000000
4.289062,-0.000000,1.488281,0.000000,27.781513,3.000000
4.384766,-0.142578,1.322266,0.000000,31.417633,3.000000
4.455078,-0.144531,1.226562,0.000000,31.014034,3.000000
4.648438,-0.000000,0.365234,0.000000,29.717396,3.000000
4.691406,-0.000000,0.335938,0.000000,30.622059,3.000000
4.855469,-0.308594,0.910156,0.000000,30.795429,3.000000
0.037109,-0.035156,0.064453,0.000000,30.102999,3.000000
0.044922,-0.046875,0.103516,0.000000,29.025467,3.000000
1.175781,-0.449219,0.357422,0.000000,21.398790,3.000000
1.238281,-0.464844,0.267578,0.000000,19.684830,3.000000
0.011719,-0.039062,-0.007812,0.000000,30.700378,4.000000
0.027344,-0.076172,-0.009766,0.000000,31.903316,4.000000
0.029297,-0.119141,-0.005859,0.000000,30.115704,4.000000
0.056641,-0.154297,0.007812,0.000000,25.390760,4.000000
0.265625,0.039062,-1.240234,0.000000,23.521826,4.000000
0.203125,0.041016,-1.292969,0.000000,24.361626,4.000000
0.466797,0.042969,1.265625,0.000000,22.504200,4.000000
2.619141,-0.175781,1.039062,0.000000,29.405165,4.000000
2.701172,-0.089844,0.947266,0.000000,32.636360,4.000000
2.763672,-0.089844,0.890625,0.000000,31.880844,4.000000
4.292969,-0.000000,1.478516,0.000000,27.759743,4.000000
4.382812,-0.142578,1.328125,0.000000,31.386185,4.000000
4.451172,-0.144531,1.236328,0.000000,30.976044,4.000000
4.650391,-0.000000,0.337891,0.000000,29.804579,4.000000
4.691406,-0.000000,0.339844,0.000000,30.838608,4.000000
4.867188,-0.308594,0.841797,0.000000,30.354298,4.000000
0.037109,-0.035156,0.064453,0.000000,30.102999,4.000000
0.044922,-0.046875,0.103516,0.000000,29.020029,4.000000
1.175781,-0.449219,0.359375,0.000000,21.398790,4.000000
1.230469,-0.464844,0.304688,0.000000,19.684830,4.000000
0.011719,-0.039062,-0.007812,0.000000,30.696680,5.000000
0.027344,-0.076172,-0.009766,0.000000,31.900515,5.000000
0.029297,-0.119141,-0.005859,0.000000,30.111473,5.000000
0.056641,-0.154297,0.007812,0.000000,25.390760,5.000000
0.230469,0.039062,-1.246094,0.000000,23.502480,5.000000
0.173828,0.041016,-1.296875,0.000000,24.345690,5.000000
0.498047,0.042969,1.253906,0.000000,22.504200,5.000000
2.611328,-0.175781,1.054688,0.000000,29.444826,5.000000
2.697266,-0.089844,0.955078,0.000000,32.645817,5.000000
2.761719,-0.089844,0.890625,0.000000,31.972805,5.000000
4.384766,-0.142578,1.322266,0.000000,31.414497,5.000000
4.457031,-0.144531,1.220703,0.000000,31.038036,5.000000
4.652344,-0.000000,0.310547,0.000000,29.921114,5.000000
4.693359,-0.000000,0.320312,0.000000,30.899052,5.000000
4.871094,-0.464844,0.744141,0.000000,31.034616,5.000000
0.037109,-0.035156,0.064453,0.000000,30.107239,5.000000
0.044922,-0.046875,0.103516,0.000000,29.025467,5.000000
1.179688,-0.449219,0.347656,0.000000,21.430147,5.000000
1.232422,-0.464844,0.298828,0.000000,19.637878,5.000000
0.011719,-0.039062,-0.007812,0.000000,30.704073,6.000000
0.027344,-0.076172,-0.009766,0.000000,31.903316,6.000000
0.029297,-0.119141,-0.005859,0.000000,30.111473,6.000000
0.056641,-0.154297,0.007812,0.000000,25.403296,6.000000
0.250000,0.039062,-1.242188,0.000000,23.541084,6.000000
0.199219,0.041016,-1.292969,0.000000,24.361626,6.000000
0.480469,0.042969,1.261719,0.000000,22.504200,6.000000
1.962891,-0.250000,-0.316406,0.000000,28.350561,6.000000
2.623047,-0.175781,1.025391,0.000000,29.304396,6.000000
2.701172,-0.089844,0.945312,0.000000,32.615009,6.000000
2.761719,-0.089844,0.896484,0.000000,31.894903,6.000000
4.382812,-0.142578,1.328125,0.000000,31.398790,6.000000
4.453125,-0.144531,1.228516,0.000000,31.041456,6.000000
4.650391,-0.000000,0.345703,0.000000,29.929951,6.000000
4.691406,-0.000000,0.335938,0.000000,30.809870,6.000000
4.787109,-0.150391,-0.595703,0.000000,29.731279,6.000000
4.867188,-0.464844,0.771484,0.000000,31.169397,6.000000
0.037109,-0.035156,0.064453,0.000000,30.102999,6.000000
0.044922,-0.046875,0.103516,0.000000,29.030899,6.000000
1.179688,-0.449219,0.345703,0.000000,21.461281,6.000000
1.240234,-0.464844,0.265625,0.000000,19.684830,6.000000
0.011719,-0.039062,-0.007812,0.000000,30.704073,7.000000
0.027344,-0.076172,-0.009766,0.000000,31.900515,7.000000
0.029297,-0.119141,-0.005859,0.000000,30.115704,7.000000
0.056641,-0.154297,0.007812,0.000000,25.390760,7.000000
0.298828,0.039062,-1.232422,0.000000,23.521826,7.000000
0.230469,0.041016,-1.287109,0.000000,24.329693,7.000000
0.470703,0.042969,1.263672,0.000000,22.504200,7.000000
1.908203,-0.240234,0.005859,0.000000,26.848454,7.000000
1.931641,-0.246094,-0.251953,0.000000,29.863237,7.000000
1.962891,-0.250000,-0.318359,0.000000,31.159431,7.000000
1.994141,-0.255859,-0.376953,0.000000,29.201233,7.000000
2.634766,-0.175781,0.996094,0.000000,29.474337,7.000000
2.705078,-0.089844,0.937500,0.000000,32.662315,7.000000
2.765625,-0.089844,0.882812,0.000000,31.950689,7.000000
4.285156,-0.142578,1.494141,0.000000,27.589119,7.000000
4.392578,-0.142578,1.294922,0.000000,31.408222,7.000000
4.462891,-0.144531,1.195312,0.000000,31.078880,7.000000
4.648438,-0.000000,0.367188,0.000000,29.876663,7.000000
4.691406,-0.000000,0.341797,0.000000,30.692980,7.000000
4.750000,-0.150391,-0.574219,0.000000,32.258259,7.000000
4.781250,-0.300781,-0.583984,0.000000,33.366600,7.000000
4.804688,-0.152344,-0.763672,0.000000,30.141003,7.000000
4.853516,-0.464844,0.849609,0.000000,31.051695,7.000000
4.910156,-0.623047,0.638672,0.000000,29.429996,7.000000
0.037109,-0.035156,0.064453,0.000000,30.102999,7.000000
0.044922,-0.046875,0.103516,0.000000,29.025467,7.000000
1.181641,-0.449219,0.341797,0.000000,21.430147,7.000000
1.240234,-0.464844,0.265625,0.000000,19.684830,7.000000
0.011719,-0.039062,-0.007812,0.000000,30.704073,8.000000
0.027344,-0.076172,-0.009766,0.000000,31.900515,8.000000
0.029297,-0.119141,-0.005859,0.000000,30.111473,8.000000
0.056641,-0.154297,0.007812,0.000000,25.378191,8.000000
0.244141,0.039062,-1.244141,0.000000,23.502480,8.000000
0.173828,0.041016,-1.296875,0.000000,24.329693,8.000000
0.486328,0.042969,1.257812,0.000000,22.479733,8.000000
1.958984,-0.312500,-0.289062,0.000000,28.494194,8.000000
2.617188,-0.175781,1.042969,0.000000,29.370161,8.000000
2.697266,-0.089844,0.958984,0.000000,32.624512,8.000000
2.757812,-0.089844,0.906250,0.000000,31.928461,8.000000
4.283203,-0.142578,1.500000,0.000000,27.701153,8.000000
4.392578,-0.142578,1.294922,0.000000,31.420765,8.000000
4.466797,-0.144531,1.183594,0.000000,31.072100,8.000000
4.648438,-0.000000,0.361328,0.000000,29.907827,8.000000
4.691406,-0.000000,0.341797,0.000000,30.655798,8.000000
4.742188,-0.298828,-0.574219,0.000000,33.666096,8.000000
4.785156,-0.300781,-0.562500,0.000000,34.661259,8.000000
4.818359,-0.152344,-0.675781,0.000000,31.595673,8.000000
4.835938,-0.308594,1.011719,0.000000,30.670708,8.000000
4.925781,-0.468750,0.648438,0.000000,28.998205,8.000000
0.037109,-0.035156,0.064453,0.000000,30.102999,8.000000
0.044922,-0.046875,0.103516,0.000000,29.025467,8.000000
1.177734,-0.449219,0.355469,0.000000,21.398790,8.000000
1.232422,-0.464844,0.292969,0.000000,19.684830,8.000000
0.011719,-0.039062,-0.007812,0.000000,30.704073,9.000000
0.027344,-0.076172,-0.009766,0.000000,31.903316,9.000000
0.029297,-0.119141,-0.005859,0.000000,30.115704,9.000000
0.056641,-0.154297,0.007812,0.000000,25.390760,9.000000
0.283203,0.039062,-1.236328,0.000000,23.521826,9.000000
0.197266,0.041016,-1.292969,0.000000,24.361626,9.000000
0.480469,0.042969,1.261719,0.000000,22.479733,9.000000
2.621094,-0.175781,1.033203,0.000000,29.350031,9.000000
2.703125,-0.089844,0.941406,0.000000,32.631626,9.000000
2.765625,-0.089844,0.880859,0.000000,31.925674,9.000000
4.396484,-0.142578,1.283203,0.000000,31.423895,9.000000
4.472656,-0.144531,1.156250,0.000000,31.072100,9.000000
4.648438,-0.000000,0.367188,0.000000,29.907827,9.000000
4.691406,-0.000000,0.347656,0.000000,30.707766,9.000000
4.744141,-0.000000,-0.064453,0.000000,29.095560,9.000000
4.742188,-0.298828,-0.572266,0.000000,32.821690,9.000000
4.794922,-0.150391,-0.542969,0.000000,33.832767,9.000000
4.826172,-0.152344,-0.615234,0.000000,31.185953,9.000000
4.830078,-0.308594,1.041016,0.000000,30.342272,9.000000
0.037109,-0.035156,0.064453,0.000000,30.107239,9.000000
0.044922,-0.046875,0.103516,0.000000,29.030899,9.000000
1.171875,-0.449219,0.369141,0.000000,21.461281,9.000000
1.228516,-0.464844,0.314453,0.000000,19.731279,9.000000
0.011719,-0.039062,-0.007812,0.000000,30.700378,10.000000
0.027344,-0.076172,-0.009766,0.000000,31.900515,10.000000
0.029297,-0.119141,-0.005859,0.000000,30.111473,10.000000
0.056641,-0.154297,0.007812,0.000000,25.378191,10.000000
0.273438,0.039062,-1.238281,0.000000,23.579348,10.000000
0.183594,0.041016,-1.294922,0.000000,24.393328,10.000000
0.474609,0.042969,1.263672,0.000000,22.504200,10.000000
1.921875,-0.246094,-0.324219,0.000000,26.963564,10.000000
1.958984,-0.250000,-0.339844,0.000000,28.992731,10.000000
2.015625,-0.191406,-0.292969,0.000000,28.088860,10.000000
2.625000,-0.175781,1.021484,0.000000,29.454685,10.000000
2.703125,-0.089844,0.943359,0.000000,32.685780,10.000000
2.763672,-0.089844,0.886719,0.000000,31.983822,10.000000
4.300781,-0.142578,1.449219,0.000000,27.641762,10.000000
4.396484,-0.142578,1.279297,0.000000,31.411362,10.000000
4.468750,-0.144531,1.171875,0.000000,31.038036,10.000000
4.650391,-0.000000,0.339844,0.000000,29.872192,10.000000
4.693359,-0.000000,0.332031,0.000000,30.737183,10.000000
4.744141,-0.298828,-0.554688,0.000000,32.690456,10.000000
4.794922,-0.150391,-0.533203,0.000000,33.778522,10.000000
4.820312,-0.152344,-0.660156,0.000000,30.891983,10.000000
4.863281,-0.308594,0.867188,0.000000,30.845762,10.000000
4.923828,-0.779297,0.242188,0.000000,29.894499,10.000000
0.037109,-0.035156,0.064453,0.000000,30.102999,10.000000
0.044922,-0.046875,0.103516,0.000000,29.025467,10.000000
1.234375,-0.464844,0.285156,0.000000,19.637878,10.000000
0.011719,-0.039062,-0.007812,0.000000,30.696680,11.000000
0.027344,-0.076172,-0.009766,0.000000,31.897709,11.000000
0.029297,-0.119141,-0.005859,0.000000,30.111473,11.000000
0.056641,-0.154297,0.007812,0.000000,25.390760,11.000000
0.283203,0.039062,-1.236328,0.000000,23.521826,11.000000
0.238281,0.041016,-1.287109,0.000000,24.361626,11.000000
0.453125,0.042969,1.271484,0.000000,22.479733,11.000000
2.619141,-0.175781,1.037109,0.000000,29.314579,11.000000
2.699219,-0.089844,0.951172,0.000000,32.598328,11.000000
2.761719,-0.089844,0.892578,0.000000,31.934029,11.000000
4.312500,-0.000000,1.423828,0.000000,27.678976,11.000000
4.392578,-0.142578,1.294922,0.000000,31.408222,11.000000
4.462891,-0.144531,1.199219,0.000000,31.061909,11.000000
4.648438,-0.000000,0.361328,0.000000,29.916691,11.000000
4.691406,-0.000000,0.335938,0.000000,30.640835,11.000000
4.740234,-0.298828,-0.582031,0.000000,32.743889,11.000000
4.792969,-0.150391,-0.556641,0.000000,33.825573,11.000000
4.816406,-0.152344,-0.687500,0.000000,31.072100,11.000000
4.859375,-0.464844,0.818359,0.000000,30.718821,11.000000
4.939453,-0.623047,0.333984,0.000000,29.763500,11.000000
0.037109,-0.035156,0.064453,0.000000,30.102999,11.000000
0.044922,-0.046875,0.103516,0.000000,29.020029,11.000000
1.175781,-0.449219,0.355469,0.000000,21.398790,11.000000
1.234375,-0.464844,0.291016,0.000000,19.637878,11.000000
4.900391,-0.935547,0.130859,0.000000,29.717396,11.000000
0.011719,-0.039062,-0.007812,0.000000,30.700378,12.000000
0.027344,-0.076172,-0.009766,0.000000,31.900515,12.000000
0.029297,-0.119141,-0.005859,0.000000,30.111473,12.000000
0.056641,-0.154297,0.007812,0.000000,25.390760,12.000000
0.287109,0.039062,-1.234375,0.000000,23.521826,12.000000
0.195312,0.041016,-1.292969,0.000000,24.345690,12.000000
0.462891,0.042969,1.267578,0.000000,22.479733,12.000000
