1.228516,-0.464844,0.310547,0.000000,19.777237,0.000000
0.011719,-0.039062,-0.007812,0.000000,30.711452,1.000000
0.027344,-0.076172,-0.009766,0.000000,31.911715,1.000000
0.029297,-0.119141,-0.005859,0.000000,30.124153,1.000000
0.056641,-0.154297,0.007812,0.000000,25.403296,1.000000
0.251953,0.039062,-1.242188,0.000000,23.541084,1.000000
0.173828,0.041016,-1.296875,0.000000,24.377506,1.000000
0.453125,0.042969,1.271484,0.000000,22.528530,1.000000
2.625000,-0.175781,1.019531,0.000000,29.329807,1.000000
2.701172,-0.089844,0.943359,0.000000,32.612629,1.000000
2.763672,-0.089844,0.884766,0.000000,31.911715,1.000000
4.300781,-0.142578,1.447266,0.000000,27.759743,1.000000
4.390625,-0.142578,1.300781,0.000000,31.430147,1.000000
4.462891,-0.144531,1.195312,0.000000,31.082266,1.000000
4.650391,-0.000000,0.357422,0.000000,29.925535,1.000000
4.693359,-0.000000,0.332031,0.000000,30.678144,1.000000
4.738281,-0.148438,-0.205078,0.000000,29.153997,1.000000
4.742188,-0.298828,-0.578125,0.000000,33.047058,1.000000
4.792969,-0.150391,-0.546875,0.000000,33.893433,1.000000
4.828125,-0.152344,-0.605469,0.000000,30.777311,1.000000
4.869141,-0.308594,0.830078,0.000000,30.923697,1.000000
4.921875,-0.779297,0.257812,0.000000,29.647308,1.000000
0.037109,-0.035156,0.064453,0.000000,30.111473,1.000000
0.044922,-0.046875,0.103516,0.000000,29.036325,1.000000
1.177734,-0.449219,0.351562,0.000000,21.461281,1.000000
1.240234,-0.464844,0.257812,0.000000,19.777237,1.000000
0.011719,-0.039062,-0.007812,0.000000,30.715137,2.000000
0.027344,-0.076172,-0.009766,0.000000,31.914511,2.000000
0.029297,-0.119141,-0.005859,0.000000,30.124153,2.000000
0.056641,-0.154297,0.007812,0.000000,25.403296,2.000000
0.255859,0.039062,-1.242188,0.000000,23.502480,2.000000
0.195312,0.041016,-1.292969,0.000000,24.361626,2.000000
0.455078,0.042969,1.269531,0.000000,22.552725,2.000000
2.626953,-0.175781,1.017578,0.000000,29.425041,2.000000
2.705078,-0.089844,0.935547,0.000000,32.655254,2.000000
2.767578,-0.089844,0.875000,0.000000,31.942368,2.000000
4.298828,-0.142578,1.457031,0.000000,27.708521,2.000000
4.392578,-0.142578,1.294922,0.000000,31.389339,2.000000
4.464844,-0.144531,1.191406,0.000000,31.058506,2.000000
4.646484,-0.000000,0.392578,0.000000,29.903389,2.000000
4.691406,-0.000000,0.341797,0.000000,30.762762,2.000000
4.744141,-0.000000,-0.064453,0.000000,29.074114,2.000000
4.742188,-0.298828,-0.572266,0.000000,33.003780,2.000000
4.792969,-0.150391,-0.556641,0.000000,34.014004,2.000000
4.824219,-0.152344,-0.632812,0.000000,31.199154,2.000000
4.869141,-0.308594,0.837891,0.000000,30.874264,2.000000
4.939453,-0.623047,0.343750,0.000000,29.661417,2.000000
0.037109,-0.035156,0.064453,0.000000,30.111473,2.000000
0.044922,-0.046875,0.103516,0.000000,29.030899,2.000000
1.173828,-0.449219,0.363281,0.000000,21.398790,2.000000
1.228516,-0.464844,0.312500,0.000000,19.684830,2.000000
0.011719,-0.039062,-0.007812,0.000000,30.711452,3.000000
0.027344,-0.076172,-0.009766,0.000000,31.908916,3.000000
0.029297,-0.119141,-0.005859,0.000000,30.119930,3.000000
0.056641,-0.154297,0.007812,0.000000,25.390760,3.000000
0.265625,0.039062,-1.240234,0.000000,23.521826,3.000000
0.107422,-0.000000,1.304688,0.000000,24.361626,3.000000
0.458984,0.042969,1.269531,0.000000,22.576786,3.000000
2.623047,-0.175781,1.027344,0.000000,29.375179,3.000000
2.703125,-0.089844,0.939453,0.000000,32.626884,3.000000
2.765625,-0.089844,0.880859,0.000000,31.928461,3.000000
4.310547,-0.142578,1.421875,0.000000,27.781513,3.000000
4.392578,-0.142578,1.296875,0.000000,31.401937,3.000000
4.462891,-0.144531,1.199219,0.000000,31.065308,3.000000
4.648438,-0.000000,0.371094,0.000000,29.898945,3.000000
4.691406,-0.000000,0.345703,0.000000,30.729847,3.000000
4.744141,-0.000000,-0.111328,0.000000,29.309490,3.000000
4.740234,-0.298828,-0.583984,0.000000,33.182720,3.000000
4.791016,-0.150391,-0.570312,0.000000,34.216038,3.000000
4.820312,-0.152344,-0.656250,0.000000,31.574568,3.000000
4.867188,-0.308594,0.843750,0.000000,30.860037,3.000000
4.921875,-0.779297,0.277344,0.000000,29.604708,3.000000
0.037109,-0.035156,0.064453,0.000000,30.102999,3.000000
0.044922,-0.046875,0.103516,0.000000,29.030899,3.000000
1.177734,-0.449219,0.349609,0.000000,21.461281,3.000000
1.236328,-0.464844,0.277344,0.000000,19.777237,3.000000
0.011719,-0.039062,-0.007812,0.000000,30.718821,4.000000
0.027344,-0.076172,-0.009766,0.000000,31.911715,4.000000
0.029297,-0.119141,-0.005859,0.000000,30.119930,4.000000
0.056641,-0.154297,0.007812,0.000000,25.390760,4.000000
0.292969,0.039062,-1.232422,0.000000,23.502480,4.000000
0.054688,-0.000000,1.308594,0.000000,24.313637,4.000000
0.439453,0.042969,1.275391,0.000000,22.504200,4.000000
2.626953,-0.175781,1.017578,0.000000,29.425041,4.000000
2.705078,-0.089844,0.937500,0.000000,32.645817,4.000000
2.767578,-0.089844,0.876953,0.000000,31.942368,4.000000
4.304688,-0.142578,1.439453,0.000000,27.774269,4.000000
4.388672,-0.142578,1.304688,0.000000,31.392492,4.000000
4.460938,-0.144531,1.203125,0.000000,31.038036,4.000000
4.648438,-0.000000,0.375000,0.000000,29.858753,4.000000
4.691406,-0.000000,0.343750,0.000000,30.748165,4.000000
4.744141,-0.000000,-0.089844,0.000000,29.258276,4.000000
4.742188,-0.298828,-0.580078,0.000000,33.031960,4.000000
4.791016,-0.150391,-0.574219,0.000000,34.151405,4.000000
4.820312,-0.152344,-0.667969,0.000000,31.705551,4.000000
4.863281,-0.308594,0.871094,0.000000,30.791813,4.000000
4.919922,-0.779297,0.306641,0.000000,29.585638,4.000000
0.037109,-0.035156,0.064453,0.000000,30.107239,4.000000
0.044922,-0.046875,0.103516,0.000000,29.025467,4.000000
1.175781,-0.449219,0.361328,0.000000,21.398790,4.000000
1.236328,-0.464844,0.279297,0.000000,19.637878,4.000000
0.011719,-0.039062,-0.007812,0.000000,30.707766,5.000000
0.027344,-0.076172,-0.009766,0.000000,31.908916,5.000000
0.029297,-0.119141,-0.005859,0.000000,30.124153,5.000000
0.056641,-0.154297,0.007812,0.000000,25.403296,5.000000
0.220703,0.039062,-1.248047,0.000000,23.541084,5.000000
0.121094,0.041016,-1.302734,0.000000,24.345690,5.000000
0.484375,0.042969,1.259766,0.000000,22.528530,5.000000
2.001953,-0.191406,-0.371094,0.000000,27.701153,5.000000
2.626953,-0.175781,1.017578,0.000000,29.334873,5.000000
2.701172,-0.089844,0.943359,0.000000,32.612629,5.000000
2.763672,-0.089844,0.890625,0.000000,31.914511,5.000000
4.298828,-0.142578,1.453125,0.000000,27.774269,5.000000
4.388672,-0.142578,1.306641,0.000000,31.408222,5.000000
4.462891,-0.144531,1.193359,0.000000,31.078880,5.000000
4.648438,-0.000000,0.365234,0.000000,29.890047,5.000000
4.689453,-0.000000,0.361328,0.000000,30.637085,5.000000
4.744141,-0.000000,-0.070312,0.000000,29.063351,5.000000
4.742188,-0.298828,-0.566406,0.000000,32.929203,5.000000
4.785156,-0.300781,-0.564453,0.000000,34.109459,5.000000
4.824219,-0.152344,-0.638672,0.000000,31.804127,5.000000
4.855469,-0.308594,0.910156,0.000000,30.595634,5.000000
4.935547,-0.623047,0.408203,0.000000,29.057959,5.000000
0.037109,-0.035156,0.064453,0.000000,30.111473,5.000000
0.044922,-0.046875,0.103516,0.000000,29.041744,5.000000
1.177734,-0.449219,0.349609,0.000000,21.430147,5.000000
1.232422,-0.464844,0.292969,0.000000,19.684830,5.000000
0.011719,-0.039062,-0.007812,0.000000,30.707766,6.000000
0.027344,-0.076172,-0.009766,0.000000,31.908916,6.000000
0.029297,-0.119141,-0.005859,0.000000,30.119930,6.000000
0.056641,-0.154297,0.007812,0.000000,25.403296,6.000000
0.226562,0.039062,-1.246094,0.000000,23.541084,6.000000
0.197266,0.041016,-1.292969,0.000000,24.361626,6.000000
0.466797,0.042969,1.265625,0.000000,22.528530,6.000000
2.623047,-0.175781,1.025391,0.000000,29.395193,6.000000
2.703125,-0.089844,0.943359,0.000000,32.619762,6.000000
2.765625,-0.089844,0.884766,0.000000,31.931246,6.000000
4.308594,-0.142578,1.423828,0.000000,27.839035,6.000000
4.394531,-0.142578,1.287109,0.000000,31.458178,6.000000
4.470703,-0.144531,1.169922,0.000000,31.152777,6.000000
4.648438,-0.000000,0.378906,0.000000,30.004341,6.000000
4.691406,-0.000000,0.359375,0.000000,30.762762,6.000000
4.744141,-0.000000,-0.066406,0.000000,29.169800,6.000000
4.742188,-0.298828,-0.566406,0.000000,33.170181,6.000000
4.791016,-0.150391,-0.570312,0.000000,34.334499,6.000000
4.818359,-0.152344,-0.679688,0.000000,31.911715,6.000000
4.861328,-0.308594,0.875000,0.000000,30.863598,6.000000
4.921875,-0.779297,0.281250,0.000000,29.890047,6.000000
0.037109,-0.035156,0.064453,0.000000,30.111473,6.000000
0.044922,-0.046875,0.105469,0.000000,29.030899,6.000000
1.171875,-0.449219,0.369141,0.000000,21.398790,6.000000
1.228516,-0.464844,0.314453,0.000000,19.684830,6.000000
0.011719,-0.039062,-0.007812,0.000000,30.700378,7.000000
0.027344,-0.076172,-0.009766,0.000000,31.908916,7.000000
0.029297,-0.119141,-0.005859,0.000000,30.119930,7.000000
0.056641,-0.154297,0.007812,0.000000,25.390760,7.000000
0.238281,0.039062,-1.244141,0.000000,23.502480,7.000000
0.167969,0.041016,-1.296875,0.000000,24.345690,7.000000
0.482422,0.042969,1.259766,0.000000,22.479733,7.000000
2.619141,-0.175781,1.037109,0.000000,29.339931,7.000000
2.699219,-0.089844,0.949219,0.000000,32.600716,7.000000
2.761719,-0.089844,0.892578,0.000000,31.900515,7.000000
4.308594,-0.000000,1.435547,0.000000,27.831886,7.000000
4.394531,-0.142578,1.289062,0.000000,31.442627,7.000000
4.468750,-0.144531,1.173828,0.000000,31.095785,7.000000
4.648438,-0.000000,0.376953,0.000000,29.912260,7.000000
4.691406,-0.000000,0.351562,0.000000,30.748165,7.000000
4.742188,-0.298828,-0.576172,0.000000,33.368599,7.000000
4.791016,-0.150391,-0.574219,0.000000,34.528595,7.000000
4.816406,-0.152344,-0.695312,0.000000,31.986570,7.000000
4.869141,-0.464844,0.753906,0.000000,31.044870,7.000000
4.923828,-0.779297,0.236328,0.000000,30.350292,7.000000
0.037109,-0.035156,0.064453,0.000000,30.111473,7.000000
0.044922,-0.046875,0.105469,0.000000,29.036325,7.000000
1.177734,-0.449219,0.351562,0.000000,21.430147,7.000000
1.238281,-0.464844,0.269531,0.000000,19.684830,7.000000
0.011719,-0.039062,-0.007812,0.000000,30.707766,8.000000
0.027344,-0.076172,-0.009766,0.000000,31.906118,8.000000
0.029297,-0.119141,-0.005859,0.000000,30.119930,8.000000
0.056641,-0.154297,0.007812,0.000000,25.403296,8.000000
0.238281,0.039062,-1.244141,0.000000,23.579348,8.000000
0.189453,0.041016,-1.294922,0.000000,24.377506,8.000000
0.470703,0.042969,1.265625,0.000000,22.528530,8.000000
2.007812,-0.255859,-0.289062,0.000000,28.088860,8.000000
2.619141,-0.175781,1.039062,0.000000,29.390198,8.000000
2.701172,-0.089844,0.945312,0.000000,32.622135,8.000000
2.765625,-0.089844,0.884766,0.000000,31.920095,8.000000
4.312500,-0.000000,1.421875,0.000000,27.781513,8.000000
4.388672,-0.142578,1.306641,0.000000,31.405081,8.000000
4.455078,-0.144531,1.220703,0.000000,31.051695,8.000000
4.646484,-0.000000,0.394531,0.000000,29.898945,8.000000
4.691406,-0.000000,0.355469,0.000000,30.670708,8.000000
4.738281,-0.148438,-0.205078,0.000000,29.370161,8.000000
4.742188,-0.298828,-0.574219,0.000000,33.473301,8.000000
4.791016,-0.150391,-0.562500,0.000000,34.575790,8.000000
4.820312,-0.152344,-0.654297,0.000000,32.076344,8.000000
4.853516,-0.308594,0.916016,0.000000,30.696680,8.000000
4.941406,-0.623047,0.304688,0.000000,29.675480,8.000000
0.037109,-0.035156,0.064453,0.000000,30.111473,8.000000
0.044922,-0.046875,0.103516,0.000000,29.030899,8.000000
1.179688,-0.449219,0.345703,0.000000,21.398790,8.000000
1.238281,-0.464844,0.271484,0.000000,19.637878,8.000000
4.902344,-0.935547,0.076172,0.000000,29.675480,8.000000
0.011719,-0.039062,-0.007812,0.000000,30.704073,9.000000
0.027344,-0.076172,-0.009766,0.000000,31.906118,9.000000
0.029297,-0.119141,-0.005859,0.000000,30.119930,9.000000
0.056641,-0.154297,0.007812,0.000000,25.390760,9.000000
0.304688,0.039062,-1.230469,0.000000,23.521826,9.000000
0.041016,-0.000000,1.308594,0.000000,24.313637,9.000000
0.464844,0.042969,1.265625,0.000000,22.504200,9.000000
2.621094,-0.175781,1.031250,0.000000,29.385197,9.000000
2.701172,-0.089844,0.945312,0.000000,32.633995,9.000000
2.763672,-0.089844,0.888672,0.000000,31.906118,9.000000
4.294922,-0.000000,1.472656,0.000000,27.781513,9.000000
4.378906,-0.142578,1.339844,0.000000,31.395643,9.000000
4.445312,-0.144531,1.257812,0.000000,31.041456,9.000000
4.648438,-0.000000,0.361328,0.000000,29.876663,9.000000
4.691406,-0.000000,0.351562,0.000000,30.726175,9.000000
4.746094,-0.298828,-0.537109,0.000000,33.197304,9.000000
4.787109,-0.300781,-0.537109,0.000000,34.224258,9.000000
4.822266,-0.152344,-0.650391,0.000000,31.367207,9.000000
4.859375,-0.464844,0.824219,0.000000,30.934217,9.000000
4.917969,-0.779297,0.322266,0.000000,29.934362,9.000000
0.037109,-0.035156,0.064453,0.000000,30.107239,9.000000
0.044922,-0.046875,0.103516,0.000000,29.030899,9.000000
1.177734,-0.449219,0.353516,0.000000,21.367207,9.000000
1.246094,-0.464844,0.234375,0.000000,19.637878,9.000000
0.011719,-0.039062,-0.007812,0.000000,30.704073,10.000000
0.027344,-0.076172,-0.009766,0.000000,31.908916,10.000000
0.029297,-0.119141,-0.005859,0.000000,30.124153,10.000000
0.056641,-0.154297,0.007812,0.000000,25.403296,10.000000
0.248047,0.039062,-1.242188,0.000000,23.541084,10.000000
0.169922,-0.000000,1.298828,0.000000,24.361626,10.000000
0.482422,0.042969,1.259766,0.000000,22.552725,10.000000
2.623047,-0.175781,1.025391,0.000000,29.380192,10.000000
2.701172,-0.089844,0.945312,0.000000,32.631626,10.000000
2.763672,-0.089844,0.886719,0.000000,31.967287,10.000000
4.318359,-0.000000,1.406250,0.000000,27.737864,10.000000
4.396484,-0.142578,1.283203,0.000000,31.439510,10.000000
4.470703,-0.144531,1.162109,0.000000,31.119343,10.000000
4.652344,-0.000000,0.332031,0.000000,30.043213,10.000000
4.693359,-0.000000,0.316406,0.000000,30.849337,10.000000
4.744141,-0.000000,-0.107422,0.000000,29.464523,10.000000
4.744141,-0.298828,-0.552734,0.000000,33.222195,10.000000
4.792969,-0.150391,-0.544922,0.000000,34.315247,10.000000
4.822266,-0.152344,-0.642578,0.000000,31.801258,10.000000
4.871094,-0.308594,0.826172,0.000000,30.881361,10.000000
4.923828,-0.779297,0.222656,0.000000,29.890047,10.000000
0.037109,-0.035156,0.064453,0.000000,30.115704,10.000000
0.044922,-0.046875,0.105469,0.000000,29.036325,10.000000
1.179688,-0.449219,0.347656,0.000000,21.461281,10.000000
1.238281,-0.464844,0.267578,0.000000,19.777237,10.000000
0.011719,-0.039062,-0.007812,0.000000,30.700378,11.000000
0.027344,-0.076172,-0.009766,0.000000,31.908916,11.000000
0.029297,-0.119141,-0.005859,0.000000,30.124153,11.000000
0.056641,-0.154297,0.007812,0.000000,25.403296,11.000000
