1.906250,-0.121094,-0.224609,0.000000,29.068735,0.000000
1.949219,-0.123047,-0.207031,0.000000,30.788193,0.000000
1.992188,-0.062500,-0.210938,0.000000,28.976271,0.000000
2.611328,-0.175781,1.054688,0.000000,29.385197,0.000000
2.664062,-0.179688,1.037109,0.000000,32.603100,0.000000
2.753906,-0.089844,0.917969,0.000000,31.897709,0.000000
0.037109,-0.035156,0.064453,0.000000,30.102999,0.000000
0.046875,-0.046875,0.103516,0.000000,29.003672,0.000000
0.005859,-0.056641,0.154297,0.000000,25.263393,0.000000
1.234375,-0.464844,0.287109,0.000000,19.731279,0.000000
0.011719,-0.039062,-0.007812,0.000000,30.652061,1.000000
0.027344,-0.076172,-0.009766,0.000000,31.852587,1.000000
0.041016,-0.115234,-0.007812,0.000000,30.077478,1.000000
0.056641,-0.154297,0.007812,0.000000,25.340261,1.000000
0.226562,0.039062,-1.246094,0.000000,23.502480,1.000000
0.208984,0.041016,-1.291016,0.000000,24.345690,1.000000
0.462891,0.042969,1.267578,0.000000,22.528530,1.000000
1.917969,-0.060547,-0.115234,0.000000,30.948204,1.000000
1.955078,-0.060547,-0.181641,0.000000,31.906118,1.000000
1.990234,-0.000000,-0.236328,0.000000,29.670797,1.000000
2.623047,-0.175781,1.029297,0.000000,29.380192,1.000000
2.669922,-0.179688,1.019531,0.000000,32.622135,1.000000
2.765625,-0.089844,0.880859,0.000000,31.934029,1.000000
0.037109,-0.035156,0.064453,0.000000,30.098757,1.000000
0.044922,-0.046875,0.103516,0.000000,29.003672,1.000000
1.181641,-0.449219,0.341797,0.000000,21.398790,1.000000
1.234375,-0.464844,0.292969,0.000000,19.731279,1.000000
0.011719,-0.039062,-0.007812,0.000000,30.652061,2.000000
0.027344,-0.076172,-0.009766,0.000000,31.852587,2.000000
0.041016,-0.115234,-0.007812,0.000000,30.077478,2.000000
0.056641,-0.154297,0.007812,0.000000,25.327543,2.000000
0.226562,0.039062,-1.246094,0.000000,23.502480,2.000000
0.179688,0.041016,-1.294922,0.000000,24.345690,2.000000
0.498047,0.042969,1.253906,0.000000,22.504200,2.000000
1.941406,-0.060547,-0.281250,0.000000,26.963564,2.000000
1.984375,-0.062500,-0.279297,0.000000,26.580114,2.000000
2.001953,-0.126953,-0.402344,0.000000,27.427252,2.000000
2.031250,-0.130859,-0.455078,0.000000,27.664129,2.000000
2.623047,-0.175781,1.029297,0.000000,29.196011,2.000000
2.679688,-0.179688,0.994141,0.000000,32.552727,2.000000
2.779297,-0.089844,0.837891,0.000000,31.883659,2.000000
0.037109,-0.035156,0.064453,0.000000,30.098757,2.000000
0.046875,-0.046875,0.103516,0.000000,29.003672,2.000000
1.240234,-0.464844,0.265625,0.000000,19.684830,2.000000
0.011719,-0.039062,-0.007812,0.000000,30.648323,3.000000
0.027344,-0.076172,-0.009766,0.000000,31.849752,3.000000
0.041016,-0.115234,-0.007812,0.000000,30.077478,3.000000
0.056641,-0.154297,0.007812,0.000000,25.340261,3.000000
0.246094,0.039062,-1.244141,0.000000,23.483049,3.000000
0.208984,0.041016,-1.291016,0.000000,24.345690,3.000000
0.476562,0.042969,1.261719,0.000000,22.479733,3.000000
1.880859,-0.000000,0.054688,0.000000,27.283537,3.000000
1.919922,-0.060547,-0.085938,0.000000,32.953472,3.000000
1.958984,-0.000000,-0.132812,0.000000,35.113483,3.000000
1.996094,-0.062500,-0.160156,0.000000,33.921692,3.000000
2.041016,-0.000000,-0.134766,0.000000,28.615345,3.000000
2.607422,-0.175781,1.064453,0.000000,29.299295,3.000000
2.667969,-0.179688,1.025391,0.000000,32.588768,3.000000
2.763672,-0.089844,0.888672,0.000000,31.889284,3.000000
0.037109,-0.035156,0.064453,0.000000,30.098757,3.000000
0.046875,-0.046875,0.103516,0.000000,28.998205,3.000000
0.005859,-0.056641,0.154297,0.000000,25.250448,3.000000
1.238281,-0.464844,0.267578,0.000000,19.637878,3.000000
0.011719,-0.039062,-0.007812,0.000000,30.652061,4.000000
0.027344,-0.076172,-0.009766,0.000000,31.852587,4.000000
0.041016,-0.115234,-0.007812,0.000000,30.077478,4.000000
0.056641,-0.154297,0.007812,0.000000,25.352942,4.000000
0.216797,0.039062,-1.248047,0.000000,23.521826,4.000000
0.210938,0.041016,-1.291016,0.000000,24.377506,4.000000
0.462891,0.042969,1.267578,0.000000,22.528530,4.000000
1.878906,-0.058594,0.066406,0.000000,29.143431,4.000000
1.919922,-0.060547,-0.080078,0.000000,33.023308,4.000000
1.957031,-0.060547,-0.138672,0.000000,34.281349,4.000000
1.996094,-0.062500,-0.171875,0.000000,32.268578,4.000000
2.632812,-0.175781,1.001953,0.000000,29.385197,4.000000
2.667969,-0.179688,1.023438,0.000000,32.555138,4.000000
2.761719,-0.089844,0.892578,0.000000,31.875208,4.000000
0.037109,-0.035156,0.064453,0.000000,30.098757,4.000000
0.046875,-0.046875,0.103516,0.000000,28.998205,4.000000
1.234375,-0.464844,0.287109,0.000000,19.637878,4.000000
0.011719,-0.039062,-0.007812,0.000000,30.655798,5.000000
0.027344,-0.076172,-0.009766,0.000000,31.852587,5.000000
0.041016,-0.115234,-0.007812,0.000000,30.073210,5.000000
0.056641,-0.154297,0.007812,0.000000,25.327543,5.000000
0.238281,0.039062,-1.244141,0.000000,23.521826,5.000000
0.212891,0.041016,-1.291016,0.000000,24.329693,5.000000
0.470703,0.042969,1.265625,0.000000,22.504200,5.000000
1.921875,-0.060547,0.011719,0.000000,28.048206,5.000000
1.943359,-0.000000,-0.275391,0.000000,28.739016,5.000000
2.632812,-0.175781,1.001953,0.000000,29.309490,5.000000
2.669922,-0.179688,1.019531,0.000000,32.617386,5.000000
2.761719,-0.089844,0.894531,0.000000,31.947918,5.000000
0.037109,-0.035156,0.064453,0.000000,30.094509,5.000000
0.046875,-0.046875,0.103516,0.000000,28.998205,5.000000
1.242188,-0.464844,0.253906,0.000000,19.590414,5.000000
0.011719,-0.039062,-0.007812,0.000000,30.655798,6.000000
0.027344,-0.076172,-0.009766,0.000000,31.852587,6.000000
0.041016,-0.115234,-0.007812,0.000000,30.077478,6.000000
0.056641,-0.154297,0.007812,0.000000,25.340261,6.000000
0.220703,0.039062,-1.248047,0.000000,23.483049,6.000000
0.181641,0.041016,-1.294922,0.000000,24.329693,6.000000
0.472656,0.042969,1.263672,0.000000,22.504200,6.000000
1.875000,-0.000000,0.148438,0.000000,29.169800,6.000000
1.921875,-0.000000,-0.029297,0.000000,32.035767,6.000000
1.962891,-0.000000,-0.056641,0.000000,32.909245,6.000000
2.003906,-0.000000,-0.037109,0.000000,30.370279,6.000000
2.615234,-0.175781,1.046875,0.000000,29.201233,6.000000
2.667969,-0.179688,1.023438,0.000000,32.581581,6.000000
2.765625,-0.089844,0.882812,0.000000,31.939590,6.000000
0.037109,-0.035156,0.064453,0.000000,30.094509,6.000000
0.044922,-0.046875,0.103516,0.000000,28.998205,6.000000
1.179688,-0.449219,0.345703,0.000000,21.398790,6.000000
1.230469,-0.464844,0.300781,0.000000,19.731279,6.000000
0.011719,-0.039062,-0.007812,0.000000,30.652061,7.000000
0.027344,-0.076172,-0.009766,0.000000,31.852587,7.000000
0.041016,-0.115234,-0.007812,0.000000,30.073210,7.000000
0.056641,-0.154297,0.007812,0.000000,25.327543,7.000000
0.214844,0.039062,-1.248047,0.000000,23.521826,7.000000
0.187500,0.041016,-1.294922,0.000000,24.361626,7.000000
0.464844,0.042969,1.265625,0.000000,22.528530,7.000000
1.873047,-0.058594,0.177734,0.000000,28.382193,7.000000
1.919922,-0.060547,0.064453,0.000000,29.978231,7.000000
1.958984,-0.123047,0.011719,0.000000,29.474337,7.000000
2.634766,-0.175781,0.996094,0.000000,29.390198,7.000000
2.671875,-0.179688,1.013672,0.000000,32.605484,7.000000
2.769531,-0.089844,0.873047,0.000000,31.958996,7.000000
1.876953,-0.058594,0.119141,-0.614669,28.280151,7.000000
0.037109,-0.035156,0.064453,0.000000,30.094509,7.000000
0.044922,-0.046875,0.103516,0.000000,28.992731,7.000000
1.234375,-0.464844,0.289062,0.000000,19.684830,7.000000
1.962891,-0.000000,-0.013672,0.000000,29.425041,7.000000
0.011719,-0.039062,-0.007812,0.000000,30.652061,8.000000
0.027344,-0.076172,-0.009766,0.000000,31.852587,8.000000
0.041016,-0.115234,-0.007812,0.000000,30.077478,8.000000
0.056641,-0.154297,0.007812,0.000000,25.340261,8.000000
0.228516,0.039062,-1.246094,0.000000,23.483049,8.000000
0.216797,0.041016,-1.291016,0.000000,24.345690,8.000000
0.449219,0.042969,1.273438,0.000000,22.455126,8.000000
1.878906,-0.000000,0.101562,0.000000,29.227255,8.000000
1.921875,0.060547,0.001953,0.000000,31.863913,8.000000
1.962891,0.060547,-0.023438,0.000000,31.577589,8.000000
2.003906,0.062500,0.000000,0.000000,27.937904,8.000000
2.626953,-0.175781,1.015625,0.000000,29.319662,8.000000
2.673828,-0.179688,1.007812,0.000000,32.595940,8.000000
2.771484,-0.089844,0.861328,0.000000,31.931246,8.000000
4.332031,-0.142578,1.482422,0.000000,28.027737,8.000000
1.830078,-0.056641,0.189453,-0.614669,27.810369,8.000000
0.037109,-0.035156,0.064453,0.000000,30.102999,8.000000
0.046875,-0.046875,0.103516,0.000000,29.003672,8.000000
1.234375,-0.464844,0.291016,0.000000,19.637878,8.000000
3.964844,-1.718750,-1.519531,0.000000,25.340261,8.000000
0.011719,-0.039062,-0.007812,0.000000,30.655798,9.000000
0.027344,-0.076172,-0.009766,0.000000,31.852587,9.000000
0.041016,-0.115234,-0.007812,0.000000,30.073210,9.000000
0.056641,-0.154297,0.007812,0.000000,25.327543,9.000000
0.230469,0.039062,-1.246094,0.000000,23.502480,9.000000
0.187500,0.041016,-1.294922,0.000000,24.345690,9.000000
0.480469,0.042969,1.259766,0.000000,22.479733,9.000000
1.921875,0.060547,-0.021484,0.000000,30.534626,9.000000
1.962891,0.060547,-0.046875,0.000000,30.153597,9.000000
2.609375,-0.175781,1.060547,0.000000,29.309490,9.000000
2.656250,-0.179688,1.054688,0.000000,32.603100,9.000000
2.751953,-0.089844,0.925781,0.000000,31.950689,9.000000
4.390625,-0.142578,1.298828,0.000000,31.354507,9.000000
4.458984,-0.144531,1.208984,0.000000,31.351326,9.000000
1.837891,-0.056641,0.099609,-0.614669,26.627579,9.000000
0.037109,-0.035156,0.064453,0.000000,30.094509,9.000000
0.046875,-0.046875,0.103516,0.000000,28.992731,9.000000
1.179688,-0.449219,0.347656,0.000000,21.367207,9.000000
1.234375,-0.464844,0.291016,0.000000,19.542425,9.000000
0.011719,-0.039062,-0.007812,0.000000,30.659531,10.000000
0.027344,-0.076172,-0.009766,0.000000,31.852587,10.000000
0.041016,-0.115234,-0.007812,0.000000,30.073210,10.000000
0.056641,-0.154297,0.007812,0.000000,25.327543,10.000000
0.207031,0.039062,-1.250000,0.000000,23.521826,10.000000
0.208984,0.041016,-1.291016,0.000000,24.361626,10.000000
0.460938,0.042969,1.267578,0.000000,22.528530,10.000000
1.912109,-0.179688,-0.093750,0.000000,29.527924,10.000000
1.955078,-0.183594,0.007812,0.000000,28.808136,10.000000
2.613281,-0.175781,1.054688,0.000000,29.289078,10.000000
2.662109,-0.179688,1.041016,0.000000,32.593548,10.000000
2.759766,-0.089844,0.898438,0.000000,31.922886,10.000000
4.302734,-0.000000,1.449219,0.000000,27.817554,10.000000
4.390625,-0.142578,1.298828,0.000000,31.338581,10.000000
4.464844,-0.000000,1.195312,0.000000,30.700378,10.000000
0.037109,-0.035156,0.064453,0.000000,30.098757,10.000000
0.046875,-0.046875,0.103516,0.000000,28.998205,10.000000
1.234375,-0.464844,0.287109,0.000000,19.684830,10.000000
0.011719,-0.039062,-0.007812,0.000000,30.655798,11.000000
0.027344,-0.076172,-0.009766,0.000000,31.849752,11.000000
0.041016,-0.115234,-0.007812,0.000000,30.073210,11.000000
0.056641,-0.154297,0.007812,0.000000,25.340261,11.000000
0.242188,0.039062,-1.244141,0.000000,23.483049,11.000000
0.205078,0.041016,-1.292969,0.000000,24.345690,11.000000
0.466797,0.042969,1.265625,0.000000,22.528530,11.000000
1.865234,-0.117188,-0.216797,0.000000,28.627275,11.000000
1.904297,-0.121094,-0.236328,0.000000,30.390173,11.000000
1.947266,-0.183594,-0.183594,0.000000,29.175055,11.000000
2.625000,-0.175781,1.023438,0.000000,29.268568,11.000000
2.671875,-0.179688,1.011719,0.000000,32.591160,11.000000
2.767578,-0.089844,0.873047,0.000000,31.922886,11.000000
4.390625,-0.142578,1.304688,0.000000,31.119343,11.000000
4.457031,-0.000000,1.222656,0.000000,30.468851,11.000000
4.851562,-0.464844,0.859375,0.000000,29.474337,11.000000
4.898438,-0.935547,0.193359,0.000000,28.937618,11.000000
0.037109,-0.035156,0.064453,0.000000,30.098757,11.000000
0.046875,-0.046875,0.103516,0.000000,28.998205,11.000000
1.234375,-0.464844,0.285156,0.000000,19.637878,11.000000
0.011719,-0.039062,-0.007812,0.000000,30.652061,12.000000
0.027344,-0.076172,-0.009766,0.000000,31.855421,12.000000
0.041016,-0.115234,-0.007812,0.000000,30.077478,12.000000
0.056641,-0.154297,0.007812,0.000000,25.352942,12.000000
0.253906,0.039062,-1.242188,0.000000,23.483049,12.000000
0.218750,0.041016,-1.289062,0.000000,24.345690,12.000000
0.451172,0.042969,1.271484,0.000000,22.528530,12.000000
1.875000,-0.058594,-0.142578,0.000000,29.943172,12.000000
1.914062,-0.060547,-0.169922,0.000000,31.525940,12.000000
1.957031,-0.060547,-0.156250,0.000000,30.115704,12.000000
2.619141,-0.175781,1.039062,0.000000,29.242792,12.000000
2.666016,-0.179688,1.027344,0.000000,32.571983,12.000000
2.765625,-0.089844,0.882812,0.000000,31.922886,12.000000
4.294922,-0.000000,1.474609,0.000000,27.831886,12.000000
4.390625,-0.142578,1.300781,0.000000,31.386185,12.000000
4.466797,-0.000000,1.191406,0.000000,31.095785,12.000000
4.826172,-0.308594,1.054688,0.000000,30.674429,12.000000
4.914062,-0.779297,0.378906,0.000000,29.415113,12.000000
1.796875,-0.056641,0.087891,-0.614669,27.930916,12.000000
1.839844,-0.056641,0.009766,-0.614669,27.649229,12.000000
0.037109,-0.035156,0.064453,0.000000,30.102999,12.000000
0.046875,-0.046875,0.103516,0.000000,29.003672,12.000000
1.179688,-0.449219,0.345703,0.000000,21.367207,12.000000
1.238281,-0.464844,0.273438,0.000000,19.731279,12.000000
0.011719,-0.039062,-0.007812,0.000000,30.655798,13.000000
0.027344,-0.076172,-0.009766,0.000000,31.852587,13.000000
0.041016,-0.115234,-0.007812,0.000000,30.077478,13.000000
0.056641,-0.154297,0.007812,0.000000,25.340261,13.000000
0.263672,0.039062,-1.240234,0.000000,23.521826,13.000000
0.226562,0.041016,-1.289062,0.000000,24.361626,13.000000
0.458984,0.042969,1.269531,0.000000,22.528530,13.000000
1.859375,-0.058594,-0.283203,0.000000,27.160034,13.000000
1.906250,-0.000000,-0.257812,0.000000,28.450981,13.000000
2.619141,-0.175781,1.037109,0.000000,29.278833,13.000000
2.669922,-0.179688,1.017578,0.000000,32.550312,13.000000
2.767578,-0.089844,0.878906,0.000000,31.892096,13.000000
4.291016,-0.142578,1.478516,0.000000,27.916906,13.000000
4.390625,-0.142578,1.298828,0.000000,31.442627,13.000000
4.433594,-0.144531,1.296875,0.000000,30.670708,13.000000
4.650391,-0.000000,0.345703,0.000000,28.344208,13.000000
4.695312,-0.000000,0.279297,0.000000,31.619667,13.000000
4.736328,-0.000000,0.285156,0.000000,30.166155,13.000000
4.841797,-0.308594,0.982422,0.000000,31.136091,13.000000
4.929688,-0.623047,0.457031,0.000000,29.813656,13.000000
0.037109,-0.035156,0.064453,0.000000,30.102999,13.000000
0.046875,-0.046875,0.103516,0.000000,28.998205,13.000000
1.179688,-0.449219,0.341797,0.000000,21.398790,13.000000
1.242188,-0.464844,0.255859,0.000000,19.731279,13.000000
