0.218750,0.039062,-1.248047,0.000000,23.541084,0.000000
0.193359,0.041016,-1.294922,0.000000,24.361626,0.000000
0.470703,0.042969,1.263672,0.000000,22.479733,0.000000
2.615234,-0.175781,1.048828,0.000000,29.415113,0.000000
2.695312,-0.089844,0.962891,0.000000,32.629253,0.000000
2.759766,-0.089844,0.900391,0.000000,31.931246,0.000000
4.388672,-0.142578,1.308594,0.000000,31.398790,0.000000
4.464844,-0.144531,1.185547,0.000000,31.092409,0.000000
4.646484,-0.000000,0.384766,0.000000,29.754318,0.000000
4.691406,-0.000000,0.359375,0.000000,30.480532,0.000000
4.859375,-0.308594,0.894531,0.000000,30.835026,0.000000
0.037109,-0.035156,0.064453,0.000000,30.090258,0.000000
0.044922,-0.046875,0.103516,0.000000,29.014584,0.000000
1.240234,-0.464844,0.261719,0.000000,19.590414,0.000000
0.011719,-0.039062,-0.007812,0.000000,30.689276,1.000000
0.027344,-0.076172,-0.009766,0.000000,31.886473,1.000000
0.029297,-0.119141,-0.005859,0.000000,30.098757,1.000000
0.056641,-0.154297,0.007812,0.000000,25.365585,1.000000
0.261719,0.039062,-1.240234,0.000000,23.502480,1.000000
0.203125,0.041016,-1.292969,0.000000,24.345690,1.000000
0.474609,0.042969,1.263672,0.000000,22.504200,1.000000
2.615234,-0.175781,1.048828,0.000000,29.329807,1.000000
2.695312,-0.089844,0.962891,0.000000,32.593548,1.000000
2.755859,-0.089844,0.910156,0.000000,31.903316,1.000000
4.314453,-0.142578,1.406250,0.000000,27.737864,1.000000
4.400391,-0.142578,1.263672,0.000000,31.420765,1.000000
4.474609,-0.144531,1.150391,0.000000,31.136091,1.000000
4.650391,-0.000000,0.351562,0.000000,30.038912,1.000000
4.691406,-0.000000,0.341797,0.000000,30.759117,1.000000
4.859375,-0.308594,0.884766,0.000000,30.813473,1.000000
0.037109,-0.035156,0.064453,0.000000,30.094509,1.000000
0.044922,-0.046875,0.103516,0.000000,29.014584,1.000000
1.179688,-0.449219,0.347656,0.000000,21.461281,1.000000
1.240234,-0.464844,0.259766,0.000000,19.731279,1.000000
0.011719,-0.039062,-0.007812,0.000000,30.692980,2.000000
0.027344,-0.076172,-0.009766,0.000000,31.889284,2.000000
0.029297,-0.119141,-0.005859,0.000000,30.098757,2.000000
0.056641,-0.154297,0.007812,0.000000,25.365585,2.000000
0.257812,0.039062,-1.240234,0.000000,23.521826,2.000000
0.228516,0.041016,-1.289062,0.000000,24.329693,2.000000
0.425781,0.042969,1.281250,0.000000,22.455126,2.000000
1.933594,-0.306641,-0.154297,0.000000,28.267225,2.000000
1.970703,-0.312500,-0.183594,0.000000,27.853298,2.000000
2.642578,-0.175781,0.976562,0.000000,29.425041,2.000000
2.701172,-0.089844,0.945312,0.000000,32.605484,2.000000
2.751953,-0.089844,0.923828,0.000000,31.886473,2.000000
4.298828,-0.142578,1.457031,0.000000,27.649229,2.000000
4.388672,-0.142578,1.308594,0.000000,31.322598,2.000000
4.458984,-0.144531,1.207031,0.000000,30.989897,2.000000
4.638672,-0.000000,0.474609,0.000000,29.518230,2.000000
4.683594,-0.000000,0.431641,0.000000,30.111473,2.000000
4.865234,-0.308594,0.859375,0.000000,30.976044,2.000000
0.037109,-0.035156,0.064453,0.000000,30.094509,2.000000
0.044922,-0.046875,0.103516,0.000000,29.014584,2.000000
1.173828,-0.449219,0.367188,0.000000,21.430147,2.000000
1.230469,-0.464844,0.308594,0.000000,19.731279,2.000000
0.011719,-0.039062,-0.007812,0.000000,30.689276,3.000000
0.027344,-0.076172,-0.009766,0.000000,31.889284,3.000000
0.029297,-0.119141,-0.005859,0.000000,30.098757,3.000000
0.056641,-0.154297,0.007812,0.000000,25.365585,3.000000
0.236328,0.039062,-1.246094,0.000000,23.502480,3.000000
0.179688,0.041016,-1.296875,0.000000,24.329693,3.000000
0.488281,0.042969,1.257812,0.000000,22.504200,3.000000
2.609375,-0.175781,1.060547,0.000000,29.334873,3.000000
2.695312,-0.089844,0.964844,0.000000,32.571983,3.000000
2.757812,-0.089844,0.906250,0.000000,31.880844,3.000000
4.281250,-0.142578,1.503906,0.000000,27.723217,3.000000
4.371094,-0.142578,1.369141,0.000000,31.328999,3.000000
4.431641,-0.144531,1.302734,0.000000,30.996807,3.000000
4.642578,-0.000000,0.435547,0.000000,29.666109,3.000000
4.687500,-0.000000,0.392578,0.000000,30.378248,3.000000
4.865234,-0.308594,0.861328,0.000000,30.993353,3.000000
0.037109,-0.035156,0.064453,0.000000,30.094509,3.000000
0.044922,-0.046875,0.103516,0.000000,29.014584,3.000000
1.177734,-0.449219,0.351562,0.000000,21.398790,3.000000
1.240234,-0.464844,0.265625,0.000000,19.684830,3.000000
0.011719,-0.039062,-0.007812,0.000000,30.692980,4.000000
0.027344,-0.076172,-0.009766,0.000000,31.886473,4.000000
0.029297,-0.119141,-0.003906,0.000000,30.098757,4.000000
0.056641,-0.154297,0.007812,0.000000,25.378191,4.000000
0.259766,0.039062,-1.240234,0.000000,23.541084,4.000000
0.197266,0.041016,-1.292969,0.000000,24.329693,4.000000
0.480469,0.042969,1.259766,0.000000,22.479733,4.000000
1.923828,-0.306641,-0.250000,0.000000,28.779470,4.000000
1.964844,-0.312500,-0.238281,0.000000,29.068735,4.000000
2.619141,-0.175781,1.039062,0.000000,29.508514,4.000000
2.660156,-0.179688,1.044922,0.000000,32.648178,4.000000
2.755859,-0.089844,0.910156,0.000000,31.953461,4.000000
4.308594,-0.142578,1.423828,0.000000,27.788744,4.000000
4.396484,-0.142578,1.283203,0.000000,31.439510,4.000000
4.460938,-0.144531,1.203125,0.000000,31.092409,4.000000
4.640625,-0.000000,0.460938,0.000000,29.708117,4.000000
4.687500,-0.000000,0.390625,0.000000,30.530785,4.000000
4.845703,-0.154297,0.765625,0.000000,29.995655,4.000000
4.863281,-0.308594,0.871094,0.000000,31.048285,4.000000
0.037109,-0.035156,0.064453,0.000000,30.094509,4.000000
0.044922,-0.046875,0.103516,0.000000,29.014584,4.000000
1.177734,-0.449219,0.353516,0.000000,21.430147,4.000000
1.238281,-0.464844,0.269531,0.000000,19.684830,4.000000
0.011719,-0.039062,-0.007812,0.000000,30.689276,5.000000
0.027344,-0.076172,-0.009766,0.000000,31.886473,5.000000
0.029297,-0.119141,-0.005859,0.000000,30.098757,5.000000
0.056641,-0.154297,0.007812,0.000000,25.378191,5.000000
0.222656,0.039062,-1.248047,0.000000,23.521826,5.000000
0.179688,0.041016,-1.294922,0.000000,24.361626,5.000000
0.466797,0.042969,1.265625,0.000000,22.479733,5.000000
1.898438,-0.300781,-0.017578,0.000000,28.115749,5.000000
1.935547,-0.306641,-0.125000,0.000000,30.696680,5.000000
1.972656,-0.312500,-0.158203,0.000000,30.606977,5.000000
2.011719,-0.320312,-0.177734,0.000000,27.626785,5.000000
2.617188,-0.175781,1.041016,0.000000,29.339931,5.000000
2.699219,-0.089844,0.951172,0.000000,32.624512,5.000000
2.761719,-0.089844,0.894531,0.000000,31.922886,5.000000
4.300781,-0.142578,1.449219,0.000000,27.686380,5.000000
4.388672,-0.142578,1.306641,0.000000,31.364035,5.000000
4.449219,-0.144531,1.242188,0.000000,31.014034,5.000000
4.640625,-0.000000,0.451172,0.000000,29.708117,5.000000
4.689453,-0.000000,0.363281,0.000000,30.584261,5.000000
4.843750,-0.154297,0.777344,0.000000,29.912260,5.000000
4.861328,-0.308594,0.876953,0.000000,30.989897,5.000000
0.037109,-0.035156,0.064453,0.000000,30.094509,5.000000
0.044922,-0.046875,0.103516,0.000000,29.014584,5.000000
1.181641,-0.449219,0.337891,0.000000,21.430147,5.000000
1.236328,-0.464844,0.279297,0.000000,19.731279,5.000000
0.011719,-0.039062,-0.007812,0.000000,30.685570,6.000000
0.027344,-0.076172,-0.009766,0.000000,31.886473,6.000000
0.029297,-0.119141,-0.005859,0.000000,30.094509,6.000000
0.056641,-0.154297,0.007812,0.000000,25.365585,6.000000
0.232422,0.039062,-1.246094,0.000000,23.521826,6.000000
0.189453,0.041016,-1.294922,0.000000,24.377506,6.000000
0.470703,0.042969,1.265625,0.000000,22.576786,6.000000
1.921875,-0.306641,-0.257812,0.000000,27.767012,6.000000
1.958984,-0.312500,-0.291016,0.000000,27.874605,6.000000
2.630859,-0.175781,1.007812,0.000000,29.339931,6.000000
2.708984,-0.089844,0.925781,0.000000,32.643456,6.000000
2.771484,-0.089844,0.863281,0.000000,31.958996,6.000000
4.296875,-0.142578,1.458984,0.000000,27.715876,6.000000
4.378906,-0.142578,1.339844,0.000000,31.325798,6.000000
4.435547,-0.144531,1.292969,0.000000,30.955181,6.000000
4.648438,-0.000000,0.361328,0.000000,29.726656,6.000000
4.691406,-0.000000,0.341797,0.000000,30.648323,6.000000
4.845703,-0.154297,0.773438,0.000000,29.916691,6.000000
4.863281,-0.308594,0.873047,0.000000,31.003706,6.000000
0.037109,-0.035156,0.064453,0.000000,30.090258,6.000000
0.044922,-0.046875,0.103516,0.000000,29.009130,6.000000
1.177734,-0.449219,0.349609,0.000000,21.430147,6.000000
1.240234,-0.464844,0.265625,0.000000,19.684830,6.000000
0.011719,-0.039062,-0.007812,0.000000,30.681858,7.000000
0.027344,-0.076172,-0.009766,0.000000,31.886473,7.000000
0.029297,-0.119141,-0.005859,0.000000,30.098757,7.000000
0.056641,-0.154297,0.007812,0.000000,25.378191,7.000000
0.212891,0.039062,-1.250000,0.000000,23.521826,7.000000
0.154297,-0.000000,1.300781,0.000000,24.329693,7.000000
0.470703,0.042969,1.263672,0.000000,22.504200,7.000000
2.628906,-0.175781,1.015625,0.000000,29.375179,7.000000
2.705078,-0.089844,0.931641,0.000000,32.631626,7.000000
2.765625,-0.089844,0.880859,0.000000,31.961761,7.000000
4.291016,-0.142578,1.478516,0.000000,27.745171,7.000000
4.386719,-0.142578,1.314453,0.000000,31.351326,7.000000
4.460938,-0.144531,1.205078,0.000000,31.010593,7.000000
4.644531,-0.000000,0.427734,0.000000,29.652018,7.000000
4.689453,-0.000000,0.373047,0.000000,30.614525,7.000000
4.849609,-0.154297,0.744141,0.000000,30.004341,7.000000
4.867188,-0.308594,0.847656,0.000000,31.065308,7.000000
0.037109,-0.035156,0.064453,0.000000,30.094509,7.000000
0.044922,-0.046875,0.103516,0.000000,29.014584,7.000000
1.177734,-0.449219,0.349609,0.000000,21.398790,7.000000
1.238281,-0.464844,0.271484,0.000000,19.637878,7.000000
0.011719,-0.039062,-0.007812,0.000000,30.689276,8.000000
0.027344,-0.076172,-0.009766,0.000000,31.889284,8.000000
0.029297,-0.119141,-0.005859,0.000000,30.102999,8.000000
0.056641,-0.154297,0.007812,0.000000,25.390760,8.000000
0.250000,0.039062,-1.242188,0.000000,23.521826,8.000000
0.208984,0.041016,-1.291016,0.000000,24.329693,8.000000
0.464844,0.042969,1.267578,0.000000,22.479733,8.000000
1.933594,-0.306641,-0.146484,0.000000,29.232441,8.000000
1.972656,-0.312500,-0.169922,0.000000,28.864906,8.000000
2.626953,-0.175781,1.017578,0.000000,29.464523,8.000000
2.697266,-0.089844,0.957031,0.000000,32.667019,8.000000
2.761719,-0.089844,0.896484,0.000000,32.000294,8.000000
4.292969,-0.142578,1.470703,0.000000,27.737864,8.000000
4.382812,-0.142578,1.326172,0.000000,31.300119,8.000000
4.445312,-0.144531,1.261719,0.000000,30.856472,8.000000
4.642578,-0.000000,0.435547,0.000000,29.537598,8.000000
4.691406,-0.000000,0.349609,0.000000,30.678144,8.000000
4.843750,-0.154297,0.783203,0.000000,30.000000,8.000000
4.867188,-0.308594,0.849609,0.000000,31.068705,8.000000
0.037109,-0.035156,0.064453,0.000000,30.094509,8.000000
0.044922,-0.046875,0.103516,0.000000,29.014584,8.000000
1.175781,-0.449219,0.359375,0.000000,21.398790,8.000000
1.228516,-0.464844,0.308594,0.000000,19.637878,8.000000
0.011719,-0.039062,-0.007812,0.000000,30.685570,9.000000
0.027344,-0.076172,-0.009766,0.000000,31.886473,9.000000
0.029297,-0.119141,-0.005859,0.000000,30.098757,9.000000
0.056641,-0.154297,0.007812,0.000000,25.378191,9.000000
0.250000,0.039062,-1.242188,0.000000,23.560259,9.000000
0.214844,0.041016,-1.291016,0.000000,24.393328,9.000000
0.451172,0.042969,1.271484,0.000000,22.552725,9.000000
2.628906,-0.175781,1.011719,0.000000,29.395193,9.000000
2.701172,-0.089844,0.947266,0.000000,32.619762,9.000000
2.757812,-0.089844,0.904297,0.000000,31.892096,9.000000
4.384766,-0.142578,1.322266,0.000000,31.267805,9.000000
4.445312,-0.144531,1.259766,0.000000,30.849337,9.000000
4.654297,-0.000000,0.298828,0.000000,29.831751,9.000000
4.693359,-0.000000,0.333984,0.000000,30.867157,9.000000
4.843750,-0.154297,0.787109,0.000000,30.051805,9.000000
4.867188,-0.308594,0.843750,0.000000,31.105898,9.000000
0.037109,-0.035156,0.064453,0.000000,30.094509,9.000000
0.044922,-0.046875,0.103516,0.000000,29.014584,9.000000
1.179688,-0.449219,0.341797,0.000000,21.430147,9.000000
1.242188,-0.464844,0.253906,0.000000,19.731279,9.000000
0.011719,-0.039062,-0.007812,0.000000,30.685570,10.000000
0.027344,-0.076172,-0.009766,0.000000,31.886473,10.000000
0.029297,-0.119141,-0.005859,0.000000,30.094509,10.000000
0.056641,-0.154297,0.007812,0.000000,25.378191,10.000000
0.246094,0.039062,-1.244141,0.000000,23.521826,10.000000
0.189453,0.041016,-1.294922,0.000000,24.345690,10.000000
0.476562,0.042969,1.261719,0.000000,22.504200,10.000000
2.609375,-0.175781,1.062500,0.000000,29.355072,10.000000
2.697266,-0.089844,0.957031,0.000000,32.593548,10.000000
2.759766,-0.089844,0.898438,0.000000,31.917303,10.000000
4.390625,-0.142578,1.298828,0.000000,31.316187,10.000000
4.458984,-0.144531,1.210938,0.000000,30.944712,10.000000
4.654297,-0.000000,0.304688,0.000000,29.934362,10.000000
4.691406,-0.000000,0.349609,0.000000,30.941216,10.000000
4.841797,-0.154297,0.791016,0.000000,29.934362,10.000000
4.871094,-0.308594,0.828125,0.000000,31.085649,10.000000
0.037109,-0.035156,0.064453,0.000000,30.090258,10.000000
0.044922,-0.046875,0.103516,0.000000,29.009130,10.000000
1.173828,-0.449219,0.367188,0.000000,21.461281,10.000000
1.232422,-0.464844,0.296875,0.000000,19.731279,10.000000
0.011719,-0.039062,-0.007812,0.000000,30.685570,11.000000
0.027344,-0.076172,-0.009766,0.000000,31.883659,11.000000
0.029297,-0.119141,-0.005859,0.000000,30.094509,11.000000
0.056641,-0.154297,0.007812,0.000000,25.352942,11.000000
0.246094,0.039062,-1.244141,0.000000,23.483049,11.000000
0.210938,0.041016,-1.291016,0.000000,24.329693,11.000000
0.470703,0.042969,1.265625,0.000000,22.504200,11.000000
1.935547,-0.306641,-0.123047,0.000000,28.518696,11.000000
1.972656,-0.312500,-0.158203,0.000000,27.759743,11.000000
2.644531,-0.175781,0.970703,0.000000,29.319662,11.000000
2.708984,-0.089844,0.921875,0.000000,32.615009,11.000000
2.765625,-0.089844,0.878906,0.000000,31.950689,11.000000
4.300781,-0.142578,1.451172,0.000000,27.795965,11.000000
4.386719,-0.142578,1.310547,0.000000,31.386185,11.000000
4.458984,-0.144531,1.212891,0.000000,31.017471,11.000000
4.652344,-0.000000,0.332031,0.000000,29.969492,11.000000
4.691406,-0.000000,0.353516,0.000000,30.941216,11.000000
4.845703,-0.154297,0.771484,0.000000,29.890047,11.000000
4.873047,-0.308594,0.806641,0.000000,31.085649,11.000000
0.037109,-0.035156,0.064453,0.000000,30.094509,11.000000
0.044922,-0.046875,0.103516,0.000000,29.014584,11.000000
1.173828,-0.449219,0.367188,0.000000,21.367207,11.000000
1.236328,-0.464844,0.279297,0.000000,19.637878,11.000000
0.011719,-0.039062,-0.007812,0.000000,30.681858,12.000000
0.027344,-0.076172,-0.009766,0.000000,31.886473,12.000000
