0.253906,0.039062,-1.242188,0.000000,23.483049,0.000000
0.224609,0.041016,-1.289062,0.000000,24.329693,0.000000
0.472656,0.042969,1.263672,0.000000,22.504200,0.000000
2.630859,-0.175781,1.005859,0.000000,29.206450,0.000000
2.673828,-0.179688,1.011719,0.000000,32.518814,0.000000
2.767578,-0.089844,0.876953,0.000000,31.863913,0.000000
4.298828,-0.142578,1.455078,0.000000,27.795965,0.000000
4.394531,-0.142578,1.287109,0.000000,31.401937,0.000000
4.441406,-0.144531,1.275391,0.000000,30.700378,0.000000
4.699219,-0.000000,0.224609,0.000000,29.132839,0.000000
4.839844,-0.308594,0.986328,0.000000,31.172712,0.000000
4.925781,-0.623047,0.509766,0.000000,29.858753,0.000000
1.757812,-0.054688,0.050781,-0.614669,28.932068,0.000000
1.798828,-0.000000,0.025391,-0.614669,29.604708,0.000000
1.839844,-0.000000,-0.011719,-0.614669,26.875290,0.000000
0.037109,-0.035156,0.064453,0.000000,30.094509,0.000000
0.046875,-0.046875,0.103516,0.000000,28.992731,0.000000
1.236328,-0.464844,0.281250,0.000000,19.637878,0.000000
0.011719,-0.039062,-0.007812,0.000000,30.652061,1.000000
0.027344,-0.076172,-0.009766,0.000000,31.852587,1.000000
0.041016,-0.115234,-0.007812,0.000000,30.077478,1.000000
0.056641,-0.154297,0.007812,0.000000,25.340261,1.000000
0.238281,0.039062,-1.244141,0.000000,23.521826,1.000000
0.220703,0.041016,-1.289062,0.000000,24.361626,1.000000
0.449219,0.042969,1.271484,0.000000,22.479733,1.000000
2.617188,-0.175781,1.044922,0.000000,29.273705,1.000000
2.664062,-0.179688,1.035156,0.000000,32.557549,1.000000
2.759766,-0.089844,0.900391,0.000000,31.875208,1.000000
4.292969,-0.142578,1.472656,0.000000,27.839035,1.000000
4.392578,-0.142578,1.296875,0.000000,31.451963,1.000000
4.482422,-0.000000,1.125000,0.000000,31.461281,1.000000
4.609375,0.146484,0.697266,0.000000,30.008677,1.000000
4.687500,0.146484,0.359375,0.000000,29.786369,1.000000
4.839844,-0.308594,0.988281,0.000000,30.740847,1.000000
4.919922,-0.779297,0.300781,0.000000,29.498777,1.000000
0.037109,-0.035156,0.064453,0.000000,30.094509,1.000000
0.046875,-0.046875,0.103516,0.000000,28.998205,1.000000
1.179688,-0.449219,0.343750,0.000000,21.430147,1.000000
1.236328,-0.464844,0.279297,0.000000,19.684830,1.000000
0.011719,-0.039062,-0.007812,0.000000,30.648323,2.000000
0.027344,-0.076172,-0.009766,0.000000,31.849752,2.000000
0.041016,-0.115234,-0.007812,0.000000,30.073210,2.000000
0.056641,-0.154297,0.007812,0.000000,25.340261,2.000000
0.259766,0.039062,-1.240234,0.000000,23.541084,2.000000
0.220703,0.041016,-1.289062,0.000000,24.377506,2.000000
0.468750,0.042969,1.265625,0.000000,22.528530,2.000000
1.755859,-0.054688,0.082031,0.000000,27.315887,2.000000
2.613281,-0.175781,1.052734,0.000000,29.190781,2.000000
2.666016,-0.179688,1.031250,0.000000,32.540646,2.000000
2.761719,-0.089844,0.890625,0.000000,31.894903,2.000000
4.300781,-0.142578,1.449219,0.000000,27.881683,2.000000
4.394531,-0.142578,1.289062,0.000000,31.423895,2.000000
4.474609,-0.144531,1.146484,0.000000,31.316187,2.000000
4.597656,0.146484,0.765625,0.000000,29.095560,2.000000
4.857422,-0.308594,0.902344,0.000000,30.614525,2.000000
4.923828,-0.779297,0.226562,0.000000,29.375179,2.000000
0.037109,-0.035156,0.064453,0.000000,30.098757,2.000000
0.046875,-0.046875,0.103516,0.000000,29.003672,2.000000
1.232422,-0.464844,0.294922,0.000000,19.731279,2.000000
0.011719,-0.039062,-0.007812,0.000000,30.644581,3.000000
0.027344,-0.076172,-0.009766,0.000000,31.849752,3.000000
0.041016,-0.115234,-0.007812,0.000000,30.077478,3.000000
0.056641,-0.154297,0.007812,0.000000,25.340261,3.000000
0.205078,0.039062,-1.250000,0.000000,23.502480,3.000000
0.195312,0.041016,-1.292969,0.000000,24.345690,3.000000
0.484375,0.042969,1.259766,0.000000,22.528530,3.000000
2.613281,-0.175781,1.050781,0.000000,29.339931,3.000000
2.662109,-0.179688,1.037109,0.000000,32.610249,3.000000
2.759766,-0.089844,0.900391,0.000000,31.911715,3.000000
4.302734,-0.142578,1.445312,0.000000,27.846172,3.000000
4.392578,-0.142578,1.292969,0.000000,31.427023,3.000000
4.462891,-0.000000,1.201172,0.000000,31.072100,3.000000
4.849609,-0.308594,0.939453,0.000000,30.842186,3.000000
4.919922,-0.779297,0.294922,0.000000,29.768084,3.000000
0.037109,-0.035156,0.064453,0.000000,30.094509,3.000000
0.044922,-0.046875,0.103516,0.000000,28.998205,3.000000
1.236328,-0.464844,0.281250,0.000000,19.684830,3.000000
0.011719,-0.039062,-0.007812,0.000000,30.652061,4.000000
0.027344,-0.076172,-0.009766,0.000000,31.852587,4.000000
0.041016,-0.115234,-0.007812,0.000000,30.077478,4.000000
0.056641,-0.154297,0.007812,0.000000,25.327543,4.000000
0.210938,0.039062,-1.250000,0.000000,23.483049,4.000000
0.199219,0.041016,-1.292969,0.000000,24.361626,4.000000
0.462891,0.042969,1.267578,0.000000,22.528530,4.000000
1.886719,0.121094,-0.353516,0.000000,28.388491,4.000000
1.935547,0.060547,-0.328125,0.000000,28.767950,4.000000
2.609375,-0.175781,1.060547,0.000000,29.247959,4.000000
2.666016,-0.179688,1.029297,0.000000,32.576786,4.000000
2.761719,-0.089844,0.892578,0.000000,31.897709,4.000000
4.296875,-0.142578,1.460938,0.000000,27.831886,4.000000
4.396484,-0.142578,1.283203,0.000000,31.427023,4.000000
4.480469,-0.000000,1.138672,0.000000,31.185953,4.000000
4.855469,-0.308594,0.906250,0.000000,30.780941,4.000000
4.923828,-0.779297,0.238281,0.000000,29.661417,4.000000
0.037109,-0.035156,0.064453,0.000000,30.098757,4.000000
0.046875,-0.046875,0.103516,0.000000,28.998205,4.000000
1.179688,-0.449219,0.347656,0.000000,21.461281,4.000000
1.228516,-0.464844,0.310547,0.000000,19.777237,4.000000
0.011719,-0.039062,-0.007812,0.000000,30.648323,5.000000
0.027344,-0.076172,-0.009766,0.000000,31.852587,5.000000
0.041016,-0.115234,-0.007812,0.000000,30.073210,5.000000
0.056641,-0.154297,0.007812,0.000000,25.340261,5.000000
0.251953,0.039062,-1.242188,0.000000,23.502480,5.000000
0.228516,0.041016,-1.289062,0.000000,24.361626,5.000000
0.425781,0.042969,1.281250,0.000000,22.528530,5.000000
1.757812,-0.000000,-0.078125,0.000000,28.864906,5.000000
1.904297,0.121094,-0.240234,0.000000,27.817554,5.000000
1.947266,0.183594,-0.164062,0.000000,27.589119,5.000000
2.626953,-0.175781,1.015625,0.000000,29.278833,5.000000
2.667969,-0.179688,1.023438,0.000000,32.576786,5.000000
2.763672,-0.089844,0.884766,0.000000,31.931246,5.000000
4.300781,-0.142578,1.451172,0.000000,27.853298,5.000000
4.396484,-0.142578,1.283203,0.000000,31.414497,5.000000
4.486328,-0.000000,1.117188,0.000000,31.267805,5.000000
4.609375,-0.000000,0.707031,0.000000,29.185545,5.000000
4.853516,-0.308594,0.916016,0.000000,30.820669,5.000000
4.921875,-0.779297,0.269531,0.000000,29.637878,5.000000
0.037109,-0.035156,0.064453,0.000000,30.094509,5.000000
0.046875,-0.046875,0.103516,0.000000,28.998205,5.000000
1.234375,-0.464844,0.291016,0.000000,19.731279,5.000000
0.011719,-0.039062,-0.007812,0.000000,30.652061,6.000000
0.027344,-0.076172,-0.009766,0.000000,31.852587,6.000000
0.041016,-0.115234,-0.007812,0.000000,30.073210,6.000000
0.056641,-0.154297,0.007812,0.000000,25.340261,6.000000
0.251953,0.039062,-1.242188,0.000000,23.541084,6.000000
0.222656,0.041016,-1.289062,0.000000,24.377506,6.000000
0.478516,0.042969,1.261719,0.000000,22.528530,6.000000
1.755859,-0.000000,-0.091797,0.000000,27.803173,6.000000
1.869141,0.179688,-0.416016,0.000000,27.126497,6.000000
1.914062,0.123047,-0.423828,0.000000,27.520485,6.000000
2.615234,-0.175781,1.048828,0.000000,29.232441,6.000000
2.666016,-0.179688,1.029297,0.000000,32.569580,6.000000
2.763672,-0.089844,0.884766,0.000000,31.922886,6.000000
4.298828,-0.142578,1.453125,0.000000,27.781513,6.000000
4.394531,-0.142578,1.291016,0.000000,31.379868,6.000000
4.484375,-0.144531,1.109375,0.000000,31.357685,6.000000
4.617188,-0.000000,0.654297,0.000000,29.898945,6.000000
4.673828,-0.000000,0.535156,0.000000,28.876173,6.000000
4.847656,-0.308594,0.947266,0.000000,30.824263,6.000000
4.935547,-0.623047,0.402344,0.000000,29.459606,6.000000
0.037109,-0.035156,0.064453,0.000000,30.094509,6.000000
0.044922,-0.046875,0.103516,0.000000,28.998205,6.000000
1.179688,-0.449219,0.345703,0.000000,21.398790,6.000000
1.240234,-0.464844,0.265625,0.000000,19.684830,6.000000
0.011719,-0.039062,-0.007812,0.000000,30.644581,7.000000
0.027344,-0.076172,-0.009766,0.000000,31.849752,7.000000
0.041016,-0.115234,-0.007812,0.000000,30.073210,7.000000
0.056641,-0.154297,0.007812,0.000000,25.340261,7.000000
0.242188,0.039062,-1.244141,0.000000,23.541084,7.000000
0.195312,0.041016,-1.292969,0.000000,24.377506,7.000000
0.458984,0.042969,1.269531,0.000000,22.528530,7.000000
1.878906,0.121094,-0.392578,0.000000,27.371927,7.000000
1.925781,0.123047,-0.363281,0.000000,28.175653,7.000000
2.621094,-0.175781,1.033203,0.000000,29.253120,7.000000
2.667969,-0.179688,1.025391,0.000000,32.571983,7.000000
2.765625,-0.089844,0.880859,0.000000,31.900515,7.000000
4.304688,-0.142578,1.435547,0.000000,27.853298,7.000000
4.398438,-0.142578,1.273438,0.000000,31.430147,7.000000
4.488281,-0.144531,1.093750,0.000000,31.423895,7.000000
4.619141,-0.000000,0.644531,0.000000,29.973864,7.000000
4.675781,-0.000000,0.515625,0.000000,28.976271,7.000000
4.847656,-0.308594,0.949219,0.000000,30.820669,7.000000
4.935547,-0.623047,0.394531,0.000000,29.532763,7.000000
0.037109,-0.035156,0.064453,0.000000,30.094509,7.000000
0.044922,-0.046875,0.103516,0.000000,29.003672,7.000000
1.179688,-0.449219,0.343750,0.000000,21.430147,7.000000
1.232422,-0.464844,0.294922,0.000000,19.777237,7.000000
0.011719,-0.039062,-0.007812,0.000000,30.652061,8.000000
0.027344,-0.076172,-0.009766,0.000000,31.855421,8.000000
0.041016,-0.115234,-0.007812,0.000000,30.081741,8.000000
0.056641,-0.154297,0.007812,0.000000,25.340261,8.000000
0.218750,0.039062,-1.248047,0.000000,23.502480,8.000000
0.185547,0.041016,-1.294922,0.000000,24.361626,8.000000
0.488281,0.042969,1.257812,0.000000,22.528530,8.000000
1.933594,0.183594,-0.287109,0.000000,27.201593,8.000000
2.623047,-0.175781,1.027344,0.000000,29.283958,8.000000
2.667969,-0.179688,1.023438,0.000000,32.586372,8.000000
2.763672,-0.089844,0.888672,0.000000,31.920095,8.000000
4.306641,-0.142578,1.429688,0.000000,27.831886,8.000000
4.396484,-0.142578,1.283203,0.000000,31.430147,8.000000
4.482422,-0.000000,1.125000,0.000000,31.335388,8.000000
4.607422,-0.000000,0.722656,0.000000,29.365137,8.000000
4.847656,-0.308594,0.955078,0.000000,30.806265,8.000000
4.919922,-0.779297,0.298828,0.000000,29.609463,8.000000
0.037109,-0.035156,0.064453,0.000000,30.090258,8.000000
0.046875,-0.046875,0.103516,0.000000,28.998205,8.000000
1.177734,-0.449219,0.349609,0.000000,21.398790,8.000000
1.236328,-0.464844,0.283203,0.000000,19.731279,8.000000
0.011719,-0.039062,-0.007812,0.000000,30.648323,9.000000
0.027344,-0.076172,-0.009766,0.000000,31.852587,9.000000
0.041016,-0.115234,-0.007812,0.000000,30.077478,9.000000
0.056641,-0.154297,0.007812,0.000000,25.340261,9.000000
0.263672,0.039062,-1.240234,0.000000,23.463530,9.000000
0.228516,0.041016,-1.289062,0.000000,24.329693,9.000000
0.453125,0.042969,1.271484,0.000000,22.528530,9.000000
1.867188,0.121094,-0.439453,0.000000,26.954817,9.000000
1.916016,0.123047,-0.414062,0.000000,27.535831,9.000000
2.625000,-0.175781,1.021484,0.000000,29.237619,9.000000
2.669922,-0.179688,1.019531,0.000000,32.562366,9.000000
2.763672,-0.089844,0.884766,0.000000,31.889284,9.000000
4.300781,-0.142578,1.447266,0.000000,27.888752,9.000000
4.396484,-0.142578,1.283203,0.000000,31.451963,9.000000
4.474609,-0.000000,1.160156,0.000000,31.156105,9.000000
4.849609,-0.308594,0.939453,0.000000,30.629578,9.000000
4.921875,-0.779297,0.271484,0.000000,29.454685,9.000000
1.757812,-0.000000,0.033203,0.614669,26.599161,9.000000
0.037109,-0.035156,0.064453,0.000000,30.094509,9.000000
0.046875,-0.046875,0.103516,0.000000,28.998205,9.000000
1.179688,-0.449219,0.345703,0.000000,21.367207,9.000000
1.234375,-0.464844,0.292969,0.000000,19.684830,9.000000
0.011719,-0.039062,-0.007812,0.000000,30.644581,10.000000
0.027344,-0.076172,-0.009766,0.000000,31.849752,10.000000
0.041016,-0.115234,-0.007812,0.000000,30.073210,10.000000
0.056641,-0.154297,0.007812,0.000000,25.340261,10.000000
0.216797,0.039062,-1.248047,0.000000,23.521826,10.000000
0.216797,0.041016,-1.291016,0.000000,24.361626,10.000000
0.460938,0.042969,1.267578,0.000000,22.528530,10.000000
2.615234,-0.175781,1.048828,0.000000,29.268568,10.000000
2.666016,-0.179688,1.031250,0.000000,32.552727,10.000000
2.763672,-0.089844,0.884766,0.000000,31.863913,10.000000
4.310547,-0.142578,1.417969,0.000000,27.803173,10.000000
4.398438,-0.142578,1.273438,0.000000,31.395643,10.000000
4.466797,-0.000000,1.189453,0.000000,31.014034,10.000000
4.851562,-0.308594,0.925781,0.000000,30.755470,10.000000
4.939453,-0.623047,0.347656,0.000000,29.637878,10.000000
1.757812,-0.000000,0.062500,0.614669,26.522463,10.000000
1.798828,-0.000000,0.044922,0.614669,26.434526,10.000000
0.037109,-0.035156,0.064453,0.000000,30.098757,10.000000
0.046875,-0.046875,0.103516,0.000000,28.998205,10.000000
1.240234,-0.464844,0.259766,0.000000,19.777237,10.000000
0.011719,-0.039062,-0.007812,0.000000,30.652061,11.000000
0.027344,-0.076172,-0.009766,0.000000,31.855421,11.000000
0.041016,-0.115234,-0.007812,0.000000,30.081741,11.000000
0.056641,-0.154297,0.007812,0.000000,25.352942,11.000000
0.226562,0.039062,-1.248047,0.000000,23.502480,11.000000
0.197266,0.041016,-1.292969,0.000000,24.345690,11.000000
0.466797,0.042969,1.265625,0.000000,22.504200,11.000000
1.914062,0.123047,-0.417969,0.000000,27.497364,11.000000
2.619141,-0.175781,1.039062,0.000000,29.206450,11.000000
2.666016,-0.179688,1.029297,0.000000,32.557549,11.000000
2.759766,-0.089844,0.898438,0.000000,31.922886,11.000000
4.304688,-0.142578,1.437500,0.000000,27.916906,11.000000
4.394531,-0.142578,1.285156,0.000000,31.461281,11.000000
4.474609,-0.000000,1.160156,0.000000,31.283993,11.000000
4.851562,-0.308594,0.927734,0.000000,30.640835,11.000000
4.921875,-0.779297,0.269531,0.000000,29.434946,11.000000
1.798828,-0.000000,0.072266,0.614669,27.387806,11.000000
1.839844,-0.000000,0.072266,0.614669,25.477747,11.000000
0.037109,-0.035156,0.064453,0.000000,30.094509,11.000000
0.046875,-0.046875,0.103516,0.000000,28.998205,11.000000
1.177734,-0.449219,0.353516,0.000000,21.367207,11.000000
1.234375,-0.464844,0.289062,0.000000,19.684830,11.000000
0.011719,-0.039062,-0.007812,0.000000,30.652061,12.000000
0.027344,-0.076172,-0.009766,0.000000,31.852587,12.000000
0.041016,-0.115234,-0.007812,0.000000,30.077478,12.000000
0.056641,-0.154297,0.007812,0.000000,25.340261,12.000000
