1.544922,-0.146484,0.095703,0.000000,26.803354,0.000000
2.542969,-0.263672,1.195312,0.000000,29.355072,0.000000
2.605469,-0.267578,1.158203,0.000000,32.762321,0.000000
2.664062,-0.181641,1.142578,0.000000,32.041199,0.000000
4.414062,-0.287109,1.195312,0.000000,30.902580,0.000000
4.458984,-0.289062,1.183594,0.000000,30.257154,0.000000
4.886719,-0.308594,0.730469,0.000000,30.740847,0.000000
0.041016,-0.033203,0.062500,0.000000,30.157787,0.000000
0.044922,-0.046875,0.103516,0.000000,29.063351,0.000000
1.214844,0.357422,0.082031,0.000000,19.344984,0.000000
2.972656,-2.021484,-2.904297,0.000000,27.379873,0.000000
0.011719,-0.039062,-0.007812,0.000000,30.744507,1.000000
0.017578,-0.080078,-0.007812,0.000000,31.989319,1.000000
0.029297,-0.119141,-0.003906,0.000000,30.220158,1.000000
0.056641,-0.154297,0.005859,0.000000,25.514500,1.000000
0.357422,-0.080078,-1.214844,0.000000,21.986570,1.000000
0.298828,-0.041016,1.273438,0.000000,23.263359,1.000000
0.398438,-0.000000,1.289062,0.000000,21.931246,1.000000
1.503906,-0.046875,-0.158203,0.000000,23.891661,1.000000
1.550781,-0.048828,-0.107422,0.000000,26.739420,1.000000
2.537109,-0.263672,1.208984,0.000000,29.415113,1.000000
2.597656,-0.267578,1.173828,0.000000,32.785248,1.000000
2.656250,-0.181641,1.158203,0.000000,32.005768,1.000000
4.414062,-0.287109,1.193359,0.000000,30.955181,1.000000
4.458984,-0.289062,1.185547,0.000000,30.366289,1.000000
4.886719,-0.308594,0.720703,0.000000,30.652061,1.000000
0.041016,-0.033203,0.062500,0.000000,30.157787,1.000000
0.044922,-0.046875,0.103516,0.000000,29.068735,1.000000
1.214844,0.357422,0.082031,0.000000,19.294189,1.000000
3.003906,-2.021484,-2.873047,0.000000,27.427252,1.000000
0.011719,-0.039062,-0.007812,0.000000,30.744507,2.000000
0.017578,-0.080078,-0.007812,0.000000,31.986570,2.000000
0.029297,-0.119141,-0.003906,0.000000,30.216026,2.000000
0.056641,-0.154297,0.005859,0.000000,25.514500,2.000000
0.320312,-0.080078,-1.224609,0.000000,21.986570,2.000000
0.314453,-0.041016,1.269531,0.000000,23.263359,2.000000
0.427734,-0.000000,1.281250,0.000000,21.931246,2.000000
1.511719,-0.046875,0.025391,0.000000,24.712917,2.000000
1.677734,-0.052734,-0.363281,0.000000,28.299467,2.000000
1.716797,-0.054688,-0.380859,0.000000,27.535831,2.000000
2.542969,-0.263672,1.197266,0.000000,29.339931,2.000000
2.603516,-0.267578,1.160156,0.000000,32.757717,2.000000
2.664062,-0.181641,1.144531,0.000000,32.005768,2.000000
4.408203,-0.287109,1.212891,0.000000,30.831442,2.000000
4.455078,-0.289062,1.197266,0.000000,30.224283,2.000000
4.892578,-0.308594,0.687500,0.000000,30.707766,2.000000
0.041016,-0.033203,0.062500,0.000000,30.157787,2.000000
0.044922,-0.046875,0.103516,0.000000,29.068735,2.000000
1.214844,0.357422,0.080078,0.000000,19.294189,2.000000
2.994141,-2.021484,-2.884766,0.000000,27.371927,2.000000
0.011719,-0.039062,-0.007812,0.000000,30.744507,3.000000
0.017578,-0.080078,-0.007812,0.000000,31.986570,3.000000
0.029297,-0.119141,-0.003906,0.000000,30.220158,3.000000
0.056641,-0.154297,0.005859,0.000000,25.514500,3.000000
0.326172,-0.080078,-1.222656,0.000000,22.041201,3.000000
0.332031,-0.041016,1.265625,0.000000,23.304138,3.000000
0.464844,-0.000000,1.267578,0.000000,21.986570,3.000000
1.470703,-0.046875,-0.068359,0.000000,26.117233,3.000000
1.513672,-0.046875,0.007812,0.000000,28.382193,3.000000
1.554688,-0.000000,0.009766,0.000000,27.781513,3.000000
1.605469,-0.330078,-0.638672,0.000000,27.015680,3.000000
2.535156,-0.263672,1.210938,0.000000,29.370161,3.000000
2.599609,-0.267578,1.171875,0.000000,32.762321,3.000000
2.658203,-0.181641,1.154297,0.000000,31.994808,3.000000
4.408203,-0.287109,1.216797,0.000000,30.813473,3.000000
4.449219,-0.289062,1.220703,0.000000,30.145205,3.000000
4.859375,-0.464844,0.818359,0.000000,30.817072,3.000000
0.041016,-0.033203,0.062500,0.000000,30.161974,3.000000
0.044922,-0.046875,0.105469,0.000000,29.063351,3.000000
1.214844,0.357422,0.074219,0.000000,19.242792,3.000000
1.697266,0.275391,-0.373047,0.000000,26.464037,3.000000
3.042969,-2.021484,-2.830078,0.000000,27.299744,3.000000
0.011719,-0.039062,-0.007812,0.000000,30.733517,4.000000
0.017578,-0.080078,-0.007812,0.000000,31.986570,4.000000
0.029297,-0.119141,-0.003906,0.000000,30.220158,4.000000
0.056641,-0.154297,0.005859,0.000000,25.526682,4.000000
0.302734,-0.080078,-1.228516,0.000000,22.041201,4.000000
0.343750,-0.041016,1.261719,0.000000,23.304138,4.000000
0.480469,-0.000000,1.261719,0.000000,21.931246,4.000000
1.468750,-0.046875,-0.097656,0.000000,25.092026,4.000000
1.511719,-0.046875,-0.058594,0.000000,25.888317,4.000000
1.632812,0.214844,-0.490234,0.000000,28.926510,4.000000
1.664062,0.220703,-0.523438,0.000000,28.904211,4.000000
2.541016,-0.263672,1.199219,0.000000,29.395193,4.000000
2.607422,-0.267578,1.154297,0.000000,32.776093,4.000000
2.667969,-0.181641,1.132812,0.000000,31.997551,4.000000
4.414062,-0.287109,1.193359,0.000000,30.930714,4.000000
4.464844,-0.289062,1.160156,0.000000,30.366289,4.000000
4.861328,-0.464844,0.812500,0.000000,30.806265,4.000000
0.041016,-0.033203,0.062500,0.000000,30.161974,4.000000
0.044922,-0.046875,0.103516,0.000000,29.063351,4.000000
1.216797,0.357422,0.037109,0.000000,19.190781,4.000000
1.457031,-0.429688,0.800781,0.000000,27.497364,4.000000
1.527344,-0.384766,0.783203,0.000000,27.209858,4.000000
2.943359,-2.021484,-2.933594,0.000000,27.419392,4.000000
0.011719,-0.039062,-0.007812,0.000000,30.740847,5.000000
0.017578,-0.080078,-0.007812,0.000000,31.986570,5.000000
0.042969,-0.115234,-0.007812,0.000000,30.216026,5.000000
0.056641,-0.154297,0.005859,0.000000,25.514500,5.000000
0.357422,-0.080078,-1.214844,0.000000,22.041201,5.000000
0.300781,-0.041016,1.273438,0.000000,23.324385,5.000000
0.535156,-0.042969,1.238281,0.000000,21.958996,5.000000
1.689453,-0.107422,-0.292969,0.000000,28.088860,5.000000
1.722656,-0.109375,-0.333984,0.000000,28.041395,5.000000
2.546875,-0.263672,1.187500,0.000000,29.439888,5.000000
2.607422,-0.267578,1.154297,0.000000,32.794388,5.000000
2.666016,-0.181641,1.136719,0.000000,32.011238,5.000000
4.414062,-0.287109,1.197266,0.000000,30.874264,5.000000
4.462891,-0.289062,1.169922,0.000000,30.281645,5.000000
4.880859,-0.308594,0.765625,0.000000,30.614525,5.000000
0.041016,-0.033203,0.062500,0.000000,30.157787,5.000000
0.044922,-0.046875,0.103516,0.000000,29.057959,5.000000
1.214844,0.357422,0.066406,0.000000,19.395193,5.000000
2.957031,-2.021484,-2.921875,0.000000,27.403627,5.000000
0.011719,-0.039062,-0.007812,0.000000,30.744507,6.000000
0.017578,-0.080078,-0.007812,0.000000,31.989319,6.000000
0.029297,-0.119141,-0.003906,0.000000,30.220158,6.000000
0.056641,-0.154297,0.005859,0.000000,25.514500,6.000000
0.351562,-0.080078,-1.216797,0.000000,22.013971,6.000000
0.275391,-0.041016,1.279297,0.000000,23.283796,6.000000
0.322266,-0.000000,1.310547,0.000000,21.903316,6.000000
1.509766,-0.000000,-0.107422,0.000000,25.575071,6.000000
0.441406,0.630859,1.349609,0.000000,25.705429,6.000000
2.548828,-0.263672,1.181641,0.000000,29.429996,6.000000
2.605469,-0.267578,1.156250,0.000000,32.776093,6.000000
2.664062,-0.181641,1.140625,0.000000,32.013969,6.000000
4.410156,-0.287109,1.205078,0.000000,30.881361,6.000000
4.460938,-0.289062,1.173828,0.000000,30.285713,6.000000
4.863281,-0.464844,0.791016,0.000000,30.595634,6.000000
0.041016,-0.033203,0.062500,0.000000,30.157787,6.000000
0.044922,-0.046875,0.103516,0.000000,29.063351,6.000000
1.212891,0.357422,0.087891,0.000000,19.294189,6.000000
0.396484,0.568359,1.345703,0.000000,24.248816,6.000000
1.550781,0.048828,-0.087891,0.000000,25.289167,6.000000
3.027344,-2.021484,-2.849609,0.000000,27.323938,6.000000
0.011719,-0.039062,-0.007812,0.000000,30.737183,7.000000
0.017578,-0.080078,-0.007812,0.000000,31.986570,7.000000
0.029297,-0.119141,-0.003906,0.000000,30.220158,7.000000
0.056641,-0.154297,0.007812,0.000000,25.514500,7.000000
0.347656,-0.080078,-1.216797,0.000000,22.013971,7.000000
0.304688,-0.041016,1.273438,0.000000,23.263359,7.000000
0.429688,-0.000000,1.279297,0.000000,21.789770,7.000000
1.466797,-0.093750,-0.365234,0.000000,24.771212,7.000000
1.509766,-0.097656,-0.355469,0.000000,25.670263,7.000000
2.542969,-0.263672,1.195312,0.000000,29.395193,7.000000
2.605469,-0.267578,1.158203,0.000000,32.760021,7.000000
2.662109,-0.181641,1.146484,0.000000,31.970047,7.000000
4.414062,-0.287109,1.193359,0.000000,30.874264,7.000000
4.460938,-0.289062,1.177734,0.000000,30.257154,7.000000
4.761719,-0.603516,-0.515625,0.000000,29.561684,7.000000
4.863281,-0.464844,0.791016,0.000000,30.777311,7.000000
0.041016,-0.033203,0.062500,0.000000,30.161974,7.000000
0.044922,-0.046875,0.103516,0.000000,29.063351,7.000000
1.214844,0.357422,0.064453,0.000000,19.344984,7.000000
3.000000,-2.021484,-2.876953,0.000000,27.331972,7.000000
0.011719,-0.039062,-0.007812,0.000000,30.740847,8.000000
0.017578,-0.080078,-0.007812,0.000000,31.989319,8.000000
0.029297,-0.119141,-0.003906,0.000000,30.224283,8.000000
0.056641,-0.154297,0.007812,0.000000,25.526682,8.000000
0.343750,-0.080078,-1.218750,0.000000,22.041201,8.000000
0.304688,-0.041016,1.271484,0.000000,23.304138,8.000000
0.339844,-0.000000,1.306641,0.000000,21.875208,8.000000
1.505859,0.046875,-0.146484,0.000000,24.683474,8.000000
0.089844,0.679688,1.394531,0.000000,25.490032,8.000000
2.546875,-0.263672,1.189453,0.000000,29.425041,8.000000
2.605469,-0.267578,1.156250,0.000000,32.769211,8.000000
2.664062,-0.181641,1.142578,0.000000,31.989319,8.000000
4.416016,-0.287109,1.185547,0.000000,30.870712,8.000000
4.457031,-0.289062,1.193359,0.000000,30.236639,8.000000
4.757812,-0.603516,-0.548828,0.000000,29.876663,8.000000
4.890625,-0.308594,0.691406,0.000000,30.744507,8.000000
0.041016,-0.033203,0.062500,0.000000,30.157787,8.000000
0.044922,-0.046875,0.103516,0.000000,29.063351,8.000000
1.214844,0.357422,0.058594,0.000000,19.242792,8.000000
0.244141,0.615234,1.361328,0.000000,23.944517,8.000000
1.542969,0.097656,-0.152344,0.000000,24.232458,8.000000
2.974609,-2.021484,-2.904297,0.000000,27.355989,8.000000
0.011719,-0.039062,-0.007812,0.000000,30.740847,9.000000
0.017578,-0.080078,-0.007812,0.000000,31.986570,9.000000
0.029297,-0.119141,-0.003906,0.000000,30.216026,9.000000
0.056641,-0.154297,0.005859,0.000000,25.514500,9.000000
0.349609,-0.080078,-1.216797,0.000000,22.041201,9.000000
0.306641,-0.041016,1.271484,0.000000,23.324385,9.000000
0.583984,-0.042969,1.216797,0.000000,21.958996,9.000000
1.464844,-0.093750,-0.367188,0.000000,24.698219,9.000000
2.544922,-0.263672,1.191406,0.000000,29.474337,9.000000
2.603516,-0.267578,1.164062,0.000000,32.766914,9.000000
2.660156,-0.181641,1.150391,0.000000,31.961761,9.000000
4.412109,-0.287109,1.201172,0.000000,30.845762,9.000000
4.455078,-0.289062,1.197266,0.000000,30.236639,9.000000
4.755859,-0.603516,-0.562500,0.000000,30.390173,9.000000
4.892578,-0.308594,0.689453,0.000000,30.700378,9.000000
0.041016,-0.033203,0.062500,0.000000,30.161974,9.000000
0.044922,-0.046875,0.103516,0.000000,29.068735,9.000000
1.214844,0.357422,0.082031,0.000000,19.190781,9.000000
0.326172,0.851562,-1.208984,0.000000,22.600714,9.000000
1.527344,-0.048828,-0.281250,0.000000,24.814426,9.000000
3.025391,-2.021484,-2.851562,0.000000,27.331972,9.000000
0.011719,-0.039062,-0.007812,0.000000,30.737183,10.000000
0.017578,-0.080078,-0.007812,0.000000,31.983822,10.000000
0.029297,-0.119141,-0.003906,0.000000,30.216026,10.000000
0.056641,-0.154297,0.005859,0.000000,25.514500,10.000000
0.343750,-0.080078,-1.218750,0.000000,22.041201,10.000000
0.300781,-0.041016,1.273438,0.000000,23.283796,10.000000
0.572266,-0.042969,1.222656,0.000000,21.875208,10.000000
1.472656,-0.046875,-0.019531,0.000000,24.216040,10.000000
1.490234,-0.046875,-0.257812,0.000000,26.637009,10.000000
1.519531,-0.097656,-0.310547,0.000000,26.589649,10.000000
2.546875,-0.263672,1.185547,0.000000,29.334873,10.000000
2.607422,-0.267578,1.152344,0.000000,32.766914,10.000000
2.669922,-0.181641,1.128906,0.000000,32.027607,10.000000
4.412109,-0.287109,1.197266,0.000000,30.860037,10.000000
4.460938,-0.289062,1.173828,0.000000,30.281645,10.000000
4.738281,-0.449219,-0.509766,0.000000,30.141003,10.000000
4.757812,-0.603516,-0.554688,0.000000,30.934217,10.000000
4.863281,-0.464844,0.792969,0.000000,30.740847,10.000000
0.041016,-0.033203,0.062500,0.000000,30.161974,10.000000
0.044922,-0.046875,0.103516,0.000000,29.068735,10.000000
1.214844,0.357422,0.085938,0.000000,19.294189,10.000000
2.966797,-2.021484,-2.910156,0.000000,27.419392,10.000000
0.011719,-0.039062,-0.007812,0.000000,30.740847,11.000000
0.017578,-0.080078,-0.007812,0.000000,31.989319,11.000000
0.029297,-0.119141,-0.003906,0.000000,30.216026,11.000000
0.056641,-0.154297,0.005859,0.000000,25.514500,11.000000
0.343750,-0.080078,-1.218750,0.000000,22.013971,11.000000
0.277344,-0.041016,1.279297,0.000000,23.304138,11.000000
0.457031,-0.000000,1.269531,0.000000,21.789770,11.000000
1.314453,-0.089844,0.560547,0.000000,22.174839,11.000000
1.470703,-0.046875,-0.042969,0.000000,24.871384,11.000000
1.486328,-0.093750,-0.273438,0.000000,25.820633,11.000000
1.681641,-0.052734,-0.345703,0.000000,27.007038,11.000000
2.546875,-0.263672,1.187500,0.000000,29.380192,11.000000
2.605469,-0.267578,1.158203,0.000000,32.764618,11.000000
2.667969,-0.181641,1.134766,0.000000,32.022160,11.000000
4.410156,-0.287109,1.207031,0.000000,30.849337,11.000000
4.447266,-0.289062,1.224609,0.000000,30.161974,11.000000
4.751953,-0.603516,-0.593750,0.000000,30.492180,11.000000
4.861328,-0.464844,0.806641,0.000000,30.692980,11.000000
0.041016,-0.033203,0.062500,0.000000,30.161974,11.000000
0.044922,-0.046875,0.103516,0.000000,29.063351,11.000000
1.216797,0.357422,0.044922,0.000000,19.395193,11.000000
0.152344,0.851562,-1.242188,0.000000,22.833012,11.000000
1.531250,-0.048828,-0.267578,0.000000,24.548449,11.000000
3.013672,-2.021484,-2.861328,0.000000,27.331972,11.000000
0.011719,-0.039062,-0.007812,0.000000,30.737183,12.000000
0.017578,-0.080078,-0.007812,0.000000,31.983822,12.000000
0.029297,-0.119141,-0.003906,0.000000,30.216026,12.000000
0.056641,-0.154297,0.005859,0.000000,25.502283,12.000000
0.359375,-0.080078,-1.212891,0.000000,22.041201,12.000000
0.285156,-0.041016,1.277344,0.000000,23.283796,12.000000
0.353516,-0.000000,1.302734,0.000000,21.760912,12.000000
0.218750,0.615234,1.365234,0.000000,23.891661,12.000000
1.611328,0.214844,-0.554688,0.000000,28.394781,12.000000
1.625000,0.275391,-0.615234,0.000000,27.450748,12.000000
2.548828,-0.263672,1.181641,0.000000,29.459606,12.000000
2.607422,-0.267578,1.154297,0.000000,32.826221,12.000000
