0.062500,-0.082031,1.304688,0.000000,24.653828,0.000000
0.402344,-0.083984,-1.285156,0.000000,23.096302,0.000000
0.572266,-0.042969,-1.267578,0.000000,21.702618,0.000000
1.654297,-0.214844,-0.412109,0.000000,27.626785,0.000000
1.705078,-0.220703,-0.369141,0.000000,27.242758,0.000000
1.791016,-0.000000,-0.169922,0.000000,27.347998,0.000000
2.621094,-0.175781,1.033203,0.000000,29.180304,0.000000
2.662109,-0.179688,1.039062,0.000000,32.260841,0.000000
2.751953,-0.089844,0.925781,0.000000,31.222158,0.000000
0.041016,-0.033203,0.062500,0.000000,30.094509,0.000000
0.044922,-0.046875,0.103516,0.000000,29.009130,0.000000
0.011719,-0.039062,-0.007812,0.000000,30.663260,1.000000
0.017578,-0.080078,-0.007812,0.000000,31.908916,1.000000
0.029297,-0.119141,-0.005859,0.000000,30.128372,1.000000
0.056641,-0.154297,0.007812,0.000000,25.465427,1.000000
0.169922,-0.080078,1.253906,0.000000,23.138672,1.000000
0.429688,-0.083984,-1.277344,0.000000,23.096302,1.000000
0.568359,-0.042969,-1.267578,0.000000,21.731863,1.000000
1.660156,-0.105469,-0.218750,0.000000,27.520485,1.000000
1.697266,-0.107422,-0.240234,0.000000,29.444826,1.000000
1.732422,-0.109375,-0.285156,0.000000,29.175055,1.000000
1.769531,-0.224609,-0.246094,0.000000,28.375885,1.000000
0.603516,2.376953,-0.074219,0.000000,25.314789,1.000000
2.658203,-0.179688,1.048828,0.000000,32.208923,1.000000
2.748047,-0.089844,0.933594,0.000000,31.202448,1.000000
0.041016,-0.033203,0.062500,0.000000,30.094509,1.000000
0.044922,-0.046875,0.103516,0.000000,29.009130,1.000000
0.011719,-0.039062,-0.007812,0.000000,30.659531,2.000000
0.017578,-0.080078,-0.007812,0.000000,31.908916,2.000000
0.029297,-0.119141,-0.005859,0.000000,30.128372,2.000000
0.056641,-0.154297,0.005859,0.000000,25.440680,2.000000
0.164062,-0.080078,1.253906,0.000000,23.096302,2.000000
0.398438,-0.083984,-1.287109,0.000000,23.117538,2.000000
0.537109,-0.042969,-1.281250,0.000000,21.731863,2.000000
1.666016,-0.000000,-0.195312,0.000000,28.337843,2.000000
1.705078,-0.000000,-0.208984,0.000000,30.305998,2.000000
1.728516,-0.000000,-0.330078,0.000000,27.626785,2.000000
1.775391,-0.167969,-0.248047,0.000000,30.056095,2.000000
1.816406,-0.115234,-0.275391,0.000000,29.680157,2.000000
2.613281,-0.175781,1.052734,0.000000,28.920946,2.000000
2.654297,-0.179688,1.056641,0.000000,32.156376,2.000000
2.746094,-0.089844,0.943359,0.000000,31.169397,2.000000
0.041016,-0.033203,0.062500,0.000000,30.098757,2.000000
0.044922,-0.046875,0.103516,0.000000,29.009130,2.000000
0.550781,2.376953,-0.259766,0.000000,26.159500,2.000000
0.011719,-0.039062,-0.007812,0.000000,30.659531,3.000000
0.017578,-0.080078,-0.007812,0.000000,31.908916,3.000000
0.029297,-0.119141,-0.005859,0.000000,30.132587,3.000000
0.056641,-0.154297,0.005859,0.000000,25.465427,3.000000
0.158203,-0.080078,1.255859,0.000000,23.138672,3.000000
0.048828,-0.082031,1.304688,0.000000,24.638929,3.000000
0.435547,-0.083984,-1.275391,0.000000,23.096302,3.000000
1.662109,-0.000000,-0.216797,0.000000,27.916906,3.000000
1.705078,-0.052734,-0.197266,0.000000,30.358297,3.000000
1.751953,-0.054688,-0.136719,0.000000,29.885590,3.000000
1.794922,-0.113281,-0.066406,0.000000,28.075350,3.000000
2.658203,-0.179688,1.050781,0.000000,32.038486,3.000000
2.755859,-0.089844,0.914062,0.000000,31.014034,3.000000
0.041016,-0.033203,0.062500,0.000000,30.098757,3.000000
0.044922,-0.046875,0.103516,0.000000,29.014584,3.000000
0.011719,-0.039062,-0.007812,0.000000,30.659531,4.000000
0.017578,-0.080078,-0.007812,0.000000,31.908916,4.000000
0.029297,-0.119141,-0.005859,0.000000,30.128372,4.000000
0.056641,-0.154297,0.005859,0.000000,25.453072,4.000000
0.175781,-0.080078,1.253906,0.000000,23.117538,4.000000
0.425781,-0.083984,-1.277344,0.000000,23.074961,4.000000
0.552734,-0.042969,-1.275391,0.000000,21.673174,4.000000
1.628906,-0.052734,-0.394531,0.000000,27.619278,4.000000
1.658203,-0.052734,-0.447266,0.000000,29.479237,4.000000
1.679688,-0.109375,-0.509766,0.000000,28.162413,4.000000
1.759766,-0.167969,-0.335938,0.000000,29.052561,4.000000
1.804688,-0.171875,-0.322266,0.000000,29.527924,4.000000
1.843750,-0.175781,-0.330078,0.000000,26.776070,4.000000
0.625000,2.457031,0.078125,0.000000,25.171959,4.000000
2.658203,-0.179688,1.048828,0.000000,32.116543,4.000000
2.751953,-0.089844,0.925781,0.000000,31.192558,4.000000
0.009766,0.031250,0.025391,0.000000,29.289078,4.000000
0.041016,-0.033203,0.062500,0.000000,30.098757,4.000000
0.044922,-0.046875,0.103516,0.000000,29.009130,4.000000
0.826172,2.300781,-0.214844,0.000000,27.259117,4.000000
0.605469,2.417969,-0.125000,0.000000,27.134905,4.000000
0.011719,-0.039062,-0.007812,0.000000,30.655798,5.000000
0.017578,-0.080078,-0.007812,0.000000,31.911715,5.000000
0.029297,-0.119141,-0.005859,0.000000,30.132587,5.000000
0.056641,-0.154297,0.007812,0.000000,25.453072,5.000000
0.085938,-0.080078,1.261719,0.000000,23.117538,5.000000
0.396484,-0.083984,-1.287109,0.000000,23.096302,5.000000
0.541016,-0.042969,-1.281250,0.000000,21.702618,5.000000
1.666016,-0.052734,-0.193359,0.000000,30.707766,5.000000
1.708984,-0.052734,-0.160156,0.000000,33.400475,5.000000
1.755859,-0.054688,-0.099609,0.000000,32.375439,5.000000
1.787109,-0.113281,0.177734,0.000000,26.304279,5.000000
2.664062,-0.179688,1.033203,0.000000,32.172207,5.000000
2.757812,-0.089844,0.908203,0.000000,31.199154,5.000000
0.009766,0.031250,0.025391,0.000000,29.294189,5.000000
0.041016,-0.033203,0.062500,0.000000,30.102999,5.000000
0.044922,-0.046875,0.103516,0.000000,29.009130,5.000000
0.011719,-0.039062,-0.007812,0.000000,30.659531,6.000000
0.017578,-0.080078,-0.007812,0.000000,31.911715,6.000000
0.029297,-0.119141,-0.005859,0.000000,30.128372,6.000000
0.056641,-0.154297,0.005859,0.000000,25.440680,6.000000
0.130859,-0.080078,1.259766,0.000000,23.074961,6.000000
0.423828,-0.083984,-1.279297,0.000000,23.074961,6.000000
0.544922,-0.042969,-1.279297,0.000000,21.702618,6.000000
1.648438,-0.052734,-0.298828,0.000000,29.222063,6.000000
1.691406,-0.052734,-0.292969,0.000000,32.216751,6.000000
1.730469,-0.054688,-0.310547,0.000000,31.525940,6.000000
1.835938,-0.115234,-0.085938,0.000000,26.608654,6.000000
2.658203,-0.179688,1.048828,0.000000,32.159019,6.000000
2.759766,-0.089844,0.898438,0.000000,31.189257,6.000000
0.041016,-0.033203,0.062500,0.000000,30.094509,6.000000
0.044922,-0.046875,0.103516,0.000000,28.998205,6.000000
0.607422,2.376953,-0.046875,0.000000,25.428255,6.000000
0.011719,-0.039062,-0.007812,0.000000,30.652061,7.000000
0.017578,-0.080078,-0.007812,0.000000,31.908916,7.000000
0.029297,-0.119141,-0.005859,0.000000,30.128372,7.000000
0.056641,-0.154297,0.005859,0.000000,25.465427,7.000000
0.148438,-0.080078,1.257812,0.000000,23.138672,7.000000
0.103516,-0.082031,1.302734,0.000000,24.653828,7.000000
0.376953,-0.083984,-1.292969,0.000000,23.096302,7.000000
0.531250,-0.042969,-1.285156,0.000000,21.702618,7.000000
1.695312,-0.052734,-0.269531,0.000000,27.481880,7.000000
1.738281,-0.054688,-0.261719,0.000000,28.597385,7.000000
1.716797,-0.000000,-0.539062,0.000000,28.000294,7.000000
1.707031,0.056641,-0.685547,0.000000,27.458551,7.000000
2.625000,-0.175781,1.019531,0.000000,29.057959,7.000000
2.662109,-0.179688,1.039062,0.000000,32.174839,7.000000
2.751953,-0.089844,0.923828,0.000000,31.172712,7.000000
0.009766,0.031250,0.025391,0.000000,29.289078,7.000000
0.041016,-0.033203,0.062500,0.000000,30.094509,7.000000
0.044922,-0.046875,0.103516,0.000000,29.003672,7.000000
0.011719,-0.039062,-0.007812,0.000000,30.659531,8.000000
0.017578,-0.080078,-0.007812,0.000000,31.911715,8.000000
0.029297,-0.119141,-0.005859,0.000000,30.132587,8.000000
0.056641,-0.154297,0.005859,0.000000,25.453072,8.000000
0.189453,-0.080078,1.251953,0.000000,23.117538,8.000000
0.031250,-0.082031,1.306641,0.000000,24.653828,8.000000
0.423828,-0.083984,-1.279297,0.000000,23.096302,8.000000
0.576172,-0.042969,-1.265625,0.000000,21.702618,8.000000
1.644531,-0.052734,-0.496094,0.000000,29.020029,8.000000
1.714844,-0.054688,-0.386719,0.000000,29.063351,8.000000
2.652344,-0.179688,1.062500,0.000000,32.172207,8.000000
2.744141,-0.089844,0.945312,0.000000,31.142773,8.000000
0.041016,-0.033203,0.062500,0.000000,30.094509,8.000000
0.044922,-0.046875,0.103516,0.000000,28.998205,8.000000
0.853516,2.300781,-0.048828,0.000000,26.031445,8.000000
0.615234,2.417969,-0.064453,0.000000,24.742163,8.000000
0.011719,-0.039062,-0.007812,0.000000,30.648323,9.000000
0.017578,-0.080078,-0.007812,0.000000,31.908916,9.000000
0.029297,-0.119141,-0.005859,0.000000,30.132587,9.000000
0.056641,-0.154297,0.005859,0.000000,25.453072,9.000000
0.167969,-0.080078,1.253906,0.000000,23.138672,9.000000
0.425781,-0.083984,-1.277344,0.000000,23.053514,9.000000
1.619141,-0.052734,0.574219,0.000000,28.115749,9.000000
1.703125,-0.000000,0.437500,0.000000,25.854607,9.000000
1.773438,-0.224609,-0.216797,0.000000,28.500332,9.000000
1.806641,-0.000000,-0.357422,0.000000,28.543060,9.000000
1.845703,0.117188,-0.351562,0.000000,27.701153,9.000000
2.591797,-0.175781,1.103516,0.000000,29.003672,9.000000
2.650391,-0.179688,1.068359,0.000000,32.227165,9.000000
2.750000,-0.089844,0.929688,0.000000,31.280760,9.000000
0.009766,0.031250,0.025391,0.000000,29.289078,9.000000
0.041016,-0.033203,0.062500,0.000000,30.098757,9.000000
0.044922,-0.046875,0.103516,0.000000,29.014584,9.000000
0.011719,-0.039062,-0.007812,0.000000,30.644581,10.000000
0.017578,-0.080078,-0.007812,0.000000,31.906118,10.000000
0.029297,-0.119141,-0.005859,0.000000,30.128372,10.000000
0.056641,-0.154297,0.007812,0.000000,25.453072,10.000000
0.183594,-0.080078,1.251953,0.000000,23.096302,10.000000
0.087891,-0.082031,1.302734,0.000000,24.623980,10.000000
0.390625,-0.083984,-1.289062,0.000000,23.053514,10.000000
1.650391,-0.052734,-0.291016,0.000000,29.294189,10.000000
1.697266,-0.000000,-0.265625,0.000000,32.600716,10.000000
1.744141,-0.000000,-0.234375,0.000000,31.964525,10.000000
1.794922,0.056641,-0.134766,0.000000,27.419392,10.000000
2.619141,-0.175781,1.039062,0.000000,29.095560,10.000000
2.658203,-0.179688,1.050781,0.000000,32.193226,10.000000
2.751953,-0.089844,0.923828,0.000000,31.212315,10.000000
0.041016,-0.033203,0.062500,0.000000,30.098757,10.000000
0.044922,-0.046875,0.103516,0.000000,29.009130,10.000000
1.244141,-0.505859,1.197266,0.000000,24.623980,10.000000
0.011719,-0.039062,-0.007812,0.000000,30.652061,11.000000
0.017578,-0.080078,-0.007812,0.000000,31.908916,11.000000
0.029297,-0.119141,-0.005859,0.000000,30.132587,11.000000
0.056641,-0.154297,0.007812,0.000000,25.465427,11.000000
0.089844,-0.080078,1.261719,0.000000,23.138672,11.000000
0.025391,-0.082031,-1.306641,0.000000,24.638929,11.000000
0.429688,-0.083984,-1.277344,0.000000,23.096302,11.000000
0.566406,-0.042969,-1.269531,0.000000,21.702618,11.000000
1.652344,-0.000000,-0.289062,0.000000,29.116901,11.000000
1.699219,-0.052734,-0.251953,0.000000,33.316296,11.000000
1.740234,-0.054688,-0.244141,0.000000,33.624825,11.000000
1.787109,-0.000000,-0.207031,0.000000,30.476643,11.000000
2.625000,-0.175781,1.023438,0.000000,29.090208,11.000000
2.662109,-0.179688,1.037109,0.000000,32.193226,11.000000
2.759766,-0.089844,0.902344,0.000000,31.195858,11.000000
0.041016,-0.033203,0.062500,0.000000,30.098757,11.000000
0.044922,-0.046875,0.103516,0.000000,29.014584,11.000000
0.011719,-0.039062,-0.007812,0.000000,30.652061,12.000000
0.017578,-0.080078,-0.007812,0.000000,31.908916,12.000000
0.029297,-0.119141,-0.005859,0.000000,30.132587,12.000000
0.056641,-0.154297,0.005859,0.000000,25.465427,12.000000
0.162109,-0.080078,1.255859,0.000000,23.117538,12.000000
0.431641,-0.083984,-1.275391,0.000000,23.096302,12.000000
0.548828,-0.042969,-1.277344,0.000000,21.731863,12.000000
1.675781,-0.052734,-0.025391,0.000000,29.242792,12.000000
1.714844,-0.000000,-0.103516,0.000000,32.526104,12.000000
1.750000,-0.000000,-0.183594,0.000000,32.535805,12.000000
1.773438,-0.000000,-0.304688,0.000000,29.580858,12.000000
1.802734,0.115234,-0.353516,0.000000,26.702459,12.000000
1.851562,0.058594,-0.332031,0.000000,27.134905,12.000000
2.621094,-0.175781,1.033203,0.000000,29.090208,12.000000
2.660156,-0.179688,1.046875,0.000000,32.195847,12.000000
2.744141,-0.089844,0.947266,0.000000,31.095785,12.000000
0.041016,-0.033203,0.062500,0.000000,30.094509,12.000000
0.044922,-0.046875,0.103516,0.000000,29.009130,12.000000
0.011719,-0.039062,-0.007812,0.000000,30.652061,13.000000
0.017578,-0.080078,-0.007812,0.000000,31.908916,13.000000
0.029297,-0.119141,-0.005859,0.000000,30.128372,13.000000
0.056641,-0.154297,0.005859,0.000000,25.440680,13.000000
0.144531,-0.080078,1.257812,0.000000,23.117538,13.000000
0.419922,-0.083984,-1.279297,0.000000,23.096302,13.000000
0.546875,-0.042969,-1.277344,0.000000,21.702618,13.000000
1.822266,0.117188,-0.451172,0.000000,27.193314,13.000000
2.613281,-0.175781,1.050781,0.000000,28.976271,13.000000
2.660156,-0.179688,1.042969,0.000000,32.211533,13.000000
2.753906,-0.089844,0.917969,0.000000,31.235250,13.000000
0.041016,-0.033203,0.062500,0.000000,30.102999,13.000000
0.044922,-0.046875,0.103516,0.000000,29.009130,13.000000
0.011719,-0.039062,-0.007812,0.000000,30.655798,14.000000
0.017578,-0.080078,-0.007812,0.000000,31.908916,14.000000
0.029297,-0.119141,-0.005859,0.000000,30.128372,14.000000
0.056641,-0.154297,0.005859,0.000000,25.440680,14.000000
0.181641,-0.080078,1.251953,0.000000,23.096302,14.000000
0.072266,-0.082031,1.304688,0.000000,24.638929,14.000000
0.412109,-0.083984,-1.283203,0.000000,23.074961,14.000000
0.550781,-0.042969,-1.277344,0.000000,21.702618,14.000000
1.675781,-0.052734,-0.029297,0.000000,27.930916,14.000000
1.716797,-0.052734,-0.048828,0.000000,29.982594,14.000000
1.757812,-0.054688,-0.005859,0.000000,28.488047,14.000000
2.621094,-0.175781,1.033203,0.000000,29.036325,14.000000
2.660156,-0.179688,1.044922,0.000000,32.145790,14.000000
2.746094,-0.089844,0.939453,0.000000,31.112625,14.000000
0.041016,-0.033203,0.062500,0.000000,30.098757,14.000000
0.046875,-0.046875,0.103516,0.000000,29.014584,14.000000
0.011719,-0.039062,-0.007812,0.000000,30.659531,15.000000
0.017578,-0.080078,-0.007812,0.000000,31.911715,15.000000
0.029297,-0.119141,-0.005859,0.000000,30.132587,15.000000
0.056641,-0.154297,0.005859,0.000000,25.453072,15.000000
0.134766,-0.080078,1.257812,0.000000,23.096302,15.000000
0.406250,-0.083984,-1.285156,0.000000,23.031961,15.000000
0.544922,-0.042969,-1.279297,0.000000,21.643528,15.000000
2.617188,-0.175781,1.044922,0.000000,28.959747,15.000000
2.656250,-0.179688,1.056641,0.000000,32.132519,15.000000
2.748047,-0.089844,0.935547,0.000000,31.136091,15.000000
1.556641,-0.050781,0.347656,-0.614669,27.109631,15.000000
