2.751953,-0.089844,0.923828,0.000000,31.172712,0.000000
4.410156,-0.142578,1.230469,0.000000,31.205740,0.000000
4.445312,-0.144531,1.261719,0.000000,30.681858,0.000000
4.888672,-0.308594,0.705078,0.000000,31.055101,0.000000
4.951172,-0.623047,-0.007812,0.000000,29.708117,0.000000
0.009766,0.031250,0.025391,0.000000,29.304396,0.000000
0.041016,-0.033203,0.062500,0.000000,30.086002,0.000000
0.044922,-0.046875,0.103516,0.000000,28.970770,0.000000
0.011719,-0.039062,-0.007812,0.000000,30.640835,1.000000
0.017578,-0.080078,-0.007812,0.000000,31.894903,1.000000
0.029297,-0.119141,-0.005859,0.000000,30.136797,1.000000
0.056641,-0.154297,0.005859,0.000000,25.415792,1.000000
1.177734,-0.039062,-0.345703,0.000000,22.810333,1.000000
1.117188,-0.000000,-0.599609,0.000000,22.430380,1.000000
0.583984,-0.041016,-1.171875,0.000000,21.875208,1.000000
0.750000,-0.083984,1.119141,0.000000,23.364597,1.000000
0.433594,-0.042969,1.320312,0.000000,24.409090,1.000000
1.449219,-0.091797,-0.244141,0.000000,24.623980,1.000000
1.501953,-0.093750,-0.167969,0.000000,26.757784,1.000000
1.544922,-0.097656,-0.148438,0.000000,25.037907,1.000000
2.609375,-0.175781,1.062500,0.000000,29.025467,1.000000
2.689453,-0.089844,0.978516,0.000000,32.177471,1.000000
2.751953,-0.089844,0.921875,0.000000,31.115986,1.000000
4.412109,-0.142578,1.226562,0.000000,31.251558,1.000000
4.447266,-0.144531,1.253906,0.000000,30.809870,1.000000
4.884766,-0.308594,0.732422,0.000000,31.280760,1.000000
4.951172,-0.623047,0.103516,0.000000,30.211893,1.000000
0.009766,0.031250,0.025391,0.000000,29.304396,1.000000
0.041016,-0.033203,0.062500,0.000000,30.081741,1.000000
0.044922,-0.046875,0.103516,0.000000,28.965261,1.000000
1.166016,0.449219,0.386719,0.000000,19.138138,1.000000
0.011719,-0.039062,-0.007812,0.000000,30.644581,2.000000
0.017578,-0.080078,-0.007812,0.000000,31.900515,2.000000
0.029297,-0.119141,-0.005859,0.000000,30.141003,2.000000
0.056641,-0.154297,0.005859,0.000000,25.428255,2.000000
1.164062,-0.039062,-0.384766,0.000000,21.986570,2.000000
1.115234,-0.000000,-0.603516,0.000000,23.424227,2.000000
1.052734,0.041016,-0.775391,0.000000,22.504200,2.000000
1.156250,0.042969,-0.693359,0.000000,21.172712,2.000000
1.333984,0.087891,-0.380859,0.000000,22.013971,2.000000
1.396484,0.089844,-0.298828,0.000000,23.560259,2.000000
1.443359,0.091797,-0.273438,0.000000,26.170004,2.000000
1.484375,0.093750,-0.285156,0.000000,27.234556,2.000000
2.613281,-0.175781,1.052734,0.000000,29.009130,2.000000
2.687500,-0.089844,0.984375,0.000000,32.198463,2.000000
2.726562,-0.181641,0.986328,0.000000,31.119343,2.000000
4.402344,-0.142578,1.101562,0.000000,28.020893,2.000000
4.416016,-0.142578,1.212891,0.000000,31.351326,2.000000
4.449219,-0.144531,1.244141,0.000000,30.874264,2.000000
4.882812,-0.308594,0.746094,0.000000,30.409977,2.000000
0.009766,0.031250,0.025391,0.000000,29.304396,2.000000
0.041016,-0.033203,0.062500,0.000000,30.086002,2.000000
0.044922,-0.046875,0.103516,0.000000,28.976271,2.000000
0.976562,-0.367188,0.791016,0.000000,20.791813,2.000000
0.761719,-0.294922,1.074219,0.000000,20.718821,2.000000
0.781250,-0.347656,1.095703,0.000000,19.542425,2.000000
0.650391,-0.472656,1.281250,0.000000,24.345690,2.000000
2.767578,-0.000000,0.880859,0.000000,31.112625,2.000000
0.011719,-0.039062,-0.007812,0.000000,30.644581,3.000000
0.017578,-0.080078,-0.007812,0.000000,31.900515,3.000000
0.029297,-0.119141,-0.005859,0.000000,30.141003,3.000000
0.056641,-0.154297,0.005859,0.000000,25.428255,3.000000
1.109375,-0.119141,0.601562,0.000000,22.695129,3.000000
0.972656,-0.123047,0.867188,0.000000,23.926970,3.000000
0.740234,-0.126953,1.123047,0.000000,22.810333,3.000000
1.388672,-0.044922,-0.341797,0.000000,25.809250,3.000000
1.451172,-0.046875,-0.250000,0.000000,27.520485,3.000000
1.496094,-0.046875,-0.222656,0.000000,26.730209,3.000000
2.613281,-0.175781,1.052734,0.000000,28.976271,3.000000
2.689453,-0.089844,0.980469,0.000000,32.161659,3.000000
2.751953,-0.089844,0.923828,0.000000,31.085649,3.000000
4.412109,-0.142578,1.222656,0.000000,31.267805,3.000000
4.447266,-0.144531,1.253906,0.000000,30.780941,3.000000
4.892578,-0.308594,0.675781,0.000000,30.913151,3.000000
4.951172,-0.623047,0.000000,0.000000,30.203613,3.000000
1.220703,-0.000000,0.130859,0.614669,20.492180,3.000000
0.009766,0.031250,0.025391,0.000000,29.309490,3.000000
0.041016,-0.033203,0.062500,0.000000,30.086002,3.000000
0.044922,-0.046875,0.103516,0.000000,28.970770,3.000000
0.011719,-0.039062,-0.007812,0.000000,30.640835,4.000000
0.017578,-0.080078,-0.007812,0.000000,31.900515,4.000000
0.029297,-0.119141,-0.005859,0.000000,30.141003,4.000000
0.056641,-0.154297,0.005859,0.000000,25.440680,4.000000
0.757812,-0.042969,-1.117188,0.000000,21.643528,4.000000
0.837891,-0.042969,-1.109375,0.000000,21.846914,4.000000
1.464844,-0.000000,-0.154297,0.000000,27.032913,4.000000
1.496094,0.046875,-0.224609,0.000000,27.315887,4.000000
2.605469,-0.175781,1.070312,0.000000,28.992731,4.000000
2.689453,-0.089844,0.980469,0.000000,32.161659,4.000000
2.751953,-0.089844,0.921875,0.000000,31.065308,4.000000
4.408203,-0.142578,1.080078,0.000000,28.122446,4.000000
4.417969,-0.142578,1.207031,0.000000,31.364035,4.000000
4.451172,-0.144531,1.240234,0.000000,30.845762,4.000000
4.871094,-0.308594,0.820312,0.000000,31.215599,4.000000
4.958984,-0.468750,0.304688,0.000000,29.469433,4.000000
1.226562,-0.000000,0.031250,0.614669,22.013971,4.000000
1.263672,-0.039062,0.101562,0.614669,23.856062,4.000000
1.291016,-0.041016,0.212891,0.614669,21.398790,4.000000
0.009766,0.031250,0.025391,0.000000,29.309490,4.000000
0.041016,-0.033203,0.062500,0.000000,30.086002,4.000000
0.046875,-0.046875,0.103516,0.000000,28.970770,4.000000
1.099609,0.464844,0.630859,0.000000,18.750612,4.000000
0.011719,-0.039062,-0.007812,0.000000,30.633333,5.000000
0.017578,-0.080078,-0.007812,0.000000,31.897709,5.000000
0.029297,-0.119141,-0.005859,0.000000,30.141003,5.000000
0.056641,-0.154297,0.005859,0.000000,25.440680,5.000000
1.460938,-0.000000,-0.189453,0.000000,26.095943,5.000000
2.607422,-0.175781,1.068359,0.000000,29.003672,5.000000
2.687500,-0.089844,0.982422,0.000000,32.211533,5.000000
2.769531,-0.000000,0.875000,0.000000,31.162756,5.000000
4.414062,-0.142578,1.216797,0.000000,31.348145,5.000000
4.449219,-0.144531,1.242188,0.000000,30.927206,5.000000
4.888672,-0.308594,0.708984,0.000000,30.515385,5.000000
4.947266,-0.623047,0.201172,0.000000,29.355072,5.000000
1.246094,-0.000000,-0.236328,0.614669,21.367207,5.000000
1.308594,-0.000000,-0.035156,0.614669,23.729120,5.000000
1.341797,-0.042969,0.136719,0.614669,24.548449,5.000000
1.347656,-0.087891,0.335938,0.614669,22.041201,5.000000
0.009766,0.031250,0.025391,0.000000,29.309490,5.000000
0.041016,-0.033203,0.062500,0.000000,30.081741,5.000000
0.044922,-0.046875,0.103516,0.000000,28.970770,5.000000
2.726562,-0.181641,0.982422,0.000000,31.159431,5.000000
0.011719,-0.039062,-0.007812,0.000000,30.637085,6.000000
0.017578,-0.080078,-0.007812,0.000000,31.897709,6.000000
0.029297,-0.119141,-0.005859,0.000000,30.141003,6.000000
0.056641,-0.154297,0.005859,0.000000,25.428255,6.000000
0.763672,-0.080078,1.009766,0.000000,22.329962,6.000000
0.611328,-0.041016,1.156250,0.000000,24.885508,6.000000
0.980469,-0.042969,-0.925781,0.000000,24.517864,6.000000
1.205078,-0.000000,-0.695312,0.000000,23.324385,6.000000
1.455078,-0.138672,-0.171875,0.000000,27.242758,6.000000
1.494141,-0.093750,-0.216797,0.000000,28.506462,6.000000
1.541016,-0.048828,-0.195312,0.000000,25.797836,6.000000
2.611328,-0.175781,1.054688,0.000000,29.057959,6.000000
2.689453,-0.089844,0.976562,0.000000,32.211533,6.000000
2.751953,-0.089844,0.923828,0.000000,31.152777,6.000000
4.406250,-0.142578,1.089844,0.000000,28.149132,6.000000
4.414062,-0.142578,1.216797,0.000000,31.271048,6.000000
4.447266,-0.144531,1.250000,0.000000,30.606977,6.000000
0.009766,0.031250,0.025391,0.000000,29.304396,6.000000
0.041016,-0.033203,0.062500,0.000000,30.086002,6.000000
0.044922,-0.046875,0.103516,0.000000,28.976271,6.000000
0.777344,0.535156,1.236328,0.000000,24.548449,6.000000
0.011719,-0.039062,-0.007812,0.000000,30.644581,7.000000
0.017578,-0.080078,-0.007812,0.000000,31.900515,7.000000
0.029297,-0.119141,-0.005859,0.000000,30.141003,7.000000
0.056641,-0.154297,0.007812,0.000000,25.428255,7.000000
0.861328,-0.119141,0.921875,0.000000,24.183012,7.000000
1.052734,-0.123047,0.769531,0.000000,26.190933,7.000000
1.400391,0.044922,-0.294922,0.000000,26.263403,7.000000
1.462891,-0.000000,-0.173828,0.000000,29.898945,7.000000
1.503906,-0.000000,-0.166016,0.000000,30.119930,7.000000
2.609375,-0.175781,1.062500,0.000000,29.057959,7.000000
2.683594,-0.089844,0.996094,0.000000,32.127201,7.000000
2.742188,-0.089844,0.953125,0.000000,30.958664,7.000000
4.404297,-0.142578,1.091797,0.000000,28.115749,7.000000
4.414062,-0.142578,1.222656,0.000000,31.467480,7.000000
4.447266,-0.144531,1.251953,0.000000,31.099159,7.000000
1.281250,-0.083984,0.414062,0.614669,25.051500,7.000000
0.009766,0.031250,0.025391,0.000000,29.304396,7.000000
0.041016,-0.033203,0.062500,0.000000,30.086002,7.000000
0.044922,-0.046875,0.103516,0.000000,28.970770,7.000000
0.011719,-0.039062,-0.007812,0.000000,30.644581,8.000000
0.017578,-0.080078,-0.007812,0.000000,31.900515,8.000000
0.029297,-0.119141,-0.005859,0.000000,30.145205,8.000000
0.056641,-0.154297,0.005859,0.000000,25.440680,8.000000
0.763672,-0.080078,-1.007812,0.000000,23.926970,8.000000
1.125000,-0.041016,-0.667969,0.000000,26.009729,8.000000
1.386719,0.044922,-0.351562,0.000000,22.278868,8.000000
1.458984,-0.000000,-0.197266,0.000000,28.739016,8.000000
1.505859,-0.000000,-0.152344,0.000000,30.008677,8.000000
1.548828,-0.000000,-0.132812,0.000000,27.795965,8.000000
2.609375,-0.175781,1.060547,0.000000,29.025467,8.000000
2.687500,-0.089844,0.984375,0.000000,32.190605,8.000000
2.748047,-0.089844,0.935547,0.000000,31.119343,8.000000
4.419922,-0.142578,1.195312,0.000000,31.507565,8.000000
4.460938,-0.144531,1.201172,0.000000,31.322598,8.000000
1.292969,-0.041016,-0.203125,0.614669,25.910646,8.000000
1.347656,-0.042969,-0.066406,0.614669,25.415792,8.000000
0.009766,0.031250,0.025391,0.000000,29.304396,8.000000
0.041016,-0.033203,0.062500,0.000000,30.086002,8.000000
0.046875,-0.046875,0.103516,0.000000,28.976271,8.000000
0.011719,-0.039062,-0.007812,0.000000,30.644581,9.000000
0.017578,-0.080078,-0.007812,0.000000,31.897709,9.000000
0.029297,-0.119141,-0.005859,0.000000,30.141003,9.000000
0.056641,-0.154297,0.005859,0.000000,25.428255,9.000000
0.298828,-0.080078,1.230469,0.000000,22.988531,9.000000
0.613281,-0.082031,1.152344,0.000000,24.377506,9.000000
0.964844,-0.126953,0.935547,0.000000,23.180634,9.000000
1.072266,-0.087891,0.880859,0.000000,22.741579,9.000000
1.416016,-0.000000,-0.218750,0.000000,27.250946,9.000000
1.458984,-0.000000,-0.207031,0.000000,31.231981,9.000000
1.500000,-0.046875,-0.203125,0.000000,32.499317,9.000000
1.537109,-0.048828,-0.232422,0.000000,31.149445,9.000000
1.558594,-0.099609,-0.328125,0.000000,26.910814,9.000000
2.619141,-0.175781,1.039062,0.000000,29.074114,9.000000
2.691406,-0.089844,0.974609,0.000000,32.198463,9.000000
2.750000,-0.089844,0.929688,0.000000,31.092409,9.000000
4.421875,-0.142578,1.193359,0.000000,30.845762,9.000000
4.460938,-0.144531,1.203125,0.000000,30.591846,9.000000
0.009766,0.031250,0.025391,0.000000,29.304396,9.000000
0.041016,-0.033203,0.062500,0.000000,30.081741,9.000000
0.046875,-0.046875,0.103516,0.000000,28.970770,9.000000
0.011719,-0.039062,-0.007812,0.000000,30.644581,10.000000
0.017578,-0.080078,-0.007812,0.000000,31.900515,10.000000
0.029297,-0.119141,-0.005859,0.000000,30.141003,10.000000
0.056641,-0.154297,0.005859,0.000000,25.440680,10.000000
0.400391,-0.080078,1.201172,0.000000,23.117538,10.000000
1.000000,-0.123047,0.835938,0.000000,25.658478,10.000000
1.457031,-0.046875,-0.205078,0.000000,30.207754,10.000000
1.498047,-0.093750,-0.191406,0.000000,32.688118,10.000000
1.539062,-0.048828,-0.218750,0.000000,32.221962,10.000000
1.572266,-0.050781,-0.269531,0.000000,28.762178,10.000000
2.619141,-0.175781,1.039062,0.000000,29.047155,10.000000
2.689453,-0.089844,0.976562,0.000000,32.206310,10.000000
2.751953,-0.089844,0.925781,0.000000,31.189257,10.000000
4.425781,-0.142578,1.171875,0.000000,29.965117,10.000000
4.464844,-0.144531,1.189453,0.000000,29.735897,10.000000
1.308594,-0.083984,0.320312,0.614669,28.337843,10.000000
1.363281,-0.087891,0.255859,0.614669,29.273705,10.000000
1.392578,-0.044922,0.332031,0.614669,26.532125,10.000000
0.009766,0.031250,0.025391,0.000000,29.309490,10.000000
0.041016,-0.033203,0.062500,0.000000,30.086002,10.000000
0.044922,-0.046875,0.103516,0.000000,28.970770,10.000000
0.011719,-0.039062,-0.007812,0.000000,30.648323,11.000000
0.017578,-0.080078,-0.007812,0.000000,31.900515,11.000000
0.029297,-0.119141,-0.005859,0.000000,30.145205,11.000000
0.056641,-0.154297,0.005859,0.000000,25.440680,11.000000
0.095703,-0.080078,1.261719,0.000000,23.117538,11.000000
0.115234,-0.082031,1.300781,0.000000,24.899586,11.000000
1.335938,-0.083984,-0.179688,0.000000,26.127838,11.000000
1.386719,-0.087891,-0.074219,0.000000,28.082109,11.000000
1.429688,-0.044922,-0.068359,0.000000,27.881683,11.000000
1.462891,-0.000000,-0.175781,0.000000,28.363241,11.000000
1.496094,-0.000000,-0.230469,0.000000,30.476643,11.000000
1.525391,-0.048828,-0.296875,0.000000,30.629578,11.000000
1.556641,-0.000000,-0.347656,0.000000,28.208580,11.000000
2.626953,-0.175781,1.015625,0.000000,28.992731,11.000000
2.699219,-0.089844,0.953125,0.000000,32.214142,11.000000
2.736328,-0.181641,0.955078,0.000000,31.192558,11.000000
4.412109,-0.287109,1.201172,0.000000,29.479237,11.000000
4.455078,-0.144531,1.224609,0.000000,29.273705,11.000000
0.009766,0.031250,0.025391,0.000000,29.309490,11.000000
0.041016,-0.033203,0.062500,0.000000,30.086002,11.000000
0.044922,-0.046875,0.103516,0.000000,28.970770,11.000000
0.011719,-0.039062,-0.007812,0.000000,30.648323,12.000000
0.017578,-0.080078,-0.007812,0.000000,31.900515,12.000000
0.029297,-0.119141,-0.005859,0.000000,30.145205,12.000000
0.056641,-0.154297,0.005859,0.000000,25.440680,12.000000
0.191406,-0.080078,1.250000,0.000000,23.096302,12.000000
0.392578,-0.082031,1.246094,0.000000,24.533184,12.000000
1.074219,-0.126953,0.808594,0.000000,25.327543,12.000000
1.388672,-0.087891,-0.017578,0.000000,28.524799,12.000000
1.425781,-0.089844,0.083984,0.000000,28.943161,12.000000
1.371094,-0.000000,-0.539062,0.000000,25.693739,12.000000
1.484375,-0.000000,-0.292969,0.000000,31.878027,12.000000
