4.820312,-0.152344,-0.654297,0.000000,31.535099,0.000000
4.869141,-0.308594,0.832031,0.000000,30.820669,0.000000
4.923828,-0.779297,0.222656,0.000000,29.675480,0.000000
0.037109,-0.035156,0.064453,0.000000,30.115704,0.000000
0.044922,-0.046875,0.105469,0.000000,29.036325,0.000000
1.177734,-0.449219,0.349609,0.000000,21.430147,0.000000
1.232422,-0.464844,0.294922,0.000000,19.777237,0.000000
0.011719,-0.039062,-0.007812,0.000000,30.707766,1.000000
0.027344,-0.076172,-0.009766,0.000000,31.911715,1.000000
0.029297,-0.119141,-0.005859,0.000000,30.124153,1.000000
0.056641,-0.154297,0.007812,0.000000,25.415792,1.000000
0.259766,0.039062,-1.240234,0.000000,23.579348,1.000000
0.132812,-0.000000,1.302734,0.000000,24.393328,1.000000
0.476562,0.042969,1.261719,0.000000,22.600714,1.000000
2.623047,-0.175781,1.027344,0.000000,29.425041,1.000000
2.701172,-0.089844,0.943359,0.000000,32.648178,1.000000
2.765625,-0.089844,0.884766,0.000000,31.950689,1.000000
4.296875,-0.142578,1.458984,0.000000,27.810369,1.000000
4.388672,-0.142578,1.308594,0.000000,31.401937,1.000000
4.462891,-0.144531,1.195312,0.000000,31.075491,1.000000
4.646484,-0.000000,0.392578,0.000000,29.960737,1.000000
4.689453,-0.000000,0.361328,0.000000,30.670708,1.000000
4.744141,-0.000000,-0.089844,0.000000,29.232441,1.000000
4.742188,-0.298828,-0.572266,0.000000,33.209766,1.000000
4.791016,-0.150391,-0.568359,0.000000,34.307198,1.000000
4.818359,-0.152344,-0.669922,0.000000,31.792645,1.000000
4.865234,-0.464844,0.785156,0.000000,30.860037,1.000000
4.921875,-0.779297,0.261719,0.000000,29.858753,1.000000
0.037109,-0.035156,0.064453,0.000000,30.107239,1.000000
0.044922,-0.046875,0.103516,0.000000,29.036325,1.000000
1.173828,-0.449219,0.363281,0.000000,21.430147,1.000000
1.234375,-0.464844,0.292969,0.000000,19.684830,1.000000
3.765625,-1.703125,-1.878906,0.000000,24.842999,1.000000
0.011719,-0.039062,-0.007812,0.000000,30.707766,2.000000
0.027344,-0.076172,-0.009766,0.000000,31.914511,2.000000
0.029297,-0.119141,-0.005859,0.000000,30.128372,2.000000
0.056641,-0.154297,0.007812,0.000000,25.403296,2.000000
0.292969,0.039062,-1.232422,0.000000,23.560259,2.000000
0.232422,0.041016,-1.287109,0.000000,24.345690,2.000000
0.472656,0.042969,1.263672,0.000000,22.504200,2.000000
2.625000,-0.175781,1.023438,0.000000,29.355072,2.000000
2.705078,-0.089844,0.935547,0.000000,32.626884,2.000000
2.769531,-0.089844,0.873047,0.000000,31.934029,2.000000
4.300781,-0.142578,1.451172,0.000000,27.839035,2.000000
4.390625,-0.142578,1.300781,0.000000,31.451963,2.000000
4.468750,-0.144531,1.171875,0.000000,31.139433,2.000000
4.648438,-0.000000,0.369141,0.000000,30.038912,2.000000
4.691406,-0.000000,0.343750,0.000000,30.759117,2.000000
4.744141,-0.000000,-0.099609,0.000000,29.380192,2.000000
4.742188,-0.298828,-0.568359,0.000000,33.109055,2.000000
4.783203,-0.300781,-0.576172,0.000000,34.261860,2.000000
4.820312,-0.152344,-0.662109,0.000000,31.961761,2.000000
4.865234,-0.308594,0.855469,0.000000,30.799046,2.000000
4.917969,-0.779297,0.333984,0.000000,29.786369,2.000000
0.037109,-0.035156,0.064453,0.000000,30.107239,2.000000
0.044922,-0.046875,0.105469,0.000000,29.030899,2.000000
1.173828,-0.449219,0.361328,0.000000,21.430147,2.000000
1.234375,-0.464844,0.287109,0.000000,19.731279,2.000000
0.011719,-0.039062,-0.007812,0.000000,30.696680,3.000000
0.027344,-0.076172,-0.009766,0.000000,31.906118,3.000000
0.029297,-0.119141,-0.005859,0.000000,30.124153,3.000000
0.056641,-0.154297,0.007812,0.000000,25.403296,3.000000
0.263672,0.039062,-1.240234,0.000000,23.541084,3.000000
0.160156,-0.000000,1.298828,0.000000,24.345690,3.000000
0.472656,0.042969,1.263672,0.000000,22.479733,3.000000
1.957031,-0.250000,-0.351562,0.000000,27.307823,3.000000
1.986328,-0.255859,-0.412109,0.000000,27.839035,3.000000
2.621094,-0.175781,1.035156,0.000000,29.439888,3.000000
2.701172,-0.089844,0.949219,0.000000,32.638725,3.000000
2.763672,-0.089844,0.886719,0.000000,31.908916,3.000000
4.298828,-0.000000,1.462891,0.000000,27.810369,3.000000
4.396484,-0.142578,1.283203,0.000000,31.464382,3.000000
4.472656,-0.144531,1.158203,0.000000,31.112625,3.000000
4.648438,-0.000000,0.363281,0.000000,29.943172,3.000000
4.691406,-0.000000,0.339844,0.000000,30.809870,3.000000
4.744141,-0.000000,-0.064453,0.000000,29.148718,3.000000
4.742188,-0.298828,-0.572266,0.000000,33.070679,3.000000
4.791016,-0.150391,-0.572266,0.000000,34.294292,3.000000
4.818359,-0.152344,-0.681641,0.000000,31.964525,3.000000
4.861328,-0.464844,0.808594,0.000000,30.820669,3.000000
4.925781,-0.779297,0.207031,0.000000,30.203613,3.000000
0.037109,-0.035156,0.064453,0.000000,30.111473,3.000000
0.044922,-0.046875,0.103516,0.000000,29.036325,3.000000
1.173828,-0.449219,0.363281,0.000000,21.367207,3.000000
1.230469,-0.464844,0.304688,0.000000,19.590414,3.000000
0.011719,-0.039062,-0.007812,0.000000,30.704073,4.000000
0.027344,-0.076172,-0.009766,0.000000,31.911715,4.000000
0.029297,-0.119141,-0.005859,0.000000,30.124153,4.000000
0.056641,-0.154297,0.007812,0.000000,25.403296,4.000000
0.273438,0.039062,-1.238281,0.000000,23.541084,4.000000
0.238281,0.041016,-1.287109,0.000000,24.361626,4.000000
0.441406,0.042969,1.275391,0.000000,22.528530,4.000000
1.976562,-0.187500,-0.277344,0.000000,27.126497,4.000000
2.626953,-0.175781,1.015625,0.000000,29.420080,4.000000
2.703125,-0.089844,0.939453,0.000000,32.648178,4.000000
2.767578,-0.089844,0.876953,0.000000,31.934029,4.000000
4.300781,-0.000000,1.455078,0.000000,27.708521,4.000000
4.386719,-0.142578,1.312500,0.000000,31.392492,4.000000
4.457031,-0.144531,1.214844,0.000000,31.048285,4.000000
4.646484,-0.000000,0.390625,0.000000,29.863237,4.000000
4.691406,-0.000000,0.353516,0.000000,30.670708,4.000000
4.744141,-0.298828,-0.562500,0.000000,33.330441,4.000000
4.792969,-0.150391,-0.558594,0.000000,34.426365,4.000000
4.816406,-0.152344,-0.685547,0.000000,31.812717,4.000000
4.871094,-0.464844,0.744141,0.000000,31.048285,4.000000
4.902344,-0.935547,0.050781,0.000000,30.681858,4.000000
0.037109,-0.035156,0.064453,0.000000,30.111473,4.000000
0.044922,-0.046875,0.103516,0.000000,29.030899,4.000000
1.232422,-0.464844,0.294922,0.000000,19.637878,4.000000
0.011719,-0.039062,-0.007812,0.000000,30.707766,5.000000
0.027344,-0.076172,-0.009766,0.000000,31.911715,5.000000
0.029297,-0.119141,-0.005859,0.000000,30.124153,5.000000
0.056641,-0.154297,0.007812,0.000000,25.403296,5.000000
0.222656,0.039062,-1.248047,0.000000,23.521826,5.000000
0.152344,0.041016,-1.298828,0.000000,24.361626,5.000000
0.472656,0.042969,1.263672,0.000000,22.552725,5.000000
2.625000,-0.175781,1.019531,0.000000,29.344984,5.000000
2.703125,-0.089844,0.937500,0.000000,32.603100,5.000000
2.767578,-0.089844,0.875000,0.000000,31.897709,5.000000
4.298828,-0.142578,1.455078,0.000000,27.795965,5.000000
4.388672,-0.142578,1.308594,0.000000,31.433271,5.000000
4.466797,-0.144531,1.183594,0.000000,31.115986,5.000000
4.648438,-0.000000,0.367188,0.000000,29.991306,5.000000
4.691406,-0.000000,0.339844,0.000000,30.788193,5.000000
4.738281,-0.148438,-0.208984,0.000000,29.712759,5.000000
4.742188,-0.298828,-0.568359,0.000000,33.667965,5.000000
4.785156,-0.300781,-0.562500,0.000000,34.761066,5.000000
4.822266,-0.152344,-0.642578,0.000000,32.347702,5.000000
4.855469,-0.464844,0.841797,0.000000,30.629578,5.000000
4.925781,-0.779297,0.164062,0.000000,29.768084,5.000000
0.037109,-0.035156,0.064453,0.000000,30.111473,5.000000
0.044922,-0.046875,0.103516,0.000000,29.030899,5.000000
1.179688,-0.449219,0.345703,0.000000,21.398790,5.000000
1.236328,-0.464844,0.283203,0.000000,19.731279,5.000000
0.011719,-0.039062,-0.007812,0.000000,30.707766,6.000000
0.027344,-0.076172,-0.009766,0.000000,31.914511,6.000000
0.029297,-0.119141,-0.005859,0.000000,30.128372,6.000000
0.056641,-0.154297,0.007812,0.000000,25.403296,6.000000
0.255859,0.039062,-1.242188,0.000000,23.502480,6.000000
0.173828,0.041016,-1.296875,0.000000,24.313637,6.000000
0.480469,0.042969,1.259766,0.000000,22.455126,6.000000
1.970703,-0.250000,-0.265625,0.000000,27.701153,6.000000
2.621094,-0.175781,1.031250,0.000000,29.314579,6.000000
2.701172,-0.089844,0.943359,0.000000,32.581581,6.000000
2.765625,-0.089844,0.884766,0.000000,31.880844,6.000000
4.302734,-0.000000,1.453125,0.000000,27.693773,6.000000
4.390625,-0.142578,1.300781,0.000000,31.436392,6.000000
4.464844,-0.144531,1.191406,0.000000,31.102530,6.000000
4.648438,-0.000000,0.367188,0.000000,29.982594,6.000000
4.691406,-0.000000,0.345703,0.000000,30.755470,6.000000
4.740234,-0.148438,-0.179688,0.000000,29.329807,6.000000
4.744141,-0.298828,-0.562500,0.000000,33.281757,6.000000
4.792969,-0.150391,-0.550781,0.000000,34.299137,6.000000
4.822266,-0.152344,-0.646484,0.000000,31.607685,6.000000
4.865234,-0.464844,0.783203,0.000000,30.962147,6.000000
4.923828,-0.779297,0.210938,0.000000,30.511526,6.000000
0.037109,-0.035156,0.064453,0.000000,30.107239,6.000000
0.044922,-0.046875,0.103516,0.000000,29.030899,6.000000
1.175781,-0.449219,0.357422,0.000000,21.430147,6.000000
1.232422,-0.464844,0.294922,0.000000,19.684830,6.000000
0.011719,-0.039062,-0.007812,0.000000,30.711452,7.000000
0.027344,-0.076172,-0.009766,0.000000,31.911715,7.000000
0.029297,-0.119141,-0.005859,0.000000,30.128372,7.000000
0.056641,-0.154297,0.007812,0.000000,25.415792,7.000000
0.259766,0.039062,-1.240234,0.000000,23.521826,7.000000
0.128906,-0.000000,1.302734,0.000000,24.345690,7.000000
0.488281,0.042969,1.257812,0.000000,22.552725,7.000000
2.619141,-0.175781,1.037109,0.000000,29.444826,7.000000
2.703125,-0.089844,0.939453,0.000000,32.669369,7.000000
2.769531,-0.089844,0.867188,0.000000,31.956230,7.000000
4.304688,-0.000000,1.445312,0.000000,27.634279,7.000000
4.394531,-0.142578,1.289062,0.000000,31.411362,7.000000
4.466797,-0.144531,1.183594,0.000000,31.092409,7.000000
4.650391,-0.000000,0.359375,0.000000,29.921114,7.000000
4.693359,-0.000000,0.332031,0.000000,30.704073,7.000000
4.738281,-0.148438,-0.216797,0.000000,29.552065,7.000000
4.742188,-0.298828,-0.574219,0.000000,33.404442,7.000000
4.785156,-0.300781,-0.562500,0.000000,34.457600,7.000000
4.824219,-0.152344,-0.630859,0.000000,31.908916,7.000000
4.875000,-0.464844,0.720703,0.000000,31.038036,7.000000
4.902344,-0.935547,0.007812,0.000000,30.689276,7.000000
4.855469,-1.257812,-0.390625,0.000000,29.138138,7.000000
0.037109,-0.035156,0.064453,0.000000,30.107239,7.000000
0.044922,-0.046875,0.103516,0.000000,29.036325,7.000000
1.246094,-0.464844,0.234375,0.000000,19.637878,7.000000
0.011719,-0.039062,-0.007812,0.000000,30.707766,8.000000
0.027344,-0.076172,-0.009766,0.000000,31.911715,8.000000
0.029297,-0.119141,-0.005859,0.000000,30.124153,8.000000
0.056641,-0.154297,0.007812,0.000000,25.403296,8.000000
0.238281,0.039062,-1.244141,0.000000,23.541084,8.000000
0.148438,-0.000000,1.300781,0.000000,24.361626,8.000000
0.447266,0.042969,1.273438,0.000000,22.528530,8.000000
2.628906,-0.175781,1.011719,0.000000,29.360107,8.000000
2.703125,-0.089844,0.941406,0.000000,32.615009,8.000000
2.763672,-0.089844,0.888672,0.000000,31.917303,8.000000
4.386719,-0.142578,1.314453,0.000000,31.383026,8.000000
4.466797,-0.144531,1.181641,0.000000,31.095785,8.000000
4.644531,-0.000000,0.410156,0.000000,29.836264,8.000000
4.687500,-0.000000,0.402344,0.000000,30.523090,8.000000
4.738281,-0.148438,-0.187500,0.000000,29.190781,8.000000
4.742188,-0.298828,-0.580078,0.000000,33.119656,8.000000
4.785156,-0.300781,-0.562500,0.000000,34.070507,8.000000
4.826172,-0.152344,-0.619141,0.000000,31.414497,8.000000
4.847656,-0.308594,0.955078,0.000000,30.681858,8.000000
4.923828,-0.623047,0.521484,0.000000,29.175055,8.000000
0.037109,-0.035156,0.064453,0.000000,30.107239,8.000000
0.044922,-0.046875,0.103516,0.000000,29.030899,8.000000
1.177734,-0.449219,0.353516,0.000000,21.461281,8.000000
1.238281,-0.464844,0.267578,0.000000,19.731279,8.000000
0.011719,-0.039062,-0.007812,0.000000,30.707766,9.000000
0.027344,-0.076172,-0.009766,0.000000,31.911715,9.000000
0.029297,-0.119141,-0.005859,0.000000,30.128372,9.000000
0.056641,-0.154297,0.007812,0.000000,25.403296,9.000000
0.230469,0.039062,-1.246094,0.000000,23.502480,9.000000
0.160156,0.041016,-1.298828,0.000000,24.329693,9.000000
0.480469,0.042969,1.261719,0.000000,22.479733,9.000000
1.941406,-0.183594,-0.226562,0.000000,28.692318,9.000000
1.976562,-0.187500,-0.269531,0.000000,30.305998,9.000000
2.013672,-0.191406,-0.306641,0.000000,28.698181,9.000000
2.623047,-0.175781,1.027344,0.000000,29.380192,9.000000
2.705078,-0.089844,0.937500,0.000000,32.626884,9.000000
2.765625,-0.089844,0.884766,0.000000,31.911715,9.000000
4.279297,-0.142578,1.513672,0.000000,27.626785,9.000000
4.390625,-0.142578,1.302734,0.000000,31.357685,9.000000
4.464844,-0.144531,1.185547,0.000000,31.034616,9.000000
4.644531,-0.000000,0.419922,0.000000,29.876663,9.000000
4.689453,-0.000000,0.382812,0.000000,30.655798,9.000000
4.742188,-0.298828,-0.564453,0.000000,33.684727,9.000000
4.792969,-0.150391,-0.548828,0.000000,34.683472,9.000000
4.820312,-0.152344,-0.666016,0.000000,31.789770,9.000000
4.849609,-0.308594,0.945312,0.000000,30.838608,9.000000
0.037109,-0.035156,0.064453,0.000000,30.115704,9.000000
0.044922,-0.046875,0.103516,0.000000,29.036325,9.000000
1.179688,-0.449219,0.345703,0.000000,21.398790,9.000000
1.240234,-0.464844,0.261719,0.000000,19.684830,9.000000
0.011719,-0.039062,-0.007812,0.000000,30.711452,10.000000
0.027344,-0.076172,-0.009766,0.000000,31.914511,10.000000
0.029297,-0.119141,-0.005859,0.000000,30.124153,10.000000
0.056641,-0.154297,0.007812,0.000000,25.390760,10.000000
0.244141,0.039062,-1.244141,0.000000,23.521826,10.000000
0.140625,0.041016,-1.300781,0.000000,24.377506,10.000000
0.500000,0.042969,1.253906,0.000000,22.576786,10.000000
1.931641,-0.183594,-0.300781,0.000000,29.350031,10.000000
1.970703,-0.187500,-0.316406,0.000000,31.020905,10.000000
2.003906,-0.191406,-0.363281,0.000000,29.169800,10.000000
2.630859,-0.175781,1.007812,0.000000,29.459606,10.000000
2.703125,-0.089844,0.943359,0.000000,32.655254,10.000000
2.763672,-0.089844,0.890625,0.000000,31.936810,10.000000
4.292969,-0.142578,1.470703,0.000000,27.664129,10.000000
4.392578,-0.142578,1.294922,0.000000,31.360861,10.000000
4.462891,-0.144531,1.195312,0.000000,31.007151,10.000000
4.644531,-0.000000,0.412109,0.000000,29.849771,10.000000
4.689453,-0.000000,0.371094,0.000000,30.726175,10.000000
4.746094,-0.150391,-0.591797,0.000000,32.127201,10.000000
4.787109,-0.150391,-0.593750,0.000000,33.265408,10.000000
4.806641,-0.152344,-0.750000,0.000000,30.161974,10.000000
