4.785156,-0.150391,-0.619141,0.000000,32.201080,0.000000
4.869141,-0.308594,0.839844,0.000000,31.027765,0.000000
4.919922,-0.623047,0.554688,0.000000,29.523081,0.000000
0.037109,-0.035156,0.064453,0.000000,30.115704,0.000000
0.044922,-0.046875,0.103516,0.000000,29.036325,0.000000
1.234375,-0.464844,0.291016,0.000000,19.684830,0.000000
0.011719,-0.039062,-0.007812,0.000000,30.729847,1.000000
0.027344,-0.076172,-0.009766,0.000000,31.925674,1.000000
0.029297,-0.119141,-0.005859,0.000000,30.136797,1.000000
0.056641,-0.154297,0.007812,0.000000,25.415792,1.000000
0.263672,0.039062,-1.240234,0.000000,23.560259,1.000000
0.132812,-0.000000,1.302734,0.000000,24.377506,1.000000
0.462891,0.042969,1.267578,0.000000,22.576786,1.000000
1.976562,-0.250000,-0.216797,0.000000,27.803173,1.000000
2.015625,-0.255859,-0.234375,0.000000,28.450981,1.000000
2.628906,-0.175781,1.011719,0.000000,29.380192,1.000000
2.669922,-0.179688,1.021484,0.000000,32.593548,1.000000
2.761719,-0.089844,0.894531,0.000000,31.861084,1.000000
4.289062,-0.142578,1.484375,0.000000,27.701153,1.000000
4.392578,-0.142578,1.294922,0.000000,31.411362,1.000000
4.468750,-0.144531,1.175781,0.000000,31.041456,1.000000
4.650391,-0.000000,0.339844,0.000000,29.929951,1.000000
4.693359,-0.000000,0.314453,0.000000,30.969101,1.000000
4.744141,-0.000000,-0.117188,0.000000,29.415113,1.000000
4.742188,-0.298828,-0.580078,0.000000,33.613499,1.000000
4.791016,-0.150391,-0.572266,0.000000,34.684952,1.000000
4.816406,-0.152344,-0.691406,0.000000,31.961761,1.000000
4.843750,-0.308594,0.970703,0.000000,30.622059,1.000000
4.931641,-0.468750,0.601562,0.000000,28.981766,1.000000
0.037109,-0.035156,0.064453,0.000000,30.119930,1.000000
0.044922,-0.046875,0.103516,0.000000,29.041744,1.000000
1.181641,-0.449219,0.337891,0.000000,21.430147,1.000000
1.240234,-0.464844,0.265625,0.000000,19.731279,1.000000
0.011719,-0.039062,-0.007812,0.000000,30.722500,2.000000
0.027344,-0.076172,-0.009766,0.000000,31.920095,2.000000
0.029297,-0.119141,-0.005859,0.000000,30.132587,2.000000
0.056641,-0.154297,0.007812,0.000000,25.415792,2.000000
0.230469,0.039062,-1.246094,0.000000,23.598354,2.000000
0.191406,0.041016,-1.294922,0.000000,24.393328,2.000000
0.462891,0.042969,1.267578,0.000000,22.576786,2.000000
1.859375,-0.294922,0.025391,0.000000,26.580114,2.000000
2.625000,-0.175781,1.023438,0.000000,29.449759,2.000000
2.667969,-0.179688,1.023438,0.000000,32.657608,2.000000
2.763672,-0.089844,0.886719,0.000000,31.911715,2.000000
4.292969,-0.142578,1.472656,0.000000,27.634279,2.000000
4.390625,-0.142578,1.300781,0.000000,31.364035,2.000000
4.464844,-0.144531,1.189453,0.000000,30.965624,2.000000
4.648438,-0.000000,0.382812,0.000000,29.717396,2.000000
4.691406,-0.000000,0.359375,0.000000,30.715137,2.000000
4.738281,-0.148438,-0.224609,0.000000,29.469433,2.000000
4.742188,-0.298828,-0.570312,0.000000,33.669830,2.000000
4.785156,-0.300781,-0.562500,0.000000,34.626972,2.000000
4.820312,-0.152344,-0.660156,0.000000,31.975563,2.000000
4.828125,-0.308594,1.048828,0.000000,30.244856,2.000000
4.941406,-0.623047,0.312500,0.000000,28.579353,2.000000
0.037109,-0.035156,0.064453,0.000000,30.115704,2.000000
0.044922,-0.046875,0.103516,0.000000,29.041744,2.000000
1.234375,-0.464844,0.289062,0.000000,19.684830,2.000000
0.011719,-0.039062,-0.007812,0.000000,30.726175,3.000000
0.027344,-0.076172,-0.009766,0.000000,31.925674,3.000000
0.029297,-0.119141,-0.005859,0.000000,30.136797,3.000000
0.056641,-0.154297,0.007812,0.000000,25.403296,3.000000
0.257812,0.039062,-1.240234,0.000000,23.560259,3.000000
0.078125,-0.000000,1.306641,0.000000,24.361626,3.000000
0.429688,0.042969,1.279297,0.000000,22.552725,3.000000
2.623047,-0.175781,1.027344,0.000000,29.410143,3.000000
2.667969,-0.179688,1.023438,0.000000,32.652897,3.000000
2.765625,-0.089844,0.884766,0.000000,31.931246,3.000000
4.287109,-0.142578,1.490234,0.000000,27.745171,3.000000
4.386719,-0.142578,1.312500,0.000000,31.427023,3.000000
4.464844,-0.144531,1.187500,0.000000,31.085649,3.000000
4.646484,-0.000000,0.396484,0.000000,29.943172,3.000000
4.691406,-0.000000,0.335938,0.000000,30.888445,3.000000
4.744141,-0.000000,-0.066406,0.000000,29.283958,3.000000
4.744141,-0.298828,-0.556641,0.000000,32.690456,3.000000
4.785156,-0.300781,-0.560547,0.000000,33.805729,3.000000
4.822266,-0.152344,-0.654297,0.000000,31.316187,3.000000
4.875000,-0.308594,0.804688,0.000000,30.913151,3.000000
4.925781,-0.779297,0.166016,0.000000,29.969492,3.000000
0.037109,-0.035156,0.064453,0.000000,30.115704,3.000000
0.044922,-0.046875,0.103516,0.000000,29.036325,3.000000
1.171875,-0.449219,0.371094,0.000000,21.398790,3.000000
1.228516,-0.464844,0.312500,0.000000,19.637878,3.000000
0.011719,-0.039062,-0.007812,0.000000,30.726175,4.000000
0.027344,-0.076172,-0.009766,0.000000,31.922886,4.000000
0.029297,-0.119141,-0.005859,0.000000,30.132587,4.000000
0.056641,-0.154297,0.005859,0.000000,25.403296,4.000000
0.283203,0.039062,-1.236328,0.000000,23.502480,4.000000
0.072266,-0.000000,1.306641,0.000000,24.345690,4.000000
0.455078,0.042969,1.271484,0.000000,22.528530,4.000000
2.621094,-0.175781,1.031250,0.000000,29.370161,4.000000
2.666016,-0.179688,1.031250,0.000000,32.605484,4.000000
2.759766,-0.089844,0.898438,0.000000,31.878027,4.000000
4.292969,-0.142578,1.470703,0.000000,27.817554,4.000000
4.386719,-0.142578,1.316406,0.000000,31.398790,4.000000
4.462891,-0.144531,1.197266,0.000000,31.000257,4.000000
4.644531,-0.000000,0.423828,0.000000,29.777237,4.000000
4.689453,-0.000000,0.375000,0.000000,30.770042,4.000000
4.744141,-0.298828,-0.554688,0.000000,32.648178,4.000000
4.792969,-0.150391,-0.542969,0.000000,33.732800,4.000000
4.820312,-0.152344,-0.667969,0.000000,31.007151,4.000000
4.857422,-0.308594,0.898438,0.000000,30.737183,4.000000
4.935547,-0.623047,0.404297,0.000000,29.289078,4.000000
0.037109,-0.035156,0.064453,0.000000,30.119930,4.000000
0.044922,-0.046875,0.103516,0.000000,29.041744,4.000000
1.177734,-0.449219,0.353516,0.000000,21.367207,4.000000
1.236328,-0.464844,0.275391,0.000000,19.637878,4.000000
0.011719,-0.039062,-0.007812,0.000000,30.711452,5.000000
0.027344,-0.076172,-0.009766,0.000000,31.917303,5.000000
0.029297,-0.119141,-0.005859,0.000000,30.128372,5.000000
0.056641,-0.154297,0.007812,0.000000,25.403296,5.000000
0.230469,0.039062,-1.246094,0.000000,23.560259,5.000000
0.154297,-0.000000,1.300781,0.000000,24.345690,5.000000
0.460938,0.042969,1.267578,0.000000,22.504200,5.000000
1.957031,-0.250000,-0.349609,0.000000,29.493900,5.000000
1.986328,-0.255859,-0.416016,0.000000,31.065308,5.000000
2.019531,-0.261719,-0.457031,0.000000,29.132839,5.000000
2.632812,-0.175781,1.003906,0.000000,29.385197,5.000000
2.669922,-0.179688,1.019531,0.000000,32.626884,5.000000
2.763672,-0.089844,0.886719,0.000000,31.908916,5.000000
4.283203,-0.142578,1.500000,0.000000,27.810369,5.000000
4.380859,-0.142578,1.333984,0.000000,31.392492,5.000000
4.455078,-0.144531,1.220703,0.000000,31.024338,5.000000
4.644531,-0.000000,0.414062,0.000000,29.916691,5.000000
4.691406,-0.000000,0.337891,0.000000,30.877813,5.000000
4.744141,-0.000000,-0.048828,0.000000,29.143431,5.000000
4.744141,-0.298828,-0.558594,0.000000,32.706787,5.000000
4.792969,-0.150391,-0.554688,0.000000,33.857849,5.000000
4.818359,-0.152344,-0.669922,0.000000,31.367207,5.000000
4.871094,-0.464844,0.740234,0.000000,31.075491,5.000000
4.927734,-0.779297,0.125000,0.000000,30.681858,5.000000
4.847656,-1.257812,-0.480469,0.000000,29.216866,5.000000
0.037109,-0.035156,0.064453,0.000000,30.111473,5.000000
0.044922,-0.046875,0.103516,0.000000,29.041744,5.000000
1.177734,-0.449219,0.353516,0.000000,21.367207,5.000000
1.236328,-0.464844,0.281250,0.000000,19.637878,5.000000
0.011719,-0.039062,-0.007812,0.000000,30.722500,6.000000
0.027344,-0.076172,-0.009766,0.000000,31.925674,6.000000
0.029297,-0.119141,-0.005859,0.000000,30.136797,6.000000
0.056641,-0.154297,0.005859,0.000000,25.403296,6.000000
0.271484,0.039062,-1.238281,0.000000,23.560259,6.000000
0.232422,0.041016,-1.287109,0.000000,24.361626,6.000000
0.458984,0.042969,1.269531,0.000000,22.552725,6.000000
2.626953,-0.175781,1.015625,0.000000,29.405165,6.000000
2.667969,-0.179688,1.023438,0.000000,32.626884,6.000000
2.765625,-0.089844,0.884766,0.000000,31.906118,6.000000
4.287109,-0.142578,1.490234,0.000000,27.788744,6.000000
4.386719,-0.142578,1.312500,0.000000,31.386185,6.000000
4.464844,-0.144531,1.187500,0.000000,31.007151,6.000000
4.644531,-0.000000,0.421875,0.000000,29.786369,6.000000
4.689453,-0.000000,0.363281,0.000000,30.726175,6.000000
4.744141,-0.000000,-0.068359,0.000000,29.159271,6.000000
4.742188,-0.298828,-0.572266,0.000000,33.244881,6.000000
4.791016,-0.150391,-0.572266,0.000000,34.424797,6.000000
4.818359,-0.152344,-0.681641,0.000000,32.100510,6.000000
4.859375,-0.308594,0.886719,0.000000,30.780941,6.000000
4.916016,-0.779297,0.355469,0.000000,29.532763,6.000000
0.037109,-0.035156,0.064453,0.000000,30.115704,6.000000
0.044922,-0.046875,0.103516,0.000000,29.036325,6.000000
1.232422,-0.464844,0.298828,0.000000,19.590414,6.000000
0.011719,-0.039062,-0.007812,0.000000,30.718821,7.000000
0.027344,-0.076172,-0.009766,0.000000,31.917303,7.000000
0.029297,-0.119141,-0.005859,0.000000,30.128372,7.000000
0.056641,-0.154297,0.007812,0.000000,25.403296,7.000000
0.259766,0.039062,-1.240234,0.000000,23.521826,7.000000
0.187500,0.041016,-1.294922,0.000000,24.361626,7.000000
0.472656,0.042969,1.263672,0.000000,22.552725,7.000000
2.625000,-0.175781,1.019531,0.000000,29.370161,7.000000
2.703125,-0.089844,0.939453,0.000000,32.612629,7.000000
2.763672,-0.089844,0.890625,0.000000,31.894903,7.000000
4.296875,-0.142578,1.460938,0.000000,27.824726,7.000000
4.394531,-0.142578,1.285156,0.000000,31.417633,7.000000
4.468750,-0.144531,1.169922,0.000000,31.000257,7.000000
4.644531,-0.000000,0.408203,0.000000,29.827234,7.000000
4.691406,-0.000000,0.351562,0.000000,30.809870,7.000000
4.744141,-0.000000,-0.064453,0.000000,29.196011,7.000000
4.742188,-0.298828,-0.570312,0.000000,33.277676,7.000000
4.791016,-0.150391,-0.574219,0.000000,34.490154,7.000000
4.818359,-0.152344,-0.679688,0.000000,32.089787,7.000000
4.859375,-0.308594,0.892578,0.000000,30.784569,7.000000
4.931641,-0.623047,0.431641,0.000000,29.513374,7.000000
0.037109,-0.035156,0.064453,0.000000,30.115704,7.000000
0.044922,-0.046875,0.105469,0.000000,29.036325,7.000000
1.177734,-0.449219,0.351562,0.000000,21.398790,7.000000
1.238281,-0.464844,0.267578,0.000000,19.637878,7.000000
0.011719,-0.039062,-0.007812,0.000000,30.722500,8.000000
0.027344,-0.076172,-0.009766,0.000000,31.920095,8.000000
0.029297,-0.119141,-0.005859,0.000000,30.132587,8.000000
0.056641,-0.154297,0.007812,0.000000,25.415792,8.000000
0.265625,0.039062,-1.240234,0.000000,23.579348,8.000000
0.126953,-0.000000,1.302734,0.000000,24.361626,8.000000
0.480469,0.042969,1.259766,0.000000,22.528530,8.000000
2.625000,-0.175781,1.023438,0.000000,29.380192,8.000000
2.701172,-0.089844,0.943359,0.000000,32.641090,8.000000
2.763672,-0.089844,0.886719,0.000000,31.906118,8.000000
4.300781,-0.000000,1.457031,0.000000,27.824726,8.000000
4.392578,-0.142578,1.292969,0.000000,31.445742,8.000000
4.464844,-0.144531,1.185547,0.000000,31.027765,8.000000
4.646484,-0.000000,0.402344,0.000000,29.863237,8.000000
4.691406,-0.000000,0.353516,0.000000,30.715137,8.000000
4.744141,-0.298828,-0.560547,0.000000,32.971035,8.000000
4.791016,-0.150391,-0.562500,0.000000,34.124607,8.000000
4.818359,-0.152344,-0.677734,0.000000,31.676126,8.000000
4.867188,-0.308594,0.847656,0.000000,30.824263,8.000000
4.943359,-0.623047,0.283203,0.000000,29.712759,8.000000
0.037109,-0.035156,0.064453,0.000000,30.115704,8.000000
0.044922,-0.046875,0.103516,0.000000,29.036325,8.000000
1.177734,-0.449219,0.353516,0.000000,21.461281,8.000000
1.238281,-0.464844,0.273438,0.000000,19.731279,8.000000
0.011719,-0.039062,-0.007812,0.000000,30.722500,9.000000
0.027344,-0.076172,-0.009766,0.000000,31.922886,9.000000
0.029297,-0.119141,-0.005859,0.000000,30.132587,9.000000
0.056641,-0.154297,0.007812,0.000000,25.403296,9.000000
0.267578,0.039062,-1.238281,0.000000,23.502480,9.000000
0.214844,0.041016,-1.291016,0.000000,24.345690,9.000000
0.462891,0.042969,1.267578,0.000000,22.528530,9.000000
2.623047,-0.175781,1.025391,0.000000,29.434946,9.000000
2.703125,-0.089844,0.941406,0.000000,32.664669,9.000000
2.765625,-0.089844,0.882812,0.000000,31.950689,9.000000
4.302734,-0.142578,1.441406,0.000000,27.831886,9.000000
4.394531,-0.142578,1.289062,0.000000,31.445742,9.000000
4.468750,-0.144531,1.177734,0.000000,31.038036,9.000000
4.646484,-0.000000,0.384766,0.000000,29.858753,9.000000
4.691406,-0.000000,0.353516,0.000000,30.784569,9.000000
4.744141,-0.000000,-0.050781,0.000000,29.159271,9.000000
4.744141,-0.298828,-0.562500,0.000000,32.990711,9.000000
4.792969,-0.150391,-0.556641,0.000000,34.080704,9.000000
4.822266,-0.152344,-0.654297,0.000000,31.535099,9.000000
4.861328,-0.308594,0.876953,0.000000,30.802656,9.000000
4.931641,-0.623047,0.443359,0.000000,29.370161,9.000000
0.037109,-0.035156,0.064453,0.000000,30.119930,9.000000
0.044922,-0.046875,0.103516,0.000000,29.041744,9.000000
1.175781,-0.449219,0.355469,0.000000,21.367207,9.000000
1.238281,-0.464844,0.271484,0.000000,19.637878,9.000000
0.011719,-0.039062,-0.007812,0.000000,30.722500,10.000000
0.027344,-0.076172,-0.009766,0.000000,31.922886,10.000000
0.029297,-0.119141,-0.005859,0.000000,30.132587,10.000000
0.056641,-0.154297,0.007812,0.000000,25.415792,10.000000
0.265625,0.039062,-1.240234,0.000000,23.560259,10.000000
0.152344,0.041016,-1.298828,0.000000,24.377506,10.000000
0.486328,0.042969,1.257812,0.000000,22.528530,10.000000
2.626953,-0.175781,1.019531,0.000000,29.395193,10.000000
2.703125,-0.089844,0.939453,0.000000,32.643456,10.000000
2.767578,-0.089844,0.876953,0.000000,31.914511,10.000000
4.308594,-0.142578,1.427734,0.000000,27.846172,10.000000
4.400391,-0.142578,1.265625,0.000000,31.448854,10.000000
4.478516,-0.144531,1.138672,0.000000,31.027765,10.000000
4.646484,-0.000000,0.398438,0.000000,29.872192,10.000000
4.691406,-0.000000,0.343750,0.000000,30.795429,10.000000
4.744141,-0.000000,-0.101562,0.000000,29.350031,10.000000
4.744141,-0.298828,-0.564453,0.000000,33.104809,10.000000
4.792969,-0.150391,-0.552734,0.000000,34.136349,10.000000
4.824219,-0.152344,-0.632812,0.000000,31.538149,10.000000
4.859375,-0.308594,0.884766,0.000000,30.696680,10.000000
4.931641,-0.623047,0.449219,0.000000,29.009130,10.000000
0.037109,-0.035156,0.064453,0.000000,30.115704,10.000000
