0.773438,-0.000000,1.105469,0.000000,20.606977,0.000000
1.298828,-0.173828,0.462891,0.000000,24.014006,0.000000
1.414062,-0.224609,0.003906,0.000000,21.903316,0.000000
1.453125,-0.138672,-0.191406,0.000000,29.740509,0.000000
1.498047,-0.142578,-0.164062,0.000000,31.303337,0.000000
1.541016,-0.146484,-0.150391,0.000000,28.825245,0.000000
2.552734,-0.263672,1.173828,0.000000,29.375179,0.000000
2.605469,-0.267578,1.156250,0.000000,32.725376,0.000000
2.662109,-0.181641,1.148438,0.000000,31.967287,0.000000
4.419922,-0.287109,1.167969,0.000000,31.341770,0.000000
4.455078,-0.433594,1.150391,0.000000,31.027765,0.000000
0.041016,-0.033203,0.062500,0.000000,30.081741,0.000000
0.052734,-0.042969,0.101562,0.000000,28.965261,0.000000
1.115234,-0.515625,0.310547,0.000000,19.030899,0.000000
0.011719,-0.039062,-0.007812,0.000000,30.692980,1.000000
0.017578,-0.080078,-0.007812,0.000000,31.939590,1.000000
0.029297,-0.119141,-0.005859,0.000000,30.203613,1.000000
0.056641,-0.154297,0.005859,0.000000,25.477747,1.000000
0.326172,-0.080078,-1.222656,0.000000,21.846914,1.000000
0.310547,-0.041016,-1.271484,0.000000,22.988531,1.000000
1.316406,-0.294922,-0.060547,0.000000,20.253059,1.000000
1.369141,-0.216797,0.099609,0.000000,24.248816,1.000000
1.406250,-0.224609,0.156250,0.000000,24.424797,1.000000
1.417969,-0.275391,-0.283203,0.000000,25.797836,1.000000
1.359375,-0.332031,-0.578125,0.000000,26.794279,1.000000
1.298828,-0.339844,-0.785156,0.000000,24.871384,1.000000
2.554688,-0.263672,1.171875,0.000000,29.405165,1.000000
2.607422,-0.267578,1.150391,0.000000,32.718414,1.000000
2.667969,-0.181641,1.134766,0.000000,31.939590,1.000000
4.417969,-0.287109,1.181641,0.000000,31.212315,1.000000
4.474609,-0.289062,1.121094,0.000000,30.784569,1.000000
0.041016,-0.033203,0.062500,0.000000,30.081741,1.000000
0.052734,-0.042969,0.101562,0.000000,28.965261,1.000000
1.015625,0.042969,-0.888672,0.000000,19.493900,1.000000
0.861328,1.068359,-0.730469,0.000000,24.563660,1.000000
0.011719,-0.039062,-0.007812,0.000000,30.692980,2.000000
0.017578,-0.080078,-0.007812,0.000000,31.939590,2.000000
0.029297,-0.119141,-0.005859,0.000000,30.203613,2.000000
0.056641,-0.154297,0.005859,0.000000,25.477747,2.000000
0.337891,-0.080078,-1.220703,0.000000,21.789770,2.000000
0.228516,-0.000000,-1.289062,0.000000,22.201080,2.000000
1.308594,-0.294922,0.146484,0.000000,22.121876,2.000000
1.351562,-0.216797,0.242188,0.000000,23.961994,2.000000
1.445312,0.046875,-0.277344,0.000000,26.512779,2.000000
1.478516,0.046875,-0.316406,0.000000,27.558748,2.000000
1.531250,0.048828,-0.257812,0.000000,25.943926,2.000000
2.544922,-0.263672,1.191406,0.000000,29.474337,2.000000
2.603516,-0.267578,1.160156,0.000000,32.750809,2.000000
2.662109,-0.181641,1.146484,0.000000,31.972805,2.000000
4.414062,-0.287109,1.191406,0.000000,30.827854,2.000000
4.478516,-0.289062,1.103516,0.000000,30.132587,2.000000
0.041016,-0.033203,0.062500,0.000000,30.090258,2.000000
0.052734,-0.042969,0.101562,0.000000,28.970770,2.000000
1.123047,-0.474609,0.349609,0.000000,18.920946,2.000000
1.224609,-0.449219,0.095703,0.000000,19.493900,2.000000
1.035156,-0.460938,0.941406,0.000000,24.099331,2.000000
0.976562,-0.472656,1.054688,0.000000,26.273659,2.000000
0.341797,-0.486328,1.435547,0.000000,25.854607,2.000000
2.781250,-2.003906,-3.039062,0.000000,27.923918,2.000000
2.664062,-2.021484,-3.191406,0.000000,27.299744,2.000000
0.011719,-0.039062,-0.007812,0.000000,30.696680,3.000000
0.017578,-0.080078,-0.007812,0.000000,31.939590,3.000000
0.029297,-0.119141,-0.005859,0.000000,30.203613,3.000000
0.056641,-0.154297,0.005859,0.000000,25.477747,3.000000
0.333984,-0.080078,-1.220703,0.000000,21.846914,3.000000
0.400391,-0.041016,-1.246094,0.000000,23.324385,3.000000
1.314453,-0.042969,-0.302734,0.000000,23.783979,3.000000
1.386719,-0.087891,-0.035156,0.000000,24.842999,3.000000
1.414062,-0.134766,-0.179688,0.000000,27.015680,3.000000
1.445312,-0.138672,-0.246094,0.000000,30.047512,3.000000
1.468750,-0.189453,-0.310547,0.000000,30.618294,3.000000
1.501953,-0.193359,-0.351562,0.000000,28.135809,3.000000
2.560547,-0.263672,1.160156,0.000000,29.459606,3.000000
2.607422,-0.267578,1.152344,0.000000,32.748505,3.000000
2.666016,-0.181641,1.138672,0.000000,31.981070,3.000000
4.421875,-0.287109,1.167969,0.000000,30.817072,3.000000
4.458984,-0.289062,1.181641,0.000000,29.965117,3.000000
0.041016,-0.033203,0.062500,0.000000,30.081741,3.000000
0.052734,-0.042969,0.101562,0.000000,28.965261,3.000000
1.121094,-0.515625,0.296875,0.000000,18.920946,3.000000
1.318359,-0.126953,-0.265625,0.000000,23.783979,3.000000
0.361328,0.630859,1.373047,0.000000,25.502283,3.000000
2.800781,-2.003906,-3.021484,0.000000,27.831886,3.000000
2.935547,-2.021484,-2.941406,0.000000,27.134905,3.000000
0.011719,-0.039062,-0.007812,0.000000,30.696680,4.000000
0.017578,-0.080078,-0.007812,0.000000,31.939590,4.000000
0.029297,-0.119141,-0.005859,0.000000,30.199467,4.000000
0.056641,-0.154297,0.005859,0.000000,25.465427,4.000000
0.335938,-0.080078,-1.220703,0.000000,21.702618,4.000000
0.134766,-0.000000,-1.302734,0.000000,21.335388,4.000000
1.320312,-0.253906,0.128906,0.000000,24.132998,4.000000
1.367188,-0.173828,0.183594,0.000000,26.384893,4.000000
1.355469,-0.134766,0.441406,0.000000,24.424797,4.000000
1.447266,-0.183594,-0.203125,0.000000,29.138138,4.000000
1.484375,-0.189453,-0.232422,0.000000,30.591846,4.000000
1.513672,-0.193359,-0.292969,0.000000,28.325089,4.000000
2.548828,-0.263672,1.181641,0.000000,29.429996,4.000000
2.605469,-0.267578,1.158203,0.000000,32.732327,4.000000
2.666016,-0.181641,1.136719,0.000000,31.958996,4.000000
4.419922,-0.287109,1.171875,0.000000,30.663260,4.000000
4.476562,-0.289062,1.113281,0.000000,30.086002,4.000000
4.886719,-0.308594,0.728516,0.000000,29.982594,4.000000
0.041016,-0.033203,0.062500,0.000000,30.086002,4.000000
0.052734,-0.042969,0.101562,0.000000,28.970770,4.000000
1.113281,-0.515625,0.324219,0.000000,18.920946,4.000000
1.220703,0.449219,0.138672,0.000000,19.493900,4.000000
2.775391,-2.003906,-3.044922,0.000000,27.788744,4.000000
2.759766,-2.021484,-3.107422,0.000000,27.193314,4.000000
0.011719,-0.039062,-0.007812,0.000000,30.700378,5.000000
0.017578,-0.080078,-0.007812,0.000000,31.939590,5.000000
0.029297,-0.119141,-0.005859,0.000000,30.199467,5.000000
0.056641,-0.154297,0.005859,0.000000,25.465427,5.000000
0.242188,-0.080078,-1.242188,0.000000,21.643528,5.000000
0.603516,-0.041016,1.160156,0.000000,22.528530,5.000000
1.306641,-0.337891,0.048828,0.000000,20.899052,5.000000
1.347656,-0.261719,0.226562,0.000000,20.413927,5.000000
1.396484,-0.134766,0.285156,0.000000,23.404442,5.000000
1.460938,-0.138672,-0.117188,0.000000,28.413595,5.000000
1.492188,-0.093750,-0.230469,0.000000,29.863237,5.000000
1.509766,-0.146484,-0.341797,0.000000,27.895807,5.000000
2.548828,-0.263672,1.181641,0.000000,29.395193,5.000000
2.605469,-0.267578,1.158203,0.000000,32.725376,5.000000
2.664062,-0.181641,1.142578,0.000000,31.964525,5.000000
4.421875,-0.287109,1.160156,0.000000,30.888445,5.000000
4.482422,-0.289062,1.093750,0.000000,30.297895,5.000000
4.822266,-0.464844,1.015625,0.000000,30.523090,5.000000
0.041016,-0.033203,0.062500,0.000000,30.086002,5.000000
0.052734,-0.042969,0.101562,0.000000,28.965261,5.000000
1.123047,-0.474609,0.349609,0.000000,18.864906,5.000000
1.228516,-0.449219,0.009766,0.000000,20.000000,5.000000
0.837891,0.042969,1.058594,0.000000,20.791813,5.000000
0.843750,0.087891,1.101562,0.000000,20.211893,5.000000
2.765625,-2.021484,-3.103516,0.000000,27.347998,5.000000
0.011719,-0.039062,-0.007812,0.000000,30.692980,6.000000
0.017578,-0.080078,-0.007812,0.000000,31.939590,6.000000
0.029297,-0.119141,-0.005859,0.000000,30.203613,6.000000
0.056641,-0.154297,0.005859,0.000000,25.477747,6.000000
0.242188,-0.080078,1.242188,0.000000,21.461281,6.000000
0.603516,-0.000000,1.162109,0.000000,21.172712,6.000000
1.312500,-0.253906,0.193359,0.000000,23.138672,6.000000
1.353516,-0.216797,0.230469,0.000000,24.065401,6.000000
1.416016,-0.134766,0.166016,0.000000,25.954962,6.000000
1.458984,-0.138672,-0.150391,0.000000,30.086002,6.000000
1.480469,-0.189453,-0.248047,0.000000,31.271048,6.000000
1.519531,-0.146484,-0.294922,0.000000,29.547249,6.000000
2.546875,-0.263672,1.187500,0.000000,29.434946,6.000000
2.605469,-0.267578,1.156250,0.000000,32.746197,6.000000
2.664062,-0.181641,1.142578,0.000000,31.967287,6.000000
4.417969,-0.287109,1.181641,0.000000,30.773680,6.000000
4.468750,-0.289062,1.146484,0.000000,30.178677,6.000000
4.865234,-0.308594,0.853516,0.000000,30.187004,6.000000
0.041016,-0.033203,0.062500,0.000000,30.086002,6.000000
0.052734,-0.042969,0.101562,0.000000,28.970770,6.000000
1.128906,-0.474609,0.328125,0.000000,18.750612,6.000000
1.226562,-0.328125,0.316406,0.000000,20.128372,6.000000
2.820312,-2.003906,-3.003906,0.000000,27.824726,6.000000
2.837891,-2.021484,-3.037109,0.000000,27.267273,6.000000
0.011719,-0.039062,-0.007812,0.000000,30.696680,7.000000
0.017578,-0.080078,-0.007812,0.000000,31.939590,7.000000
0.029297,-0.119141,-0.005859,0.000000,30.203613,7.000000
0.056641,-0.154297,0.005859,0.000000,25.477747,7.000000
0.527344,-0.080078,1.150391,0.000000,22.741579,7.000000
1.167969,-0.082031,0.583984,0.000000,26.042261,7.000000
1.320312,-0.167969,0.226562,0.000000,27.497364,7.000000
1.376953,-0.130859,0.148438,0.000000,27.134905,7.000000
1.335938,-0.089844,-0.507812,0.000000,23.710678,7.000000
1.455078,-0.091797,-0.212891,0.000000,28.280151,7.000000
1.501953,-0.046875,-0.175781,0.000000,30.077478,7.000000
1.542969,-0.048828,-0.189453,0.000000,28.175653,7.000000
2.554688,-0.263672,1.169922,0.000000,29.469433,7.000000
2.607422,-0.267578,1.154297,0.000000,32.743889,7.000000
2.664062,-0.181641,1.144531,0.000000,31.958996,7.000000
4.417969,-0.287109,1.181641,0.000000,30.759117,7.000000
4.460938,-0.289062,1.175781,0.000000,29.995655,7.000000
4.839844,-0.464844,0.929688,0.000000,30.565237,7.000000
0.041016,-0.033203,0.062500,0.000000,30.086002,7.000000
0.052734,-0.042969,0.101562,0.000000,28.970770,7.000000
0.564453,0.582031,1.326172,0.000000,26.304279,7.000000
2.820312,-2.003906,-3.003906,0.000000,27.788744,7.000000
2.914062,-2.021484,-2.964844,0.000000,27.168377,7.000000
0.011719,-0.039062,-0.007812,0.000000,30.700378,8.000000
0.017578,-0.080078,-0.007812,0.000000,31.942368,8.000000
0.029297,-0.119141,-0.005859,0.000000,30.203613,8.000000
0.056641,-0.154297,0.005859,0.000000,25.477747,8.000000
0.859375,-0.080078,-0.929688,0.000000,22.380461,8.000000
1.218750,-0.123047,-0.460938,0.000000,25.378191,8.000000
1.332031,-0.167969,-0.142578,0.000000,27.176704,8.000000
1.371094,-0.130859,-0.191406,0.000000,25.943926,8.000000
1.308594,-0.134766,-0.564453,0.000000,23.053514,8.000000
1.361328,-0.230469,-0.513672,0.000000,25.024271,8.000000
1.412109,-0.283203,-0.464844,0.000000,26.404814,8.000000
2.546875,-0.263672,1.187500,0.000000,29.429996,8.000000
2.605469,-0.267578,1.158203,0.000000,32.753113,8.000000
2.664062,-0.181641,1.144531,0.000000,31.992065,8.000000
4.423828,-0.287109,1.154297,0.000000,30.770042,8.000000
4.474609,-0.289062,1.126953,0.000000,30.170334,8.000000
4.875000,-0.308594,0.792969,0.000000,30.346285,8.000000
0.041016,-0.033203,0.062500,0.000000,30.086002,8.000000
0.052734,-0.042969,0.101562,0.000000,28.970770,8.000000
1.365234,0.236328,0.609375,0.000000,24.698219,8.000000
2.759766,-2.003906,-3.058594,0.000000,27.788744,8.000000
2.806641,-2.021484,-3.066406,0.000000,27.242758,8.000000
0.011719,-0.039062,-0.007812,0.000000,30.692980,9.000000
0.017578,-0.080078,-0.007812,0.000000,31.936810,9.000000
0.029297,-0.119141,-0.005859,0.000000,30.199467,9.000000
0.056641,-0.154297,0.005859,0.000000,25.477747,9.000000
0.349609,-0.039062,-1.218750,0.000000,20.374266,9.000000
0.736328,-0.000000,1.082031,0.000000,21.760912,9.000000
1.279297,-0.126953,0.410156,0.000000,23.765770,9.000000
1.382812,-0.130859,0.085938,0.000000,24.623980,9.000000
1.460938,-0.283203,-0.281250,0.000000,25.563025,9.000000
1.435547,-0.339844,-0.488281,0.000000,25.440680,9.000000
2.544922,-0.263672,1.189453,0.000000,29.449759,9.000000
2.603516,-0.267578,1.162109,0.000000,32.741577,9.000000
2.660156,-0.181641,1.152344,0.000000,31.972805,9.000000
4.423828,-0.287109,1.160156,0.000000,30.806265,9.000000
4.488281,-0.289062,1.068359,0.000000,30.305998,9.000000
4.873047,-0.308594,0.806641,0.000000,30.572857,9.000000
0.041016,-0.033203,0.062500,0.000000,30.086002,9.000000
0.052734,-0.042969,0.101562,0.000000,28.965261,9.000000
1.128906,-0.435547,0.376953,0.000000,19.138138,9.000000
1.240234,-0.328125,0.261719,0.000000,20.827854,9.000000
1.351562,0.093750,-0.673828,0.000000,23.838154,9.000000
0.568359,0.630859,1.302734,0.000000,25.378191,9.000000
2.783203,-2.003906,-3.037109,0.000000,27.817554,9.000000
2.750000,-2.021484,-3.117188,0.000000,27.315887,9.000000
0.011719,-0.039062,-0.007812,0.000000,30.692980,10.000000
0.017578,-0.080078,-0.007812,0.000000,31.939590,10.000000
0.029297,-0.119141,-0.005859,0.000000,30.199467,10.000000
0.056641,-0.154297,0.005859,0.000000,25.477747,10.000000
1.068359,-0.119141,-0.673828,0.000000,24.653828,10.000000
1.263672,-0.123047,-0.322266,0.000000,28.293037,10.000000
1.324219,-0.126953,-0.232422,0.000000,29.116901,10.000000
1.349609,-0.087891,-0.324219,0.000000,27.084209,10.000000
1.457031,-0.091797,-0.197266,0.000000,25.943926,10.000000
1.466797,-0.093750,-0.357422,0.000000,28.750612,10.000000
1.494141,-0.048828,-0.423828,0.000000,28.286598,10.000000
2.544922,-0.263672,1.193359,0.000000,29.420080,10.000000
2.601562,-0.267578,1.166016,0.000000,32.732327,10.000000
2.658203,-0.181641,1.154297,0.000000,31.925674,10.000000
4.412109,-0.287109,1.199219,0.000000,30.751818,10.000000
4.453125,-0.289062,1.205078,0.000000,30.090258,10.000000
4.876953,-0.308594,0.789062,0.000000,30.526939,10.000000
0.041016,-0.033203,0.062500,0.000000,30.081741,10.000000
0.052734,-0.042969,0.101562,0.000000,28.970770,10.000000
2.847656,-2.003906,-2.976562,0.000000,27.810369,10.000000
2.892578,-2.021484,-2.984375,0.000000,27.176704,10.000000
0.011719,-0.039062,-0.007812,0.000000,30.696680,11.000000
0.017578,-0.080078,-0.007812,0.000000,31.934029,11.000000
0.029297,-0.119141,-0.005859,0.000000,30.195316,11.000000
0.056641,-0.154297,0.005859,0.000000,25.465427,11.000000
1.201172,-0.357422,0.195312,0.000000,19.731279,11.000000
1.279297,-0.246094,-0.123047,0.000000,25.314789,11.000000
1.324219,-0.210938,-0.156250,0.000000,26.384893,11.000000
1.365234,-0.261719,-0.052734,0.000000,21.461281,11.000000
1.367188,-0.189453,-0.619141,0.000000,24.800070,11.000000
