0.041016,-0.115234,-0.007812,0.000000,30.236639,0.000000
0.056641,-0.154297,0.005859,0.000000,25.526682,0.000000
0.404297,-0.080078,-1.199219,0.000000,21.903316,0.000000
0.232422,-0.041016,1.287109,0.000000,23.263359,0.000000
0.371094,-0.000000,1.298828,0.000000,21.903316,0.000000
1.707031,-0.107422,-0.158203,0.000000,30.136797,0.000000
1.753906,-0.109375,-0.048828,0.000000,30.492180,0.000000
1.794922,-0.113281,-0.080078,0.000000,28.228216,0.000000
1.796875,-0.230469,-0.322266,0.000000,29.127533,0.000000
1.835938,-0.234375,-0.341797,0.000000,27.634279,0.000000
2.525391,-0.263672,1.232422,0.000000,29.508514,0.000000
2.597656,-0.267578,1.173828,0.000000,32.821690,0.000000
2.662109,-0.181641,1.144531,0.000000,32.033051,0.000000
0.041016,-0.033203,0.062500,0.000000,30.145205,0.000000
0.052734,-0.042969,0.101562,0.000000,29.036325,0.000000
1.207031,0.357422,0.148438,0.000000,19.084850,0.000000
0.011719,-0.039062,-0.007812,0.000000,30.740847,1.000000
0.017578,-0.080078,-0.007812,0.000000,31.986570,1.000000
0.029297,-0.119141,-0.005859,0.000000,30.228407,1.000000
0.056641,-0.154297,0.005859,0.000000,25.502283,1.000000
0.365234,-0.080078,-1.210938,0.000000,21.958996,1.000000
0.265625,-0.041016,1.281250,0.000000,23.283796,1.000000
0.410156,-0.000000,1.287109,0.000000,21.903316,1.000000
1.714844,-0.052734,-0.091797,0.000000,28.943161,1.000000
1.757812,-0.054688,0.031250,0.000000,29.434946,1.000000
1.785156,-0.167969,0.160156,0.000000,27.972675,1.000000
1.818359,-0.287109,0.041016,0.000000,26.294096,1.000000
2.550781,-0.263672,1.177734,0.000000,29.319662,1.000000
2.609375,-0.267578,1.148438,0.000000,32.785248,1.000000
2.667969,-0.271484,1.113281,0.000000,32.027607,1.000000
0.041016,-0.033203,0.062500,0.000000,30.149403,1.000000
0.044922,-0.046875,0.103516,0.000000,29.041744,1.000000
1.117188,-0.515625,0.306641,0.000000,19.084850,1.000000
0.011719,-0.039062,-0.007812,0.000000,30.755470,2.000000
0.017578,-0.080078,-0.007812,0.000000,31.989319,2.000000
0.029297,-0.119141,-0.003906,0.000000,30.232525,2.000000
0.056641,-0.154297,0.005859,0.000000,25.514500,2.000000
0.345703,-0.080078,-1.216797,0.000000,21.846914,2.000000
0.265625,-0.041016,1.281250,0.000000,23.222193,2.000000
0.402344,-0.000000,1.289062,0.000000,21.875208,2.000000
1.681641,-0.107422,-0.337891,0.000000,26.739420,2.000000
1.755859,-0.000000,-0.117188,0.000000,25.490032,2.000000
1.775391,0.113281,0.275391,0.000000,26.106602,2.000000
2.546875,-0.263672,1.187500,0.000000,29.425041,2.000000
2.601562,-0.267578,1.164062,0.000000,32.801228,2.000000
2.656250,-0.271484,1.142578,0.000000,32.046623,2.000000
0.041016,-0.033203,0.062500,0.000000,30.145205,2.000000
0.044922,-0.046875,0.103516,0.000000,29.041744,2.000000
1.208984,0.357422,0.142578,0.000000,19.084850,2.000000
1.365234,-0.505859,-1.058594,0.000000,24.996870,2.000000
0.011719,-0.039062,-0.007812,0.000000,30.751818,3.000000
0.017578,-0.080078,-0.007812,0.000000,31.986570,3.000000
0.029297,-0.119141,-0.003906,0.000000,30.228407,3.000000
0.056641,-0.154297,0.005859,0.000000,25.514500,3.000000
0.333984,-0.080078,-1.220703,0.000000,21.903316,3.000000
0.292969,-0.041016,1.275391,0.000000,23.242825,3.000000
0.398438,-0.000000,1.289062,0.000000,21.903316,3.000000
1.710938,-0.107422,-0.107422,0.000000,31.264561,3.000000
1.753906,-0.109375,-0.087891,0.000000,31.858253,3.000000
1.798828,-0.000000,0.039062,0.000000,29.237619,3.000000
2.554688,-0.263672,1.171875,0.000000,29.190781,3.000000
2.609375,-0.267578,1.146484,0.000000,32.755417,3.000000
2.667969,-0.271484,1.115234,0.000000,32.013969,3.000000
0.041016,-0.033203,0.062500,0.000000,30.153597,3.000000
0.044922,-0.046875,0.103516,0.000000,29.047155,3.000000
1.113281,-0.515625,0.322266,0.000000,19.030899,3.000000
0.011719,-0.039062,-0.007812,0.000000,30.755470,4.000000
0.017578,-0.080078,-0.007812,0.000000,31.989319,4.000000
0.029297,-0.119141,-0.003906,0.000000,30.232525,4.000000
0.056641,-0.154297,0.005859,0.000000,25.514500,4.000000
0.367188,-0.080078,-1.210938,0.000000,21.903316,4.000000
0.285156,-0.041016,1.277344,0.000000,23.201464,4.000000
0.470703,-0.042969,1.263672,0.000000,21.846914,4.000000
1.712891,-0.107422,-0.078125,0.000000,27.347998,4.000000
2.560547,-0.263672,1.158203,0.000000,29.489017,4.000000
2.607422,-0.267578,1.154297,0.000000,32.814880,4.000000
2.662109,-0.271484,1.128906,0.000000,32.046623,4.000000
0.041016,-0.033203,0.062500,0.000000,30.157787,4.000000
0.044922,-0.046875,0.103516,0.000000,29.052561,4.000000
1.207031,0.357422,0.152344,0.000000,19.084850,4.000000
0.011719,-0.039062,-0.007812,0.000000,30.744507,5.000000
0.017578,-0.080078,-0.007812,0.000000,31.983822,5.000000
0.029297,-0.119141,-0.003906,0.000000,30.228407,5.000000
0.056641,-0.154297,0.005859,0.000000,25.502283,5.000000
0.359375,-0.080078,-1.212891,0.000000,21.903316,5.000000
0.273438,-0.041016,1.279297,0.000000,23.201464,5.000000
0.455078,-0.042969,1.269531,0.000000,21.846914,5.000000
1.699219,-0.052734,-0.242188,0.000000,29.385197,5.000000
1.724609,-0.054688,-0.339844,0.000000,30.297895,5.000000
1.703125,-0.113281,-0.568359,0.000000,28.767950,5.000000
2.583984,-0.263672,1.105469,0.000000,29.449759,5.000000
2.615234,-0.267578,1.132812,0.000000,32.792107,5.000000
2.673828,-0.271484,1.101562,0.000000,32.035767,5.000000
0.041016,-0.033203,0.062500,0.000000,30.153597,5.000000
0.044922,-0.046875,0.103516,0.000000,29.047155,5.000000
1.207031,0.357422,0.158203,0.000000,19.030899,5.000000
0.011719,-0.039062,-0.007812,0.000000,30.748165,6.000000
0.017578,-0.080078,-0.007812,0.000000,31.986570,6.000000
0.029297,-0.119141,-0.003906,0.000000,30.228407,6.000000
0.056641,-0.154297,0.005859,0.000000,25.514500,6.000000
0.349609,-0.080078,-1.216797,0.000000,21.931246,6.000000
0.277344,-0.041016,1.279297,0.000000,23.242825,6.000000
0.457031,-0.042969,1.269531,0.000000,21.903316,6.000000
1.662109,-0.052734,-0.216797,0.000000,28.350561,6.000000
1.708984,-0.052734,-0.169922,0.000000,32.487087,6.000000
1.753906,-0.054688,-0.115234,0.000000,32.588768,6.000000
1.796875,0.113281,0.019531,0.000000,29.415113,6.000000
1.804688,-0.345703,-0.107422,0.000000,29.599949,6.000000
1.841797,-0.353516,0.152344,0.000000,26.839472,6.000000
2.548828,-0.263672,1.185547,0.000000,29.595184,6.000000
2.603516,-0.267578,1.162109,0.000000,32.857822,6.000000
2.656250,-0.271484,1.144531,0.000000,32.049335,6.000000
0.041016,-0.033203,0.062500,0.000000,30.149403,6.000000
0.044922,-0.046875,0.103516,0.000000,29.036325,6.000000
1.207031,0.357422,0.158203,0.000000,19.138138,6.000000
0.833984,-0.505859,-1.511719,0.000000,28.475727,6.000000
1.064453,0.287109,-1.474609,0.000000,27.307823,6.000000
1.550781,0.234375,-1.039062,0.000000,25.877110,6.000000
0.011719,-0.039062,-0.007812,0.000000,30.748165,7.000000
0.017578,-0.080078,-0.007812,0.000000,31.986570,7.000000
0.029297,-0.119141,-0.005859,0.000000,30.228407,7.000000
0.056641,-0.154297,0.005859,0.000000,25.502283,7.000000
0.322266,-0.080078,-1.224609,0.000000,21.958996,7.000000
0.289062,-0.041016,1.275391,0.000000,23.242825,7.000000
0.363281,-0.000000,1.300781,0.000000,21.875208,7.000000
1.701172,-0.052734,-0.240234,0.000000,30.553783,7.000000
1.751953,-0.109375,-0.109375,0.000000,30.972572,7.000000
1.787109,-0.167969,0.123047,0.000000,28.438555,7.000000
1.648438,-0.171875,-0.800781,0.000000,27.101173,7.000000
1.816406,-0.000000,-0.490234,0.000000,27.474117,7.000000
2.544922,-0.263672,1.193359,0.000000,29.454685,7.000000
2.603516,-0.267578,1.160156,0.000000,32.830750,7.000000
2.658203,-0.271484,1.136719,0.000000,32.052044,7.000000
0.041016,-0.033203,0.062500,0.000000,30.153597,7.000000
0.044922,-0.046875,0.103516,0.000000,29.047155,7.000000
1.207031,0.357422,0.160156,0.000000,19.030899,7.000000
0.011719,-0.039062,-0.007812,0.000000,30.751818,8.000000
0.017578,-0.080078,-0.007812,0.000000,31.986570,8.000000
0.041016,-0.115234,-0.007812,0.000000,30.228407,8.000000
0.056641,-0.154297,0.005859,0.000000,25.514500,8.000000
0.339844,-0.080078,-1.218750,0.000000,21.958996,8.000000
0.291016,-0.041016,1.275391,0.000000,23.263359,8.000000
0.398438,-0.000000,1.289062,0.000000,21.846914,8.000000
1.640625,-0.158203,-0.314453,0.000000,28.068581,8.000000
1.699219,-0.107422,-0.236328,0.000000,32.076344,8.000000
1.742188,-0.164062,-0.171875,0.000000,32.119209,8.000000
1.785156,-0.224609,-0.025391,0.000000,29.898945,8.000000
1.792969,-0.402344,-0.117188,0.000000,27.774269,8.000000
2.537109,-0.263672,1.208984,0.000000,29.474337,8.000000
2.599609,-0.267578,1.169922,0.000000,32.803509,8.000000
2.660156,-0.181641,1.150391,0.000000,31.978317,8.000000
0.041016,-0.033203,0.062500,0.000000,30.149403,8.000000
0.044922,-0.046875,0.103516,0.000000,29.041744,8.000000
1.121094,-0.515625,0.296875,0.000000,19.084850,8.000000
0.607422,0.287109,1.712891,0.000000,25.611013,8.000000
0.011719,-0.039062,-0.007812,0.000000,30.744507,9.000000
0.017578,-0.080078,-0.007812,0.000000,31.983822,9.000000
0.029297,-0.119141,-0.005859,0.000000,30.228407,9.000000
0.056641,-0.154297,0.005859,0.000000,25.502283,9.000000
0.347656,-0.080078,-1.216797,0.000000,21.903316,9.000000
0.294922,-0.041016,1.275391,0.000000,23.222193,9.000000
0.380859,-0.000000,1.294922,0.000000,21.931246,9.000000
1.601562,-0.052734,-0.617188,0.000000,27.671558,9.000000
1.558594,-0.164062,-0.796875,0.000000,28.674675,9.000000
1.667969,-0.281250,-0.617188,0.000000,29.652018,9.000000
1.804688,-0.345703,-0.113281,0.000000,28.530895,9.000000
2.546875,-0.263672,1.189453,0.000000,29.454685,9.000000
2.601562,-0.267578,1.166016,0.000000,32.787537,9.000000
2.662109,-0.271484,1.126953,0.000000,31.958996,9.000000
0.041016,-0.033203,0.062500,0.000000,30.145205,9.000000
0.044922,-0.046875,0.103516,0.000000,29.036325,9.000000
1.113281,-0.515625,0.322266,0.000000,19.030899,9.000000
0.011719,-0.039062,-0.007812,0.000000,30.748165,10.000000
0.017578,-0.080078,-0.007812,0.000000,31.983822,10.000000
0.029297,-0.119141,-0.003906,0.000000,30.228407,10.000000
0.056641,-0.154297,0.005859,0.000000,25.514500,10.000000
0.365234,-0.080078,-1.210938,0.000000,21.931246,10.000000
0.285156,-0.041016,1.277344,0.000000,23.222193,10.000000
0.375000,-0.000000,1.296875,0.000000,21.875208,10.000000
1.701172,-0.107422,-0.212891,0.000000,30.464952,10.000000
1.736328,-0.109375,-0.263672,0.000000,30.224283,10.000000
1.714844,-0.224609,-0.500000,0.000000,27.693773,10.000000
1.753906,-0.171875,-0.533203,0.000000,27.379873,10.000000
1.830078,-0.058594,-0.431641,0.000000,27.867514,10.000000
1.876953,-0.000000,-0.419922,0.000000,26.637009,10.000000
2.548828,-0.263672,1.181641,0.000000,29.355072,10.000000
2.609375,-0.267578,1.148438,0.000000,32.711445,10.000000
2.666016,-0.181641,1.140625,0.000000,31.880844,10.000000
0.041016,-0.033203,0.062500,0.000000,30.153597,10.000000
0.044922,-0.046875,0.103516,0.000000,29.047155,10.000000
1.207031,0.357422,0.148438,0.000000,19.138138,10.000000
0.011719,-0.039062,-0.007812,0.000000,30.744507,11.000000
0.017578,-0.080078,-0.007812,0.000000,31.983822,11.000000
0.029297,-0.119141,-0.003906,0.000000,30.228407,11.000000
0.056641,-0.154297,0.005859,0.000000,25.502283,11.000000
0.375000,-0.080078,-1.208984,0.000000,21.903316,11.000000
0.265625,-0.041016,1.281250,0.000000,23.222193,11.000000
0.468750,-0.042969,1.265625,0.000000,21.875208,11.000000
1.714844,-0.052734,0.074219,0.000000,29.493900,11.000000
1.757812,-0.000000,0.062500,0.000000,30.161974,11.000000
1.798828,-0.230469,-0.310547,0.000000,27.427252,11.000000
2.523438,-0.263672,1.236328,0.000000,29.344984,11.000000
2.595703,-0.267578,1.177734,0.000000,32.685780,11.000000
2.660156,-0.271484,1.132812,0.000000,31.844074,11.000000
0.041016,-0.033203,0.062500,0.000000,30.145205,11.000000
0.044922,-0.046875,0.103516,0.000000,29.041744,11.000000
1.208984,0.357422,0.134766,0.000000,19.138138,11.000000
1.033203,2.224609,-0.095703,0.000000,24.828735,11.000000
0.863281,2.339844,-0.093750,0.000000,25.037907,11.000000
0.011719,-0.039062,-0.007812,0.000000,30.751818,12.000000
0.017578,-0.080078,-0.007812,0.000000,31.989319,12.000000
0.029297,-0.119141,-0.003906,0.000000,30.232525,12.000000
0.056641,-0.154297,0.005859,0.000000,25.514500,12.000000
0.363281,-0.080078,-1.212891,0.000000,21.846914,12.000000
0.289062,-0.041016,1.275391,0.000000,23.201464,12.000000
0.396484,-0.000000,1.291016,0.000000,21.875208,12.000000
1.664062,-0.105469,-0.185547,0.000000,27.972675,12.000000
1.703125,-0.052734,-0.226562,0.000000,30.704073,12.000000
1.742188,-0.054688,-0.234375,0.000000,28.926510,12.000000
1.750000,-0.394531,-0.152344,0.000000,27.347998,12.000000
2.558594,-0.263672,1.160156,0.000000,29.350031,12.000000
2.607422,-0.267578,1.152344,0.000000,32.725376,12.000000
2.650391,-0.271484,1.158203,0.000000,31.855421,12.000000
0.041016,-0.033203,0.062500,0.000000,30.157787,12.000000
0.046875,-0.046875,0.103516,0.000000,29.047155,12.000000
1.208984,0.357422,0.146484,0.000000,19.138138,12.000000
0.011719,-0.039062,-0.007812,0.000000,30.751818,13.000000
0.017578,-0.080078,-0.007812,0.000000,31.989319,13.000000
0.029297,-0.119141,-0.003906,0.000000,30.236639,13.000000
0.056641,-0.154297,0.005859,0.000000,25.526682,13.000000
0.361328,-0.080078,-1.212891,0.000000,21.931246,13.000000
0.291016,-0.041016,1.275391,0.000000,23.242825,13.000000
0.408203,-0.000000,1.287109,0.000000,21.875208,13.000000
1.697266,-0.109375,-0.451172,0.000000,27.387806,13.000000
2.550781,-0.263672,1.179688,0.000000,29.474337,13.000000
2.599609,-0.267578,1.169922,0.000000,32.760021,13.000000
2.650391,-0.271484,1.156250,0.000000,31.906118,13.000000
0.041016,-0.033203,0.062500,0.000000,30.153597,13.000000
0.044922,-0.046875,0.103516,0.000000,29.047155,13.000000
1.207031,0.357422,0.152344,0.000000,19.030899,13.000000
0.011719,-0.039062,-0.007812,0.000000,30.751818,14.000000
0.017578,-0.080078,-0.007812,0.000000,31.986570,14.000000
0.029297,-0.119141,-0.005859,0.000000,30.228407,14.000000
0.056641,-0.154297,0.005859,0.000000,25.502283,14.000000
0.367188,-0.080078,-1.210938,0.000000,21.903316,14.000000
0.285156,-0.041016,1.277344,0.000000,23.222193,14.000000
0.472656,-0.042969,1.263672,0.000000,21.903316,14.000000
1.714844,-0.000000,-0.097656,0.000000,28.162413,14.000000
1.742188,-0.337891,-0.296875,0.000000,28.463371,14.000000
1.800781,-0.345703,-0.158203,0.000000,27.759743,14.000000
2.560547,-0.263672,1.158203,0.000000,29.385197,14.000000
2.607422,-0.267578,1.150391,0.000000,32.750809,14.000000
2.666016,-0.271484,1.117188,0.000000,31.994808,14.000000
0.041016,-0.033203,0.062500,0.000000,30.149403,14.000000
0.044922,-0.046875,0.103516,0.000000,29.041744,14.000000
1.207031,0.357422,0.148438,0.000000,19.084850,14.000000
