1.697266,-0.052734,-0.261719,0.000000,32.984165,0.000000
1.744141,-0.000000,-0.230469,0.000000,30.346285,0.000000
1.730469,-0.394531,-0.302734,0.000000,27.109631,0.000000
2.542969,-0.263672,1.195312,0.000000,29.247959,0.000000
2.611328,-0.267578,1.144531,0.000000,32.812607,0.000000
2.671875,-0.271484,1.105469,0.000000,32.145790,0.000000
0.041016,-0.033203,0.062500,0.000000,30.166155,0.000000
0.044922,-0.046875,0.103516,0.000000,29.063351,0.000000
1.115234,-0.474609,0.369141,0.000000,19.030899,0.000000
1.582031,0.167969,0.839844,0.000000,25.728716,0.000000
0.011719,-0.039062,-0.007812,0.000000,30.766405,1.000000
0.017578,-0.080078,-0.007812,0.000000,32.008507,1.000000
0.029297,-0.119141,-0.005859,0.000000,30.257154,1.000000
0.056641,-0.154297,0.005859,0.000000,25.550945,1.000000
0.361328,-0.080078,-1.212891,0.000000,21.931246,1.000000
0.279297,-0.041016,1.277344,0.000000,23.201464,1.000000
0.457031,-0.042969,1.269531,0.000000,21.846914,1.000000
1.666016,-0.158203,-0.103516,0.000000,27.881683,1.000000
1.710938,-0.160156,-0.017578,0.000000,30.603201,1.000000
1.744141,-0.220703,-0.019531,0.000000,30.951693,1.000000
1.785156,-0.224609,-0.068359,0.000000,29.420080,1.000000
1.828125,-0.171875,-0.128906,0.000000,26.589649,1.000000
2.570312,-0.263672,1.134766,0.000000,29.542425,1.000000
2.613281,-0.267578,1.138672,0.000000,32.828487,1.000000
2.669922,-0.271484,1.109375,0.000000,32.054749,1.000000
0.041016,-0.033203,0.062500,0.000000,30.178677,1.000000
0.044922,-0.046875,0.103516,0.000000,29.074114,1.000000
1.203125,0.357422,0.179688,0.000000,19.138138,1.000000
0.011719,-0.039062,-0.007812,0.000000,30.766405,2.000000
0.017578,-0.080078,-0.007812,0.000000,32.005768,2.000000
0.029297,-0.119141,-0.003906,0.000000,30.248960,2.000000
0.056641,-0.154297,0.005859,0.000000,25.526682,2.000000
0.341797,-0.080078,-1.218750,0.000000,21.931246,2.000000
0.306641,-0.041016,1.271484,0.000000,23.242825,2.000000
0.488281,-0.042969,1.257812,0.000000,21.903316,2.000000
1.660156,-0.158203,-0.185547,0.000000,28.228216,2.000000
1.710938,-0.107422,-0.125000,0.000000,29.247959,2.000000
1.759766,-0.000000,0.023438,0.000000,26.739420,2.000000
2.554688,-0.263672,1.169922,0.000000,29.508514,2.000000
2.601562,-0.267578,1.166016,0.000000,32.810333,2.000000
2.656250,-0.181641,1.162109,0.000000,31.964525,2.000000
0.041016,-0.033203,0.062500,0.000000,30.170334,2.000000
0.044922,-0.046875,0.103516,0.000000,29.063351,2.000000
1.113281,-0.515625,0.318359,0.000000,19.030899,2.000000
0.677734,-0.605469,1.505859,0.000000,23.944517,2.000000
0.011719,-0.039062,-0.007812,0.000000,30.770042,3.000000
0.017578,-0.080078,-0.007812,0.000000,32.008507,3.000000
0.041016,-0.115234,-0.007812,0.000000,30.248960,3.000000
0.056641,-0.154297,0.005859,0.000000,25.538830,3.000000
0.361328,-0.080078,-1.212891,0.000000,21.903316,3.000000
0.283203,-0.041016,1.277344,0.000000,23.263359,3.000000
0.464844,-0.042969,1.265625,0.000000,21.958996,3.000000
1.685547,-0.000000,-0.332031,0.000000,27.916906,3.000000
1.714844,0.054688,-0.388672,0.000000,27.395723,3.000000
1.712891,0.224609,-0.505859,0.000000,27.193314,3.000000
1.800781,0.230469,-0.302734,0.000000,27.543484,3.000000
2.572266,-0.263672,1.130859,0.000000,29.571281,3.000000
2.613281,-0.267578,1.138672,0.000000,32.871296,3.000000
2.669922,-0.271484,1.111328,0.000000,32.116543,3.000000
0.041016,-0.033203,0.062500,0.000000,30.170334,3.000000
0.044922,-0.046875,0.103516,0.000000,29.068735,3.000000
1.119141,-0.515625,0.304688,0.000000,19.138138,3.000000
1.554688,-0.394531,0.816406,0.000000,26.739420,3.000000
0.636719,-0.460938,1.664062,0.000000,25.587086,3.000000
0.011719,-0.039062,-0.007812,0.000000,30.773680,4.000000
0.017578,-0.080078,-0.007812,0.000000,32.008507,4.000000
0.029297,-0.119141,-0.005859,0.000000,30.248960,4.000000
0.056641,-0.154297,0.005859,0.000000,25.526682,4.000000
0.375000,-0.080078,-1.208984,0.000000,21.903316,4.000000
0.275391,-0.041016,1.279297,0.000000,23.222193,4.000000
0.462891,-0.042969,1.267578,0.000000,21.875208,4.000000
1.666016,-0.052734,-0.191406,0.000000,27.846172,4.000000
1.707031,-0.052734,-0.187500,0.000000,29.722029,4.000000
1.744141,-0.000000,-0.224609,0.000000,28.603380,4.000000
1.771484,0.056641,-0.314453,0.000000,26.937269,4.000000
2.523438,-0.263672,1.236328,0.000000,29.385197,4.000000
2.599609,-0.267578,1.167969,0.000000,32.805782,4.000000
2.660156,-0.181641,1.150391,0.000000,32.003033,4.000000
0.041016,-0.033203,0.062500,0.000000,30.174507,4.000000
0.044922,-0.046875,0.103516,0.000000,29.063351,4.000000
1.117188,-0.515625,0.308594,0.000000,19.030899,4.000000
0.011719,-0.039062,-0.007812,0.000000,30.766405,5.000000
0.017578,-0.080078,-0.007812,0.000000,32.005768,5.000000
0.029297,-0.119141,-0.005859,0.000000,30.253059,5.000000
0.056641,-0.154297,0.005859,0.000000,25.538830,5.000000
0.345703,-0.080078,-1.216797,0.000000,21.931246,5.000000
0.300781,-0.041016,1.273438,0.000000,23.222193,5.000000
0.507812,-0.042969,1.250000,0.000000,21.846914,5.000000
1.712891,-0.000000,-0.126953,0.000000,29.304396,5.000000
1.757812,-0.054688,-0.054688,0.000000,29.609463,5.000000
1.798828,-0.000000,0.021484,0.000000,27.551123,5.000000
2.535156,-0.263672,1.212891,0.000000,29.444826,5.000000
2.609375,-0.267578,1.146484,0.000000,32.823956,5.000000
2.673828,-0.271484,1.101562,0.000000,32.095150,5.000000
0.041016,-0.033203,0.062500,0.000000,30.170334,5.000000
0.044922,-0.046875,0.103516,0.000000,29.068735,5.000000
1.111328,-0.474609,0.382812,0.000000,19.030899,5.000000
0.011719,-0.039062,-0.007812,0.000000,30.777311,6.000000
0.017578,-0.080078,-0.007812,0.000000,32.008507,6.000000
0.029297,-0.119141,-0.005859,0.000000,30.248960,6.000000
0.056641,-0.154297,0.005859,0.000000,25.526682,6.000000
0.378906,-0.080078,-1.207031,0.000000,21.958996,6.000000
0.251953,-0.041016,1.283203,0.000000,23.263359,6.000000
0.388672,-0.000000,1.292969,0.000000,21.903316,6.000000
1.664062,-0.105469,-0.177734,0.000000,29.790930,6.000000
1.710938,-0.107422,-0.123047,0.000000,32.022160,6.000000
1.750000,-0.164062,-0.062500,0.000000,31.398790,6.000000
1.777344,-0.281250,-0.066406,0.000000,28.518696,6.000000
2.576172,-0.263672,1.121094,0.000000,29.324738,6.000000
2.619141,-0.267578,1.126953,0.000000,32.803509,6.000000
2.669922,-0.181641,1.126953,0.000000,32.033051,6.000000
0.041016,-0.033203,0.062500,0.000000,30.170334,6.000000
0.044922,-0.046875,0.103516,0.000000,29.068735,6.000000
1.119141,-0.515625,0.300781,0.000000,19.084850,6.000000
1.031250,2.224609,-0.115234,0.000000,24.361626,6.000000
0.011719,-0.039062,-0.007812,0.000000,30.773680,7.000000
0.017578,-0.080078,-0.007812,0.000000,32.005768,7.000000
0.029297,-0.119141,-0.003906,0.000000,30.244856,7.000000
0.056641,-0.154297,0.005859,0.000000,25.526682,7.000000
0.394531,-0.080078,-1.203125,0.000000,21.986570,7.000000
0.283203,-0.041016,1.277344,0.000000,23.283796,7.000000
0.478516,-0.042969,1.261719,0.000000,21.903316,7.000000
1.664062,-0.000000,-0.208984,0.000000,28.674675,7.000000
1.712891,-0.000000,-0.121094,0.000000,31.708483,7.000000
1.757812,-0.054688,0.013672,0.000000,31.325798,7.000000
1.761719,-0.281250,-0.240234,0.000000,27.535831,7.000000
1.808594,-0.345703,0.042969,0.000000,26.794279,7.000000
2.546875,-0.263672,1.187500,0.000000,29.493900,7.000000
2.607422,-0.267578,1.152344,0.000000,32.862320,7.000000
2.669922,-0.271484,1.109375,0.000000,32.111206,7.000000
0.041016,-0.033203,0.062500,0.000000,30.161974,7.000000
0.044922,-0.046875,0.103516,0.000000,29.063351,7.000000
1.111328,-0.515625,0.328125,0.000000,19.084850,7.000000
1.154297,0.287109,-1.404297,0.000000,25.024271,7.000000
1.035156,2.224609,-0.080078,0.000000,24.440449,7.000000
0.011719,-0.039062,-0.007812,0.000000,30.770042,8.000000
0.017578,-0.080078,-0.007812,0.000000,32.008507,8.000000
0.041016,-0.115234,-0.007812,0.000000,30.244856,8.000000
0.056641,-0.154297,0.005859,0.000000,25.526682,8.000000
0.365234,-0.080078,-1.212891,0.000000,21.903316,8.000000
0.263672,-0.041016,1.281250,0.000000,23.242825,8.000000
0.468750,-0.042969,1.265625,0.000000,21.903316,8.000000
1.791016,-0.167969,0.048828,0.000000,26.190933,8.000000
2.566406,-0.263672,1.144531,0.000000,29.365137,8.000000
2.613281,-0.267578,1.140625,0.000000,32.785248,8.000000
2.667969,-0.181641,1.132812,0.000000,32.008507,8.000000
0.041016,-0.033203,0.062500,0.000000,30.170334,8.000000
0.044922,-0.046875,0.103516,0.000000,29.068735,8.000000
1.115234,-0.515625,0.316406,0.000000,19.084850,8.000000
0.011719,-0.039062,-0.007812,0.000000,30.773680,9.000000
0.017578,-0.080078,-0.007812,0.000000,32.005768,9.000000
0.029297,-0.119141,-0.005859,0.000000,30.244856,9.000000
0.056641,-0.154297,0.005859,0.000000,25.514500,9.000000
0.363281,-0.080078,-1.212891,0.000000,21.875208,9.000000
0.265625,-0.041016,1.281250,0.000000,23.222193,9.000000
0.376953,-0.000000,1.296875,0.000000,21.875208,9.000000
1.658203,-0.105469,-0.232422,0.000000,31.433271,9.000000
1.697266,-0.107422,-0.238281,0.000000,34.339298,9.000000
1.738281,-0.054688,-0.265625,0.000000,34.124607,9.000000
1.769531,-0.113281,-0.310547,0.000000,31.835545,9.000000
1.779297,-0.230469,-0.410156,0.000000,28.645111,9.000000
2.548828,-0.263672,1.183594,0.000000,29.454685,9.000000
2.609375,-0.267578,1.148438,0.000000,32.789822,9.000000
2.675781,-0.181641,1.115234,0.000000,32.035767,9.000000
0.041016,-0.033203,0.062500,0.000000,30.170334,9.000000
0.044922,-0.046875,0.103516,0.000000,29.068735,9.000000
1.117188,-0.515625,0.306641,0.000000,19.138138,9.000000
0.011719,-0.039062,-0.007812,0.000000,30.770042,10.000000
0.017578,-0.080078,-0.007812,0.000000,32.008507,10.000000
0.029297,-0.119141,-0.003906,0.000000,30.253059,10.000000
0.056641,-0.154297,0.005859,0.000000,25.538830,10.000000
0.373047,-0.080078,-1.208984,0.000000,21.931246,10.000000
0.277344,-0.041016,1.279297,0.000000,23.242825,10.000000
0.460938,-0.042969,1.267578,0.000000,21.875208,10.000000
1.339844,-0.375000,1.007812,0.000000,26.159500,10.000000
1.701172,-0.384766,0.230469,0.000000,28.796692,10.000000
1.765625,-0.337891,-0.101562,0.000000,29.703468,10.000000
1.810547,-0.287109,-0.160156,0.000000,28.280151,10.000000
2.541016,-0.263672,1.199219,0.000000,29.138138,10.000000
2.607422,-0.267578,1.152344,0.000000,32.678753,10.000000
2.667969,-0.181641,1.132812,0.000000,31.942368,10.000000
0.041016,-0.033203,0.062500,0.000000,30.174507,10.000000
0.044922,-0.046875,0.103516,0.000000,29.068735,10.000000
1.117188,-0.474609,0.363281,0.000000,19.084850,10.000000
1.685547,0.160156,-0.289062,0.000000,26.009729,10.000000
1.625000,0.220703,-0.636719,0.000000,26.473829,10.000000
0.011719,-0.039062,-0.007812,0.000000,30.770042,11.000000
0.017578,-0.080078,-0.007812,0.000000,32.005768,11.000000
0.029297,-0.119141,-0.005859,0.000000,30.248960,11.000000
0.056641,-0.154297,0.005859,0.000000,25.526682,11.000000
0.363281,-0.080078,-1.212891,0.000000,21.958996,11.000000
0.292969,-0.041016,1.275391,0.000000,23.283796,11.000000
0.464844,-0.042969,1.267578,0.000000,21.903316,11.000000
1.736328,-0.275391,0.039062,0.000000,26.354837,11.000000
1.765625,-0.337891,-0.074219,0.000000,27.951845,11.000000
1.816406,-0.287109,-0.066406,0.000000,27.058638,11.000000
2.523438,-0.263672,1.238281,0.000000,29.479237,11.000000
2.597656,-0.267578,1.175781,0.000000,32.792107,11.000000
2.660156,-0.271484,1.134766,0.000000,32.019432,11.000000
0.041016,-0.033203,0.062500,0.000000,30.170334,11.000000
0.044922,-0.046875,0.103516,0.000000,29.068735,11.000000
1.117188,-0.474609,0.363281,0.000000,19.138138,11.000000
0.011719,-0.039062,-0.007812,0.000000,30.759117,12.000000
0.017578,-0.080078,-0.007812,0.000000,32.005768,12.000000
0.029297,-0.119141,-0.005859,0.000000,30.248960,12.000000
0.056641,-0.154297,0.005859,0.000000,25.526682,12.000000
0.376953,-0.080078,-1.208984,0.000000,21.986570,12.000000
0.283203,-0.041016,1.277344,0.000000,23.263359,12.000000
0.453125,-0.042969,1.271484,0.000000,21.903316,12.000000
1.677734,-0.107422,-0.353516,0.000000,29.360107,12.000000
1.722656,-0.109375,-0.341797,0.000000,29.375179,12.000000
2.566406,-0.263672,1.146484,0.000000,29.380192,12.000000
2.607422,-0.267578,1.152344,0.000000,32.760021,12.000000
2.666016,-0.271484,1.121094,0.000000,31.986570,12.000000
0.041016,-0.033203,0.062500,0.000000,30.166155,12.000000
0.044922,-0.046875,0.103516,0.000000,29.068735,12.000000
1.121094,-0.474609,0.353516,0.000000,19.030899,12.000000
0.011719,-0.039062,-0.007812,0.000000,30.762762,13.000000
0.017578,-0.080078,-0.007812,0.000000,32.005768,13.000000
0.042969,-0.115234,-0.007812,0.000000,30.248960,13.000000
0.056641,-0.154297,0.005859,0.000000,25.538830,13.000000
0.355469,-0.080078,-1.214844,0.000000,21.846914,13.000000
0.248047,-0.041016,1.285156,0.000000,23.222193,13.000000
0.359375,-0.000000,1.300781,0.000000,21.846914,13.000000
1.673828,-0.105469,-0.052734,0.000000,29.273705,13.000000
1.710938,-0.107422,-0.111328,0.000000,33.144993,13.000000
1.748047,-0.109375,-0.158203,0.000000,33.087776,13.000000
1.785156,-0.056641,-0.220703,0.000000,28.609365,13.000000
1.843750,0.058594,-0.367188,0.000000,26.444386,13.000000
2.564453,-0.263672,1.148438,0.000000,29.439888,13.000000
2.607422,-0.267578,1.150391,0.000000,32.857822,13.000000
2.666016,-0.271484,1.117188,0.000000,32.097832,13.000000
0.041016,-0.033203,0.062500,0.000000,30.166155,13.000000
0.044922,-0.046875,0.103516,0.000000,29.063351,13.000000
1.117188,-0.515625,0.306641,0.000000,19.084850,13.000000
0.011719,-0.039062,-0.007812,0.000000,30.773680,14.000000
0.017578,-0.080078,-0.007812,0.000000,32.011238,14.000000
0.029297,-0.119141,-0.003906,0.000000,30.253059,14.000000
0.056641,-0.154297,0.005859,0.000000,25.538830,14.000000
0.373047,-0.080078,-1.208984,0.000000,21.903316,14.000000
0.253906,-0.041016,1.283203,0.000000,23.242825,14.000000
0.441406,-0.042969,1.275391,0.000000,21.931246,14.000000
1.697266,-0.107422,-0.244141,0.000000,29.283958,14.000000
1.740234,-0.054688,-0.244141,0.000000,29.675480,14.000000
2.548828,-0.263672,1.181641,0.000000,29.247959,14.000000
2.609375,-0.267578,1.148438,0.000000,32.713768,14.000000
2.669922,-0.181641,1.130859,0.000000,32.000294,14.000000
0.041016,-0.033203,0.062500,0.000000,30.166155,14.000000
0.044922,-0.046875,0.103516,0.000000,29.063351,14.000000
1.115234,-0.515625,0.310547,0.000000,19.242792,14.000000
1.023438,2.224609,-0.173828,0.000000,24.563660,14.000000
0.011719,-0.039062,-0.007812,0.000000,30.770042,15.000000
0.017578,-0.080078,-0.007812,0.000000,32.008507,15.000000
0.029297,-0.119141,-0.005859,0.000000,30.248960,15.000000
0.056641,-0.154297,0.005859,0.000000,25.514500,15.000000
0.347656,-0.080078,-1.216797,0.000000,21.903316,15.000000
