4.951172,-0.623047,-0.048828,0.000000,29.527924,0.000000
0.041016,-0.033203,0.062500,0.000000,30.102999,0.000000
0.044922,-0.046875,0.103516,0.000000,29.014584,0.000000
0.011719,-0.039062,-0.007812,0.000000,30.655798,1.000000
0.017578,-0.080078,-0.007812,0.000000,31.911715,1.000000
0.029297,-0.119141,-0.005859,0.000000,30.132587,1.000000
0.056641,-0.154297,0.005859,0.000000,25.453072,1.000000
0.148438,-0.080078,1.257812,0.000000,23.096302,1.000000
0.076172,-0.082031,1.304688,0.000000,24.623980,1.000000
0.400391,-0.083984,-1.287109,0.000000,23.074961,1.000000
1.675781,-0.275391,0.458984,0.000000,26.711729,1.000000
2.617188,-0.175781,1.041016,0.000000,28.943161,1.000000
2.654297,-0.179688,1.060547,0.000000,32.143139,1.000000
2.746094,-0.089844,0.943359,0.000000,31.142773,1.000000
4.406250,-0.142578,1.246094,0.000000,31.241781,1.000000
4.439453,-0.144531,1.281250,0.000000,30.791813,1.000000
4.896484,-0.308594,0.654297,0.000000,30.909630,1.000000
4.951172,-0.623047,-0.009766,0.000000,29.439888,1.000000
0.009766,0.031250,0.025391,0.000000,29.294189,1.000000
0.041016,-0.033203,0.062500,0.000000,30.098757,1.000000
0.044922,-0.046875,0.103516,0.000000,29.009130,1.000000
1.660156,0.220703,-0.537109,0.000000,26.655809,1.000000
0.011719,-0.039062,-0.007812,0.000000,30.655798,2.000000
0.017578,-0.080078,-0.007812,0.000000,31.911715,2.000000
0.029297,-0.119141,-0.005859,0.000000,30.128372,2.000000
0.056641,-0.154297,0.005859,0.000000,25.453072,2.000000
0.126953,-0.080078,1.259766,0.000000,23.117538,2.000000
0.412109,-0.083984,-1.283203,0.000000,23.031961,2.000000
0.558594,-0.042969,-1.273438,0.000000,21.613680,2.000000
1.708984,0.052734,-0.158203,0.000000,27.259117,2.000000
2.615234,-0.175781,1.048828,0.000000,28.965261,2.000000
2.658203,-0.179688,1.048828,0.000000,32.237553,2.000000
2.753906,-0.089844,0.916016,0.000000,31.283993,2.000000
4.406250,-0.142578,1.246094,0.000000,31.228710,2.000000
4.441406,-0.144531,1.273438,0.000000,30.715137,2.000000
4.896484,-0.308594,0.660156,0.000000,31.000257,2.000000
4.951172,-0.623047,-0.013672,0.000000,29.547249,2.000000
0.041016,-0.033203,0.062500,0.000000,30.098757,2.000000
0.044922,-0.046875,0.103516,0.000000,29.009130,2.000000
0.011719,-0.039062,-0.007812,0.000000,30.652061,3.000000
0.017578,-0.080078,-0.007812,0.000000,31.911715,3.000000
0.029297,-0.119141,-0.005859,0.000000,30.136797,3.000000
0.056641,-0.154297,0.007812,0.000000,25.465427,3.000000
0.142578,-0.080078,1.257812,0.000000,23.096302,3.000000
0.013672,-0.082031,1.306641,0.000000,24.638929,3.000000
0.408203,-0.083984,-1.283203,0.000000,23.096302,3.000000
0.556641,-0.042969,-1.273438,0.000000,21.731863,3.000000
1.662109,-0.000000,-0.230469,0.000000,25.763414,3.000000
1.693359,-0.000000,-0.291016,0.000000,28.750612,3.000000
1.712891,-0.054688,-0.392578,0.000000,28.790958,3.000000
2.634766,-0.175781,0.998047,0.000000,29.057959,3.000000
2.666016,-0.179688,1.027344,0.000000,32.229763,3.000000
2.759766,-0.089844,0.898438,0.000000,31.248301,3.000000
4.402344,-0.142578,1.257812,0.000000,31.215599,3.000000
4.433594,-0.144531,1.298828,0.000000,30.726175,3.000000
4.896484,-0.308594,0.660156,0.000000,30.979511,3.000000
4.951172,-0.623047,-0.015625,0.000000,29.508514,3.000000
0.041016,-0.033203,0.062500,0.000000,30.098757,3.000000
0.044922,-0.046875,0.103516,0.000000,29.009130,3.000000
0.011719,-0.039062,-0.007812,0.000000,30.655798,4.000000
0.017578,-0.080078,-0.007812,0.000000,31.911715,4.000000
0.029297,-0.119141,-0.005859,0.000000,30.132587,4.000000
0.056641,-0.154297,0.005859,0.000000,25.453072,4.000000
0.078125,-0.080078,1.263672,0.000000,23.138672,4.000000
0.052734,-0.082031,-1.304688,0.000000,24.638929,4.000000
0.431641,-0.083984,-1.275391,0.000000,23.053514,4.000000
0.564453,-0.042969,-1.271484,0.000000,21.643528,4.000000
2.623047,-0.175781,1.025391,0.000000,28.932068,4.000000
2.664062,-0.179688,1.033203,0.000000,32.145790,4.000000
2.755859,-0.089844,0.910156,0.000000,31.215599,4.000000
4.406250,-0.142578,1.250000,0.000000,31.277525,4.000000
4.441406,-0.144531,1.273438,0.000000,30.845762,4.000000
4.892578,-0.308594,0.689453,0.000000,30.852905,4.000000
4.968750,-0.468750,0.003906,0.000000,29.360107,4.000000
0.009766,0.031250,0.025391,0.000000,29.289078,4.000000
0.041016,-0.033203,0.062500,0.000000,30.098757,4.000000
0.046875,-0.046875,0.103516,0.000000,29.009130,4.000000
0.011719,-0.039062,-0.007812,0.000000,30.659531,5.000000
0.017578,-0.080078,-0.007812,0.000000,31.911715,5.000000
0.029297,-0.119141,-0.005859,0.000000,30.132587,5.000000
0.056641,-0.154297,0.005859,0.000000,25.453072,5.000000
0.158203,-0.080078,1.255859,0.000000,23.096302,5.000000
0.054688,-0.082031,1.304688,0.000000,24.623980,5.000000
0.423828,-0.083984,-1.279297,0.000000,23.053514,5.000000
0.566406,-0.042969,-1.269531,0.000000,21.643528,5.000000
2.611328,-0.175781,1.056641,0.000000,29.020029,5.000000
2.658203,-0.179688,1.046875,0.000000,32.221962,5.000000
2.753906,-0.089844,0.919922,0.000000,31.271048,5.000000
4.404297,-0.142578,1.253906,0.000000,31.271048,5.000000
4.437500,-0.144531,1.285156,0.000000,30.813473,5.000000
4.892578,-0.308594,0.679688,0.000000,31.176027,5.000000
4.951172,-0.623047,0.041016,0.000000,29.566486,5.000000
0.041016,-0.033203,0.062500,0.000000,30.098757,5.000000
0.044922,-0.046875,0.103516,0.000000,29.014584,5.000000
0.011719,-0.039062,-0.007812,0.000000,30.659531,6.000000
0.017578,-0.080078,-0.007812,0.000000,31.911715,6.000000
0.029297,-0.119141,-0.003906,0.000000,30.132587,6.000000
0.056641,-0.154297,0.007812,0.000000,25.453072,6.000000
0.126953,-0.080078,1.259766,0.000000,23.117538,6.000000
0.431641,-0.083984,-1.275391,0.000000,23.074961,6.000000
0.560547,-0.042969,-1.271484,0.000000,21.673174,6.000000
1.664062,-0.000000,-0.203125,0.000000,27.234556,6.000000
1.703125,-0.000000,-0.230469,0.000000,30.895519,6.000000
1.742188,-0.000000,-0.236328,0.000000,31.024338,6.000000
1.785156,-0.000000,-0.224609,0.000000,27.611757,6.000000
2.611328,-0.175781,1.054688,0.000000,29.079485,6.000000
2.656250,-0.179688,1.056641,0.000000,32.174839,6.000000
2.750000,-0.089844,0.933594,0.000000,31.129400,6.000000
4.398438,-0.142578,1.117188,0.000000,28.088860,6.000000
4.408203,-0.142578,1.242188,0.000000,31.341770,6.000000
4.441406,-0.144531,1.271484,0.000000,30.884905,6.000000
4.900391,-0.308594,0.617188,0.000000,31.041456,6.000000
4.951172,-0.623047,0.025391,0.000000,29.684830,6.000000
0.009766,0.031250,0.025391,0.000000,29.294189,6.000000
0.041016,-0.033203,0.062500,0.000000,30.098757,6.000000
0.044922,-0.046875,0.103516,0.000000,29.014584,6.000000
0.011719,-0.039062,-0.007812,0.000000,30.659531,7.000000
0.017578,-0.080078,-0.007812,0.000000,31.914511,7.000000
0.029297,-0.119141,-0.005859,0.000000,30.136797,7.000000
0.056641,-0.154297,0.005859,0.000000,25.465427,7.000000
0.113281,-0.080078,1.259766,0.000000,23.096302,7.000000
0.072266,-0.082031,1.304688,0.000000,24.623980,7.000000
0.400391,-0.083984,-1.287109,0.000000,23.074961,7.000000
0.537109,-0.042969,-1.283203,0.000000,21.673174,7.000000
1.703125,0.107422,-0.197266,0.000000,29.831751,7.000000
1.742188,0.109375,-0.214844,0.000000,30.277573,7.000000
1.769531,0.167969,-0.277344,0.000000,27.442930,7.000000
2.615234,-0.175781,1.046875,0.000000,28.981766,7.000000
2.658203,-0.179688,1.048828,0.000000,32.174839,7.000000
2.753906,-0.089844,0.916016,0.000000,31.225435,7.000000
4.406250,-0.142578,1.246094,0.000000,31.238516,7.000000
4.441406,-0.144531,1.275391,0.000000,30.791813,7.000000
4.896484,-0.308594,0.658203,0.000000,30.648323,7.000000
4.951172,-0.623047,0.000000,0.000000,29.247959,7.000000
0.041016,-0.033203,0.062500,0.000000,30.094509,7.000000
0.046875,-0.046875,0.103516,0.000000,29.009130,7.000000
0.011719,-0.039062,-0.007812,0.000000,30.652061,8.000000
0.017578,-0.080078,-0.007812,0.000000,31.911715,8.000000
0.029297,-0.119141,-0.005859,0.000000,30.136797,8.000000
0.056641,-0.154297,0.007812,0.000000,25.465427,8.000000
0.136719,-0.080078,1.257812,0.000000,23.074961,8.000000
0.425781,-0.083984,-1.277344,0.000000,23.096302,8.000000
0.574219,-0.042969,-1.265625,0.000000,21.731863,8.000000
1.636719,0.208984,-0.304688,0.000000,27.075703,8.000000
1.699219,0.160156,-0.195312,0.000000,32.203697,8.000000
1.742188,0.164062,-0.185547,0.000000,32.652897,8.000000
1.779297,0.167969,-0.212891,0.000000,29.637878,8.000000
2.619141,-0.175781,1.035156,0.000000,29.074114,8.000000
2.660156,-0.179688,1.042969,0.000000,32.185356,8.000000
2.755859,-0.089844,0.912109,0.000000,31.231981,8.000000
4.406250,-0.142578,1.250000,0.000000,31.156105,8.000000
4.435547,-0.144531,1.289062,0.000000,30.652061,8.000000
4.896484,-0.308594,0.654297,0.000000,31.105898,8.000000
4.951172,-0.623047,0.042969,0.000000,29.355072,8.000000
1.589844,-0.000000,0.123047,0.614669,27.387806,8.000000
1.630859,-0.000000,0.138672,0.614669,26.304279,8.000000
0.041016,-0.033203,0.062500,0.000000,30.102999,8.000000
0.044922,-0.046875,0.103516,0.000000,29.014584,8.000000
0.011719,-0.039062,-0.007812,0.000000,30.652061,9.000000
0.017578,-0.080078,-0.007812,0.000000,31.911715,9.000000
0.029297,-0.119141,-0.005859,0.000000,30.136797,9.000000
0.056641,-0.154297,0.005859,0.000000,25.477747,9.000000
0.187500,-0.080078,1.251953,0.000000,23.117538,9.000000
0.082031,-0.082031,1.304688,0.000000,24.623980,9.000000
0.392578,-0.083984,-1.289062,0.000000,23.053514,9.000000
0.537109,-0.042969,-1.283203,0.000000,21.702618,9.000000
1.705078,0.160156,-0.144531,0.000000,30.802656,9.000000
1.744141,0.164062,-0.162109,0.000000,30.849337,9.000000
1.785156,0.113281,-0.201172,0.000000,27.558748,9.000000
2.617188,-0.175781,1.042969,0.000000,28.808136,9.000000
2.658203,-0.179688,1.046875,0.000000,32.135178,9.000000
2.750000,-0.089844,0.927734,0.000000,31.182648,9.000000
4.392578,-0.142578,1.142578,0.000000,28.135809,9.000000
4.404297,-0.142578,1.253906,0.000000,31.405081,9.000000
4.437500,-0.144531,1.285156,0.000000,30.923697,9.000000
4.912109,-0.464844,0.402344,0.000000,29.614210,9.000000
0.009766,0.031250,0.025391,0.000000,29.289078,9.000000
0.041016,-0.033203,0.062500,0.000000,30.102999,9.000000
0.044922,-0.046875,0.103516,0.000000,29.014584,9.000000
0.011719,-0.039062,-0.007812,0.000000,30.655798,10.000000
0.017578,-0.080078,-0.007812,0.000000,31.911715,10.000000
0.029297,-0.119141,-0.005859,0.000000,30.132587,10.000000
0.056641,-0.154297,0.005859,0.000000,25.453072,10.000000
0.066406,-0.080078,1.263672,0.000000,23.074961,10.000000
0.417969,-0.083984,-1.281250,0.000000,23.074961,10.000000
1.666016,0.105469,-0.160156,0.000000,27.958799,10.000000
1.708984,0.107422,-0.150391,0.000000,31.598679,10.000000
1.748047,0.109375,-0.152344,0.000000,31.559431,10.000000
1.787109,0.113281,-0.191406,0.000000,28.267225,10.000000
2.636719,-0.175781,0.992188,0.000000,28.981766,10.000000
2.669922,-0.179688,1.019531,0.000000,32.185356,10.000000
2.761719,-0.089844,0.894531,0.000000,31.228710,10.000000
4.404297,-0.142578,1.095703,0.000000,28.188854,10.000000
4.408203,-0.142578,1.238281,0.000000,31.309767,10.000000
4.437500,-0.144531,1.285156,0.000000,30.707766,10.000000
0.041016,-0.033203,0.062500,0.000000,30.102999,10.000000
0.044922,-0.046875,0.103516,0.000000,29.014584,10.000000
0.011719,-0.039062,-0.007812,0.000000,30.655798,11.000000
0.017578,-0.080078,-0.007812,0.000000,31.911715,11.000000
0.029297,-0.119141,-0.005859,0.000000,30.132587,11.000000
0.056641,-0.154297,0.005859,0.000000,25.465427,11.000000
0.134766,-0.080078,1.257812,0.000000,23.096302,11.000000
0.447266,-0.083984,-1.271484,0.000000,23.074961,11.000000
0.574219,-0.042969,-1.265625,0.000000,21.643528,11.000000
1.671875,-0.105469,0.078125,0.000000,27.626785,11.000000
1.716797,-0.052734,0.019531,0.000000,29.818186,11.000000
1.759766,-0.000000,-0.007812,0.000000,28.887409,11.000000
2.625000,-0.175781,1.021484,0.000000,29.164539,11.000000
2.662109,-0.179688,1.039062,0.000000,32.268578,11.000000
2.759766,-0.089844,0.900391,0.000000,31.300119,11.000000
4.408203,-0.287109,1.216797,0.000000,31.740599,11.000000
4.457031,-0.144531,1.216797,0.000000,31.625645,11.000000
1.613281,-0.000000,0.279297,0.614669,27.109631,11.000000
0.041016,-0.033203,0.062500,0.000000,30.098757,11.000000
0.046875,-0.046875,0.103516,0.000000,29.009130,11.000000
1.748047,0.109375,-0.164062,0.000000,28.779470,11.000000
0.011719,-0.039062,-0.007812,0.000000,30.659531,12.000000
0.017578,-0.080078,-0.007812,0.000000,31.917303,12.000000
0.029297,-0.119141,-0.005859,0.000000,30.136797,12.000000
0.056641,-0.154297,0.005859,0.000000,25.465427,12.000000
0.154297,-0.080078,1.255859,0.000000,23.159704,12.000000
0.419922,-0.083984,-1.279297,0.000000,23.180634,12.000000
0.564453,-0.042969,-1.271484,0.000000,21.760912,12.000000
1.669922,-0.105469,-0.099609,0.000000,29.604708,12.000000
1.708984,-0.107422,-0.146484,0.000000,32.636360,12.000000
1.750000,-0.109375,-0.132812,0.000000,32.412975,12.000000
1.798828,-0.000000,-0.046875,0.000000,28.286598,12.000000
2.617188,-0.175781,1.042969,0.000000,28.998205,12.000000
2.658203,-0.179688,1.048828,0.000000,32.172207,12.000000
2.746094,-0.089844,0.939453,0.000000,31.159431,12.000000
0.041016,-0.033203,0.062500,0.000000,30.098757,12.000000
0.044922,-0.046875,0.103516,0.000000,29.014584,12.000000
0.011719,-0.039062,-0.007812,0.000000,30.644581,13.000000
0.017578,-0.080078,-0.007812,0.000000,31.908916,13.000000
0.029297,-0.119141,-0.005859,0.000000,30.132587,13.000000
0.056641,-0.154297,0.007812,0.000000,25.453072,13.000000
0.105469,-0.080078,1.261719,0.000000,23.096302,13.000000
0.400391,-0.083984,-1.287109,0.000000,23.096302,13.000000
1.675781,-0.000000,0.060547,0.000000,28.195440,13.000000
1.716797,0.052734,-0.042969,0.000000,31.467480,13.000000
1.757812,0.054688,-0.029297,0.000000,31.303337,13.000000
2.623047,-0.175781,1.025391,0.000000,29.159271,13.000000
2.660156,-0.179688,1.044922,0.000000,32.247921,13.000000
2.751953,-0.089844,0.923828,0.000000,31.238516,13.000000
0.041016,-0.033203,0.062500,0.000000,30.102999,13.000000
0.044922,-0.046875,0.103516,0.000000,29.014584,13.000000
0.011719,-0.039062,-0.007812,0.000000,30.652061,14.000000
0.017578,-0.080078,-0.007812,0.000000,31.908916,14.000000
0.029297,-0.119141,-0.005859,0.000000,30.132587,14.000000
0.056641,-0.154297,0.005859,0.000000,25.453072,14.000000
0.128906,-0.080078,1.259766,0.000000,23.117538,14.000000
0.408203,-0.083984,-1.283203,0.000000,23.074961,14.000000
0.529297,-0.042969,-1.285156,0.000000,21.673174,14.000000
1.757812,-0.167969,-0.347656,0.000000,27.715876,14.000000
1.820312,-0.115234,-0.250000,0.000000,27.937904,14.000000
1.837891,0.058594,-0.398438,0.000000,26.637009,14.000000
