4.587891,0.291016,0.785156,0.000000,29.025467,0.000000
4.833984,-0.308594,1.015625,0.000000,30.557604,0.000000
4.919922,-0.779297,0.316406,0.000000,29.143431,0.000000
0.037109,-0.035156,0.064453,0.000000,30.086002,0.000000
0.044922,-0.046875,0.103516,0.000000,28.992731,0.000000
1.230469,-0.464844,0.304688,0.000000,19.637878,0.000000
0.011719,-0.039062,-0.007812,0.000000,30.644581,1.000000
0.027344,-0.076172,-0.009766,0.000000,31.852587,1.000000
0.029297,-0.119141,-0.003906,0.000000,30.073210,1.000000
0.056641,-0.154297,0.007812,0.000000,25.352942,1.000000
0.207031,0.039062,-1.250000,0.000000,23.463530,1.000000
0.193359,0.041016,-1.294922,0.000000,24.361626,1.000000
0.458984,0.042969,1.267578,0.000000,22.504200,1.000000
2.619141,-0.175781,1.035156,0.000000,29.380192,1.000000
2.666016,-0.179688,1.031250,0.000000,32.610249,1.000000
2.761719,-0.089844,0.894531,0.000000,31.908916,1.000000
4.308594,-0.142578,1.425781,0.000000,27.824726,1.000000
4.398438,-0.142578,1.275391,0.000000,31.445742,1.000000
4.480469,-0.000000,1.136719,0.000000,31.271048,1.000000
4.849609,-0.308594,0.945312,0.000000,30.622059,1.000000
4.921875,-0.779297,0.253906,0.000000,29.580858,1.000000
0.037109,-0.035156,0.064453,0.000000,30.086002,1.000000
0.046875,-0.046875,0.103516,0.000000,28.992731,1.000000
1.234375,-0.464844,0.285156,0.000000,19.637878,1.000000
0.011719,-0.039062,-0.007812,0.000000,30.648323,2.000000
0.027344,-0.076172,-0.009766,0.000000,31.852587,2.000000
0.029297,-0.119141,-0.003906,0.000000,30.068937,2.000000
0.056641,-0.154297,0.007812,0.000000,25.340261,2.000000
0.246094,0.039062,-1.244141,0.000000,23.483049,2.000000
0.224609,0.041016,-1.289062,0.000000,24.361626,2.000000
0.466797,0.042969,1.265625,0.000000,22.504200,2.000000
2.625000,-0.175781,1.023438,0.000000,29.314579,2.000000
2.666016,-0.179688,1.029297,0.000000,32.569580,2.000000
2.759766,-0.089844,0.902344,0.000000,31.849752,2.000000
4.310547,-0.142578,1.417969,0.000000,27.853298,2.000000
4.398438,-0.142578,1.277344,0.000000,31.439510,2.000000
4.478516,-0.000000,1.146484,0.000000,31.132748,2.000000
4.849609,-0.308594,0.939453,0.000000,30.637085,2.000000
4.919922,-0.779297,0.296875,0.000000,29.390198,2.000000
0.037109,-0.035156,0.064453,0.000000,30.086002,2.000000
0.046875,-0.046875,0.103516,0.000000,28.992731,2.000000
1.181641,-0.449219,0.339844,0.000000,21.398790,2.000000
1.240234,-0.464844,0.263672,0.000000,19.731279,2.000000
0.011719,-0.039062,-0.007812,0.000000,30.652061,3.000000
0.027344,-0.076172,-0.009766,0.000000,31.852587,3.000000
0.029297,-0.119141,-0.003906,0.000000,30.064661,3.000000
0.056641,-0.154297,0.007812,0.000000,25.340261,3.000000
0.242188,0.039062,-1.244141,0.000000,23.502480,3.000000
0.230469,0.041016,-1.287109,0.000000,24.345690,3.000000
0.457031,0.042969,1.269531,0.000000,22.479733,3.000000
2.619141,-0.175781,1.039062,0.000000,29.319662,3.000000
2.666016,-0.179688,1.031250,0.000000,32.598328,3.000000
2.761719,-0.089844,0.896484,0.000000,31.900515,3.000000
4.314453,-0.142578,1.406250,0.000000,27.831886,3.000000
4.402344,-0.142578,1.261719,0.000000,31.458178,3.000000
4.492188,-0.144531,1.080078,0.000000,31.455072,3.000000
4.623047,-0.000000,0.617188,0.000000,29.818186,3.000000
4.677734,-0.000000,0.505859,0.000000,28.692318,3.000000
4.847656,-0.308594,0.953125,0.000000,30.755470,3.000000
4.919922,-0.779297,0.289062,0.000000,29.532763,3.000000
0.037109,-0.035156,0.064453,0.000000,30.081741,3.000000
0.046875,-0.046875,0.103516,0.000000,28.992731,3.000000
1.181641,-0.449219,0.337891,0.000000,21.367207,3.000000
1.240234,-0.464844,0.257812,0.000000,19.637878,3.000000
0.011719,-0.039062,-0.007812,0.000000,30.652061,4.000000
0.027344,-0.076172,-0.009766,0.000000,31.852587,4.000000
0.029297,-0.119141,-0.005859,0.000000,30.068937,4.000000
0.056641,-0.154297,0.007812,0.000000,25.340261,4.000000
0.291016,0.039062,-1.234375,0.000000,23.502480,4.000000
0.236328,0.041016,-1.287109,0.000000,24.361626,4.000000
0.451172,0.042969,1.271484,0.000000,22.479733,4.000000
2.628906,-0.175781,1.013672,0.000000,29.247959,4.000000
2.667969,-0.179688,1.023438,0.000000,32.559956,4.000000
2.761719,-0.089844,0.892578,0.000000,31.878027,4.000000
4.306641,-0.142578,1.433594,0.000000,27.846172,4.000000
4.402344,-0.142578,1.261719,0.000000,31.482941,4.000000
4.505859,-0.144531,1.019531,0.000000,31.690863,4.000000
4.632812,-0.000000,0.527344,0.000000,30.962147,4.000000
4.681641,-0.000000,0.453125,0.000000,30.572857,4.000000
4.845703,-0.308594,0.964844,0.000000,30.744507,4.000000
4.919922,-0.779297,0.300781,0.000000,29.405165,4.000000
0.037109,-0.035156,0.064453,0.000000,30.086002,4.000000
0.046875,-0.046875,0.103516,0.000000,28.998205,4.000000
1.181641,-0.449219,0.337891,0.000000,21.398790,4.000000
1.238281,-0.464844,0.271484,0.000000,19.684830,4.000000
0.011719,-0.039062,-0.007812,0.000000,30.652061,5.000000
0.027344,-0.076172,-0.009766,0.000000,31.852587,5.000000
0.041016,-0.115234,-0.007812,0.000000,30.068937,5.000000
0.056641,-0.154297,0.007812,0.000000,25.352942,5.000000
0.261719,0.039062,-1.240234,0.000000,23.483049,5.000000
0.228516,0.041016,-1.289062,0.000000,24.361626,5.000000
0.458984,0.042969,1.269531,0.000000,22.455126,5.000000
2.621094,-0.175781,1.033203,0.000000,29.289078,5.000000
2.667969,-0.179688,1.025391,0.000000,32.581581,5.000000
2.761719,-0.089844,0.892578,0.000000,31.880844,5.000000
4.312500,-0.142578,1.412109,0.000000,27.867514,5.000000
4.402344,-0.142578,1.259766,0.000000,31.495270,5.000000
4.503906,-0.144531,1.027344,0.000000,31.676126,5.000000
4.642578,-0.000000,0.433594,0.000000,31.504494,5.000000
4.689453,-0.000000,0.367188,0.000000,31.922886,5.000000
4.736328,-0.000000,0.291016,0.000000,29.508514,5.000000
4.853516,-0.308594,0.916016,0.000000,30.784569,5.000000
4.921875,-0.779297,0.281250,0.000000,29.642597,5.000000
0.037109,-0.035156,0.064453,0.000000,30.081741,5.000000
0.044922,-0.046875,0.103516,0.000000,28.992731,5.000000
1.179688,-0.449219,0.343750,0.000000,21.398790,5.000000
1.236328,-0.464844,0.283203,0.000000,19.684830,5.000000
0.011719,-0.039062,-0.007812,0.000000,30.663260,6.000000
0.027344,-0.076172,-0.009766,0.000000,31.855421,6.000000
0.029297,-0.119141,-0.003906,0.000000,30.068937,6.000000
0.056641,-0.154297,0.007812,0.000000,25.340261,6.000000
0.236328,0.039062,-1.246094,0.000000,23.443922,6.000000
0.214844,0.041016,-1.291016,0.000000,24.313637,6.000000
0.460938,0.042969,1.267578,0.000000,22.455126,6.000000
2.623047,-0.175781,1.027344,0.000000,29.339931,6.000000
2.667969,-0.179688,1.023438,0.000000,32.619762,6.000000
2.765625,-0.089844,0.880859,0.000000,31.950689,6.000000
4.306641,-0.142578,1.431641,0.000000,27.874605,6.000000
4.398438,-0.142578,1.273438,0.000000,31.461281,6.000000
4.490234,-0.144531,1.089844,0.000000,31.420765,6.000000
4.630859,-0.000000,0.554688,0.000000,30.136797,6.000000
4.677734,-0.000000,0.501953,0.000000,30.191162,6.000000
4.853516,-0.308594,0.916016,0.000000,30.813473,6.000000
4.921875,-0.779297,0.283203,0.000000,29.527924,6.000000
0.037109,-0.035156,0.064453,0.000000,30.086002,6.000000
0.044922,-0.046875,0.103516,0.000000,28.992731,6.000000
1.179688,-0.449219,0.345703,0.000000,21.367207,6.000000
1.234375,-0.464844,0.285156,0.000000,19.637878,6.000000
0.011719,-0.039062,-0.007812,0.000000,30.659531,7.000000
0.027344,-0.076172,-0.009766,0.000000,31.855421,7.000000
0.041016,-0.115234,-0.007812,0.000000,30.064661,7.000000
0.056641,-0.154297,0.007812,0.000000,25.327543,7.000000
0.267578,0.039062,-1.238281,0.000000,23.502480,7.000000
0.226562,0.041016,-1.289062,0.000000,24.361626,7.000000
0.451172,0.042969,1.271484,0.000000,22.504200,7.000000
2.626953,-0.175781,1.019531,0.000000,29.370161,7.000000
2.667969,-0.179688,1.023438,0.000000,32.612629,7.000000
2.759766,-0.089844,0.898438,0.000000,31.906118,7.000000
4.312500,-0.142578,1.416016,0.000000,27.888752,7.000000
4.400391,-0.142578,1.267578,0.000000,31.470577,7.000000
4.498047,-0.144531,1.052734,0.000000,31.495270,7.000000
4.636719,-0.000000,0.492188,0.000000,30.480532,7.000000
4.683594,0.146484,0.412109,0.000000,30.301949,7.000000
4.851562,-0.308594,0.931641,0.000000,30.813473,7.000000
4.919922,-0.779297,0.304688,0.000000,29.513374,7.000000
0.037109,-0.035156,0.064453,0.000000,30.086002,7.000000
0.046875,-0.046875,0.103516,0.000000,28.998205,7.000000
1.179688,-0.449219,0.343750,0.000000,21.398790,7.000000
1.240234,-0.464844,0.259766,0.000000,19.731279,7.000000
0.011719,-0.039062,-0.007812,0.000000,30.659531,8.000000
0.027344,-0.076172,-0.009766,0.000000,31.852587,8.000000
0.029297,-0.119141,-0.003906,0.000000,30.068937,8.000000
0.056641,-0.154297,0.007812,0.000000,25.340261,8.000000
0.289062,0.039062,-1.234375,0.000000,23.502480,8.000000
0.232422,0.041016,-1.287109,0.000000,24.329693,8.000000
0.439453,0.042969,1.275391,0.000000,22.430380,8.000000
2.609375,-0.175781,1.060547,0.000000,29.278833,8.000000
2.662109,-0.179688,1.037109,0.000000,32.543064,8.000000
2.761719,-0.089844,0.896484,0.000000,31.832699,8.000000
4.312500,-0.142578,1.416016,0.000000,27.853298,8.000000
4.400391,-0.142578,1.267578,0.000000,31.464382,8.000000
4.498047,-0.144531,1.058594,0.000000,31.519823,8.000000
4.634766,-0.000000,0.513672,0.000000,30.457140,8.000000
4.683594,-0.000000,0.429688,0.000000,30.261246,8.000000
4.857422,-0.308594,0.904297,0.000000,30.881361,8.000000
4.919922,-0.779297,0.302734,0.000000,29.489017,8.000000
0.037109,-0.035156,0.064453,0.000000,30.081741,8.000000
0.046875,-0.046875,0.103516,0.000000,28.992731,8.000000
1.226562,-0.464844,0.320312,0.000000,19.637878,8.000000
0.011719,-0.039062,-0.007812,0.000000,30.652061,9.000000
0.027344,-0.076172,-0.009766,0.000000,31.849752,9.000000
0.029297,-0.119141,-0.003906,0.000000,30.064661,9.000000
0.056641,-0.154297,0.007812,0.000000,25.340261,9.000000
0.226562,0.039062,-1.248047,0.000000,23.502480,9.000000
0.185547,0.041016,-1.294922,0.000000,24.361626,9.000000
0.466797,0.042969,1.265625,0.000000,22.479733,9.000000
2.625000,-0.175781,1.025391,0.000000,29.273705,9.000000
2.666016,-0.179688,1.027344,0.000000,32.571983,9.000000
2.759766,-0.089844,0.898438,0.000000,31.892096,9.000000
4.304688,-0.142578,1.435547,0.000000,27.853298,9.000000
4.398438,-0.142578,1.277344,0.000000,31.448854,9.000000
4.496094,-0.144531,1.066406,0.000000,31.479853,9.000000
4.634766,-0.000000,0.515625,0.000000,30.326187,9.000000
4.683594,-0.000000,0.439453,0.000000,30.073210,9.000000
4.855469,-0.308594,0.914062,0.000000,30.860037,9.000000
4.917969,-0.779297,0.330078,0.000000,29.469433,9.000000
0.037109,-0.035156,0.064453,0.000000,30.086002,9.000000
0.044922,-0.046875,0.103516,0.000000,28.992731,9.000000
1.236328,-0.464844,0.277344,0.000000,19.637878,9.000000
0.011719,-0.039062,-0.007812,0.000000,30.648323,10.000000
0.027344,-0.076172,-0.009766,0.000000,31.852587,10.000000
0.029297,-0.119141,-0.003906,0.000000,30.068937,10.000000
0.056641,-0.154297,0.007812,0.000000,25.340261,10.000000
0.228516,0.039062,-1.246094,0.000000,23.502480,10.000000
0.203125,0.041016,-1.292969,0.000000,24.361626,10.000000
0.443359,0.042969,1.273438,0.000000,22.479733,10.000000
2.625000,-0.175781,1.021484,0.000000,29.253120,10.000000
2.669922,-0.179688,1.019531,0.000000,32.550312,10.000000
2.767578,-0.089844,0.876953,0.000000,31.875208,10.000000
4.306641,-0.142578,1.429688,0.000000,27.824726,10.000000
4.396484,-0.142578,1.279297,0.000000,31.448854,10.000000
4.490234,-0.144531,1.083984,0.000000,31.405081,10.000000
4.630859,-0.000000,0.546875,0.000000,30.047512,10.000000
4.675781,-0.000000,0.519531,0.000000,29.777237,10.000000
4.849609,-0.308594,0.941406,0.000000,30.845762,10.000000
4.917969,-0.779297,0.330078,0.000000,29.537598,10.000000
0.037109,-0.035156,0.064453,0.000000,30.086002,10.000000
0.046875,-0.046875,0.103516,0.000000,28.998205,10.000000
1.183594,-0.449219,0.332031,0.000000,21.398790,10.000000
1.242188,-0.464844,0.255859,0.000000,19.731279,10.000000
0.011719,-0.039062,-0.007812,0.000000,30.648323,11.000000
0.027344,-0.076172,-0.009766,0.000000,31.849752,11.000000
0.029297,-0.119141,-0.003906,0.000000,30.064661,11.000000
0.056641,-0.154297,0.007812,0.000000,25.327543,11.000000
0.261719,0.039062,-1.240234,0.000000,23.521826,11.000000
0.212891,0.041016,-1.291016,0.000000,24.377506,11.000000
0.488281,0.042969,1.257812,0.000000,22.455126,11.000000
2.630859,-0.175781,1.007812,0.000000,29.289078,11.000000
2.671875,-0.179688,1.013672,0.000000,32.564774,11.000000
2.769531,-0.089844,0.873047,0.000000,31.897709,11.000000
4.310547,-0.142578,1.421875,0.000000,27.817554,11.000000
4.398438,-0.142578,1.271484,0.000000,31.448854,11.000000
4.496094,-0.144531,1.064453,0.000000,31.455072,11.000000
4.638672,-0.000000,0.476562,0.000000,30.704073,11.000000
4.683594,-0.000000,0.429688,0.000000,31.075491,11.000000
4.849609,-0.308594,0.945312,0.000000,30.827854,11.000000
4.919922,-0.779297,0.318359,0.000000,29.537598,11.000000
0.037109,-0.035156,0.064453,0.000000,30.086002,11.000000
0.046875,-0.046875,0.103516,0.000000,28.998205,11.000000
1.238281,-0.464844,0.269531,0.000000,19.684830,11.000000
0.011719,-0.039062,-0.007812,0.000000,30.644581,12.000000
0.027344,-0.076172,-0.009766,0.000000,31.852587,12.000000
0.029297,-0.119141,-0.003906,0.000000,30.068937,12.000000
0.056641,-0.154297,0.007812,0.000000,25.352942,12.000000
0.238281,0.039062,-1.244141,0.000000,23.502480,12.000000
0.212891,0.041016,-1.291016,0.000000,24.377506,12.000000
0.458984,0.042969,1.267578,0.000000,22.504200,12.000000
2.613281,-0.175781,1.052734,0.000000,29.258276,12.000000
2.664062,-0.179688,1.037109,0.000000,32.545483,12.000000
2.759766,-0.089844,0.898438,0.000000,31.852587,12.000000
4.308594,-0.142578,1.425781,0.000000,27.860413,12.000000
4.400391,-0.142578,1.267578,0.000000,31.458178,12.000000
4.513672,-0.144531,0.988281,0.000000,31.763807,12.000000
4.642578,-0.000000,0.431641,0.000000,31.795517,12.000000
4.691406,-0.000000,0.359375,0.000000,31.981070,12.000000
4.736328,-0.000000,0.281250,0.000000,29.576073,12.000000
4.849609,-0.308594,0.943359,0.000000,30.692980,12.000000
4.919922,-0.779297,0.296875,0.000000,29.513374,12.000000
0.037109,-0.035156,0.064453,0.000000,30.086002,12.000000
0.046875,-0.046875,0.103516,0.000000,28.992731,12.000000
1.240234,-0.464844,0.261719,0.000000,19.684830,12.000000
0.011719,-0.039062,-0.007812,0.000000,30.648323,13.000000
0.027344,-0.076172,-0.009766,0.000000,31.855421,13.000000
0.029297,-0.119141,-0.003906,0.000000,30.068937,13.000000
0.056641,-0.154297,0.007812,0.000000,25.340261,13.000000
0.240234,0.039062,-1.244141,0.000000,23.483049,13.000000
