4.466797,-0.144531,1.183594,0.000000,31.041456,0.000000
4.650391,-0.000000,0.345703,0.000000,29.938768,0.000000
4.691406,-0.000000,0.349609,0.000000,30.791813,0.000000
4.867188,-0.308594,0.843750,0.000000,30.916670,0.000000
0.037109,-0.035156,0.064453,0.000000,30.094509,0.000000
0.044922,-0.046875,0.103516,0.000000,29.014584,0.000000
1.179688,-0.449219,0.347656,0.000000,21.398790,0.000000
1.240234,-0.464844,0.261719,0.000000,19.637878,0.000000
0.011719,-0.039062,-0.007812,0.000000,30.692980,1.000000
0.027344,-0.076172,-0.009766,0.000000,31.889284,1.000000
0.029297,-0.119141,-0.005859,0.000000,30.102999,1.000000
0.056641,-0.154297,0.007812,0.000000,25.365585,1.000000
0.253906,0.039062,-1.242188,0.000000,23.541084,1.000000
0.181641,0.041016,-1.294922,0.000000,24.345690,1.000000
0.484375,0.042969,1.259766,0.000000,22.528530,1.000000
1.896484,-0.300781,0.101562,0.000000,27.634279,1.000000
2.626953,-0.175781,1.017578,0.000000,29.493900,1.000000
2.701172,-0.089844,0.945312,0.000000,32.633995,1.000000
2.761719,-0.089844,0.896484,0.000000,31.920095,1.000000
4.273438,-0.142578,1.527344,0.000000,27.664129,1.000000
4.390625,-0.142578,1.298828,0.000000,31.367207,1.000000
4.470703,-0.144531,1.167969,0.000000,31.041456,1.000000
4.650391,-0.000000,0.359375,0.000000,29.867718,1.000000
4.689453,-0.000000,0.363281,0.000000,30.633333,1.000000
4.865234,-0.308594,0.853516,0.000000,30.863598,1.000000
0.037109,-0.035156,0.064453,0.000000,30.102999,1.000000
0.044922,-0.046875,0.103516,0.000000,29.020029,1.000000
1.179688,-0.449219,0.347656,0.000000,21.461281,1.000000
1.240234,-0.464844,0.259766,0.000000,19.731279,1.000000
0.011719,-0.039062,-0.007812,0.000000,30.692980,2.000000
0.027344,-0.076172,-0.009766,0.000000,31.892096,2.000000
0.029297,-0.119141,-0.005859,0.000000,30.102999,2.000000
0.056641,-0.154297,0.007812,0.000000,25.378191,2.000000
0.253906,0.039062,-1.242188,0.000000,23.541084,2.000000
0.224609,0.041016,-1.289062,0.000000,24.345690,2.000000
0.451172,0.042969,1.271484,0.000000,22.528530,2.000000
1.962891,-0.312500,-0.255859,0.000000,28.876173,2.000000
2.005859,-0.320312,-0.234375,0.000000,27.958799,2.000000
2.611328,-0.175781,1.054688,0.000000,29.395193,2.000000
2.699219,-0.089844,0.951172,0.000000,32.636360,2.000000
2.767578,-0.089844,0.878906,0.000000,31.936810,2.000000
4.273438,-0.142578,1.529297,0.000000,27.701153,2.000000
4.386719,-0.142578,1.312500,0.000000,31.367207,2.000000
4.464844,-0.144531,1.187500,0.000000,31.017471,2.000000
4.648438,-0.000000,0.382812,0.000000,29.881128,2.000000
4.687500,-0.000000,0.388672,0.000000,30.576660,2.000000
4.869141,-0.308594,0.830078,0.000000,31.014034,2.000000
0.037109,-0.035156,0.064453,0.000000,30.098757,2.000000
0.044922,-0.046875,0.103516,0.000000,29.014584,2.000000
1.177734,-0.449219,0.351562,0.000000,21.461281,2.000000
1.240234,-0.464844,0.263672,0.000000,19.731279,2.000000
0.011719,-0.039062,-0.007812,0.000000,30.689276,3.000000
0.027344,-0.076172,-0.009766,0.000000,31.892096,3.000000
0.029297,-0.119141,-0.005859,0.000000,30.107239,3.000000
0.056641,-0.154297,0.007812,0.000000,25.378191,3.000000
0.250000,0.039062,-1.242188,0.000000,23.560259,3.000000
0.183594,0.041016,-1.294922,0.000000,24.377506,3.000000
0.458984,0.042969,1.269531,0.000000,22.552725,3.000000
1.927734,-0.367188,-0.021484,0.000000,27.781513,3.000000
1.968750,-0.312500,-0.203125,0.000000,28.943161,3.000000
2.007812,-0.320312,-0.228516,0.000000,27.916906,3.000000
2.615234,-0.175781,1.046875,0.000000,29.532763,3.000000
2.660156,-0.179688,1.042969,0.000000,32.685780,3.000000
2.759766,-0.089844,0.898438,0.000000,31.986570,3.000000
4.275391,-0.142578,1.521484,0.000000,27.678976,3.000000
4.386719,-0.142578,1.310547,0.000000,31.389339,3.000000
4.468750,-0.144531,1.171875,0.000000,31.119343,3.000000
4.644531,-0.000000,0.408203,0.000000,29.947569,3.000000
4.687500,-0.000000,0.402344,0.000000,30.553783,3.000000
4.869141,-0.308594,0.832031,0.000000,31.017471,3.000000
0.037109,-0.035156,0.064453,0.000000,30.094509,3.000000
0.044922,-0.046875,0.103516,0.000000,29.020029,3.000000
1.177734,-0.449219,0.353516,0.000000,21.430147,3.000000
1.230469,-0.464844,0.300781,0.000000,19.684830,3.000000
0.011719,-0.039062,-0.007812,0.000000,30.692980,4.000000
0.027344,-0.076172,-0.009766,0.000000,31.894903,4.000000
0.029297,-0.119141,-0.005859,0.000000,30.107239,4.000000
0.056641,-0.154297,0.005859,0.000000,25.390760,4.000000
0.275391,0.039062,-1.236328,0.000000,23.560259,4.000000
0.195312,0.041016,-1.292969,0.000000,24.361626,4.000000
0.460938,0.042969,1.267578,0.000000,22.528530,4.000000
2.625000,-0.175781,1.019531,0.000000,29.454685,4.000000
2.705078,-0.089844,0.935547,0.000000,32.669369,4.000000
2.765625,-0.089844,0.884766,0.000000,31.970047,4.000000
4.287109,-0.000000,1.496094,0.000000,27.664129,4.000000
4.390625,-0.142578,1.302734,0.000000,31.427023,4.000000
4.466797,-0.144531,1.177734,0.000000,31.166077,4.000000
4.644531,-0.000000,0.419922,0.000000,29.863237,4.000000
4.687500,-0.000000,0.400391,0.000000,30.480532,4.000000
4.867188,-0.308594,0.841797,0.000000,30.937717,4.000000
0.037109,-0.035156,0.064453,0.000000,30.098757,4.000000
0.044922,-0.046875,0.103516,0.000000,29.020029,4.000000
1.177734,-0.449219,0.355469,0.000000,21.398790,4.000000
1.236328,-0.464844,0.277344,0.000000,19.637878,4.000000
0.011719,-0.039062,-0.007812,0.000000,30.692980,5.000000
0.027344,-0.076172,-0.009766,0.000000,31.889284,5.000000
0.029297,-0.119141,-0.005859,0.000000,30.098757,5.000000
0.056641,-0.154297,0.007812,0.000000,25.378191,5.000000
0.248047,0.039062,-1.242188,0.000000,23.560259,5.000000
0.199219,0.041016,-1.292969,0.000000,24.361626,5.000000
0.472656,0.042969,1.263672,0.000000,22.504200,5.000000
2.625000,-0.175781,1.023438,0.000000,29.375179,5.000000
2.705078,-0.089844,0.931641,0.000000,32.655254,5.000000
2.769531,-0.089844,0.869141,0.000000,31.972805,5.000000
4.320312,-0.142578,1.390625,0.000000,27.708521,5.000000
4.400391,-0.142578,1.269531,0.000000,31.445742,5.000000
4.468750,-0.144531,1.169922,0.000000,31.132748,5.000000
4.644531,-0.000000,0.416016,0.000000,29.735897,5.000000
4.685547,-0.000000,0.416016,0.000000,30.429691,5.000000
4.865234,-0.308594,0.859375,0.000000,30.902580,5.000000
0.037109,-0.035156,0.064453,0.000000,30.098757,5.000000
0.044922,-0.046875,0.103516,0.000000,29.014584,5.000000
1.177734,-0.449219,0.353516,0.000000,21.398790,5.000000
1.234375,-0.464844,0.289062,0.000000,19.684830,5.000000
0.011719,-0.039062,-0.007812,0.000000,30.692980,6.000000
0.027344,-0.076172,-0.009766,0.000000,31.892096,6.000000
0.029297,-0.119141,-0.005859,0.000000,30.102999,6.000000
0.056641,-0.154297,0.007812,0.000000,25.378191,6.000000
0.222656,0.039062,-1.248047,0.000000,23.502480,6.000000
0.164062,0.041016,-1.298828,0.000000,24.345690,6.000000
0.478516,0.042969,1.261719,0.000000,22.504200,6.000000
1.970703,-0.312500,-0.185547,0.000000,28.254261,6.000000
2.644531,-0.175781,0.972656,0.000000,29.314579,6.000000
2.712891,-0.089844,0.912109,0.000000,32.624512,6.000000
2.763672,-0.089844,0.886719,0.000000,31.906118,6.000000
4.326172,-0.142578,1.371094,0.000000,27.774269,6.000000
4.402344,-0.142578,1.259766,0.000000,31.461281,6.000000
4.470703,-0.144531,1.167969,0.000000,31.078880,6.000000
4.642578,-0.000000,0.437500,0.000000,29.628428,6.000000
4.683594,-0.000000,0.439453,0.000000,30.409977,6.000000
4.865234,-0.308594,0.855469,0.000000,30.913151,6.000000
0.037109,-0.035156,0.064453,0.000000,30.094509,6.000000
0.044922,-0.046875,0.103516,0.000000,29.014584,6.000000
1.177734,-0.449219,0.353516,0.000000,21.430147,6.000000
1.232422,-0.464844,0.294922,0.000000,19.684830,6.000000
0.011719,-0.039062,-0.007812,0.000000,30.700378,7.000000
0.027344,-0.076172,-0.009766,0.000000,31.892096,7.000000
0.029297,-0.119141,-0.005859,0.000000,30.107239,7.000000
0.056641,-0.154297,0.007812,0.000000,25.390760,7.000000
0.248047,0.039062,-1.242188,0.000000,23.521826,7.000000
0.195312,0.041016,-1.292969,0.000000,24.345690,7.000000
0.474609,0.042969,1.263672,0.000000,22.504200,7.000000
1.968750,-0.312500,-0.207031,0.000000,28.331470,7.000000
2.009766,-0.320312,-0.201172,0.000000,27.619278,7.000000
2.646484,-0.175781,0.966797,0.000000,29.309490,7.000000
2.710938,-0.089844,0.919922,0.000000,32.593548,7.000000
2.765625,-0.089844,0.880859,0.000000,31.892096,7.000000
4.304688,-0.000000,1.443359,0.000000,27.767012,7.000000
4.396484,-0.142578,1.283203,0.000000,31.442627,7.000000
4.464844,-0.144531,1.185547,0.000000,31.027765,7.000000
4.644531,-0.000000,0.417969,0.000000,29.571281,7.000000
4.685547,-0.000000,0.429688,0.000000,30.409977,7.000000
4.869141,-0.308594,0.835938,0.000000,30.982975,7.000000
0.037109,-0.035156,0.064453,0.000000,30.094509,7.000000
0.044922,-0.046875,0.103516,0.000000,29.020029,7.000000
1.175781,-0.449219,0.359375,0.000000,21.430147,7.000000
1.228516,-0.464844,0.310547,0.000000,19.684830,7.000000
0.011719,-0.039062,-0.007812,0.000000,30.692980,8.000000
0.027344,-0.076172,-0.009766,0.000000,31.889284,8.000000
0.029297,-0.119141,-0.005859,0.000000,30.098757,8.000000
0.056641,-0.154297,0.007812,0.000000,25.365585,8.000000
0.271484,0.039062,-1.238281,0.000000,23.579348,8.000000
0.205078,0.041016,-1.292969,0.000000,24.361626,8.000000
0.468750,0.042969,1.265625,0.000000,22.528530,8.000000
1.955078,-0.375000,-0.240234,0.000000,28.898617,8.000000
2.011719,-0.320312,-0.191406,0.000000,28.331470,8.000000
2.634766,-0.175781,0.994141,0.000000,29.263424,8.000000
2.707031,-0.089844,0.929688,0.000000,32.552727,8.000000
2.767578,-0.089844,0.875000,0.000000,31.875208,8.000000
4.291016,-0.000000,1.482422,0.000000,27.730547,8.000000
4.392578,-0.142578,1.294922,0.000000,31.405081,8.000000
4.462891,-0.144531,1.193359,0.000000,30.982975,8.000000
4.648438,-0.000000,0.363281,0.000000,29.561684,8.000000
4.689453,-0.000000,0.384766,0.000000,30.499929,8.000000
4.873047,-0.308594,0.810547,0.000000,31.034616,8.000000
0.037109,-0.035156,0.064453,0.000000,30.094509,8.000000
0.044922,-0.046875,0.103516,0.000000,29.014584,8.000000
1.177734,-0.449219,0.353516,0.000000,21.430147,8.000000
1.238281,-0.464844,0.275391,0.000000,19.684830,8.000000
0.011719,-0.039062,-0.007812,0.000000,30.692980,9.000000
0.027344,-0.076172,-0.009766,0.000000,31.892096,9.000000
0.029297,-0.119141,-0.005859,0.000000,30.107239,9.000000
0.056641,-0.154297,0.007812,0.000000,25.378191,9.000000
0.203125,0.039062,-1.251953,0.000000,23.560259,9.000000
0.140625,0.041016,-1.300781,0.000000,24.345690,9.000000
0.480469,0.042969,1.259766,0.000000,22.528530,9.000000
2.603516,-0.175781,1.076172,0.000000,29.370161,9.000000
2.654297,-0.179688,1.056641,0.000000,32.569580,9.000000
2.759766,-0.089844,0.898438,0.000000,31.861084,9.000000
4.302734,-0.000000,1.451172,0.000000,27.686380,9.000000
4.398438,-0.142578,1.277344,0.000000,31.379868,9.000000
4.464844,-0.144531,1.187500,0.000000,30.955181,9.000000
4.648438,-0.000000,0.369141,0.000000,29.614210,9.000000
4.687500,-0.000000,0.384766,0.000000,30.595634,9.000000
4.875000,-0.308594,0.800781,0.000000,31.007151,9.000000
0.037109,-0.035156,0.064453,0.000000,30.102999,9.000000
0.044922,-0.046875,0.103516,0.000000,29.020029,9.000000
1.177734,-0.449219,0.353516,0.000000,21.430147,9.000000
1.236328,-0.464844,0.279297,0.000000,19.684830,9.000000
0.011719,-0.039062,-0.007812,0.000000,30.689276,10.000000
0.027344,-0.076172,-0.009766,0.000000,31.892096,10.000000
0.029297,-0.119141,-0.005859,0.000000,30.102999,10.000000
0.056641,-0.154297,0.007812,0.000000,25.378191,10.000000
0.269531,0.039062,-1.238281,0.000000,23.560259,10.000000
0.199219,0.041016,-1.292969,0.000000,24.377506,10.000000
0.484375,0.042969,1.259766,0.000000,22.552725,10.000000
2.617188,-0.175781,1.041016,0.000000,29.385197,10.000000
2.695312,-0.089844,0.960938,0.000000,32.581581,10.000000
2.759766,-0.089844,0.902344,0.000000,31.897709,10.000000
4.302734,-0.000000,1.453125,0.000000,27.641762,10.000000
4.394531,-0.142578,1.291016,0.000000,31.338581,10.000000
4.460938,-0.144531,1.203125,0.000000,30.930714,10.000000
4.650391,-0.000000,0.353516,0.000000,29.694159,10.000000
4.687500,-0.000000,0.386719,0.000000,30.663260,10.000000
4.873047,-0.308594,0.806641,0.000000,31.003706,10.000000
0.037109,-0.035156,0.064453,0.000000,30.098757,10.000000
0.044922,-0.046875,0.103516,0.000000,29.020029,10.000000
1.232422,-0.464844,0.294922,0.000000,19.637878,10.000000
0.011719,-0.039062,-0.007812,0.000000,30.685570,11.000000
0.027344,-0.076172,-0.009766,0.000000,31.892096,11.000000
0.029297,-0.119141,-0.005859,0.000000,30.102999,11.000000
0.056641,-0.154297,0.007812,0.000000,25.365585,11.000000
0.216797,0.039062,-1.248047,0.000000,23.521826,11.000000
0.158203,0.041016,-1.298828,0.000000,24.345690,11.000000
0.496094,0.042969,1.255859,0.000000,22.479733,11.000000
2.601562,-0.175781,1.078125,0.000000,29.350031,11.000000
2.691406,-0.089844,0.972656,0.000000,32.559956,11.000000
2.759766,-0.089844,0.902344,0.000000,31.844074,11.000000
4.306641,-0.000000,1.439453,0.000000,27.619278,11.000000
4.394531,-0.142578,1.287109,0.000000,31.341770,11.000000
4.462891,-0.144531,1.191406,0.000000,30.937717,11.000000
4.648438,-0.000000,0.371094,0.000000,29.726656,11.000000
4.689453,-0.000000,0.380859,0.000000,30.689276,11.000000
4.833984,-0.306641,0.802734,0.000000,29.694159,11.000000
4.873047,-0.308594,0.810547,0.000000,30.955181,11.000000
0.037109,-0.035156,0.064453,0.000000,30.094509,11.000000
0.044922,-0.046875,0.103516,0.000000,29.014584,11.000000
1.177734,-0.449219,0.349609,0.000000,21.430147,11.000000
1.240234,-0.464844,0.265625,0.000000,19.684830,11.000000
0.011719,-0.039062,-0.007812,0.000000,30.685570,12.000000
0.027344,-0.076172,-0.009766,0.000000,31.886473,12.000000
0.029297,-0.119141,-0.005859,0.000000,30.098757,12.000000
0.056641,-0.154297,0.007812,0.000000,25.378191,12.000000
0.246094,0.039062,-1.244141,0.000000,23.541084,12.000000
0.187500,0.041016,-1.294922,0.000000,24.361626,12.000000
0.455078,0.042969,1.269531,0.000000,22.504200,12.000000
1.984375,-0.250000,-0.144531,0.000000,28.221682,12.000000
2.029297,-0.191406,-0.158203,0.000000,27.379873,12.000000
2.625000,-0.175781,1.023438,0.000000,29.299295,12.000000
2.701172,-0.089844,0.945312,0.000000,32.579185,12.000000
2.769531,-0.089844,0.871094,0.000000,31.906118,12.000000
4.314453,-0.000000,1.414062,0.000000,27.634279,12.000000
4.400391,-0.142578,1.265625,0.000000,31.351326,12.000000
4.468750,-0.144531,1.171875,0.000000,30.948204,12.000000
4.646484,-0.000000,0.386719,0.000000,29.689497,12.000000
4.687500,-0.000000,0.392578,0.000000,30.629578,12.000000
