4.859375,-0.308594,0.884766,0.000000,30.711452,0.000000
4.914062,-0.779297,0.386719,0.000000,29.618956,0.000000
0.037109,-0.035156,0.064453,0.000000,30.098757,0.000000
0.044922,-0.046875,0.103516,0.000000,29.014584,0.000000
1.179688,-0.449219,0.345703,0.000000,21.461281,0.000000
1.240234,-0.464844,0.263672,0.000000,19.731279,0.000000
0.011719,-0.039062,-0.007812,0.000000,30.685570,1.000000
0.027344,-0.076172,-0.009766,0.000000,31.883659,1.000000
0.029297,-0.119141,-0.005859,0.000000,30.094509,1.000000
0.056641,-0.154297,0.007812,0.000000,25.378191,1.000000
0.246094,0.039062,-1.244141,0.000000,23.541084,1.000000
0.171875,0.041016,-1.296875,0.000000,24.393328,1.000000
0.474609,0.042969,1.263672,0.000000,22.552725,1.000000
2.625000,-0.175781,1.023438,0.000000,29.439888,1.000000
2.703125,-0.089844,0.937500,0.000000,32.650539,1.000000
2.767578,-0.089844,0.876953,0.000000,31.983822,1.000000
4.308594,-0.000000,1.433594,0.000000,27.817554,1.000000
4.392578,-0.142578,1.292969,0.000000,31.414497,1.000000
4.466797,-0.144531,1.179688,0.000000,31.085649,1.000000
4.646484,-0.000000,0.394531,0.000000,29.867718,1.000000
4.689453,-0.000000,0.363281,0.000000,30.659531,1.000000
4.744141,-0.000000,-0.095703,0.000000,29.232441,1.000000
4.742188,-0.298828,-0.570312,0.000000,33.312248,1.000000
4.791016,-0.150391,-0.562500,0.000000,34.434196,1.000000
4.822266,-0.152344,-0.654297,0.000000,31.997551,1.000000
4.865234,-0.464844,0.789062,0.000000,30.842186,1.000000
4.923828,-0.779297,0.214844,0.000000,30.248960,1.000000
0.037109,-0.035156,0.064453,0.000000,30.094509,1.000000
0.044922,-0.046875,0.103516,0.000000,29.014584,1.000000
1.177734,-0.449219,0.349609,0.000000,21.430147,1.000000
1.240234,-0.464844,0.259766,0.000000,19.731279,1.000000
3.761719,-1.703125,-1.888672,0.000000,24.828735,1.000000
0.011719,-0.039062,-0.007812,0.000000,30.681858,2.000000
0.027344,-0.076172,-0.009766,0.000000,31.883659,2.000000
0.029297,-0.119141,-0.005859,0.000000,30.094509,2.000000
0.056641,-0.154297,0.007812,0.000000,25.365585,2.000000
0.230469,0.039062,-1.246094,0.000000,23.560259,2.000000
0.175781,0.041016,-1.296875,0.000000,24.377506,2.000000
0.466797,0.042969,1.265625,0.000000,22.504200,2.000000
1.927734,-0.246094,-0.275391,0.000000,27.109631,2.000000
1.962891,-0.250000,-0.322266,0.000000,29.675480,2.000000
2.001953,-0.191406,-0.373047,0.000000,28.853613,2.000000
2.623047,-0.175781,1.027344,0.000000,29.439888,2.000000
2.701172,-0.089844,0.943359,0.000000,32.631626,2.000000
2.765625,-0.089844,0.880859,0.000000,31.920095,2.000000
4.314453,-0.142578,1.408203,0.000000,27.737864,2.000000
4.392578,-0.142578,1.296875,0.000000,31.376705,2.000000
4.460938,-0.144531,1.205078,0.000000,31.010593,2.000000
4.648438,-0.000000,0.369141,0.000000,29.885590,2.000000
4.693359,-0.000000,0.318359,0.000000,30.817072,2.000000
4.744141,-0.000000,-0.085938,0.000000,29.334873,2.000000
4.744141,-0.298828,-0.554688,0.000000,33.053513,2.000000
4.792969,-0.150391,-0.548828,0.000000,34.151405,2.000000
4.820312,-0.152344,-0.658203,0.000000,31.637575,2.000000
4.871094,-0.464844,0.748047,0.000000,30.930714,2.000000
4.902344,-0.935547,0.025391,0.000000,30.722500,2.000000
0.037109,-0.035156,0.064453,0.000000,30.094509,2.000000
0.044922,-0.046875,0.103516,0.000000,29.014584,2.000000
1.177734,-0.449219,0.351562,0.000000,21.398790,2.000000
1.236328,-0.464844,0.283203,0.000000,19.731279,2.000000
0.011719,-0.039062,-0.007812,0.000000,30.681858,3.000000
0.027344,-0.076172,-0.009766,0.000000,31.883659,3.000000
0.029297,-0.119141,-0.005859,0.000000,30.098757,3.000000
0.056641,-0.154297,0.007812,0.000000,25.378191,3.000000
0.228516,0.039062,-1.246094,0.000000,23.502480,3.000000
0.175781,0.041016,-1.296875,0.000000,24.345690,3.000000
0.478516,0.042969,1.261719,0.000000,22.479733,3.000000
2.626953,-0.175781,1.017578,0.000000,29.415113,3.000000
2.701172,-0.089844,0.945312,0.000000,32.641090,3.000000
2.757812,-0.089844,0.904297,0.000000,31.914511,3.000000
4.306641,-0.000000,1.439453,0.000000,27.656685,3.000000
4.388672,-0.142578,1.308594,0.000000,31.357685,3.000000
4.457031,-0.144531,1.220703,0.000000,30.976044,3.000000
4.648438,-0.000000,0.382812,0.000000,29.726656,3.000000
4.689453,-0.000000,0.367188,0.000000,30.595634,3.000000
4.744141,-0.298828,-0.556641,0.000000,33.396503,3.000000
4.785156,-0.300781,-0.554688,0.000000,34.421661,3.000000
4.820312,-0.152344,-0.667969,0.000000,31.667261,3.000000
4.849609,-0.308594,0.939453,0.000000,30.666985,3.000000
4.919922,-0.779297,0.312500,0.000000,29.656719,3.000000
0.037109,-0.035156,0.064453,0.000000,30.090258,3.000000
0.044922,-0.046875,0.103516,0.000000,29.009130,3.000000
1.177734,-0.449219,0.349609,0.000000,21.367207,3.000000
1.236328,-0.464844,0.281250,0.000000,19.637878,3.000000
0.011719,-0.039062,-0.007812,0.000000,30.681858,4.000000
0.027344,-0.076172,-0.009766,0.000000,31.883659,4.000000
0.029297,-0.119141,-0.005859,0.000000,30.094509,4.000000
0.056641,-0.154297,0.007812,0.000000,25.378191,4.000000
0.255859,0.039062,-1.242188,0.000000,23.483049,4.000000
0.201172,0.041016,-1.292969,0.000000,24.329693,4.000000
0.455078,0.042969,1.269531,0.000000,22.479733,4.000000
2.626953,-0.175781,1.017578,0.000000,29.395193,4.000000
2.703125,-0.089844,0.939453,0.000000,32.626884,4.000000
2.763672,-0.089844,0.884766,0.000000,31.936810,4.000000
4.296875,-0.142578,1.460938,0.000000,27.686380,4.000000
4.386719,-0.142578,1.314453,0.000000,31.395643,4.000000
4.464844,-0.144531,1.187500,0.000000,31.115986,4.000000
4.652344,-0.000000,0.310547,0.000000,29.960737,4.000000
4.693359,-0.000000,0.314453,0.000000,30.766405,4.000000
4.744141,-0.000000,-0.072266,0.000000,29.143431,4.000000
4.746094,-0.298828,-0.544922,0.000000,32.904797,4.000000
4.794922,-0.150391,-0.531250,0.000000,33.949768,4.000000
4.826172,-0.152344,-0.621094,0.000000,31.245043,4.000000
4.869141,-0.464844,0.761719,0.000000,31.072100,4.000000
4.923828,-0.779297,0.212891,0.000000,30.413927,4.000000
0.037109,-0.035156,0.064453,0.000000,30.090258,4.000000
0.044922,-0.046875,0.103516,0.000000,29.014584,4.000000
1.173828,-0.449219,0.365234,0.000000,21.398790,4.000000
1.224609,-0.464844,0.326172,0.000000,19.684830,4.000000
0.011719,-0.039062,-0.007812,0.000000,30.685570,5.000000
0.027344,-0.076172,-0.009766,0.000000,31.883659,5.000000
0.029297,-0.119141,-0.005859,0.000000,30.094509,5.000000
0.056641,-0.154297,0.007812,0.000000,25.378191,5.000000
0.236328,0.039062,-1.246094,0.000000,23.521826,5.000000
0.175781,0.041016,-1.296875,0.000000,24.345690,5.000000
0.498047,0.042969,1.253906,0.000000,22.479733,5.000000
2.626953,-0.175781,1.015625,0.000000,29.334873,5.000000
2.699219,-0.089844,0.949219,0.000000,32.576786,5.000000
2.757812,-0.089844,0.904297,0.000000,31.897709,5.000000
4.304688,-0.142578,1.437500,0.000000,27.723217,5.000000
4.394531,-0.142578,1.289062,0.000000,31.379868,5.000000
4.466797,-0.144531,1.179688,0.000000,31.038036,5.000000
4.648438,-0.000000,0.373047,0.000000,29.790930,5.000000
4.689453,-0.000000,0.375000,0.000000,30.549959,5.000000
4.744141,-0.000000,-0.107422,0.000000,29.283958,5.000000
4.742188,-0.298828,-0.564453,0.000000,33.298046,5.000000
4.787109,-0.300781,-0.544922,0.000000,34.337700,5.000000
4.828125,-0.152344,-0.605469,0.000000,31.763807,5.000000
4.859375,-0.308594,0.884766,0.000000,30.663260,5.000000
4.921875,-0.779297,0.277344,0.000000,29.566486,5.000000
0.037109,-0.035156,0.064453,0.000000,30.094509,5.000000
0.044922,-0.046875,0.103516,0.000000,29.014584,5.000000
1.175781,-0.449219,0.359375,0.000000,21.461281,5.000000
1.232422,-0.464844,0.294922,0.000000,19.777237,5.000000
0.011719,-0.039062,-0.007812,0.000000,30.689276,6.000000
0.027344,-0.076172,-0.009766,0.000000,31.883659,6.000000
0.029297,-0.119141,-0.005859,0.000000,30.094509,6.000000
0.056641,-0.154297,0.007812,0.000000,25.352942,6.000000
0.273438,0.039062,-1.238281,0.000000,23.521826,6.000000
0.250000,0.041016,-1.285156,0.000000,24.329693,6.000000
0.441406,0.042969,1.275391,0.000000,22.455126,6.000000
2.636719,-0.175781,0.990234,0.000000,29.464523,6.000000
2.707031,-0.089844,0.931641,0.000000,32.659966,6.000000
2.767578,-0.089844,0.875000,0.000000,31.967287,6.000000
4.294922,-0.142578,1.466797,0.000000,27.664129,6.000000
4.396484,-0.142578,1.277344,0.000000,31.417633,6.000000
4.468750,-0.144531,1.169922,0.000000,31.048285,6.000000
4.648438,-0.000000,0.378906,0.000000,29.712759,6.000000
4.691406,-0.000000,0.355469,0.000000,30.534626,6.000000
4.740234,-0.298828,-0.595703,0.000000,33.279716,6.000000
4.791016,-0.150391,-0.564453,0.000000,34.321674,6.000000
4.816406,-0.152344,-0.685547,0.000000,31.354507,6.000000
4.845703,-0.308594,0.960938,0.000000,30.748165,6.000000
0.037109,-0.035156,0.064453,0.000000,30.098757,6.000000
0.044922,-0.046875,0.103516,0.000000,29.014584,6.000000
1.175781,-0.449219,0.357422,0.000000,21.461281,6.000000
1.232422,-0.464844,0.298828,0.000000,19.684830,6.000000
0.011719,-0.039062,-0.007812,0.000000,30.681858,7.000000
0.027344,-0.076172,-0.009766,0.000000,31.883659,7.000000
0.029297,-0.119141,-0.005859,0.000000,30.090258,7.000000
0.056641,-0.154297,0.007812,0.000000,25.365585,7.000000
0.271484,0.039062,-1.238281,0.000000,23.560259,7.000000
0.207031,0.041016,-1.291016,0.000000,24.361626,7.000000
0.462891,0.042969,1.267578,0.000000,22.528530,7.000000
2.625000,-0.175781,1.021484,0.000000,29.339931,7.000000
2.703125,-0.089844,0.939453,0.000000,32.610249,7.000000
2.765625,-0.089844,0.882812,0.000000,31.950689,7.000000
4.388672,-0.142578,1.304688,0.000000,31.344959,7.000000
4.466797,-0.144531,1.181641,0.000000,31.051695,7.000000
4.650391,-0.000000,0.341797,0.000000,29.876663,7.000000
4.693359,-0.000000,0.324219,0.000000,30.722500,7.000000
4.740234,-0.298828,-0.587891,0.000000,32.135178,7.000000
4.781250,-0.300781,-0.582031,0.000000,33.224262,7.000000
4.802734,-0.152344,-0.779297,0.000000,29.818186,7.000000
4.843750,-0.308594,0.968750,0.000000,30.916670,7.000000
0.037109,-0.035156,0.064453,0.000000,30.090258,7.000000
0.044922,-0.046875,0.103516,0.000000,29.009130,7.000000
1.177734,-0.449219,0.349609,0.000000,21.461281,7.000000
1.234375,-0.464844,0.287109,0.000000,19.731279,7.000000
0.011719,-0.039062,-0.007812,0.000000,30.689276,8.000000
0.027344,-0.076172,-0.009766,0.000000,31.883659,8.000000
0.029297,-0.119141,-0.005859,0.000000,30.094509,8.000000
0.056641,-0.154297,0.007812,0.000000,25.365585,8.000000
0.259766,0.039062,-1.240234,0.000000,23.541084,8.000000
0.173828,0.041016,-1.296875,0.000000,24.345690,8.000000
0.484375,0.042969,1.259766,0.000000,22.479733,8.000000
2.591797,-0.175781,1.105469,0.000000,29.370161,8.000000
2.691406,-0.089844,0.972656,0.000000,32.588768,8.000000
2.759766,-0.089844,0.900391,0.000000,31.908916,8.000000
4.388672,-0.142578,1.306641,0.000000,31.383026,8.000000
4.466797,-0.144531,1.179688,0.000000,31.085649,8.000000
4.646484,-0.000000,0.402344,0.000000,29.804579,8.000000
4.689453,-0.000000,0.375000,0.000000,30.603201,8.000000
4.789062,-0.150391,-0.587891,0.000000,30.644581,8.000000
4.865234,-0.308594,0.855469,0.000000,30.824263,8.000000
0.037109,-0.035156,0.064453,0.000000,30.090258,8.000000
0.044922,-0.046875,0.103516,0.000000,29.014584,8.000000
1.177734,-0.449219,0.351562,0.000000,21.398790,8.000000
1.234375,-0.464844,0.285156,0.000000,19.684830,8.000000
0.011719,-0.039062,-0.007812,0.000000,30.681858,9.000000
0.027344,-0.076172,-0.009766,0.000000,31.883659,9.000000
0.029297,-0.119141,-0.005859,0.000000,30.094509,9.000000
0.056641,-0.154297,0.007812,0.000000,25.378191,9.000000
0.220703,0.039062,-1.248047,0.000000,23.541084,9.000000
0.179688,0.041016,-1.294922,0.000000,24.361626,9.000000
0.464844,0.042969,1.267578,0.000000,22.552725,9.000000
2.625000,-0.175781,1.023438,0.000000,29.415113,9.000000
2.703125,-0.089844,0.939453,0.000000,32.648178,9.000000
2.765625,-0.089844,0.882812,0.000000,31.989319,9.000000
4.294922,-0.142578,1.468750,0.000000,27.730547,9.000000
4.390625,-0.142578,1.302734,0.000000,31.395643,9.000000
4.458984,-0.144531,1.212891,0.000000,31.034616,9.000000
4.648438,-0.000000,0.367188,0.000000,29.684830,9.000000
4.691406,-0.000000,0.357422,0.000000,30.565237,9.000000
4.869141,-0.464844,0.763672,0.000000,31.065308,9.000000
0.037109,-0.035156,0.064453,0.000000,30.094509,9.000000
0.044922,-0.046875,0.103516,0.000000,29.014584,9.000000
1.177734,-0.449219,0.351562,0.000000,21.461281,9.000000
1.234375,-0.464844,0.291016,0.000000,19.822712,9.000000
0.011719,-0.039062,-0.007812,0.000000,30.685570,10.000000
0.027344,-0.076172,-0.009766,0.000000,31.886473,10.000000
0.029297,-0.119141,-0.005859,0.000000,30.098757,10.000000
0.056641,-0.154297,0.007812,0.000000,25.378191,10.000000
0.277344,0.039062,-1.236328,0.000000,23.483049,10.000000
0.238281,0.041016,-1.287109,0.000000,24.329693,10.000000
0.443359,0.042969,1.273438,0.000000,22.479733,10.000000
2.634766,-0.175781,0.994141,0.000000,29.309490,10.000000
2.707031,-0.089844,0.929688,0.000000,32.583977,10.000000
2.765625,-0.089844,0.882812,0.000000,31.878027,10.000000
4.289062,-0.142578,1.484375,0.000000,27.781513,10.000000
4.388672,-0.142578,1.308594,0.000000,31.417633,10.000000
4.455078,-0.144531,1.220703,0.000000,31.031193,10.000000
4.650391,-0.000000,0.341797,0.000000,29.758911,10.000000
4.693359,-0.000000,0.328125,0.000000,30.655798,10.000000
4.878906,-0.308594,0.769531,0.000000,31.115986,10.000000
0.037109,-0.035156,0.064453,0.000000,30.090258,10.000000
0.044922,-0.046875,0.103516,0.000000,29.003672,10.000000
1.175781,-0.449219,0.359375,0.000000,21.367207,10.000000
1.234375,-0.464844,0.291016,0.000000,19.590414,10.000000
0.011719,-0.039062,-0.007812,0.000000,30.678144,11.000000
0.027344,-0.076172,-0.009766,0.000000,31.883659,11.000000
0.029297,-0.119141,-0.005859,0.000000,30.094509,11.000000
0.056641,-0.154297,0.007812,0.000000,25.365585,11.000000
0.210938,0.039062,-1.250000,0.000000,23.541084,11.000000
0.154297,0.041016,-1.298828,0.000000,24.377506,11.000000
0.482422,0.042969,1.259766,0.000000,22.552725,11.000000
2.607422,-0.175781,1.064453,0.000000,29.459606,11.000000
2.697266,-0.089844,0.955078,0.000000,32.650539,11.000000
2.761719,-0.089844,0.896484,0.000000,31.989319,11.000000
4.287109,-0.142578,1.488281,0.000000,27.759743,11.000000
4.388672,-0.142578,1.308594,0.000000,31.376705,11.000000
4.460938,-0.144531,1.203125,0.000000,31.010593,11.000000
4.652344,-0.000000,0.312500,0.000000,29.735897,11.000000
4.693359,-0.000000,0.324219,0.000000,30.678144,11.000000
4.869141,-0.308594,0.830078,0.000000,31.003706,11.000000
0.037109,-0.035156,0.064453,0.000000,30.090258,11.000000
