4.742188,-0.298828,-0.580078,0.000000,33.430145,0.000000
4.771484,-0.300781,-0.660156,0.000000,33.956757,0.000000
4.792969,-0.152344,-0.833984,0.000000,30.599419,0.000000
4.857422,-0.154297,0.685547,0.000000,29.196011,0.000000
4.892578,-0.308594,0.681641,0.000000,31.274288,0.000000
4.951172,-0.623047,0.107422,0.000000,29.854265,0.000000
0.011719,0.031250,0.023438,0.000000,29.415113,0.000000
0.041016,-0.033203,0.062500,0.000000,30.153597,0.000000
0.050781,-0.042969,0.103516,0.000000,29.020029,0.000000
0.011719,-0.039062,-0.007812,0.000000,30.780941,1.000000
0.017578,-0.080078,-0.009766,0.000000,32.000294,1.000000
0.029297,-0.119141,-0.005859,0.000000,30.265333,1.000000
0.056641,-0.154297,0.005859,0.000000,25.502283,1.000000
0.802734,0.267578,-0.144531,0.000000,23.692158,1.000000
0.839844,0.281250,-0.162109,0.000000,26.117233,1.000000
0.884766,0.263672,-0.175781,0.000000,24.361626,1.000000
1.072266,0.207031,0.158203,0.000000,25.263393,1.000000
1.099609,0.214844,0.236328,0.000000,25.809250,1.000000
2.613281,-0.175781,1.050781,0.000000,29.047155,1.000000
2.662109,-0.179688,1.039062,0.000000,32.227165,1.000000
2.753906,-0.089844,0.917969,0.000000,31.290451,1.000000
4.400391,-0.142578,1.269531,0.000000,31.652443,1.000000
4.404297,-0.144531,1.396484,0.000000,31.439510,1.000000
4.750000,-0.298828,-0.513672,0.000000,33.386559,1.000000
4.777344,-0.300781,-0.625000,0.000000,33.988079,1.000000
4.792969,-0.152344,-0.833984,0.000000,30.674429,1.000000
4.882812,-0.308594,0.750000,0.000000,31.058506,1.000000
4.949219,-0.623047,0.169922,0.000000,29.758911,1.000000
0.011719,0.031250,0.025391,0.000000,29.415113,1.000000
0.041016,-0.033203,0.062500,0.000000,30.149403,1.000000
0.050781,-0.042969,0.103516,0.000000,29.014584,1.000000
0.011719,-0.039062,-0.007812,0.000000,30.780941,2.000000
0.017578,-0.080078,-0.009766,0.000000,32.000294,2.000000
0.041016,-0.115234,-0.009766,0.000000,30.265333,2.000000
0.056641,-0.154297,0.005859,0.000000,25.502283,2.000000
0.808594,0.214844,-0.195312,0.000000,22.278868,2.000000
0.841797,0.253906,-0.195312,0.000000,25.415792,2.000000
0.894531,0.263672,-0.121094,0.000000,26.551384,2.000000
0.931641,0.306641,-0.054688,0.000000,25.634811,2.000000
0.958984,0.351562,0.029297,0.000000,21.303337,2.000000
1.005859,0.199219,0.285156,0.000000,23.010300,2.000000
1.064453,0.171875,0.236328,0.000000,26.954817,2.000000
1.107422,0.179688,0.232422,0.000000,26.812412,2.000000
2.597656,-0.175781,1.091797,0.000000,29.095560,2.000000
2.650391,-0.179688,1.066406,0.000000,32.237553,2.000000
2.748047,-0.089844,0.937500,0.000000,31.228710,2.000000
4.433594,-0.142578,1.142578,0.000000,31.058506,2.000000
4.460938,-0.144531,1.203125,0.000000,30.751818,2.000000
4.744141,-0.298828,-0.552734,0.000000,33.404442,2.000000
4.781250,-0.300781,-0.587891,0.000000,33.975925,2.000000
4.814453,-0.152344,-0.708984,0.000000,30.824263,2.000000
4.855469,-0.306641,0.646484,0.000000,29.127533,2.000000
4.888672,-0.308594,0.712891,0.000000,31.296900,2.000000
4.949219,-0.623047,0.132812,0.000000,30.081741,2.000000
0.011719,0.031250,0.023438,0.000000,29.415113,2.000000
0.041016,-0.033203,0.062500,0.000000,30.149403,2.000000
0.052734,-0.042969,0.103516,0.000000,29.014584,2.000000
0.011719,-0.039062,-0.007812,0.000000,30.784569,3.000000
0.017578,-0.080078,-0.009766,0.000000,32.000294,3.000000
0.029297,-0.119141,-0.005859,0.000000,30.269417,3.000000
0.056641,-0.154297,0.005859,0.000000,25.514500,3.000000
0.791016,0.179688,-0.107422,0.000000,19.956352,3.000000
0.830078,0.187500,-0.117188,0.000000,27.109631,3.000000
0.869141,0.197266,-0.119141,0.000000,29.656719,3.000000
0.910156,0.205078,-0.113281,0.000000,28.698181,3.000000
0.953125,0.214844,-0.095703,0.000000,24.393328,3.000000
0.867188,0.255859,-0.478516,0.000000,20.681858,3.000000
1.025391,0.132812,0.251953,0.000000,24.623980,3.000000
1.056641,0.207031,0.248047,0.000000,29.405165,3.000000
1.095703,0.214844,0.253906,0.000000,29.493900,3.000000
2.611328,-0.175781,1.054688,0.000000,29.143431,3.000000
2.658203,-0.179688,1.048828,0.000000,32.350231,3.000000
2.753906,-0.089844,0.919922,0.000000,31.420765,3.000000
4.384766,-0.142578,1.171875,0.000000,27.944880,3.000000
4.402344,-0.142578,1.261719,0.000000,31.775366,3.000000
4.406250,-0.144531,1.390625,0.000000,31.414497,3.000000
4.744141,-0.298828,-0.564453,0.000000,33.352573,3.000000
4.775391,-0.300781,-0.632812,0.000000,33.904053,3.000000
4.785156,-0.304688,-0.837891,0.000000,30.366289,3.000000
4.875000,-0.308594,0.794922,0.000000,31.146111,3.000000
4.949219,-0.623047,0.138672,0.000000,29.969492,3.000000
0.011719,0.031250,0.023438,0.000000,29.410143,3.000000
0.041016,-0.033203,0.062500,0.000000,30.153597,3.000000
0.052734,-0.042969,0.103516,0.000000,29.014584,3.000000
0.011719,-0.039062,-0.007812,0.000000,30.780941,4.000000
0.017578,-0.080078,-0.009766,0.000000,32.000294,4.000000
0.041016,-0.115234,-0.009766,0.000000,30.265333,4.000000
0.056641,-0.154297,0.003906,0.000000,25.514500,4.000000
0.789062,0.154297,-0.156250,0.000000,19.777237,4.000000
0.830078,0.160156,-0.148438,0.000000,26.180481,4.000000
0.873047,0.167969,-0.144531,0.000000,28.048206,4.000000
0.912109,0.175781,-0.146484,0.000000,25.563025,4.000000
0.820312,0.306641,-0.443359,0.000000,23.802113,4.000000
0.923828,0.287109,-0.333984,0.000000,27.874605,4.000000
0.984375,0.298828,-0.267578,0.000000,27.737864,4.000000
1.074219,0.171875,0.187500,0.000000,30.174507,4.000000
1.105469,0.179688,0.240234,0.000000,30.899052,4.000000
1.142578,0.185547,0.259766,0.000000,27.558748,4.000000
2.611328,-0.175781,1.056641,0.000000,28.981766,4.000000
2.660156,-0.179688,1.042969,0.000000,32.177471,4.000000
2.763672,-0.089844,0.886719,0.000000,31.142773,4.000000
4.416016,-0.287109,1.183594,0.000000,30.955181,4.000000
4.453125,-0.144531,1.228516,0.000000,30.678144,4.000000
4.736328,-0.298828,-0.619141,0.000000,33.362595,4.000000
4.769531,-0.300781,-0.675781,0.000000,33.963737,4.000000
4.792969,-0.152344,-0.835938,0.000000,30.733517,4.000000
4.880859,-0.308594,0.759766,0.000000,31.159431,4.000000
4.949219,-0.623047,0.146484,0.000000,29.809120,4.000000
0.011719,0.031250,0.023438,0.000000,29.420080,4.000000
0.041016,-0.033203,0.062500,0.000000,30.153597,4.000000
0.050781,-0.042969,0.103516,0.000000,29.020029,4.000000
0.917969,-0.033203,0.535156,0.000000,24.756712,4.000000
0.011719,-0.039062,-0.007812,0.000000,30.780941,5.000000
0.017578,-0.080078,-0.009766,0.000000,32.000294,5.000000
0.029297,-0.119141,-0.005859,0.000000,30.265333,5.000000
0.056641,-0.154297,0.005859,0.000000,25.514500,5.000000
0.787109,0.154297,-0.158203,0.000000,19.395193,5.000000
0.830078,0.134766,-0.177734,0.000000,25.728716,5.000000
0.865234,0.167969,-0.177734,0.000000,27.474117,5.000000
0.912109,0.175781,-0.146484,0.000000,25.899496,5.000000
0.957031,0.214844,0.025391,0.000000,22.355284,5.000000
0.847656,0.255859,-0.509766,0.000000,23.692158,5.000000
0.998047,0.265625,-0.253906,0.000000,25.865873,5.000000
1.082031,0.138672,0.175781,0.000000,27.902851,5.000000
1.109375,0.142578,0.244141,0.000000,29.684830,5.000000
1.154297,0.111328,0.253906,0.000000,28.020893,5.000000
2.617188,-0.175781,1.041016,0.000000,29.057959,5.000000
2.660156,-0.179688,1.042969,0.000000,32.286568,5.000000
2.753906,-0.089844,0.917969,0.000000,31.376705,5.000000
4.386719,-0.142578,1.162109,0.000000,28.034571,5.000000
4.414062,-0.142578,1.218750,0.000000,31.734776,5.000000
4.439453,-0.144531,1.281250,0.000000,31.261314,5.000000
4.738281,-0.298828,-0.601562,0.000000,33.281757,5.000000
4.769531,-0.300781,-0.679688,0.000000,33.884563,5.000000
4.773438,-0.152344,-0.941406,0.000000,30.382227,5.000000
4.875000,-0.308594,0.796875,0.000000,31.414497,5.000000
4.964844,-0.468750,0.187500,0.000000,30.107239,5.000000
0.011719,0.031250,0.023438,0.000000,29.415113,5.000000
0.041016,-0.033203,0.062500,0.000000,30.149403,5.000000
0.052734,-0.042969,0.103516,0.000000,29.014584,5.000000
0.011719,-0.039062,-0.007812,0.000000,30.780941,6.000000
0.017578,-0.080078,-0.009766,0.000000,32.003033,6.000000
0.029297,-0.119141,-0.005859,0.000000,30.273497,6.000000
0.056641,-0.154297,0.005859,0.000000,25.526682,6.000000
0.837891,0.134766,-0.134766,0.000000,25.158739,6.000000
0.878906,0.113281,-0.158203,0.000000,27.902851,6.000000
0.908203,0.117188,-0.212891,0.000000,27.092699,6.000000
0.818359,0.091797,-0.533203,0.000000,23.856062,6.000000
0.929688,0.255859,-0.341797,0.000000,26.063814,6.000000
0.964844,0.298828,-0.332031,0.000000,26.839472,6.000000
1.017578,0.035156,0.427734,0.000000,25.352942,6.000000
1.103516,0.107422,0.283203,0.000000,28.987251,6.000000
1.150391,0.148438,0.248047,0.000000,28.549129,6.000000
2.605469,-0.175781,1.070312,0.000000,29.227255,6.000000
2.654297,-0.179688,1.060547,0.000000,32.377949,6.000000
2.750000,-0.089844,0.931641,0.000000,31.411362,6.000000
4.421875,-0.142578,1.191406,0.000000,31.122698,6.000000
4.455078,-0.144531,1.224609,0.000000,30.944712,6.000000
4.656250,-0.146484,-0.232422,0.000000,29.498777,6.000000
4.681641,-0.296875,-0.710938,0.000000,29.642597,6.000000
4.740234,-0.298828,-0.582031,0.000000,33.533390,6.000000
4.781250,-0.300781,-0.593750,0.000000,34.053463,6.000000
4.820312,-0.152344,-0.658203,0.000000,30.831442,6.000000
4.888672,-0.464844,0.625000,0.000000,30.809870,6.000000
4.951172,-0.623047,0.066406,0.000000,29.907827,6.000000
0.011719,0.031250,0.023438,0.000000,29.415113,6.000000
0.041016,-0.033203,0.062500,0.000000,30.153597,6.000000
0.050781,-0.042969,0.103516,0.000000,29.014584,6.000000
1.011719,0.345703,-0.279297,0.000000,23.617279,6.000000
0.011719,-0.039062,-0.007812,0.000000,30.777311,7.000000
0.017578,-0.080078,-0.009766,0.000000,32.000294,7.000000
0.029297,-0.119141,-0.005859,0.000000,30.265333,7.000000
0.056641,-0.154297,0.005859,0.000000,25.514500,7.000000
0.814453,0.080078,-0.261719,0.000000,21.731863,7.000000
0.841797,0.083984,-0.306641,0.000000,24.313637,7.000000
0.919922,0.175781,-0.095703,0.000000,25.037907,7.000000
0.900391,0.183594,0.345703,0.000000,23.384565,7.000000
0.873047,0.224609,-0.482422,0.000000,25.224442,7.000000
0.945312,0.265625,-0.408203,0.000000,26.512779,7.000000
1.021484,-0.000000,0.417969,0.000000,24.502491,7.000000
1.167969,0.111328,0.177734,0.000000,27.573959,7.000000
2.611328,-0.175781,1.058594,0.000000,29.106243,7.000000
2.658203,-0.179688,1.048828,0.000000,32.250507,7.000000
2.755859,-0.089844,0.912109,0.000000,31.245043,7.000000
4.404297,-0.287109,1.228516,0.000000,30.809870,7.000000
4.433594,-0.289062,1.275391,0.000000,30.576660,7.000000
4.748047,-0.298828,-0.523438,0.000000,33.390537,7.000000
4.777344,-0.300781,-0.617188,0.000000,33.932240,7.000000
4.789062,-0.152344,-0.857422,0.000000,30.633333,7.000000
4.896484,-0.464844,0.550781,0.000000,29.947569,7.000000
1.095703,0.107422,0.312500,0.614669,28.109043,7.000000
0.011719,0.031250,0.025391,0.000000,29.410143,7.000000
0.041016,-0.033203,0.062500,0.000000,30.145205,7.000000
0.050781,-0.042969,0.103516,0.000000,29.014584,7.000000
0.802734,0.378906,-0.656250,0.000000,22.741579,7.000000
0.011719,-0.039062,-0.007812,0.000000,30.780941,8.000000
0.017578,-0.080078,-0.009766,0.000000,32.000294,8.000000
0.041016,-0.115234,-0.009766,0.000000,30.269417,8.000000
0.056641,-0.154297,0.005859,0.000000,25.514500,8.000000
0.830078,0.107422,-0.193359,0.000000,24.082399,8.000000
0.873047,0.113281,-0.189453,0.000000,27.810369,8.000000
0.912109,0.117188,-0.203125,0.000000,27.347998,8.000000
0.923828,0.183594,-0.279297,0.000000,23.074961,8.000000
0.908203,0.255859,-0.394531,0.000000,23.692158,8.000000
0.962891,0.232422,-0.388672,0.000000,25.092026,8.000000
1.162109,0.111328,0.207031,0.000000,26.170004,8.000000
2.591797,-0.175781,1.103516,0.000000,28.808136,8.000000
2.640625,-0.179688,1.093750,0.000000,32.008507,8.000000
2.734375,-0.089844,0.972656,0.000000,30.881361,8.000000
4.376953,-0.142578,1.197266,0.000000,28.247765,8.000000
4.423828,-0.142578,1.183594,0.000000,32.043915,8.000000
4.474609,-0.144531,1.152344,0.000000,31.972805,8.000000
4.660156,-0.146484,0.068359,0.000000,30.030294,8.000000
4.720703,-0.296875,-0.386719,0.000000,29.429996,8.000000
4.748047,-0.298828,-0.521484,0.000000,33.649261,8.000000
4.777344,-0.300781,-0.626953,0.000000,34.061993,8.000000
4.761719,-0.152344,-1.000000,0.000000,29.890047,8.000000
4.775391,-0.306641,1.091797,0.000000,29.872192,8.000000
4.857422,-0.154297,0.943359,0.000000,31.961761,8.000000
4.960938,-0.468750,0.281250,0.000000,30.077478,8.000000
1.056641,0.035156,0.318359,0.614669,23.502480,8.000000
1.091797,0.107422,0.326172,0.614669,26.444386,8.000000
0.011719,0.031250,0.023438,0.000000,29.410143,8.000000
0.041016,-0.033203,0.062500,0.000000,30.149403,8.000000
0.052734,-0.042969,0.103516,0.000000,29.020029,8.000000
0.011719,-0.039062,-0.007812,0.000000,30.780941,9.000000
0.017578,-0.080078,-0.009766,0.000000,32.000294,9.000000
0.041016,-0.115234,-0.009766,0.000000,30.269417,9.000000
0.056641,-0.154297,0.005859,0.000000,25.514500,9.000000
0.869141,0.083984,-0.220703,0.000000,25.587086,9.000000
0.910156,0.087891,-0.220703,0.000000,26.263403,9.000000
2.601562,-0.175781,1.080078,0.000000,28.819550,9.000000
2.654297,-0.179688,1.056641,0.000000,32.062859,9.000000
2.757812,-0.089844,0.904297,0.000000,31.003706,9.000000
4.408203,-0.142578,1.080078,0.000000,28.785217,9.000000
4.425781,-0.142578,1.173828,0.000000,32.350231,9.000000
4.476562,-0.144531,1.146484,0.000000,32.177471,9.000000
4.650391,-0.146484,0.302734,0.000000,29.614210,9.000000
4.695312,-0.296875,-0.621094,0.000000,29.571281,9.000000
4.742188,-0.298828,-0.574219,0.000000,33.400475,9.000000
4.777344,-0.300781,-0.617188,0.000000,33.634239,9.000000
4.822266,-0.152344,-0.640625,0.000000,29.415113,9.000000
4.816406,-0.154297,0.931641,0.000000,31.328999,9.000000
4.865234,-0.308594,0.861328,0.000000,32.889194,9.000000
4.953125,-0.468750,0.396484,0.000000,30.951693,9.000000
0.837891,0.080078,-0.173828,0.614669,20.863598,9.000000
0.978516,0.060547,-0.042969,0.614669,22.878017,9.000000
1.058594,0.068359,0.306641,0.614669,24.548449,9.000000
1.097656,0.142578,0.296875,0.614669,29.585638,9.000000
1.142578,0.111328,0.296875,0.614669,30.648323,9.000000
1.183594,0.115234,0.302734,0.614669,28.068581,9.000000
0.011719,0.031250,0.025391,0.000000,29.415113,9.000000
0.041016,-0.033203,0.062500,0.000000,30.149403,9.000000
0.050781,-0.042969,0.103516,0.000000,29.020029,9.000000
1.103516,0.072266,0.298828,0.614669,29.571281,9.000000
0.011719,-0.039062,-0.007812,0.000000,30.777311,10.000000
0.017578,-0.080078,-0.009766,0.000000,32.000294,10.000000
0.029297,-0.119141,-0.005859,0.000000,30.269417,10.000000
0.056641,-0.154297,0.005859,0.000000,25.502283,10.000000
0.980469,0.126953,-0.259766,0.000000,23.521826,10.000000
1.011719,0.166016,-0.279297,0.000000,24.216040,10.000000
1.091797,0.138672,-0.082031,0.000000,25.211380,10.000000
2.593750,-0.175781,1.101562,0.000000,28.992731,10.000000
2.644531,-0.179688,1.082031,0.000000,32.304489,10.000000
2.734375,-0.089844,0.974609,0.000000,31.414497,10.000000
4.416016,-0.142578,1.048828,0.000000,28.475727,10.000000
4.423828,-0.142578,1.181641,0.000000,31.942368,10.000000
4.458984,-0.144531,1.208984,0.000000,31.507565,10.000000
4.707031,-0.296875,-0.515625,0.000000,29.390198,10.000000
4.746094,-0.298828,-0.542969,0.000000,33.836357,10.000000
4.781250,-0.300781,-0.587891,0.000000,34.340897,10.000000
4.828125,-0.152344,-0.595703,0.000000,30.895519,10.000000
4.841797,-0.154297,0.798828,0.000000,30.655798,10.000000
4.873047,-0.308594,0.806641,0.000000,32.304489,10.000000
4.962891,-0.468750,0.244141,0.000000,30.523090,10.000000
0.884766,0.083984,-0.146484,0.614669,23.856062,10.000000
0.927734,0.087891,-0.136719,0.614669,26.294096,10.000000
0.966797,0.091797,-0.138672,0.614669,25.327543,10.000000
1.113281,0.107422,0.250000,0.614669,28.842287,10.000000
1.150391,0.111328,0.267578,0.614669,30.402067,10.000000
1.189453,0.115234,0.279297,0.614669,28.356905,10.000000
0.011719,0.031250,0.025391,0.000000,29.415113,10.000000
0.041016,-0.033203,0.062500,0.000000,30.149403,10.000000
0.050781,-0.042969,0.103516,0.000000,29.020029,10.000000
0.011719,-0.039062,-0.007812,0.000000,30.788193,11.000000
0.017578,-0.080078,-0.009766,0.000000,32.003033,11.000000
0.029297,-0.119141,-0.005859,0.000000,30.269417,11.000000
0.056641,-0.154297,0.005859,0.000000,25.526682,11.000000
1.001953,0.166016,-0.318359,0.000000,23.138672,11.000000
2.585938,-0.175781,1.115234,0.000000,29.079485,11.000000
2.679688,-0.089844,1.003906,0.000000,32.400497,11.000000
2.748047,-0.089844,0.935547,0.000000,31.679077,11.000000
4.410156,-0.287109,1.205078,0.000000,30.849337,11.000000
4.451172,-0.144531,1.236328,0.000000,30.305998,11.000000
4.750000,-0.298828,-0.501953,0.000000,33.567905,11.000000
4.787109,-0.300781,-0.548828,0.000000,34.053463,11.000000
4.816406,-0.304688,-0.632812,0.000000,30.523090,11.000000
4.890625,-0.308594,0.691406,0.000000,31.105898,11.000000
0.884766,0.083984,-0.144531,0.614669,24.166405,11.000000
0.927734,0.087891,-0.132812,0.614669,27.853298,11.000000
0.970703,0.060547,-0.128906,0.614669,28.254261,11.000000
1.005859,0.126953,-0.134766,0.614669,26.273659,11.000000
0.011719,0.031250,0.023438,0.000000,29.410143,11.000000
0.041016,-0.033203,0.062500,0.000000,30.153597,11.000000
0.052734,-0.042969,0.103516,0.000000,29.014584,11.000000
0.966797,0.123047,-0.125000,0.614669,28.228216,11.000000
0.011719,-0.039062,-0.007812,0.000000,30.788193,12.000000
0.017578,-0.080078,-0.009766,0.000000,32.003033,12.000000
0.029297,-0.119141,-0.005859,0.000000,30.269417,12.000000
0.056641,-0.154297,0.005859,0.000000,25.502283,12.000000
2.595703,-0.175781,1.095703,0.000000,28.645111,12.000000
2.650391,-0.179688,1.070312,0.000000,31.925674,12.000000
2.751953,-0.089844,0.921875,0.000000,30.874264,12.000000
4.429688,-0.142578,1.164062,0.000000,29.768084,12.000000
4.429688,-0.144531,1.314453,0.000000,29.009130,12.000000
4.748047,-0.298828,-0.529297,0.000000,32.005768,12.000000
4.781250,-0.300781,-0.593750,0.000000,32.491985,12.000000
0.882812,0.056641,-0.164062,0.614669,22.671717,12.000000
0.925781,0.058594,-0.158203,0.614669,27.737864,12.000000
0.966797,0.060547,-0.154297,0.614669,29.237619,12.000000
1.007812,0.095703,-0.150391,0.614669,27.752462,12.000000
1.039062,0.166016,-0.152344,0.614669,23.344538,12.000000
1.167969,0.111328,0.181641,0.614669,25.728716,12.000000
1.197266,0.076172,0.259766,0.614669,28.293037,12.000000
1.203125,0.080078,0.390625,0.614669,27.860413,12.000000
0.011719,0.031250,0.023438,0.000000,29.410143,12.000000
0.041016,-0.033203,0.062500,0.000000,30.149403,12.000000
0.052734,-0.042969,0.103516,0.000000,29.014584,12.000000
0.011719,-0.039062,-0.007812,0.000000,30.788193,13.000000
0.017578,-0.080078,-0.009766,0.000000,32.003033,13.000000
0.029297,-0.119141,-0.005859,0.000000,30.269417,13.000000
0.056641,-0.154297,0.005859,0.000000,25.502283,13.000000
2.609375,-0.175781,1.060547,0.000000,28.893017,13.000000
2.650391,-0.179688,1.070312,0.000000,32.043915,13.000000
2.750000,-0.089844,0.927734,0.000000,30.976044,13.000000
4.384766,-0.287109,1.296875,0.000000,28.773714,13.000000
4.738281,-0.298828,-0.601562,0.000000,29.827234,13.000000
4.767578,-0.300781,-0.695312,0.000000,30.394140,13.000000
0.923828,0.029297,-0.173828,0.614669,24.742163,13.000000
0.966797,0.060547,-0.156250,0.614669,25.831987,13.000000
1.011719,0.064453,-0.136719,0.614669,23.117538,13.000000
0.011719,0.031250,0.023438,0.000000,29.410143,13.000000
0.041016,-0.033203,0.062500,0.000000,30.149403,13.000000
0.052734,-0.042969,0.103516,0.000000,29.014584,13.000000
0.011719,-0.039062,-0.007812,0.000000,30.788193,14.000000
0.017578,-0.080078,-0.009766,0.000000,32.003033,14.000000
0.041016,-0.115234,-0.009766,0.000000,30.269417,14.000000
0.056641,-0.154297,0.005859,0.000000,25.526682,14.000000
2.605469,-0.175781,1.070312,0.000000,29.132839,14.000000
2.646484,-0.179688,1.078125,0.000000,32.253094,14.000000
2.736328,-0.089844,0.966797,0.000000,31.126051,14.000000
0.927734,0.058594,-0.142578,0.614669,23.463530,14.000000
0.970703,0.060547,-0.130859,0.614669,27.604225,14.000000
1.011719,0.064453,-0.136719,0.614669,28.457180,14.000000
1.048828,0.066406,-0.166016,0.614669,26.981005,14.000000
1.078125,0.103516,-0.218750,0.614669,24.814426,14.000000
1.132812,0.072266,-0.158203,0.614669,22.648178,14.000000
1.166016,0.074219,0.203125,0.614669,24.683474,14.000000
1.191406,0.076172,0.283203,0.614669,28.785217,14.000000
1.216797,0.080078,0.349609,0.614669,29.489017,14.000000
1.205078,0.041016,0.509766,0.614669,27.512791,14.000000
0.011719,0.031250,0.025391,0.000000,29.415113,14.000000
0.041016,-0.033203,0.062500,0.000000,30.153597,14.000000
0.052734,-0.042969,0.103516,0.000000,29.014584,14.000000
0.011719,-0.039062,-0.007812,0.000000,30.780941,15.000000
0.017578,-0.080078,-0.009766,0.000000,32.000294,15.000000
0.041016,-0.115234,-0.009766,0.000000,30.265333,15.000000
0.056641,-0.154297,0.003906,0.000000,25.514500,15.000000
2.625000,-0.175781,1.023438,0.000000,29.415113,15.000000
2.666016,-0.179688,1.029297,0.000000,32.787537,15.000000
2.757812,-0.089844,0.904297,0.000000,32.097832,15.000000
0.923828,0.029297,-0.173828,0.614669,21.846914,15.000000
0.966797,0.031250,-0.164062,0.614669,25.774918,15.000000
1.005859,0.031250,-0.179688,0.614669,25.682016,15.000000
1.035156,-0.066406,-0.238281,0.614669,21.038036,15.000000
1.076172,0.103516,-0.222656,0.614669,24.065401,15.000000
1.103516,0.107422,-0.285156,0.614669,24.345690,15.000000
1.195312,0.115234,0.250000,0.614669,24.517864,15.000000
1.203125,0.080078,0.390625,0.614669,26.085260,15.000000
0.011719,0.031250,0.025391,0.000000,29.420080,15.000000
0.041016,-0.033203,0.062500,0.000000,30.149403,15.000000
0.050781,-0.042969,0.103516,0.000000,29.020029,15.000000
0.414062,-0.464844,0.861328,0.614669,18.864906,15.000000
0.011719,-0.039062,-0.007812,0.000000,30.784569,16.000000
0.017578,-0.080078,-0.009766,0.000000,32.000294,16.000000
0.029297,-0.119141,-0.005859,0.000000,30.265333,16.000000
0.056641,-0.154297,0.005859,0.000000,25.502283,16.000000
2.623047,-0.175781,1.025391,0.000000,29.116901,16.000000
2.699219,-0.089844,0.949219,0.000000,32.137833,16.000000
2.773438,-0.089844,0.855469,0.000000,31.182648,16.000000
0.923828,0.029297,-0.173828,0.614669,21.205740,16.000000
0.966797,-0.000000,-0.173828,0.614669,27.259117,16.000000
1.003906,-0.000000,-0.191406,0.614669,29.216866,16.000000
1.035156,-0.033203,-0.238281,0.614669,27.267273,16.000000
1.074219,0.068359,-0.250000,0.614669,22.304489,16.000000
1.105469,0.072266,-0.291016,0.614669,25.751879,16.000000
1.130859,0.074219,-0.349609,0.614669,23.424227,16.000000
1.257812,0.080078,0.136719,0.614669,27.379873,16.000000
1.304688,0.041016,0.097656,0.614669,28.344208,16.000000
0.011719,0.031250,0.023438,0.000000,29.415113,16.000000
0.041016,-0.033203,0.062500,0.000000,30.149403,16.000000
0.050781,-0.042969,0.103516,0.000000,29.014584,16.000000
0.396484,-0.552734,0.869141,0.614669,20.492180,16.000000
0.011719,-0.039062,-0.007812,0.000000,30.780941,17.000000
0.017578,-0.080078,-0.009766,0.000000,32.000294,17.000000
0.029297,-0.119141,-0.005859,0.000000,30.273497,17.000000
0.056641,-0.154297,0.005859,0.000000,25.526682,17.000000
2.625000,-0.175781,1.025391,0.000000,29.063351,17.000000
2.656250,-0.179688,1.054688,0.000000,32.148438,17.000000
2.746094,-0.089844,0.943359,0.000000,31.119343,17.000000
0.970703,-0.000000,-0.142578,0.614669,25.428255,17.000000
1.015625,-0.000000,-0.117188,0.614669,28.870544,17.000000
1.060547,0.033203,-0.085938,0.614669,28.247765,17.000000
1.017578,0.171875,0.392578,0.614669,19.493900,17.000000
1.107422,-0.000000,-0.292969,0.614669,25.078558,17.000000
1.136719,0.074219,-0.332031,0.614669,23.654881,17.000000
1.191406,-0.000000,0.437500,0.614669,28.363241,17.000000
1.248047,-0.000000,0.396484,0.614669,30.141003,17.000000
1.300781,-0.000000,0.361328,0.614669,28.162413,17.000000
0.011719,0.031250,0.025391,0.000000,29.415113,17.000000
0.041016,-0.033203,0.062500,0.000000,30.149403,17.000000
0.050781,-0.042969,0.103516,0.000000,29.014584,17.000000
0.816406,-0.275391,-0.691406,0.614669,18.920946,17.000000
0.011719,-0.039062,-0.007812,0.000000,30.788193,18.000000
0.017578,-0.080078,-0.009766,0.000000,32.003033,18.000000
0.029297,-0.119141,-0.005859,0.000000,30.269417,18.000000
0.056641,-0.154297,0.005859,0.000000,25.502283,18.000000
2.609375,-0.175781,1.062500,0.000000,28.893017,18.000000
2.648438,-0.179688,1.072266,0.000000,32.198463,18.000000
2.744141,-0.089844,0.945312,0.000000,31.296900,18.000000
0.966797,-0.000000,-0.171875,0.614669,22.833012,18.000000
1.011719,-0.000000,-0.142578,0.614669,26.665180,18.000000
1.052734,-0.033203,-0.144531,0.614669,25.301996,18.000000
1.031250,-0.035156,-0.396484,0.614669,22.455126,18.000000
1.111328,0.035156,-0.277344,0.614669,26.232492,18.000000
1.152344,-0.000000,-0.283203,0.614669,25.854607,18.000000
0.011719,0.031250,0.023438,0.000000,29.420080,18.000000
0.041016,-0.033203,0.062500,0.000000,30.153597,18.000000
0.052734,-0.042969,0.103516,0.000000,29.020029,18.000000
1.152344,0.074219,-0.269531,0.614669,25.820633,18.000000
0.011719,-0.039062,-0.007812,0.000000,30.788193,19.000000
0.017578,-0.080078,-0.009766,0.000000,32.005768,19.000000
0.029297,-0.119141,-0.005859,0.000000,30.273497,19.000000
0.056641,-0.154297,0.005859,0.000000,25.514500,19.000000
2.607422,-0.175781,1.064453,0.000000,29.106243,19.000000
2.648438,-0.179688,1.076172,0.000000,32.304489,19.000000
2.736328,-0.089844,0.970703,0.000000,31.287222,19.000000
0.968750,-0.000000,-0.156250,0.614669,19.731279,19.000000
1.011719,-0.031250,-0.144531,0.614669,26.031445,19.000000
1.054688,-0.000000,-0.134766,0.614669,28.444771,19.000000
1.097656,-0.000000,-0.128906,0.614669,28.543060,19.000000
1.134766,-0.000000,-0.150391,0.614669,27.242758,19.000000
1.148438,0.037109,-0.298828,0.614669,25.987906,19.000000
1.173828,0.076172,-0.347656,0.614669,23.283796,19.000000
0.011719,0.031250,0.023438,0.000000,29.415113,19.000000
0.041016,-0.033203,0.062500,0.000000,30.153597,19.000000
0.052734,-0.042969,0.103516,0.000000,29.014584,19.000000
0.011719,-0.039062,-0.007812,0.000000,30.780941,20.000000
0.017578,-0.080078,-0.009766,0.000000,32.000294,20.000000
0.029297,-0.119141,-0.005859,0.000000,30.269417,20.000000
0.056641,-0.154297,0.005859,0.000000,25.502283,20.000000
0.570312,-0.080078,-1.130859,0.000000,22.944662,20.000000
2.609375,-0.175781,1.060547,0.000000,29.014584,20.000000
2.656250,-0.179688,1.054688,0.000000,32.234959,20.000000
2.751953,-0.089844,0.923828,0.000000,31.258064,20.000000
1.013672,-0.031250,-0.134766,0.614669,23.117538,20.000000
1.058594,-0.033203,-0.105469,0.614669,25.490032,20.000000
1.101562,-0.000000,-0.066406,0.614669,26.042261,20.000000
1.138672,0.035156,-0.113281,0.614669,26.273659,20.000000
1.169922,0.074219,-0.183594,0.614669,24.885508,20.000000
1.177734,0.039062,-0.343750,0.614669,22.648178,20.000000
0.011719,0.031250,0.023438,0.000000,29.415113,20.000000
0.041016,-0.033203,0.062500,0.000000,30.149403,20.000000
0.052734,-0.042969,0.103516,0.000000,29.009130,20.000000
0.011719,-0.039062,-0.007812,0.000000,30.784569,21.000000
0.017578,-0.080078,-0.009766,0.000000,32.003033,21.000000
0.029297,-0.119141,-0.005859,0.000000,30.269417,21.000000
0.056641,-0.154297,0.005859,0.000000,25.502283,21.000000
0.744141,-0.041016,-1.076172,0.000000,24.814426,21.000000
2.611328,-0.175781,1.056641,0.000000,28.904211,21.000000
2.658203,-0.179688,1.050781,0.000000,32.153732,21.000000
2.759766,-0.089844,0.900391,0.000000,31.222158,21.000000
1.009766,-0.031250,-0.160156,0.614669,20.453230,21.000000
1.048828,-0.066406,-0.169922,0.614669,23.909351,21.000000
1.074219,-0.068359,-0.246094,0.614669,21.731863,21.000000
1.138672,-0.000000,-0.128906,0.614669,24.742163,21.000000
1.169922,-0.000000,-0.191406,0.614669,26.830471,21.000000
1.199219,-0.000000,-0.265625,0.614669,25.453072,21.000000
0.011719,0.031250,0.023438,0.000000,29.415113,21.000000
0.041016,-0.033203,0.062500,0.000000,30.153597,21.000000
0.052734,-0.042969,0.103516,0.000000,29.014584,21.000000
0.011719,-0.039062,-0.007812,0.000000,30.777311,22.000000
0.017578,-0.080078,-0.009766,0.000000,31.997551,22.000000
0.029297,-0.119141,-0.005859,0.000000,30.269417,22.000000
0.056641,-0.154297,0.005859,0.000000,25.514500,22.000000
1.150391,-0.119141,0.521484,0.000000,22.174839,22.000000
0.603516,-0.082031,-1.158203,0.000000,24.132998,22.000000
2.625000,-0.175781,1.021484,0.000000,29.100906,22.000000
2.662109,-0.179688,1.041016,0.000000,32.317245,22.000000
2.751953,-0.089844,0.925781,0.000000,31.293676,22.000000
1.046875,-0.033203,-0.189453,0.614669,22.900347,22.000000
1.083984,-0.000000,-0.214844,0.614669,24.983105,22.000000
1.126953,-0.000000,-0.203125,0.614669,26.085260,22.000000
1.162109,-0.000000,-0.236328,0.614669,27.505083,22.000000
1.207031,-0.039062,-0.220703,0.614669,26.972294,22.000000
1.265625,-0.000000,0.080078,0.614669,22.253094,22.000000
1.367188,-0.042969,0.250000,0.614669,25.740313,22.000000
0.011719,0.031250,0.023438,0.000000,29.415113,22.000000
0.041016,-0.033203,0.062500,0.000000,30.153597,22.000000
0.050781,-0.042969,0.103516,0.000000,29.014584,22.000000
0.394531,0.634766,1.025391,0.000000,20.128372,22.000000
1.205078,0.039062,-0.228516,0.614669,26.910814,22.000000
0.011719,-0.039062,-0.007812,0.000000,30.777311,23.000000
0.017578,-0.080078,-0.009766,0.000000,32.003033,23.000000
0.029297,-0.119141,-0.005859,0.000000,30.269417,23.000000
0.056641,-0.154297,0.003906,0.000000,25.514500,23.000000
0.144531,0.634766,-1.087891,0.000000,19.637878,23.000000
0.587891,-0.082031,-1.166016,0.000000,25.024271,23.000000
1.314453,-0.042969,-0.300781,0.000000,26.821451,23.000000
2.613281,-0.175781,1.052734,0.000000,29.127533,23.000000
2.658203,-0.179688,1.050781,0.000000,32.296818,23.000000
2.751953,-0.089844,0.923828,0.000000,31.287222,23.000000
1.050781,-0.066406,-0.156250,0.614669,21.789770,23.000000
1.062500,-0.103516,-0.285156,0.614669,21.038036,23.000000
1.123047,-0.000000,-0.226562,0.614669,25.158739,23.000000
1.166016,-0.037109,-0.214844,0.614669,27.339993,23.000000
1.205078,-0.000000,-0.234375,0.614669,26.454224,23.000000
1.386719,-0.042969,0.101562,0.614669,27.596678,23.000000
0.011719,0.031250,0.025391,0.000000,29.415113,23.000000
0.041016,-0.033203,0.062500,0.000000,30.153597,23.000000
0.052734,-0.042969,0.103516,0.000000,29.020029,23.000000
1.080078,-0.158203,0.644531,0.000000,19.493900,23.000000
0.011719,-0.039062,-0.007812,0.000000,30.773680,24.000000
0.017578,-0.080078,-0.009766,0.000000,32.003033,24.000000
0.041016,-0.115234,-0.009766,0.000000,30.269417,24.000000
0.056641,-0.154297,0.005859,0.000000,25.514500,24.000000
1.150391,-0.076172,-0.421875,0.000000,26.972294,24.000000
1.001953,-0.039062,-0.775391,0.000000,26.074551,24.000000
0.511719,-0.041016,-1.203125,0.000000,25.340261,24.000000
1.164062,-0.083984,0.677734,0.000000,26.354837,24.000000
1.349609,-0.042969,0.332031,0.000000,28.135809,24.000000
2.613281,-0.175781,1.052734,0.000000,29.003672,24.000000
2.656250,-0.179688,1.054688,0.000000,32.245331,24.000000
2.748047,-0.089844,0.933594,0.000000,31.293676,24.000000
1.052734,-0.066406,-0.138672,0.614669,23.180634,24.000000
1.097656,-0.035156,-0.111328,0.614669,27.395723,24.000000
1.140625,-0.035156,-0.101562,0.614669,28.651039,24.000000
1.177734,-0.037109,-0.144531,0.614669,28.075350,24.000000
0.011719,0.031250,0.023438,0.000000,29.415113,24.000000
0.041016,-0.033203,0.062500,0.000000,30.149403,24.000000
0.052734,-0.042969,0.103516,0.000000,29.014584,24.000000
0.011719,-0.039062,-0.007812,0.000000,30.784569,25.000000
0.017578,-0.080078,-0.009766,0.000000,32.003033,25.000000
0.041016,-0.115234,-0.009766,0.000000,30.269417,25.000000
0.056641,-0.154297,0.005859,0.000000,25.526682,25.000000
1.214844,0.039062,-0.171875,0.000000,24.345690,25.000000
0.726562,-0.041016,1.087891,0.000000,24.941545,25.000000
1.289062,-0.042969,-0.396484,0.000000,26.283890,25.000000
1.386719,-0.042969,-0.093750,0.000000,28.142475,25.000000
1.429688,-0.044922,-0.072266,0.000000,27.450748,25.000000
2.628906,-0.175781,1.009766,0.000000,29.074114,25.000000
2.664062,-0.179688,1.035156,0.000000,32.247921,25.000000
2.765625,-0.089844,0.878906,0.000000,31.332195,25.000000
1.050781,-0.099609,-0.134766,0.614669,21.789770,25.000000
1.089844,-0.103516,-0.150391,0.614669,25.888317,25.000000
1.128906,-0.072266,-0.175781,0.614669,25.403296,25.000000
1.179688,0.037109,-0.115234,0.614669,24.727564,25.000000
1.220703,0.039062,-0.128906,0.614669,24.548449,25.000000
1.261719,0.039062,0.123047,0.614669,21.702618,25.000000
1.423828,-0.044922,0.138672,0.614669,27.218105,25.000000
0.011719,0.031250,0.023438,0.000000,29.415113,25.000000
0.041016,-0.033203,0.062500,0.000000,30.153597,25.000000
0.052734,-0.042969,0.103516,0.000000,29.014584,25.000000
0.011719,-0.039062,-0.007812,0.000000,30.780941,26.000000
0.017578,-0.080078,-0.009766,0.000000,32.000294,26.000000
0.029297,-0.119141,-0.005859,0.000000,30.269417,26.000000
0.056641,-0.154297,0.005859,0.000000,25.514500,26.000000
0.451172,-0.080078,-1.183594,0.000000,23.502480,26.000000
0.328125,-0.082031,-1.263672,0.000000,25.428255,26.000000
2.617188,-0.175781,1.041016,0.000000,29.063351,26.000000
2.658203,-0.179688,1.050781,0.000000,32.260841,26.000000
2.742188,-0.089844,0.953125,0.000000,31.267805,26.000000
1.050781,-0.099609,-0.125000,0.614669,19.777237,26.000000
1.093750,-0.103516,-0.115234,0.614669,26.560982,26.000000
1.138672,-0.072266,-0.107422,0.614669,29.222063,26.000000
1.181641,-0.037109,-0.097656,0.614669,29.196011,26.000000
1.220703,-0.039062,-0.111328,0.614669,25.943926,26.000000
1.359375,-0.087891,0.279297,0.614669,26.954817,26.000000
1.406250,-0.044922,0.269531,0.614669,28.027737,26.000000
1.445312,-0.091797,0.265625,0.614669,25.550945,26.000000
0.011719,0.031250,0.023438,0.000000,29.410143,26.000000
0.041016,-0.033203,0.062500,0.000000,30.153597,26.000000
0.050781,-0.042969,0.103516,0.000000,29.020029,26.000000
0.011719,-0.039062,-0.007812,0.000000,30.784569,27.000000
0.017578,-0.080078,-0.009766,0.000000,32.000294,27.000000
0.029297,-0.119141,-0.005859,0.000000,30.269417,27.000000
0.056641,-0.154297,0.005859,0.000000,25.514500,27.000000
1.095703,-0.000000,-0.638672,0.000000,25.728716,27.000000
0.554688,-0.041016,-1.185547,0.000000,24.313637,27.000000
2.615234,-0.175781,1.048828,0.000000,29.116901,27.000000
2.660156,-0.179688,1.042969,0.000000,32.284004,27.000000
2.748047,-0.089844,0.937500,0.000000,31.306553,27.000000
1.085938,-0.103516,-0.173828,0.614669,24.132998,27.000000
1.125000,-0.107422,-0.181641,0.614669,28.363241,27.000000
1.171875,-0.074219,-0.175781,0.614669,29.881128,27.000000
1.210938,-0.039062,-0.199219,0.614669,28.813847,27.000000
1.429688,-0.044922,0.076172,0.614669,26.464037,27.000000
0.011719,0.031250,0.023438,0.000000,29.415113,27.000000
0.041016,-0.033203,0.062500,0.000000,30.153597,27.000000
0.052734,-0.042969,0.103516,0.000000,29.020029,27.000000
0.011719,-0.039062,-0.007812,0.000000,30.780941,28.000000
0.017578,-0.080078,-0.009766,0.000000,31.997551,28.000000
0.041016,-0.115234,-0.009766,0.000000,30.265333,28.000000
0.056641,-0.154297,0.005859,0.000000,25.514500,28.000000
0.580078,-0.082031,-1.169922,0.000000,26.937269,28.000000
0.615234,-0.042969,-1.201172,0.000000,22.624512,28.000000
2.623047,-0.175781,1.027344,0.000000,29.009130,28.000000
2.662109,-0.179688,1.037109,0.000000,32.240147,28.000000
2.759766,-0.089844,0.900391,0.000000,31.322598,28.000000
1.091797,-0.103516,-0.138672,0.614669,22.671717,28.000000
1.132812,-0.107422,-0.128906,0.614669,27.450748,28.000000
1.179688,-0.074219,-0.101562,0.614669,29.143431,28.000000
1.222656,-0.076172,-0.070312,0.614669,29.063351,28.000000
1.259766,-0.080078,-0.113281,0.614669,27.795965,28.000000
0.011719,0.031250,0.023438,0.000000,29.415113,28.000000
0.041016,-0.033203,0.062500,0.000000,30.145205,28.000000
0.050781,-0.042969,0.103516,0.000000,29.014584,28.000000
0.011719,-0.039062,-0.007812,0.000000,30.784569,29.000000
0.017578,-0.080078,-0.009766,0.000000,32.000294,29.000000
0.029297,-0.119141,-0.005859,0.000000,30.269417,29.000000
0.056641,-0.154297,0.005859,0.000000,25.514500,29.000000
0.658203,-0.119141,1.078125,0.000000,24.814426,29.000000
0.539062,-0.082031,-1.189453,0.000000,25.797836,29.000000
0.589844,-0.083984,-1.210938,0.000000,22.764618,29.000000
1.199219,-0.130859,0.691406,0.000000,25.118834,29.000000
1.386719,-0.089844,0.345703,0.000000,27.788744,29.000000
2.609375,-0.175781,1.058594,0.000000,29.063351,29.000000
2.660156,-0.179688,1.046875,0.000000,32.273724,29.000000
2.753906,-0.089844,0.916016,0.000000,31.306553,29.000000
1.091797,-0.138672,-0.083984,0.614669,20.043213,29.000000
1.130859,-0.142578,-0.119141,0.614669,25.078558,29.000000
1.164062,-0.148438,-0.167969,0.614669,25.037907,29.000000
1.216797,0.039062,0.158203,0.614669,21.003706,29.000000
0.011719,0.031250,0.023438,0.000000,29.415113,29.000000
0.041016,-0.033203,0.062500,0.000000,30.153597,29.000000
0.052734,-0.042969,0.103516,0.000000,29.020029,29.000000
1.248047,0.421875,0.296875,0.000000,19.867718,29.000000
0.228516,-0.460938,-1.115234,0.614669,18.920946,29.000000
0.011719,-0.039062,-0.007812,0.000000,30.784569,30.000000
0.017578,-0.080078,-0.009766,0.000000,32.000294,30.000000
0.041016,-0.115234,-0.009766,0.000000,30.269417,30.000000
0.056641,-0.154297,0.005859,0.000000,25.526682,30.000000
1.126953,-0.080078,-0.574219,0.000000,28.115749,30.000000
1.074219,-0.082031,-0.742188,0.000000,26.812412,30.000000
1.070312,-0.000000,-0.822266,0.000000,23.483049,30.000000
2.609375,-0.175781,1.062500,0.000000,29.100906,30.000000
2.654297,-0.179688,1.062500,0.000000,32.242741,30.000000
2.750000,-0.089844,0.931641,0.000000,31.231981,30.000000
1.130859,-0.142578,-0.105469,0.614669,24.814426,30.000000
1.169922,-0.148438,-0.128906,0.614669,27.824726,30.000000
1.205078,-0.115234,-0.197266,0.614669,28.350561,30.000000
1.414062,-0.179688,0.140625,0.614669,25.415792,30.000000
1.457031,-0.138672,0.166016,0.614669,27.589119,30.000000
1.498047,-0.142578,0.167969,0.614669,26.830471,30.000000
0.011719,0.031250,0.023438,0.000000,29.415113,30.000000
0.041016,-0.033203,0.062500,0.000000,30.149403,30.000000
0.050781,-0.042969,0.103516,0.000000,29.014584,30.000000
1.017578,0.464844,0.755859,0.000000,21.038036,30.000000
0.011719,-0.039062,-0.007812,0.000000,30.788193,31.000000
0.017578,-0.080078,-0.009766,0.000000,32.003033,31.000000
0.029297,-0.119141,-0.005859,0.000000,30.269417,31.000000
0.056641,-0.154297,0.005859,0.000000,25.514500,31.000000
1.255859,-0.167969,0.462891,0.000000,24.183012,31.000000
2.611328,-0.175781,1.054688,0.000000,29.036325,31.000000
2.656250,-0.179688,1.056641,0.000000,32.268578,31.000000
2.751953,-0.089844,0.923828,0.000000,31.287222,31.000000
4.412109,-0.142578,1.224609,0.000000,28.864906,31.000000
4.457031,-0.144531,1.216797,0.000000,28.830935,31.000000
1.128906,-0.142578,-0.123047,0.614669,22.671717,31.000000
1.166016,-0.148438,-0.154297,0.614669,27.656685,31.000000
1.210938,-0.115234,-0.164062,0.614669,29.036325,31.000000
1.248047,-0.119141,-0.187500,0.614669,27.427252,31.000000
1.302734,-0.123047,-0.009766,0.614669,24.623980,31.000000
0.011719,0.031250,0.023438,0.000000,29.415113,31.000000
0.041016,-0.033203,0.062500,0.000000,30.153597,31.000000
0.050781,-0.042969,0.103516,0.000000,29.020029,31.000000
0.011719,-0.039062,-0.007812,0.000000,30.788193,32.000000
0.017578,-0.080078,-0.009766,0.000000,32.003033,32.000000
0.041016,-0.115234,-0.009766,0.000000,30.269417,32.000000
0.056641,-0.154297,0.005859,0.000000,25.514500,32.000000
0.630859,-0.082031,-1.144531,0.000000,26.532125,32.000000
0.859375,-0.083984,-1.037109,0.000000,24.132998,32.000000
2.619141,-0.175781,1.037109,0.000000,29.052561,32.000000
2.658203,-0.179688,1.048828,0.000000,32.253094,32.000000
2.755859,-0.089844,0.916016,0.000000,31.271048,32.000000
4.410156,-0.142578,1.234375,0.000000,30.625820,32.000000
4.439453,-0.144531,1.277344,0.000000,30.457140,32.000000
1.160156,-0.222656,-0.103516,0.614669,24.955442,32.000000
1.205078,-0.191406,-0.126953,0.614669,26.963564,32.000000
1.246094,-0.158203,-0.179688,0.614669,26.893089,32.000000
0.011719,0.031250,0.023438,0.000000,29.410143,32.000000
0.041016,-0.033203,0.062500,0.000000,30.153597,32.000000
0.050781,-0.042969,0.103516,0.000000,29.020029,32.000000
0.011719,-0.039062,-0.007812,0.000000,30.784569,33.000000
0.017578,-0.080078,-0.009766,0.000000,32.003033,33.000000
0.041016,-0.115234,-0.009766,0.000000,30.269417,33.000000
0.056641,-0.154297,0.005859,0.000000,25.514500,33.000000
1.091797,-0.123047,-0.712891,0.000000,27.505083,33.000000
1.054688,-0.083984,-0.837891,0.000000,24.638929,33.000000
0.880859,-0.042969,-1.076172,0.000000,22.201080,33.000000
1.457031,-0.183594,0.113281,0.000000,27.611757,33.000000
1.498047,-0.189453,0.089844,0.000000,27.339993,33.000000
2.611328,-0.175781,1.056641,0.000000,29.074114,33.000000
2.654297,-0.179688,1.058594,0.000000,32.271152,33.000000
2.746094,-0.089844,0.939453,0.000000,31.267805,33.000000
4.429688,-0.142578,0.992188,0.000000,28.350561,33.000000
4.421875,-0.142578,1.193359,0.000000,31.917303,33.000000
4.451172,-0.144531,1.238281,0.000000,31.571545,33.000000
1.162109,-0.222656,-0.093750,0.614669,23.909351,33.000000
1.207031,-0.191406,-0.119141,0.614669,27.218105,33.000000
1.234375,-0.158203,-0.244141,0.614669,28.247765,33.000000
1.496094,-0.142578,0.183594,0.614669,27.101173,33.000000
0.011719,0.031250,0.023438,0.000000,29.415113,33.000000
0.041016,-0.033203,0.062500,0.000000,30.149403,33.000000
0.050781,-0.042969,0.103516,0.000000,29.014584,33.000000
0.011719,-0.039062,-0.007812,0.000000,30.784569,34.000000
0.017578,-0.080078,-0.009766,0.000000,32.003033,34.000000
0.029297,-0.119141,-0.005859,0.000000,30.269417,34.000000
0.056641,-0.154297,0.005859,0.000000,25.502283,34.000000
1.095703,-0.083984,-0.783203,0.000000,24.166405,34.000000
2.619141,-0.175781,1.039062,0.000000,29.106243,34.000000
2.660156,-0.179688,1.042969,0.000000,32.258259,34.000000
2.753906,-0.089844,0.917969,0.000000,31.238516,34.000000
4.414062,-0.142578,1.056641,0.000000,29.003672,34.000000
4.417969,-0.142578,1.205078,0.000000,32.457592,34.000000
4.453125,-0.144531,1.228516,0.000000,32.156376,34.000000
1.144531,-0.222656,-0.218750,0.614669,22.810333,34.000000
1.189453,-0.191406,-0.234375,0.614669,27.442930,34.000000
1.220703,-0.158203,-0.306641,0.614669,29.057959,34.000000
1.238281,-0.123047,-0.408203,0.614669,27.979597,34.000000
1.462891,-0.138672,0.101562,0.614669,25.211380,34.000000
0.011719,0.031250,0.023438,0.000000,29.415113,34.000000
0.041016,-0.033203,0.062500,0.000000,30.153597,34.000000
0.052734,-0.042969,0.103516,0.000000,29.025467,34.000000
1.111328,0.421875,0.638672,0.000000,21.367207,34.000000
0.011719,-0.039062,-0.007812,0.000000,30.784569,35.000000
0.017578,-0.080078,-0.009766,0.000000,32.003033,35.000000
0.029297,-0.119141,-0.005859,0.000000,30.273497,35.000000
0.056641,-0.154297,0.005859,0.000000,25.526682,35.000000
1.455078,-0.138672,0.181641,0.000000,25.037907,35.000000
1.488281,-0.189453,0.201172,0.000000,25.646660,35.000000
2.621094,-0.175781,1.035156,0.000000,29.132839,35.000000
2.660156,-0.179688,1.046875,0.000000,32.291698,35.000000
2.751953,-0.089844,0.921875,0.000000,31.316187,35.000000
4.398438,-0.142578,1.115234,0.000000,28.475727,35.000000
4.398438,-0.142578,1.273438,0.000000,31.513699,35.000000
4.412109,-0.144531,1.369141,0.000000,30.920185,35.000000
4.898438,-0.308594,0.634766,0.000000,30.382227,35.000000
1.203125,-0.230469,-0.078125,0.614669,25.428255,35.000000
1.242188,-0.238281,-0.083984,0.614669,28.088860,35.000000
1.273438,-0.246094,-0.183594,0.614669,27.781513,35.000000
1.212891,-0.167969,-0.570312,0.614669,26.512779,35.000000
1.273438,-0.130859,-0.541016,0.614669,25.390760,35.000000
0.011719,0.031250,0.023438,0.000000,29.410143,35.000000
0.041016,-0.033203,0.062500,0.000000,30.149403,35.000000
0.052734,-0.042969,0.103516,0.000000,29.014584,35.000000
0.011719,-0.039062,-0.007812,0.000000,30.784569,36.000000
0.017578,-0.080078,-0.009766,0.000000,32.003033,36.000000
0.041016,-0.115234,-0.007812,0.000000,30.269417,36.000000
0.056641,-0.154297,0.005859,0.000000,25.526682,36.000000
0.324219,-0.000000,-1.267578,0.000000,24.487062,36.000000
1.449219,-0.183594,-0.183594,0.000000,24.683474,36.000000
1.501953,-0.189453,-0.039062,0.000000,26.404814,36.000000
2.609375,-0.175781,1.062500,0.000000,29.052561,36.000000
2.656250,-0.179688,1.056641,0.000000,32.247921,36.000000
2.751953,-0.089844,0.921875,0.000000,31.267805,36.000000
4.402344,-0.142578,1.261719,0.000000,31.132748,36.000000
4.427734,-0.144531,1.320312,0.000000,30.553783,36.000000
4.832031,-0.306641,0.806641,0.000000,30.640835,36.000000
4.892578,-0.308594,0.675781,0.000000,32.084415,36.000000
4.957031,-0.312500,0.480469,0.000000,30.077478,36.000000
1.164062,-0.267578,-0.281250,0.614669,21.702618,36.000000
1.212891,-0.316406,-0.185547,0.614669,24.871384,36.000000
1.128906,-0.253906,-0.693359,0.614669,24.771212,36.000000
1.259766,-0.216797,-0.546875,0.614669,26.711729,36.000000
1.353516,-0.134766,-0.445312,0.614669,24.927605,36.000000
1.464844,-0.138672,-0.046875,0.614669,24.487062,36.000000
0.011719,0.031250,0.023438,0.000000,29.415113,36.000000
0.041016,-0.033203,0.062500,0.000000,30.149403,36.000000
0.052734,-0.042969,0.103516,0.000000,29.020029,36.000000
1.228516,-0.449219,0.052734,0.000000,23.521826,36.000000
0.011719,-0.039062,-0.007812,0.000000,30.777311,37.000000
0.017578,-0.080078,-0.009766,0.000000,32.000294,37.000000
0.041016,-0.115234,-0.009766,0.000000,30.269417,37.000000
0.056641,-0.154297,0.003906,0.000000,25.514500,37.000000
0.291016,-0.134766,-1.394531,0.000000,22.600714,37.000000
1.505859,-0.142578,-0.013672,0.000000,24.232458,37.000000
2.617188,-0.175781,1.042969,0.000000,29.014584,37.000000
2.660156,-0.179688,1.044922,0.000000,32.219357,37.000000
2.757812,-0.089844,0.906250,0.000000,31.261314,37.000000
4.421875,-0.142578,1.023438,0.000000,28.175653,37.000000
4.423828,-0.142578,1.183594,0.000000,31.696745,37.000000
4.458984,-0.144531,1.207031,0.000000,31.430147,37.000000
4.826172,-0.154297,0.886719,0.000000,30.468851,37.000000
4.894531,-0.308594,0.675781,0.000000,31.559431,37.000000
1.234375,-0.277344,-0.085938,0.614669,25.024271,37.000000
1.273438,-0.287109,-0.087891,0.614669,27.193314,37.000000
1.320312,-0.253906,-0.113281,0.614669,26.493349,37.000000
1.253906,-0.173828,-0.578125,0.614669,25.010593,37.000000
0.011719,0.031250,0.025391,0.000000,29.415113,37.000000
0.041016,-0.033203,0.062500,0.000000,30.153597,37.000000
0.052734,-0.042969,0.103516,0.000000,29.014584,37.000000
0.011719,-0.039062,-0.007812,0.000000,30.773680,38.000000
0.017578,-0.080078,-0.009766,0.000000,31.997551,38.000000
0.041016,-0.115234,-0.009766,0.000000,30.265333,38.000000
0.056641,-0.154297,0.005859,0.000000,25.502283,38.000000
0.060547,-0.158203,-1.255859,0.000000,24.828735,38.000000
1.533203,-0.242188,0.068359,0.000000,29.132839,38.000000
2.615234,-0.175781,1.046875,0.000000,29.074114,38.000000
2.660156,-0.179688,1.046875,0.000000,32.271152,38.000000
2.753906,-0.089844,0.917969,0.000000,31.287222,38.000000
4.398438,-0.142578,1.123047,0.000000,28.221682,38.000000
4.400391,-0.142578,1.267578,0.000000,31.513699,38.000000
4.417969,-0.144531,1.349609,0.000000,30.920185,38.000000
1.244141,-0.246094,-0.322266,0.614669,28.188854,38.000000
1.281250,-0.253906,-0.343750,0.614669,28.293037,38.000000
1.275391,-0.261719,-0.490234,0.614669,25.390760,38.000000
1.460938,-0.183594,0.027344,0.614669,25.037907,38.000000
1.484375,-0.236328,0.177734,0.614669,28.651039,38.000000
0.011719,0.031250,0.023438,0.000000,29.415113,38.000000
0.041016,-0.033203,0.062500,0.000000,30.149403,38.000000
0.052734,-0.042969,0.103516,0.000000,29.014584,38.000000
0.011719,-0.039062,-0.007812,0.000000,30.791813,39.000000
0.017578,-0.080078,-0.009766,0.000000,32.005768,39.000000
0.029297,-0.119141,-0.005859,0.000000,30.273497,39.000000
0.056641,-0.154297,0.003906,0.000000,25.526682,39.000000
0.443359,-0.080078,-1.185547,0.000000,23.304138,39.000000
0.857422,-0.082031,-0.986328,0.000000,25.490032,39.000000
1.541016,-0.193359,-0.068359,0.000000,25.987906,39.000000
2.621094,-0.175781,1.033203,0.000000,29.047155,39.000000
2.662109,-0.179688,1.039062,0.000000,32.258259,39.000000
2.759766,-0.089844,0.902344,0.000000,31.306553,39.000000
4.412109,-0.142578,1.222656,0.000000,31.414497,39.000000
4.439453,-0.144531,1.283203,0.000000,30.996807,39.000000
4.894531,-0.308594,0.675781,0.000000,31.179338,39.000000
1.294922,-0.253906,-0.283203,0.614669,28.573324,39.000000
1.328125,-0.261719,-0.320312,0.614669,28.756399,39.000000
1.353516,-0.267578,-0.380859,0.614669,27.551123,39.000000
1.410156,-0.275391,-0.324219,0.614669,24.871384,39.000000
1.501953,-0.189453,0.025391,0.614669,24.742163,39.000000
0.011719,0.031250,0.023438,0.000000,29.410143,39.000000
0.041016,-0.033203,0.062500,0.000000,30.153597,39.000000
0.052734,-0.042969,0.103516,0.000000,29.020029,39.000000
0.011719,-0.039062,-0.007812,0.000000,30.780941,40.000000
0.017578,-0.080078,-0.009766,0.000000,32.000294,40.000000
0.029297,-0.119141,-0.005859,0.000000,30.273497,40.000000
0.056641,-0.154297,0.005859,0.000000,25.526682,40.000000
0.308594,-0.080078,1.226562,0.000000,23.180634,40.000000
0.423828,-0.082031,1.236328,0.000000,25.037907,40.000000
2.615234,-0.175781,1.048828,0.000000,29.127533,40.000000
2.658203,-0.179688,1.050781,0.000000,32.319790,40.000000
2.753906,-0.089844,0.919922,0.000000,31.348145,40.000000
4.408203,-0.142578,1.238281,0.000000,31.300119,40.000000
4.441406,-0.144531,1.273438,0.000000,30.827854,40.000000
4.792969,-0.306641,1.009766,0.000000,29.973864,40.000000
4.875000,-0.154297,0.841797,0.000000,31.241781,40.000000
1.285156,-0.294922,-0.289062,0.614669,26.304279,40.000000
1.292969,-0.304688,-0.414062,0.614669,26.839472,40.000000
1.318359,-0.267578,-0.488281,0.614669,26.946053,40.000000
1.332031,-0.275391,-0.562500,0.614669,24.727564,40.000000
1.519531,-0.242188,0.214844,0.614669,26.273659,40.000000
0.011719,0.031250,0.023438,0.000000,29.410143,40.000000
0.041016,-0.033203,0.062500,0.000000,30.153597,40.000000
0.052734,-0.042969,0.103516,0.000000,29.014584,40.000000
0.011719,-0.039062,-0.007812,0.000000,30.784569,41.000000
0.017578,-0.080078,-0.009766,0.000000,32.003033,41.000000
0.041016,-0.115234,-0.009766,0.000000,30.269417,41.000000
0.056641,-0.154297,0.005859,0.000000,25.514500,41.000000
0.136719,-0.080078,1.257812,0.000000,23.159704,41.000000
0.433594,-0.041016,-1.234375,0.000000,24.623980,41.000000
2.619141,-0.175781,1.039062,0.000000,29.036325,41.000000
2.660156,-0.179688,1.044922,0.000000,32.263420,41.000000
2.757812,-0.089844,0.908203,0.000000,31.312979,41.000000
4.414062,-0.142578,1.220703,0.000000,31.395643,41.000000
4.449219,-0.144531,1.244141,0.000000,30.969101,41.000000
4.847656,-0.308594,0.947266,0.000000,30.606977,41.000000
1.283203,-0.294922,-0.298828,0.614669,24.199558,41.000000
1.345703,-0.304688,-0.181641,0.614669,27.505083,41.000000
1.384766,-0.267578,-0.244141,0.614669,28.202015,41.000000
1.410156,-0.275391,-0.324219,0.614669,26.702459,41.000000
1.462891,-0.291016,0.439453,0.614669,25.301996,41.000000
1.515625,-0.349609,0.357422,0.614669,26.384893,41.000000
0.011719,0.031250,0.023438,0.000000,29.410143,41.000000
0.041016,-0.033203,0.062500,0.000000,30.149403,41.000000
0.050781,-0.042969,0.103516,0.000000,29.020029,41.000000
0.011719,-0.039062,-0.007812,0.000000,30.777311,42.000000
0.017578,-0.080078,-0.009766,0.000000,32.000294,42.000000
0.041016,-0.115234,-0.009766,0.000000,30.265333,42.000000
0.056641,-0.154297,0.005859,0.000000,25.514500,42.000000
0.191406,-0.080078,1.251953,0.000000,23.180634,42.000000
0.183594,-0.082031,1.292969,0.000000,24.653828,42.000000
2.603516,-0.175781,1.076172,0.000000,29.014584,42.000000
2.654297,-0.179688,1.058594,0.000000,32.234959,42.000000
2.750000,-0.089844,0.927734,0.000000,31.267805,42.000000
4.400391,-0.142578,1.263672,0.000000,31.309767,42.000000
4.427734,-0.144531,1.318359,0.000000,30.692980,42.000000
4.857422,-0.154297,0.943359,0.000000,30.722500,42.000000
1.283203,-0.294922,-0.296875,0.614669,24.828735,42.000000
1.333984,-0.304688,-0.253906,0.614669,27.528164,42.000000
1.373047,-0.312500,-0.261719,0.614669,26.839472,42.000000
1.238281,-0.322266,-0.728516,0.614669,25.314789,42.000000
1.396484,-0.283203,-0.509766,0.614669,25.224442,42.000000
1.574219,-0.250000,0.085938,0.614669,25.728716,42.000000
0.011719,0.031250,0.025391,0.000000,29.410143,42.000000
0.041016,-0.033203,0.062500,0.000000,30.149403,42.000000
0.052734,-0.042969,0.103516,0.000000,29.014584,42.000000
0.011719,-0.039062,-0.007812,0.000000,30.770042,43.000000
0.017578,-0.080078,-0.009766,0.000000,32.000294,43.000000
0.041016,-0.115234,-0.009766,0.000000,30.269417,43.000000
0.056641,-0.154297,0.005859,0.000000,25.526682,43.000000
0.156250,-0.080078,1.255859,0.000000,23.180634,43.000000
0.259766,-0.041016,-1.281250,0.000000,24.623980,43.000000
0.691406,-0.083984,-1.156250,0.000000,23.201464,43.000000
2.609375,-0.175781,1.062500,0.000000,29.068735,43.000000
2.656250,-0.179688,1.056641,0.000000,32.237553,43.000000
2.748047,-0.089844,0.933594,0.000000,31.235250,43.000000
4.410156,-0.142578,1.236328,0.000000,31.290451,43.000000
4.421875,-0.144531,1.337891,0.000000,30.640835,43.000000
4.787109,-0.306641,1.042969,0.000000,30.021660,43.000000
4.859375,-0.154297,0.925781,0.000000,31.215599,43.000000
1.326172,-0.347656,-0.238281,0.614669,26.263403,43.000000
1.373047,-0.357422,-0.187500,0.614669,27.715876,43.000000
1.402344,-0.414062,-0.167969,0.614669,25.132175,43.000000
1.511719,-0.349609,0.373047,0.614669,27.291647,43.000000
0.011719,0.031250,0.025391,0.000000,29.415113,43.000000
0.041016,-0.033203,0.062500,0.000000,30.149403,43.000000
0.050781,-0.042969,0.103516,0.000000,29.014584,43.000000
0.011719,-0.039062,-0.007812,0.000000,30.780941,44.000000
0.017578,-0.080078,-0.009766,0.000000,32.000294,44.000000
0.029297,-0.119141,-0.005859,0.000000,30.269417,44.000000
0.056641,-0.154297,0.005859,0.000000,25.514500,44.000000
0.171875,-0.080078,1.253906,0.000000,23.138672,44.000000
0.261719,-0.041016,-1.281250,0.000000,24.608978,44.000000
0.523438,-0.042969,-1.244141,0.000000,22.988531,44.000000
0.492188,-0.000000,-1.300781,0.000000,21.303337,44.000000
2.611328,-0.175781,1.056641,0.000000,29.068735,44.000000
2.660156,-0.179688,1.044922,0.000000,32.278866,44.000000
2.755859,-0.089844,0.914062,0.000000,31.306553,44.000000
4.404297,-0.142578,1.250000,0.000000,31.312979,44.000000
4.417969,-0.144531,1.353516,0.000000,30.740847,44.000000
4.851562,-0.154297,0.968750,0.000000,30.888445,44.000000
1.394531,-0.312500,-0.076172,0.614669,23.031961,44.000000
1.433594,-0.275391,-0.199219,0.614669,23.304138,44.000000
1.560547,-0.357422,0.333984,0.614669,25.611013,44.000000
0.011719,0.031250,0.023438,0.000000,29.415113,44.000000
0.041016,-0.033203,0.062500,0.000000,30.157787,44.000000
0.050781,-0.042969,0.103516,0.000000,29.025467,44.000000
1.285156,-0.521484,0.093750,0.000000,19.294189,44.000000
0.578125,0.179688,1.296875,0.614669,20.170334,44.000000
0.011719,-0.039062,-0.007812,0.000000,30.780941,45.000000
0.017578,-0.080078,-0.009766,0.000000,32.003033,45.000000
0.029297,-0.119141,-0.005859,0.000000,30.269417,45.000000
0.056641,-0.154297,0.005859,0.000000,25.514500,45.000000
0.166016,-0.080078,1.253906,0.000000,23.159704,45.000000
0.240234,-0.041016,-1.285156,0.000000,24.623980,45.000000
0.501953,-0.042969,-1.251953,0.000000,23.053514,45.000000
0.275391,-0.042969,-1.363281,0.000000,21.673174,45.000000
2.619141,-0.175781,1.039062,0.000000,29.148718,45.000000
2.658203,-0.179688,1.050781,0.000000,32.278866,45.000000
2.751953,-0.089844,0.923828,0.000000,31.306553,45.000000
4.408203,-0.142578,1.238281,0.000000,31.303337,45.000000
4.423828,-0.144531,1.333984,0.000000,30.773680,45.000000
4.787109,-0.306641,1.041016,0.000000,29.609463,45.000000
4.845703,-0.308594,0.957031,0.000000,30.906107,45.000000
1.382812,-0.357422,-0.109375,0.614669,24.756712,45.000000
1.431641,-0.322266,-0.130859,0.614669,26.522463,45.000000
1.486328,-0.283203,-0.017578,0.614669,26.522463,45.000000
1.595703,-0.357422,-0.017578,0.614669,26.138418,45.000000
0.011719,0.031250,0.025391,0.000000,29.420080,45.000000
0.041016,-0.033203,0.062500,0.000000,30.149403,45.000000
0.050781,-0.042969,0.103516,0.000000,29.014584,45.000000
1.275391,-0.521484,0.189453,0.000000,19.731279,45.000000
0.011719,-0.039062,-0.007812,0.000000,30.777311,46.000000
0.017578,-0.080078,-0.009766,0.000000,32.003033,46.000000
0.041016,-0.115234,-0.009766,0.000000,30.265333,46.000000
0.056641,-0.154297,0.005859,0.000000,25.502283,46.000000
0.148438,-0.080078,1.255859,0.000000,23.180634,46.000000
0.251953,-0.041016,-1.283203,0.000000,24.623980,46.000000
0.523438,-0.042969,-1.244141,0.000000,23.053514,46.000000
0.521484,-0.042969,-1.289062,0.000000,21.673174,46.000000
1.519531,-0.242188,-0.222656,0.000000,29.370161,46.000000
1.580078,-0.150391,-0.164062,0.000000,27.160034,46.000000
2.607422,-0.175781,1.066406,0.000000,29.106243,46.000000
2.656250,-0.179688,1.054688,0.000000,32.278866,46.000000
2.751953,-0.089844,0.925781,0.000000,31.322598,46.000000
4.404297,-0.142578,1.251953,0.000000,31.325798,46.000000
4.431641,-0.144531,1.304688,0.000000,30.895519,46.000000
4.777344,-0.306641,1.089844,0.000000,29.872192,46.000000
4.839844,-0.154297,1.027344,0.000000,31.231981,46.000000
1.373047,-0.402344,-0.035156,0.614669,22.148439,46.000000
1.416016,-0.367188,-0.158203,0.614669,26.522463,46.000000
1.474609,-0.283203,-0.193359,0.614669,29.159271,46.000000
1.527344,-0.242188,-0.162109,0.614669,29.484129,46.000000
0.011719,0.031250,0.025391,0.000000,29.410143,46.000000
0.041016,-0.033203,0.062500,0.000000,30.153597,46.000000
0.052734,-0.042969,0.103516,0.000000,29.020029,46.000000
0.455078,0.089844,1.353516,0.614669,19.294189,46.000000
0.011719,-0.039062,-0.007812,0.000000,30.777311,47.000000
0.017578,-0.080078,-0.009766,0.000000,31.997551,47.000000
0.041016,-0.115234,-0.007812,0.000000,30.265333,47.000000
0.056641,-0.154297,0.005859,0.000000,25.514500,47.000000
0.191406,-0.080078,1.251953,0.000000,23.180634,47.000000
0.232422,-0.041016,-1.287109,0.000000,24.623980,47.000000
0.492188,-0.042969,-1.255859,0.000000,23.010300,47.000000
0.562500,-0.042969,-1.271484,0.000000,21.673174,47.000000
1.515625,-0.242188,-0.248047,0.000000,29.175055,47.000000
1.562500,-0.199219,-0.251953,0.000000,27.824726,47.000000
2.617188,-0.175781,1.042969,0.000000,29.106243,47.000000
2.658203,-0.179688,1.048828,0.000000,32.286568,47.000000
2.751953,-0.089844,0.923828,0.000000,31.312979,47.000000
4.392578,-0.142578,1.296875,0.000000,31.283993,47.000000
4.423828,-0.144531,1.330078,0.000000,30.972572,47.000000
4.843750,-0.154297,1.009766,0.000000,30.916670,47.000000
1.402344,-0.367188,-0.257812,0.614669,25.728716,47.000000
