4.437500,-0.289062,1.259766,0.000000,30.366289,0.000000
4.738281,-0.449219,-0.498047,0.000000,33.068539,0.000000
4.787109,-0.453125,-0.421875,0.000000,33.695869,0.000000
4.841797,-0.457031,-0.191406,0.000000,30.378248,0.000000
4.873047,-0.308594,0.812500,0.000000,30.674429,0.000000
0.041016,-0.033203,0.062500,0.000000,30.098757,0.000000
0.052734,-0.042969,0.101562,0.000000,28.981766,0.000000
1.117188,-0.515625,0.310547,0.000000,18.976271,0.000000
2.808594,-2.003906,-3.013672,0.000000,27.788744,0.000000
2.792969,-2.021484,-3.078125,0.000000,27.427252,0.000000
0.011719,-0.039062,-0.007812,0.000000,30.733517,1.000000
0.017578,-0.080078,-0.007812,0.000000,31.964525,1.000000
0.029297,-0.119141,-0.005859,0.000000,30.224283,1.000000
0.056641,-0.154297,0.005859,0.000000,25.490032,1.000000
0.373047,-0.080078,-1.208984,0.000000,21.789770,1.000000
0.269531,-0.041016,1.279297,0.000000,23.180634,1.000000
0.455078,-0.042969,1.269531,0.000000,21.846914,1.000000
2.544922,-0.263672,1.189453,0.000000,29.444826,1.000000
2.599609,-0.267578,1.169922,0.000000,32.750809,1.000000
2.654297,-0.181641,1.164062,0.000000,32.043915,1.000000
4.412109,-0.287109,1.197266,0.000000,30.700378,1.000000
4.453125,-0.289062,1.203125,0.000000,30.334238,1.000000
4.738281,-0.449219,-0.496094,0.000000,33.059959,1.000000
4.789062,-0.453125,-0.408203,0.000000,33.695869,1.000000
4.843750,-0.457031,-0.152344,0.000000,30.406023,1.000000
4.880859,-0.308594,0.767578,0.000000,30.773680,1.000000
0.041016,-0.033203,0.062500,0.000000,30.098757,1.000000
0.052734,-0.042969,0.101562,0.000000,28.992731,1.000000
1.115234,-0.515625,0.312500,0.000000,19.030899,1.000000
2.792969,-2.003906,-3.029297,0.000000,27.824726,1.000000
2.777344,-2.021484,-3.091797,0.000000,27.427252,1.000000
0.011719,-0.039062,-0.007812,0.000000,30.744507,2.000000
0.017578,-0.080078,-0.007812,0.000000,31.964525,2.000000
0.029297,-0.119141,-0.005859,0.000000,30.224283,2.000000
0.056641,-0.154297,0.005859,0.000000,25.490032,2.000000
0.318359,-0.080078,-1.224609,0.000000,21.846914,2.000000
0.289062,-0.041016,1.275391,0.000000,23.180634,2.000000
0.457031,-0.042969,1.269531,0.000000,21.818436,2.000000
2.357422,0.453125,-0.251953,0.000000,25.786392,2.000000
2.546875,-0.263672,1.185547,0.000000,29.459606,2.000000
2.603516,-0.267578,1.162109,0.000000,32.757717,2.000000
2.658203,-0.181641,1.154297,0.000000,32.038486,2.000000
4.408203,-0.287109,1.212891,0.000000,30.715137,2.000000
4.449219,-0.289062,1.220703,0.000000,30.366289,2.000000
4.738281,-0.449219,-0.503906,0.000000,33.106934,2.000000
4.787109,-0.453125,-0.427734,0.000000,33.705132,2.000000
4.841797,-0.457031,-0.197266,0.000000,30.334238,2.000000
4.800781,-0.460938,0.914062,0.000000,29.684830,2.000000
4.878906,-0.308594,0.773438,0.000000,30.766405,2.000000
0.041016,-0.033203,0.062500,0.000000,30.098757,2.000000
0.052734,-0.042969,0.101562,0.000000,28.987251,2.000000
1.123047,-0.515625,0.283203,0.000000,18.976271,2.000000
2.802734,-2.003906,-3.019531,0.000000,27.788744,2.000000
2.785156,-2.021484,-3.085938,0.000000,27.419392,2.000000
0.011719,-0.039062,-0.007812,0.000000,30.729847,3.000000
0.017578,-0.080078,-0.007812,0.000000,31.961761,3.000000
0.029297,-0.119141,-0.005859,0.000000,30.228407,3.000000
0.056641,-0.154297,0.005859,0.000000,25.502283,3.000000
0.330078,-0.080078,-1.220703,0.000000,21.789770,3.000000
0.310547,-0.041016,1.271484,0.000000,23.159704,3.000000
0.466797,-0.042969,1.265625,0.000000,21.818436,3.000000
2.361328,0.453125,-0.201172,0.000000,26.159500,3.000000
2.542969,-0.263672,1.197266,0.000000,29.469433,3.000000
2.599609,-0.267578,1.169922,0.000000,32.757717,3.000000
2.656250,-0.181641,1.158203,0.000000,32.022160,3.000000
4.416016,-0.287109,1.185547,0.000000,30.711452,3.000000
4.460938,-0.289062,1.177734,0.000000,30.366289,3.000000
4.742188,-0.449219,-0.466797,0.000000,33.066395,3.000000
4.789062,-0.453125,-0.402344,0.000000,33.688446,3.000000
4.841797,-0.457031,-0.189453,0.000000,30.301949,3.000000
4.796875,-0.460938,0.933594,0.000000,29.642597,3.000000
4.875000,-0.308594,0.798828,0.000000,30.799046,3.000000
0.041016,-0.033203,0.062500,0.000000,30.102999,3.000000
0.052734,-0.042969,0.101562,0.000000,28.987251,3.000000
1.119141,-0.515625,0.298828,0.000000,18.920946,3.000000
2.816406,-2.003906,-3.007812,0.000000,27.810369,3.000000
2.847656,-2.021484,-3.027344,0.000000,27.395723,3.000000
0.011719,-0.039062,-0.007812,0.000000,30.733517,4.000000
0.017578,-0.080078,-0.007812,0.000000,31.964525,4.000000
0.029297,-0.119141,-0.005859,0.000000,30.224283,4.000000
0.056641,-0.154297,0.005859,0.000000,25.490032,4.000000
0.339844,-0.080078,-1.218750,0.000000,21.789770,4.000000
0.279297,-0.041016,1.277344,0.000000,23.138672,4.000000
0.384766,-0.000000,1.294922,0.000000,21.789770,4.000000
2.548828,-0.263672,1.181641,0.000000,29.459606,4.000000
2.605469,-0.267578,1.158203,0.000000,32.746197,4.000000
2.664062,-0.181641,1.144531,0.000000,32.019432,4.000000
4.408203,-0.287109,1.212891,0.000000,30.700378,4.000000
4.447266,-0.289062,1.224609,0.000000,30.342272,4.000000
4.738281,-0.449219,-0.498047,0.000000,33.055664,4.000000
4.789062,-0.453125,-0.408203,0.000000,33.708832,4.000000
4.843750,-0.457031,-0.130859,0.000000,30.390173,4.000000
4.785156,-0.460938,0.994141,0.000000,29.754318,4.000000
4.859375,-0.308594,0.888672,0.000000,30.788193,4.000000
0.041016,-0.033203,0.062500,0.000000,30.102999,4.000000
0.052734,-0.042969,0.101562,0.000000,28.987251,4.000000
1.121094,-0.515625,0.294922,0.000000,18.976271,4.000000
2.828125,-2.003906,-2.996094,0.000000,27.781513,4.000000
2.857422,-2.021484,-3.019531,0.000000,27.395723,4.000000
0.011719,-0.039062,-0.007812,0.000000,30.733517,5.000000
0.017578,-0.080078,-0.007812,0.000000,31.964525,5.000000
0.029297,-0.119141,-0.005859,0.000000,30.232525,5.000000
0.056641,-0.154297,0.005859,0.000000,25.502283,5.000000
0.328125,-0.080078,-1.222656,0.000000,21.760912,5.000000
0.302734,-0.041016,1.273438,0.000000,23.159704,5.000000
0.402344,-0.000000,1.289062,0.000000,21.846914,5.000000
2.550781,-0.263672,1.177734,0.000000,29.469433,5.000000
2.607422,-0.267578,1.152344,0.000000,32.755417,5.000000
2.666016,-0.181641,1.138672,0.000000,32.027607,5.000000
4.410156,-0.287109,1.205078,0.000000,30.718821,5.000000
4.453125,-0.289062,1.207031,0.000000,30.366289,5.000000
4.740234,-0.449219,-0.490234,0.000000,33.113300,5.000000
4.789062,-0.453125,-0.394531,0.000000,33.734638,5.000000
4.845703,-0.457031,-0.113281,0.000000,30.480532,5.000000
4.794922,-0.460938,0.941406,0.000000,29.768084,5.000000
4.865234,-0.308594,0.855469,0.000000,30.748165,5.000000
0.041016,-0.033203,0.062500,0.000000,30.102999,5.000000
0.052734,-0.042969,0.101562,0.000000,28.987251,5.000000
1.121094,-0.515625,0.296875,0.000000,18.976271,5.000000
2.814453,-2.003906,-3.007812,0.000000,27.795965,5.000000
2.855469,-2.021484,-3.021484,0.000000,27.387806,5.000000
0.011719,-0.039062,-0.007812,0.000000,30.737183,6.000000
0.017578,-0.080078,-0.007812,0.000000,31.964525,6.000000
0.029297,-0.119141,-0.005859,0.000000,30.224283,6.000000
0.056641,-0.154297,0.005859,0.000000,25.477747,6.000000
0.328125,-0.080078,-1.222656,0.000000,21.789770,6.000000
0.312500,-0.041016,1.271484,0.000000,23.159704,6.000000
0.462891,-0.042969,1.267578,0.000000,21.789770,6.000000
2.546875,-0.263672,1.187500,0.000000,29.464523,6.000000
2.603516,-0.267578,1.160156,0.000000,32.757717,6.000000
2.660156,-0.181641,1.150391,0.000000,32.049335,6.000000
4.412109,-0.287109,1.203125,0.000000,30.722500,6.000000
4.451172,-0.289062,1.210938,0.000000,30.358297,6.000000
4.740234,-0.449219,-0.482422,0.000000,33.034122,6.000000
4.789062,-0.453125,-0.404297,0.000000,33.706982,6.000000
4.845703,-0.457031,-0.123047,0.000000,30.413927,6.000000
4.792969,-0.460938,0.958984,0.000000,29.777237,6.000000
4.875000,-0.308594,0.802734,0.000000,30.795429,6.000000
0.041016,-0.033203,0.062500,0.000000,30.102999,6.000000
0.052734,-0.042969,0.101562,0.000000,28.987251,6.000000
1.119141,-0.515625,0.304688,0.000000,19.030899,6.000000
2.822266,-2.003906,-3.001953,0.000000,27.774269,6.000000
2.837891,-2.021484,-3.037109,0.000000,27.403627,6.000000
0.011719,-0.039062,-0.007812,0.000000,30.737183,7.000000
0.017578,-0.080078,-0.007812,0.000000,31.964525,7.000000
0.029297,-0.119141,-0.005859,0.000000,30.228407,7.000000
0.056641,-0.154297,0.005859,0.000000,25.502283,7.000000
0.332031,-0.080078,-1.220703,0.000000,21.818436,7.000000
0.306641,-0.041016,1.271484,0.000000,23.138672,7.000000
0.402344,-0.000000,1.289062,0.000000,21.789770,7.000000
2.548828,-0.263672,1.183594,0.000000,29.459606,7.000000
2.603516,-0.267578,1.162109,0.000000,32.753113,7.000000
2.658203,-0.181641,1.154297,0.000000,32.024883,7.000000
4.412109,-0.287109,1.201172,0.000000,30.700378,7.000000
4.455078,-0.289062,1.197266,0.000000,30.338257,7.000000
4.738281,-0.449219,-0.501953,0.000000,33.130230,7.000000
4.789062,-0.453125,-0.408203,0.000000,33.741982,7.000000
4.843750,-0.457031,-0.136719,0.000000,30.425755,7.000000
4.787109,-0.460938,0.980469,0.000000,29.854265,7.000000
4.857422,-0.308594,0.902344,0.000000,30.884905,7.000000
0.041016,-0.033203,0.062500,0.000000,30.094509,7.000000
0.052734,-0.042969,0.101562,0.000000,28.981766,7.000000
1.117188,-0.515625,0.304688,0.000000,18.976271,7.000000
2.810547,-2.003906,-3.013672,0.000000,27.781513,7.000000
2.800781,-2.021484,-3.072266,0.000000,27.403627,7.000000
0.011719,-0.039062,-0.007812,0.000000,30.737183,8.000000
0.017578,-0.080078,-0.007812,0.000000,31.964525,8.000000
0.029297,-0.119141,-0.005859,0.000000,30.228407,8.000000
0.056641,-0.154297,0.005859,0.000000,25.490032,8.000000
0.310547,-0.080078,-1.226562,0.000000,21.846914,8.000000
0.318359,-0.041016,1.269531,0.000000,23.201464,8.000000
0.394531,-0.000000,1.291016,0.000000,21.818436,8.000000
2.548828,-0.263672,1.181641,0.000000,29.459606,8.000000
2.605469,-0.267578,1.156250,0.000000,32.748505,8.000000
2.664062,-0.181641,1.144531,0.000000,32.016701,8.000000
4.410156,-0.287109,1.205078,0.000000,30.711452,8.000000
4.451172,-0.289062,1.210938,0.000000,30.342272,8.000000
4.738281,-0.449219,-0.494141,0.000000,33.092041,8.000000
4.787109,-0.453125,-0.412109,0.000000,33.729118,8.000000
4.841797,-0.457031,-0.191406,0.000000,30.413927,8.000000
4.798828,-0.460938,0.921875,0.000000,29.566486,8.000000
4.830078,-0.464844,0.972656,0.000000,30.614525,8.000000
0.041016,-0.033203,0.062500,0.000000,30.094509,8.000000
0.052734,-0.042969,0.103516,0.000000,28.976271,8.000000
1.121094,-0.515625,0.291016,0.000000,18.920946,8.000000
2.804688,-2.003906,-3.017578,0.000000,27.795965,8.000000
2.833984,-2.021484,-3.041016,0.000000,27.411516,8.000000
0.011719,-0.039062,-0.007812,0.000000,30.726175,9.000000
0.017578,-0.080078,-0.007812,0.000000,31.961761,9.000000
0.029297,-0.119141,-0.005859,0.000000,30.228407,9.000000
0.056641,-0.154297,0.005859,0.000000,25.514500,9.000000
0.345703,-0.080078,-1.216797,0.000000,21.818436,9.000000
0.300781,-0.041016,1.273438,0.000000,23.159704,9.000000
0.451172,-0.042969,1.271484,0.000000,21.818436,9.000000
2.544922,-0.263672,1.191406,0.000000,29.469433,9.000000
2.601562,-0.267578,1.164062,0.000000,32.755417,9.000000
2.660156,-0.181641,1.150391,0.000000,32.030331,9.000000
4.410156,-0.287109,1.210938,0.000000,30.715137,9.000000
4.451172,-0.289062,1.208984,0.000000,30.374266,9.000000
4.742188,-0.449219,-0.468750,0.000000,33.068539,9.000000
4.789062,-0.453125,-0.406250,0.000000,33.718063,9.000000
4.841797,-0.457031,-0.199219,0.000000,30.464952,9.000000
4.824219,-0.460938,0.779297,0.000000,29.580858,9.000000
4.884766,-0.308594,0.734375,0.000000,30.737183,9.000000
0.041016,-0.033203,0.062500,0.000000,30.098757,9.000000
0.052734,-0.042969,0.101562,0.000000,28.981766,9.000000
1.119141,-0.515625,0.296875,0.000000,18.920946,9.000000
2.794922,-2.003906,-3.027344,0.000000,27.788744,9.000000
0.011719,-0.039062,-0.007812,0.000000,30.733517,10.000000
0.017578,-0.080078,-0.007812,0.000000,31.961761,10.000000
0.029297,-0.119141,-0.005859,0.000000,30.224283,10.000000
0.056641,-0.154297,0.005859,0.000000,25.490032,10.000000
0.345703,-0.080078,-1.216797,0.000000,21.846914,10.000000
0.302734,-0.041016,1.273438,0.000000,23.180634,10.000000
0.478516,-0.042969,1.261719,0.000000,21.846914,10.000000
2.314453,0.519531,-0.070312,0.000000,26.085260,10.000000
2.333984,0.603516,-0.121094,0.000000,25.932861,10.000000
2.431641,0.712891,0.117188,0.000000,26.839472,10.000000
2.552734,-0.263672,1.175781,0.000000,29.444826,10.000000
2.607422,-0.267578,1.152344,0.000000,32.750809,10.000000
2.664062,-0.181641,1.142578,0.000000,32.016701,10.000000
4.412109,-0.287109,1.199219,0.000000,30.718821,10.000000
4.457031,-0.289062,1.189453,0.000000,30.358297,10.000000
4.736328,-0.449219,-0.517578,0.000000,33.115421,10.000000
4.787109,-0.453125,-0.429688,0.000000,33.721752,10.000000
4.841797,-0.457031,-0.212891,0.000000,30.394140,10.000000
4.810547,-0.460938,0.857422,0.000000,29.547249,10.000000
4.873047,-0.308594,0.812500,0.000000,30.640835,10.000000
0.041016,-0.033203,0.062500,0.000000,30.102999,10.000000
0.052734,-0.042969,0.101562,0.000000,28.987251,10.000000
1.121094,-0.515625,0.294922,0.000000,18.976271,10.000000
1.285156,-0.300781,2.021484,0.000000,23.443922,10.000000
2.765625,-2.003906,-3.052734,0.000000,27.810369,10.000000
2.761719,-2.021484,-3.105469,0.000000,27.411516,10.000000
0.011719,-0.039062,-0.007812,0.000000,30.733517,11.000000
0.017578,-0.080078,-0.007812,0.000000,31.964525,11.000000
0.029297,-0.119141,-0.005859,0.000000,30.224283,11.000000
0.056641,-0.154297,0.005859,0.000000,25.490032,11.000000
0.326172,-0.080078,-1.222656,0.000000,21.875208,11.000000
0.326172,-0.041016,1.267578,0.000000,23.222193,11.000000
0.507812,-0.042969,1.250000,0.000000,21.903316,11.000000
2.312500,0.519531,-0.089844,0.000000,25.932861,11.000000
2.369141,0.701172,0.355469,0.000000,26.085260,11.000000
2.412109,0.712891,0.326172,0.000000,26.190933,11.000000
2.554688,-0.263672,1.169922,0.000000,29.444826,11.000000
2.607422,-0.267578,1.152344,0.000000,32.741577,11.000000
2.664062,-0.181641,1.142578,0.000000,31.994808,11.000000
4.412109,-0.287109,1.201172,0.000000,30.744507,11.000000
4.453125,-0.289062,1.208984,0.000000,30.378248,11.000000
4.736328,-0.449219,-0.525391,0.000000,33.140781,11.000000
4.785156,-0.453125,-0.445312,0.000000,33.749317,11.000000
4.837891,-0.457031,-0.279297,0.000000,30.433622,11.000000
4.808594,-0.460938,0.875000,0.000000,29.464523,11.000000
4.865234,-0.308594,0.859375,0.000000,30.711452,11.000000
0.041016,-0.033203,0.062500,0.000000,30.107239,11.000000
0.052734,-0.042969,0.103516,0.000000,28.992731,11.000000
1.117188,-0.515625,0.306641,0.000000,18.976271,11.000000
2.824219,-2.003906,-3.000000,0.000000,27.752462,11.000000
0.011719,-0.039062,-0.007812,0.000000,30.737183,12.000000
0.017578,-0.080078,-0.007812,0.000000,31.964525,12.000000
0.029297,-0.119141,-0.005859,0.000000,30.228407,12.000000
0.056641,-0.154297,0.005859,0.000000,25.502283,12.000000
0.322266,-0.080078,-1.224609,0.000000,21.760912,12.000000
0.312500,-0.041016,1.271484,0.000000,23.138672,12.000000
0.482422,-0.042969,1.259766,0.000000,21.818436,12.000000
2.548828,-0.263672,1.181641,0.000000,29.439888,12.000000
2.605469,-0.267578,1.156250,0.000000,32.734642,12.000000
2.662109,-0.181641,1.146484,0.000000,32.013969,12.000000
4.412109,-0.287109,1.203125,0.000000,30.704073,12.000000
4.449219,-0.289062,1.218750,0.000000,30.366289,12.000000
4.738281,-0.449219,-0.503906,0.000000,33.059959,12.000000
4.787109,-0.453125,-0.427734,0.000000,33.714375,12.000000
4.839844,-0.457031,-0.236328,0.000000,30.496056,12.000000
4.826172,-0.460938,0.765625,0.000000,29.420080,12.000000
4.878906,-0.308594,0.771484,0.000000,30.584261,12.000000
0.041016,-0.033203,0.062500,0.000000,30.098757,12.000000
0.052734,-0.042969,0.101562,0.000000,28.981766,12.000000
1.119141,-0.515625,0.298828,0.000000,19.030899,12.000000
2.832031,-2.003906,-2.992188,0.000000,27.752462,12.000000
2.808594,-2.021484,-3.064453,0.000000,27.379873,12.000000
0.011719,-0.039062,-0.007812,0.000000,30.733517,13.000000
0.017578,-0.080078,-0.007812,0.000000,31.964525,13.000000
0.029297,-0.119141,-0.005859,0.000000,30.228407,13.000000
0.056641,-0.154297,0.005859,0.000000,25.502283,13.000000
0.345703,-0.080078,-1.216797,0.000000,21.818436,13.000000
0.279297,-0.041016,1.279297,0.000000,23.201464,13.000000
0.386719,-0.000000,1.292969,0.000000,21.818436,13.000000
2.544922,-0.263672,1.193359,0.000000,29.469433,13.000000
2.603516,-0.267578,1.162109,0.000000,32.753113,13.000000
2.662109,-0.181641,1.146484,0.000000,32.016701,13.000000
4.414062,-0.287109,1.197266,0.000000,30.711452,13.000000
4.455078,-0.289062,1.197266,0.000000,30.366289,13.000000
4.734375,-0.449219,-0.537109,0.000000,33.094173,13.000000
4.787109,-0.453125,-0.431641,0.000000,33.705132,13.000000
4.841797,-0.457031,-0.208984,0.000000,30.322157,13.000000
4.781250,-0.460938,1.011719,0.000000,29.580858,13.000000
4.808594,-0.464844,1.078125,0.000000,30.751818,13.000000
0.041016,-0.033203,0.062500,0.000000,30.094509,13.000000
0.052734,-0.042969,0.103516,0.000000,28.981766,13.000000
1.117188,-0.515625,0.308594,0.000000,19.084850,13.000000
2.812500,-2.003906,-3.009766,0.000000,27.788744,13.000000
2.791016,-2.021484,-3.080078,0.000000,27.419392,13.000000
0.011719,-0.039062,-0.007812,0.000000,30.726175,14.000000
0.017578,-0.080078,-0.007812,0.000000,31.964525,14.000000
0.029297,-0.119141,-0.005859,0.000000,30.232525,14.000000
0.056641,-0.154297,0.005859,0.000000,25.502283,14.000000
0.371094,-0.080078,-1.208984,0.000000,21.846914,14.000000
0.294922,-0.041016,1.275391,0.000000,23.180634,14.000000
0.419922,-0.000000,1.283203,0.000000,21.789770,14.000000
2.365234,0.779297,0.140625,0.000000,26.981005,14.000000
2.548828,-0.263672,1.183594,0.000000,29.449759,14.000000
2.603516,-0.267578,1.160156,0.000000,32.746197,14.000000
2.662109,-0.181641,1.148438,0.000000,32.005768,14.000000
4.414062,-0.287109,1.191406,0.000000,30.715137,14.000000
4.455078,-0.289062,1.195312,0.000000,30.366289,14.000000
4.740234,-0.449219,-0.480469,0.000000,33.094173,14.000000
4.787109,-0.453125,-0.414062,0.000000,33.732800,14.000000
4.841797,-0.457031,-0.193359,0.000000,30.449316,14.000000
4.814453,-0.460938,0.835938,0.000000,29.818186,14.000000
4.867188,-0.308594,0.849609,0.000000,30.982975,14.000000
0.041016,-0.033203,0.062500,0.000000,30.102999,14.000000
0.052734,-0.042969,0.101562,0.000000,28.992731,14.000000
1.119141,-0.515625,0.298828,0.000000,18.976271,14.000000
2.820312,-2.003906,-3.003906,0.000000,27.803173,14.000000
2.822266,-2.021484,-3.052734,0.000000,27.387806,14.000000
0.011719,-0.039062,-0.007812,0.000000,30.733517,15.000000
0.017578,-0.080078,-0.007812,0.000000,31.961761,15.000000
0.029297,-0.119141,-0.005859,0.000000,30.224283,15.000000
0.056641,-0.154297,0.005859,0.000000,25.490032,15.000000
0.335938,-0.080078,-1.220703,0.000000,21.789770,15.000000
0.304688,-0.041016,1.271484,0.000000,23.159704,15.000000
0.488281,-0.042969,1.257812,0.000000,21.818436,15.000000
2.419922,0.712891,0.251953,0.000000,26.294096,15.000000
2.548828,-0.263672,1.185547,0.000000,29.420080,15.000000
2.603516,-0.267578,1.164062,0.000000,32.746197,15.000000
2.654297,-0.181641,1.164062,0.000000,32.041199,15.000000
4.412109,-0.287109,1.197266,0.000000,30.729847,15.000000
4.453125,-0.289062,1.205078,0.000000,30.370279,15.000000
4.738281,-0.449219,-0.498047,0.000000,33.083511,15.000000
4.787109,-0.453125,-0.419922,0.000000,33.714375,15.000000
4.839844,-0.457031,-0.269531,0.000000,30.461048,15.000000
4.835938,-0.460938,0.710938,0.000000,29.484129,15.000000
4.892578,-0.308594,0.687500,0.000000,30.780941,15.000000
0.041016,-0.033203,0.062500,0.000000,30.098757,15.000000
0.052734,-0.042969,0.101562,0.000000,28.987251,15.000000
1.119141,-0.515625,0.296875,0.000000,18.976271,15.000000
2.804688,-2.003906,-3.017578,0.000000,27.788744,15.000000
2.822266,-2.021484,-3.050781,0.000000,27.387806,15.000000
0.011719,-0.039062,-0.007812,0.000000,30.729847,16.000000
0.017578,-0.080078,-0.007812,0.000000,31.961761,16.000000
0.029297,-0.119141,-0.005859,0.000000,30.224283,16.000000
0.056641,-0.154297,0.005859,0.000000,25.502283,16.000000
0.357422,-0.080078,-1.214844,0.000000,21.789770,16.000000
0.289062,-0.041016,1.275391,0.000000,23.138672,16.000000
0.466797,-0.042969,1.265625,0.000000,21.789770,16.000000
2.542969,-0.263672,1.197266,0.000000,29.454685,16.000000
2.601562,-0.267578,1.166016,0.000000,32.734642,16.000000
2.662109,-0.181641,1.148438,0.000000,31.970047,16.000000
4.408203,-0.287109,1.212891,0.000000,30.722500,16.000000
4.447266,-0.289062,1.230469,0.000000,30.370279,16.000000
4.734375,-0.449219,-0.531250,0.000000,33.081375,16.000000
4.785156,-0.453125,-0.433594,0.000000,33.712524,16.000000
4.839844,-0.457031,-0.246094,0.000000,30.429691,16.000000
4.820312,-0.460938,0.810547,0.000000,29.439888,16.000000
4.875000,-0.308594,0.794922,0.000000,30.633333,16.000000
0.041016,-0.033203,0.062500,0.000000,30.098757,16.000000
0.052734,-0.042969,0.101562,0.000000,28.981766,16.000000
1.115234,-0.515625,0.312500,0.000000,18.920946,16.000000
2.837891,-2.003906,-2.986328,0.000000,27.781513,16.000000
2.861328,-2.021484,-3.015625,0.000000,27.395723,16.000000
0.011719,-0.039062,-0.007812,0.000000,30.726175,17.000000
0.017578,-0.080078,-0.007812,0.000000,31.961761,17.000000
0.041016,-0.115234,-0.007812,0.000000,30.228407,17.000000
0.056641,-0.154297,0.005859,0.000000,25.502283,17.000000
0.328125,-0.080078,-1.222656,0.000000,21.846914,17.000000
0.322266,-0.041016,1.267578,0.000000,23.180634,17.000000
0.470703,-0.042969,1.263672,0.000000,21.846914,17.000000
2.546875,-0.263672,1.189453,0.000000,29.454685,17.000000
2.601562,-0.267578,1.164062,0.000000,32.764618,17.000000
2.656250,-0.181641,1.158203,0.000000,32.054749,17.000000
4.414062,-0.287109,1.193359,0.000000,30.700378,17.000000
4.457031,-0.289062,1.193359,0.000000,30.346285,17.000000
4.742188,-0.449219,-0.472656,0.000000,33.064251,17.000000
4.789062,-0.453125,-0.398438,0.000000,33.730961,17.000000
4.841797,-0.457031,-0.195312,0.000000,30.449316,17.000000
4.802734,-0.460938,0.902344,0.000000,29.618956,17.000000
4.857422,-0.308594,0.900391,0.000000,30.718821,17.000000
0.041016,-0.033203,0.062500,0.000000,30.098757,17.000000
0.052734,-0.042969,0.101562,0.000000,28.987251,17.000000
1.119141,-0.515625,0.298828,0.000000,19.030899,17.000000
2.824219,-2.003906,-3.000000,0.000000,27.767012,17.000000
2.833984,-2.021484,-3.041016,0.000000,27.371927,17.000000
0.011719,-0.039062,-0.007812,0.000000,30.733517,18.000000
0.017578,-0.080078,-0.007812,0.000000,31.964525,18.000000
0.029297,-0.119141,-0.005859,0.000000,30.232525,18.000000
0.056641,-0.154297,0.005859,0.000000,25.514500,18.000000
0.310547,-0.080078,-1.226562,0.000000,21.818436,18.000000
0.318359,-0.041016,1.269531,0.000000,23.159704,18.000000
0.460938,-0.042969,1.267578,0.000000,21.846914,18.000000
2.548828,-0.263672,1.181641,0.000000,29.474337,18.000000
2.603516,-0.267578,1.160156,0.000000,32.776093,18.000000
2.658203,-0.181641,1.156250,0.000000,32.054749,18.000000
4.414062,-0.287109,1.193359,0.000000,30.718821,18.000000
4.455078,-0.289062,1.197266,0.000000,30.354298,18.000000
4.732422,-0.449219,-0.562500,0.000000,33.203541,18.000000
4.781250,-0.453125,-0.478516,0.000000,33.802113,18.000000
4.835938,-0.457031,-0.308594,0.000000,30.503798,18.000000
4.822266,-0.460938,0.798828,0.000000,29.385197,18.000000
4.875000,-0.308594,0.794922,0.000000,30.534626,18.000000
0.041016,-0.033203,0.062500,0.000000,30.102999,18.000000
0.052734,-0.042969,0.101562,0.000000,28.987251,18.000000
1.119141,-0.515625,0.298828,0.000000,18.920946,18.000000
2.814453,-2.003906,-3.009766,0.000000,27.781513,18.000000
2.841797,-2.021484,-3.033203,0.000000,27.395723,18.000000
0.011719,-0.039062,-0.007812,0.000000,30.726175,19.000000
0.017578,-0.080078,-0.007812,0.000000,31.961761,19.000000
0.029297,-0.119141,-0.005859,0.000000,30.224283,19.000000
0.056641,-0.154297,0.005859,0.000000,25.502283,19.000000
0.345703,-0.080078,-1.216797,0.000000,21.818436,19.000000
0.287109,-0.041016,1.275391,0.000000,23.159704,19.000000
0.482422,-0.042969,1.259766,0.000000,21.818436,19.000000
2.546875,-0.263672,1.185547,0.000000,29.464523,19.000000
2.605469,-0.267578,1.156250,0.000000,32.753113,19.000000
2.664062,-0.181641,1.144531,0.000000,32.024883,19.000000
4.414062,-0.287109,1.193359,0.000000,30.704073,19.000000
4.457031,-0.289062,1.193359,0.000000,30.342272,19.000000
4.732422,-0.449219,-0.556641,0.000000,33.109055,19.000000
4.783203,-0.453125,-0.468750,0.000000,33.725437,19.000000
4.839844,-0.457031,-0.251953,0.000000,30.394140,19.000000
4.798828,-0.460938,0.921875,0.000000,29.571281,19.000000
4.816406,-0.464844,1.039062,0.000000,30.696680,19.000000
0.041016,-0.033203,0.062500,0.000000,30.098757,19.000000
0.052734,-0.042969,0.101562,0.000000,28.987251,19.000000
1.121094,-0.515625,0.291016,0.000000,19.084850,19.000000
2.818359,-2.003906,-3.005859,0.000000,27.774269,19.000000
2.806641,-2.021484,-3.066406,0.000000,27.395723,19.000000
0.011719,-0.039062,-0.007812,0.000000,30.733517,20.000000
0.017578,-0.080078,-0.007812,0.000000,31.961761,20.000000
0.029297,-0.119141,-0.005859,0.000000,30.224283,20.000000
0.056641,-0.154297,0.005859,0.000000,25.477747,20.000000
0.330078,-0.080078,-1.220703,0.000000,21.789770,20.000000
0.298828,-0.041016,1.273438,0.000000,23.159704,20.000000
0.451172,-0.042969,1.271484,0.000000,21.818436,20.000000
2.544922,-0.263672,1.193359,0.000000,29.459606,20.000000
2.601562,-0.267578,1.166016,0.000000,32.760021,20.000000
2.658203,-0.181641,1.154297,0.000000,32.038486,20.000000
4.408203,-0.287109,1.212891,0.000000,30.733517,20.000000
4.449219,-0.289062,1.216797,0.000000,30.358297,20.000000
4.732422,-0.449219,-0.552734,0.000000,33.079239,20.000000
4.783203,-0.453125,-0.458984,0.000000,33.688446,20.000000
4.841797,-0.457031,-0.224609,0.000000,30.354298,20.000000
4.804688,-0.460938,0.898438,0.000000,29.614210,20.000000
4.863281,-0.308594,0.869141,0.000000,30.773680,20.000000
0.041016,-0.033203,0.062500,0.000000,30.098757,20.000000
0.052734,-0.042969,0.101562,0.000000,28.987251,20.000000
1.117188,-0.515625,0.304688,0.000000,18.864906,20.000000
2.832031,-2.003906,-2.992188,0.000000,27.788744,20.000000
2.830078,-2.021484,-3.044922,0.000000,27.411516,20.000000
0.011719,-0.039062,-0.007812,0.000000,30.729847,21.000000
0.017578,-0.080078,-0.007812,0.000000,31.964525,21.000000
0.029297,-0.119141,-0.005859,0.000000,30.224283,21.000000
0.056641,-0.154297,0.005859,0.000000,25.490032,21.000000
0.287109,-0.080078,-1.232422,0.000000,21.818436,21.000000
0.324219,-0.041016,1.267578,0.000000,23.159704,21.000000
0.488281,-0.042969,1.257812,0.000000,21.789770,21.000000
2.550781,-0.263672,1.177734,0.000000,29.434946,21.000000
2.607422,-0.267578,1.154297,0.000000,32.732327,21.000000
2.664062,-0.181641,1.140625,0.000000,32.011238,21.000000
4.412109,-0.287109,1.201172,0.000000,30.700378,21.000000
4.453125,-0.289062,1.208984,0.000000,30.350292,21.000000
4.736328,-0.449219,-0.527344,0.000000,33.113300,21.000000
4.785156,-0.453125,-0.451172,0.000000,33.747482,21.000000
4.837891,-0.457031,-0.273438,0.000000,30.511526,21.000000
4.839844,-0.460938,0.683594,0.000000,29.474337,21.000000
4.892578,-0.308594,0.683594,0.000000,30.689276,21.000000
0.041016,-0.033203,0.062500,0.000000,30.098757,21.000000
0.052734,-0.042969,0.101562,0.000000,28.987251,21.000000
1.117188,-0.515625,0.310547,0.000000,18.976271,21.000000
2.806641,-2.003906,-3.015625,0.000000,27.788744,21.000000
2.824219,-2.021484,-3.048828,0.000000,27.395723,21.000000
0.011719,-0.039062,-0.007812,0.000000,30.729847,22.000000
0.017578,-0.080078,-0.007812,0.000000,31.964525,22.000000
0.029297,-0.119141,-0.005859,0.000000,30.228407,22.000000
0.056641,-0.154297,0.005859,0.000000,25.502283,22.000000
0.330078,-0.080078,-1.222656,0.000000,21.846914,22.000000
0.326172,-0.041016,1.267578,0.000000,23.138672,22.000000
0.503906,-0.042969,1.251953,0.000000,21.818436,22.000000
2.548828,-0.263672,1.183594,0.000000,29.464523,22.000000
2.605469,-0.267578,1.156250,0.000000,32.766914,22.000000
2.666016,-0.181641,1.140625,0.000000,32.035767,22.000000
4.412109,-0.287109,1.197266,0.000000,30.722500,22.000000
4.458984,-0.289062,1.185547,0.000000,30.370279,22.000000
4.732422,-0.449219,-0.550781,0.000000,33.172272,22.000000
4.783203,-0.453125,-0.468750,0.000000,33.789429,22.000000
4.835938,-0.457031,-0.310547,0.000000,30.511526,22.000000
4.818359,-0.460938,0.812500,0.000000,29.464523,22.000000
4.859375,-0.308594,0.892578,0.000000,30.663260,22.000000
0.041016,-0.033203,0.062500,0.000000,30.098757,22.000000
0.052734,-0.042969,0.101562,0.000000,28.987251,22.000000
1.117188,-0.515625,0.304688,0.000000,18.976271,22.000000
2.800781,-2.003906,-3.021484,0.000000,27.781513,22.000000
2.847656,-2.021484,-3.027344,0.000000,27.387806,22.000000
0.011719,-0.039062,-0.007812,0.000000,30.733517,23.000000
0.017578,-0.080078,-0.007812,0.000000,31.964525,23.000000
0.029297,-0.119141,-0.005859,0.000000,30.224283,23.000000
0.056641,-0.154297,0.005859,0.000000,25.477747,23.000000
0.380859,-0.080078,-1.207031,0.000000,21.789770,23.000000
0.271484,-0.041016,1.279297,0.000000,23.159704,23.000000
0.369141,-0.000000,1.298828,0.000000,21.789770,23.000000
2.337891,0.857422,-0.158203,0.000000,26.570559,23.000000
2.380859,0.871094,0.029297,0.000000,27.860413,23.000000
2.382812,0.966797,0.185547,0.000000,26.857418,23.000000
2.544922,-0.263672,1.191406,0.000000,29.449759,23.000000
2.603516,-0.267578,1.162109,0.000000,32.736958,23.000000
2.660156,-0.181641,1.152344,0.000000,32.003033,23.000000
4.412109,-0.287109,1.203125,0.000000,30.722500,23.000000
4.451172,-0.289062,1.214844,0.000000,30.346285,23.000000
4.736328,-0.449219,-0.525391,0.000000,33.126003,23.000000
4.785156,-0.453125,-0.439453,0.000000,33.765770,23.000000
4.839844,-0.457031,-0.267578,0.000000,30.515385,23.000000
4.822266,-0.460938,0.792969,0.000000,29.503649,23.000000
4.863281,-0.308594,0.865234,0.000000,30.670708,23.000000
0.041016,-0.033203,0.062500,0.000000,30.102999,23.000000
0.052734,-0.042969,0.101562,0.000000,28.987251,23.000000
1.115234,-0.515625,0.310547,0.000000,18.976271,23.000000
1.443359,-0.080078,-2.132812,0.000000,24.031206,23.000000
2.802734,-2.003906,-3.019531,0.000000,27.788744,23.000000
2.755859,-2.021484,-3.111328,0.000000,27.387806,23.000000
0.011719,-0.039062,-0.007812,0.000000,30.733517,24.000000
0.017578,-0.080078,-0.007812,0.000000,31.964525,24.000000
0.029297,-0.119141,-0.005859,0.000000,30.228407,24.000000
0.056641,-0.154297,0.005859,0.000000,25.502283,24.000000
0.328125,-0.080078,-1.222656,0.000000,21.846914,24.000000
0.312500,-0.041016,1.269531,0.000000,23.159704,24.000000
0.482422,-0.042969,1.259766,0.000000,21.846914,24.000000
2.291016,0.753906,-0.089844,0.000000,25.932861,24.000000
2.544922,-0.263672,1.191406,0.000000,29.454685,24.000000
2.601562,-0.267578,1.166016,0.000000,32.750809,24.000000
2.656250,-0.181641,1.160156,0.000000,32.035767,24.000000
4.416016,-0.287109,1.189453,0.000000,30.704073,24.000000
4.455078,-0.289062,1.201172,0.000000,30.354298,24.000000
4.736328,-0.449219,-0.529297,0.000000,33.111179,24.000000
4.787109,-0.453125,-0.427734,0.000000,33.751148,24.000000
4.839844,-0.457031,-0.234375,0.000000,30.519239,24.000000
4.824219,-0.460938,0.787109,0.000000,29.537598,24.000000
4.859375,-0.308594,0.890625,0.000000,30.629578,24.000000
0.041016,-0.033203,0.062500,0.000000,30.107239,24.000000
0.052734,-0.042969,0.101562,0.000000,28.992731,24.000000
1.123047,-0.515625,0.289062,0.000000,18.976271,24.000000
0.884766,-0.150391,2.240234,0.000000,23.242825,24.000000
2.810547,-2.003906,-3.011719,0.000000,27.774269,24.000000
2.822266,-2.021484,-3.052734,0.000000,27.387806,24.000000
0.011719,-0.039062,-0.007812,0.000000,30.726175,25.000000
0.017578,-0.080078,-0.007812,0.000000,31.961761,25.000000
0.029297,-0.119141,-0.005859,0.000000,30.224283,25.000000
0.056641,-0.154297,0.005859,0.000000,25.490032,25.000000
0.361328,-0.080078,-1.212891,0.000000,21.818436,25.000000
0.302734,-0.041016,1.273438,0.000000,23.201464,25.000000
0.464844,-0.042969,1.265625,0.000000,21.875208,25.000000
2.552734,-0.263672,1.175781,0.000000,29.459606,25.000000
2.607422,-0.267578,1.152344,0.000000,32.750809,25.000000
2.666016,-0.181641,1.136719,0.000000,32.003033,25.000000
4.414062,-0.287109,1.191406,0.000000,30.711452,25.000000
4.458984,-0.289062,1.181641,0.000000,30.350292,25.000000
4.738281,-0.449219,-0.511719,0.000000,33.115421,25.000000
4.787109,-0.453125,-0.433594,0.000000,33.760292,25.000000
4.837891,-0.457031,-0.277344,0.000000,30.538464,25.000000
4.832031,-0.460938,0.734375,0.000000,29.444826,25.000000
4.873047,-0.308594,0.808594,0.000000,30.542299,25.000000
0.041016,-0.033203,0.062500,0.000000,30.098757,25.000000
0.052734,-0.042969,0.101562,0.000000,28.981766,25.000000
1.117188,-0.515625,0.304688,0.000000,18.920946,25.000000
2.806641,-2.003906,-3.015625,0.000000,27.803173,25.000000
2.814453,-2.021484,-3.058594,0.000000,27.395723,25.000000
0.011719,-0.039062,-0.007812,0.000000,30.729847,26.000000
0.017578,-0.080078,-0.007812,0.000000,31.961761,26.000000
0.029297,-0.119141,-0.005859,0.000000,30.228407,26.000000
0.056641,-0.154297,0.005859,0.000000,25.502283,26.000000
0.332031,-0.080078,-1.220703,0.000000,21.846914,26.000000
0.330078,-0.041016,1.265625,0.000000,23.180634,26.000000
0.501953,-0.042969,1.251953,0.000000,21.818436,26.000000
2.546875,-0.263672,1.187500,0.000000,29.454685,26.000000
2.603516,-0.267578,1.160156,0.000000,32.746197,26.000000
2.662109,-0.181641,1.146484,0.000000,32.022160,26.000000
4.414062,-0.287109,1.195312,0.000000,30.726175,26.000000
4.460938,-0.289062,1.175781,0.000000,30.374266,26.000000
4.736328,-0.449219,-0.517578,0.000000,33.121773,26.000000
4.785156,-0.453125,-0.449219,0.000000,33.749317,26.000000
4.837891,-0.457031,-0.294922,0.000000,30.457140,26.000000
4.865234,-0.308594,0.857422,0.000000,30.534626,26.000000
0.041016,-0.033203,0.062500,0.000000,30.102999,26.000000
0.052734,-0.042969,0.101562,0.000000,28.987251,26.000000
1.119141,-0.515625,0.298828,0.000000,18.920946,26.000000
2.806641,-2.003906,-3.015625,0.000000,27.781513,26.000000
2.818359,-2.021484,-3.056641,0.000000,27.395723,26.000000
0.011719,-0.039062,-0.007812,0.000000,30.729847,27.000000
0.017578,-0.080078,-0.007812,0.000000,31.964525,27.000000
0.029297,-0.119141,-0.005859,0.000000,30.228407,27.000000
0.056641,-0.154297,0.005859,0.000000,25.514500,27.000000
0.332031,-0.080078,-1.220703,0.000000,21.846914,27.000000
0.330078,-0.041016,1.265625,0.000000,23.201464,27.000000
0.488281,-0.042969,1.257812,0.000000,21.903316,27.000000
2.544922,-0.263672,1.189453,0.000000,29.439888,27.000000
2.603516,-0.267578,1.164062,0.000000,32.748505,27.000000
2.658203,-0.181641,1.156250,0.000000,32.046623,27.000000
4.410156,-0.287109,1.205078,0.000000,30.711452,27.000000
4.453125,-0.289062,1.205078,0.000000,30.346285,27.000000
4.742188,-0.449219,-0.470703,0.000000,33.057812,27.000000
4.791016,-0.453125,-0.365234,0.000000,33.667965,27.000000
4.845703,-0.457031,-0.103516,0.000000,30.374266,27.000000
4.808594,-0.460938,0.867188,0.000000,29.656719,27.000000
4.837891,-0.464844,0.941406,0.000000,30.666985,27.000000
0.041016,-0.033203,0.062500,0.000000,30.102999,27.000000
0.052734,-0.042969,0.101562,0.000000,28.987251,27.000000
1.117188,-0.515625,0.310547,0.000000,18.920946,27.000000
2.792969,-2.003906,-3.029297,0.000000,27.781513,27.000000
2.773438,-2.021484,-3.095703,0.000000,27.355989,27.000000
0.011719,-0.039062,-0.007812,0.000000,30.729847,28.000000
0.017578,-0.080078,-0.007812,0.000000,31.961761,28.000000
0.029297,-0.119141,-0.005859,0.000000,30.224283,28.000000
0.056641,-0.154297,0.005859,0.000000,25.502283,28.000000
0.353516,-0.080078,-1.214844,0.000000,21.818436,28.000000
0.292969,-0.041016,1.275391,0.000000,23.222193,28.000000
0.396484,-0.000000,1.291016,0.000000,21.846914,28.000000
2.263672,1.013672,-0.279297,0.000000,26.589649,28.000000
2.546875,-0.263672,1.187500,0.000000,29.449759,28.000000
2.601562,-0.267578,1.164062,0.000000,32.750809,28.000000
2.658203,-0.181641,1.156250,0.000000,32.027607,28.000000
4.412109,-0.287109,1.203125,0.000000,30.722500,28.000000
4.449219,-0.289062,1.218750,0.000000,30.382227,28.000000
4.736328,-0.449219,-0.513672,0.000000,33.059959,28.000000
4.785156,-0.453125,-0.449219,0.000000,33.679146,28.000000
4.837891,-0.457031,-0.294922,0.000000,30.314085,28.000000
4.859375,-0.308594,0.890625,0.000000,30.464952,28.000000
0.041016,-0.033203,0.062500,0.000000,30.098757,28.000000
0.052734,-0.042969,0.101562,0.000000,28.992731,28.000000
1.117188,-0.515625,0.310547,0.000000,18.864906,28.000000
2.818359,-2.003906,-3.005859,0.000000,27.795965,28.000000
2.824219,-2.021484,-3.050781,0.000000,27.419392,28.000000
0.011719,-0.039062,-0.007812,0.000000,30.729847,29.000000
0.017578,-0.080078,-0.007812,0.000000,31.961761,29.000000
0.029297,-0.119141,-0.005859,0.000000,30.228407,29.000000
0.056641,-0.154297,0.005859,0.000000,25.502283,29.000000
0.343750,-0.080078,-1.218750,0.000000,21.846914,29.000000
0.292969,-0.041016,1.275391,0.000000,23.201464,29.000000
0.384766,-0.000000,1.294922,0.000000,21.875208,29.000000
2.273438,0.753906,-0.296875,0.000000,27.323938,29.000000
2.296875,0.843750,-0.199219,0.000000,27.442930,29.000000
2.337891,0.857422,-0.162109,0.000000,26.483601,29.000000
2.544922,-0.263672,1.191406,0.000000,29.454685,29.000000
2.601562,-0.267578,1.166016,0.000000,32.748505,29.000000
2.656250,-0.181641,1.158203,0.000000,32.011238,29.000000
4.412109,-0.287109,1.203125,0.000000,30.726175,29.000000
4.451172,-0.289062,1.212891,0.000000,30.350292,29.000000
4.734375,-0.449219,-0.542969,0.000000,33.140781,29.000000
4.783203,-0.453125,-0.470703,0.000000,33.771240,29.000000
4.833984,-0.457031,-0.353516,0.000000,30.526939,29.000000
4.876953,-0.308594,0.789062,0.000000,30.553783,29.000000
0.041016,-0.033203,0.062500,0.000000,30.098757,29.000000
0.052734,-0.042969,0.101562,0.000000,28.987251,29.000000
1.117188,-0.515625,0.306641,0.000000,18.920946,29.000000
1.121094,-0.078125,2.228516,0.000000,23.783979,29.000000
2.820312,-2.003906,-3.003906,0.000000,27.767012,29.000000
2.763672,-2.021484,-3.105469,0.000000,27.355989,29.000000
0.011719,-0.039062,-0.007812,0.000000,30.726175,30.000000
0.017578,-0.080078,-0.007812,0.000000,31.964525,30.000000
0.029297,-0.119141,-0.005859,0.000000,30.228407,30.000000
0.056641,-0.154297,0.005859,0.000000,25.502283,30.000000
0.345703,-0.080078,-1.216797,0.000000,21.818436,30.000000
0.277344,-0.041016,1.279297,0.000000,23.180634,30.000000
0.400391,-0.000000,1.289062,0.000000,21.846914,30.000000
2.546875,-0.263672,1.189453,0.000000,29.439888,30.000000
2.603516,-0.267578,1.162109,0.000000,32.743889,30.000000
2.662109,-0.181641,1.148438,0.000000,32.011238,30.000000
4.414062,-0.287109,1.193359,0.000000,30.729847,30.000000
4.464844,-0.289062,1.162109,0.000000,30.358297,30.000000
4.740234,-0.449219,-0.478516,0.000000,33.096302,30.000000
4.787109,-0.453125,-0.414062,0.000000,33.730961,30.000000
4.837891,-0.457031,-0.273438,0.000000,30.457140,30.000000
4.861328,-0.308594,0.875000,0.000000,30.546131,30.000000
0.041016,-0.033203,0.062500,0.000000,30.102999,30.000000
0.052734,-0.042969,0.101562,0.000000,28.992731,30.000000
1.123047,-0.474609,0.345703,0.000000,18.976271,30.000000
2.830078,-2.003906,-2.994141,0.000000,27.774269,30.000000
2.847656,-2.021484,-3.027344,0.000000,27.395723,30.000000
0.011719,-0.039062,-0.007812,0.000000,30.737183,31.000000
0.017578,-0.080078,-0.007812,0.000000,31.964525,31.000000
0.029297,-0.119141,-0.005859,0.000000,30.228407,31.000000
0.056641,-0.154297,0.005859,0.000000,25.490032,31.000000
0.339844,-0.080078,-1.218750,0.000000,21.846914,31.000000
0.320312,-0.041016,1.267578,0.000000,23.201464,31.000000
0.421875,-0.000000,1.283203,0.000000,21.846914,31.000000
2.250000,0.830078,-0.265625,0.000000,27.118073,31.000000
2.324219,0.767578,-0.181641,0.000000,27.435097,31.000000
2.544922,-0.263672,1.193359,0.000000,29.459606,31.000000
2.603516,-0.267578,1.164062,0.000000,32.750809,31.000000
2.660156,-0.181641,1.150391,0.000000,32.008507,31.000000
4.417969,-0.287109,1.181641,0.000000,30.700378,31.000000
4.464844,-0.289062,1.158203,0.000000,30.322157,31.000000
4.736328,-0.449219,-0.529297,0.000000,33.057812,31.000000
4.785156,-0.453125,-0.453125,0.000000,33.682869,31.000000
4.837891,-0.457031,-0.281250,0.000000,30.358297,31.000000
4.857422,-0.308594,0.898438,0.000000,30.519239,31.000000
0.041016,-0.033203,0.062500,0.000000,30.098757,31.000000
0.052734,-0.042969,0.101562,0.000000,28.987251,31.000000
1.119141,-0.515625,0.298828,0.000000,19.084850,31.000000
2.779297,-2.003906,-3.041016,0.000000,27.781513,31.000000
2.746094,-2.021484,-3.121094,0.000000,27.371927,31.000000
0.011719,-0.039062,-0.007812,0.000000,30.729847,32.000000
0.017578,-0.080078,-0.007812,0.000000,31.961761,32.000000
0.029297,-0.119141,-0.005859,0.000000,30.224283,32.000000
0.056641,-0.154297,0.005859,0.000000,25.490032,32.000000
0.318359,-0.080078,-1.224609,0.000000,21.846914,32.000000
0.345703,-0.041016,1.261719,0.000000,23.180634,32.000000
0.492188,-0.042969,1.255859,0.000000,21.846914,32.000000
2.246094,0.830078,-0.308594,0.000000,26.919651,32.000000
2.291016,0.843750,-0.251953,0.000000,28.095596,32.000000
2.300781,0.935547,-0.236328,0.000000,27.824726,32.000000
2.542969,-0.263672,1.195312,0.000000,29.484129,32.000000
2.601562,-0.267578,1.167969,0.000000,32.762321,32.000000
2.658203,-0.181641,1.156250,0.000000,32.022160,32.000000
4.408203,-0.287109,1.214844,0.000000,30.696680,32.000000
4.447266,-0.289062,1.222656,0.000000,30.318123,32.000000
4.738281,-0.449219,-0.513672,0.000000,33.165993,32.000000
4.787109,-0.453125,-0.433594,0.000000,33.780342,32.000000
4.839844,-0.457031,-0.261719,0.000000,30.503798,32.000000
4.871094,-0.308594,0.824219,0.000000,30.580462,32.000000
0.041016,-0.033203,0.062500,0.000000,30.098757,32.000000
0.052734,-0.042969,0.101562,0.000000,28.987251,32.000000
1.119141,-0.515625,0.300781,0.000000,18.976271,32.000000
2.789062,-2.003906,-3.033203,0.000000,27.774269,32.000000
2.751953,-2.021484,-3.115234,0.000000,27.363964,32.000000
0.011719,-0.039062,-0.007812,0.000000,30.726175,33.000000
0.017578,-0.080078,-0.007812,0.000000,31.961761,33.000000
0.029297,-0.119141,-0.005859,0.000000,30.224283,33.000000
0.056641,-0.154297,0.005859,0.000000,25.490032,33.000000
0.318359,-0.080078,-1.224609,0.000000,21.818436,33.000000
0.306641,-0.041016,1.271484,0.000000,23.201464,33.000000
0.472656,-0.042969,1.263672,0.000000,21.903316,33.000000
2.259766,0.830078,-0.169922,0.000000,26.159500,33.000000
2.300781,0.843750,-0.140625,0.000000,27.411516,33.000000
2.535156,-0.263672,1.212891,0.000000,29.527924,33.000000
2.597656,-0.267578,1.171875,0.000000,32.769211,33.000000
2.656250,-0.181641,1.160156,0.000000,32.046623,33.000000
4.416016,-0.287109,1.183594,0.000000,30.718821,33.000000
4.460938,-0.289062,1.177734,0.000000,30.342272,33.000000
4.742188,-0.449219,-0.462891,0.000000,33.031960,33.000000
4.789062,-0.453125,-0.390625,0.000000,33.667965,33.000000
4.843750,-0.457031,-0.171875,0.000000,30.362295,33.000000
4.859375,-0.308594,0.884766,0.000000,30.546131,33.000000
0.041016,-0.033203,0.062500,0.000000,30.098757,33.000000
0.052734,-0.042969,0.101562,0.000000,28.987251,33.000000
1.117188,-0.515625,0.306641,0.000000,18.864906,33.000000
2.841797,-2.003906,-2.982422,0.000000,27.810369,33.000000
2.863281,-2.021484,-3.011719,0.000000,27.427252,33.000000
0.011719,-0.039062,-0.007812,0.000000,30.733517,34.000000
0.017578,-0.080078,-0.007812,0.000000,31.967287,34.000000
0.029297,-0.119141,-0.005859,0.000000,30.228407,34.000000
0.056641,-0.154297,0.005859,0.000000,25.490032,34.000000
0.320312,-0.080078,-1.224609,0.000000,21.875208,34.000000
0.314453,-0.041016,1.269531,0.000000,23.222193,34.000000
0.412109,-0.000000,1.285156,0.000000,21.846914,34.000000
2.275391,0.919922,0.056641,0.000000,27.427252,34.000000
2.312500,0.935547,-0.076172,0.000000,26.919651,34.000000
2.535156,-0.263672,1.212891,0.000000,29.523081,34.000000
2.599609,-0.267578,1.169922,0.000000,32.773800,34.000000
2.660156,-0.181641,1.152344,0.000000,32.041199,34.000000
4.410156,-0.287109,1.208984,0.000000,30.726175,34.000000
4.449219,-0.289062,1.220703,0.000000,30.394140,34.000000
4.736328,-0.449219,-0.523438,0.000000,33.149200,34.000000
4.785156,-0.453125,-0.441406,0.000000,33.752979,34.000000
4.839844,-0.457031,-0.250000,0.000000,30.449316,34.000000
4.871094,-0.308594,0.822266,0.000000,30.572857,34.000000
0.041016,-0.033203,0.062500,0.000000,30.098757,34.000000
0.052734,-0.042969,0.101562,0.000000,28.981766,34.000000
1.123047,-0.474609,0.345703,0.000000,18.976271,34.000000
2.830078,-2.003906,-2.994141,0.000000,27.752462,34.000000
2.865234,-2.021484,-3.011719,0.000000,27.395723,34.000000
0.011719,-0.039062,-0.007812,0.000000,30.733517,35.000000
0.017578,-0.080078,-0.007812,0.000000,31.964525,35.000000
0.029297,-0.119141,-0.005859,0.000000,30.224283,35.000000
0.056641,-0.154297,0.005859,0.000000,25.490032,35.000000
0.351562,-0.080078,-1.214844,0.000000,21.760912,35.000000
0.291016,-0.041016,1.275391,0.000000,23.159704,35.000000
0.470703,-0.042969,1.263672,0.000000,21.818436,35.000000
2.529297,-0.263672,1.224609,0.000000,29.527924,35.000000
2.603516,-0.267578,1.164062,0.000000,32.766914,35.000000
2.664062,-0.181641,1.140625,0.000000,32.033051,35.000000
4.410156,-0.287109,1.207031,0.000000,30.696680,35.000000
4.453125,-0.289062,1.207031,0.000000,30.334238,35.000000
4.738281,-0.449219,-0.494141,0.000000,33.089909,35.000000
4.787109,-0.453125,-0.419922,0.000000,33.708832,35.000000
4.841797,-0.457031,-0.232422,0.000000,30.449316,35.000000
4.865234,-0.308594,0.855469,0.000000,30.588055,35.000000
0.041016,-0.033203,0.062500,0.000000,30.102999,35.000000
0.052734,-0.042969,0.101562,0.000000,28.981766,35.000000
1.121094,-0.474609,0.351562,0.000000,19.030899,35.000000
2.804688,-2.003906,-3.017578,0.000000,27.767012,35.000000
2.765625,-2.021484,-3.103516,0.000000,27.347998,35.000000
0.011719,-0.039062,-0.007812,0.000000,30.726175,36.000000
0.017578,-0.080078,-0.007812,0.000000,31.961761,36.000000
0.029297,-0.119141,-0.005859,0.000000,30.232525,36.000000
0.056641,-0.154297,0.005859,0.000000,25.514500,36.000000
0.316406,-0.080078,-1.224609,0.000000,21.789770,36.000000
0.292969,-0.041016,1.275391,0.000000,23.180634,36.000000
0.380859,-0.000000,1.294922,0.000000,21.760912,36.000000
2.560547,-0.263672,1.158203,0.000000,29.429996,36.000000
2.607422,-0.267578,1.150391,0.000000,32.730011,36.000000
2.666016,-0.181641,1.140625,0.000000,31.997551,36.000000
4.416016,-0.287109,1.185547,0.000000,30.737183,36.000000
4.458984,-0.289062,1.181641,0.000000,30.366289,36.000000
4.738281,-0.449219,-0.500000,0.000000,33.119656,36.000000
4.787109,-0.453125,-0.425781,0.000000,33.718063,36.000000
4.841797,-0.457031,-0.208984,0.000000,30.362295,36.000000
4.861328,-0.308594,0.875000,0.000000,30.572857,36.000000
0.041016,-0.033203,0.062500,0.000000,30.098757,36.000000
0.052734,-0.042969,0.101562,0.000000,28.992731,36.000000
1.115234,-0.515625,0.314453,0.000000,18.920946,36.000000
2.816406,-2.003906,-3.007812,0.000000,27.774269,36.000000
2.816406,-2.021484,-3.056641,0.000000,27.371927,36.000000
0.011719,-0.039062,-0.007812,0.000000,30.737183,37.000000
0.017578,-0.080078,-0.007812,0.000000,31.967287,37.000000
0.029297,-0.119141,-0.005859,0.000000,30.228407,37.000000
0.056641,-0.154297,0.005859,0.000000,25.490032,37.000000
0.302734,-0.080078,-1.228516,0.000000,21.846914,37.000000
0.326172,-0.041016,1.267578,0.000000,23.180634,37.000000
0.462891,-0.042969,1.267578,0.000000,21.818436,37.000000
2.548828,-0.263672,1.183594,0.000000,29.474337,37.000000
2.603516,-0.267578,1.160156,0.000000,32.746197,37.000000
2.658203,-0.181641,1.156250,0.000000,32.016701,37.000000
4.410156,-0.287109,1.207031,0.000000,30.748165,37.000000
4.453125,-0.289062,1.207031,0.000000,30.386202,37.000000
4.742188,-0.449219,-0.474609,0.000000,33.109055,37.000000
4.787109,-0.453125,-0.414062,0.000000,33.723595,37.000000
4.841797,-0.457031,-0.212891,0.000000,30.382227,37.000000
4.859375,-0.308594,0.890625,0.000000,30.569048,37.000000
2.236328,0.904297,-0.078125,-0.614669,24.996870,37.000000
0.041016,-0.033203,0.062500,0.000000,30.094509,37.000000
0.052734,-0.042969,0.101562,0.000000,28.987251,37.000000
1.117188,-0.515625,0.304688,0.000000,18.920946,37.000000
2.808594,-2.003906,-3.013672,0.000000,27.788744,37.000000
2.812500,-2.021484,-3.060547,0.000000,27.387806,37.000000
0.011719,-0.039062,-0.007812,0.000000,30.729847,38.000000
0.017578,-0.080078,-0.007812,0.000000,31.961761,38.000000
0.029297,-0.119141,-0.005859,0.000000,30.224283,38.000000
0.056641,-0.154297,0.005859,0.000000,25.490032,38.000000
0.335938,-0.080078,-1.220703,0.000000,21.846914,38.000000
0.308594,-0.041016,1.271484,0.000000,23.201464,38.000000
0.457031,-0.042969,1.269531,0.000000,21.846914,38.000000
2.205078,0.980469,0.060547,0.000000,27.067179,38.000000
2.562500,-0.263672,1.154297,0.000000,29.439888,38.000000
2.607422,-0.267578,1.150391,0.000000,32.750809,38.000000
2.666016,-0.181641,1.138672,0.000000,32.016701,38.000000
4.414062,-0.287109,1.197266,0.000000,30.715137,38.000000
4.455078,-0.289062,1.195312,0.000000,30.350292,38.000000
4.738281,-0.449219,-0.496094,0.000000,33.066395,38.000000
4.787109,-0.453125,-0.431641,0.000000,33.703281,38.000000
4.839844,-0.457031,-0.263672,0.000000,30.390173,38.000000
4.867188,-0.308594,0.845703,0.000000,30.511526,38.000000
2.203125,0.980469,-0.109375,-0.614669,27.067179,38.000000
2.242188,0.998047,0.013672,-0.614669,26.454224,38.000000
0.041016,-0.033203,0.062500,0.000000,30.102999,38.000000
0.052734,-0.042969,0.101562,0.000000,28.987251,38.000000
1.113281,-0.515625,0.318359,0.000000,18.920946,38.000000
2.781250,-2.003906,-3.039062,0.000000,27.759743,38.000000
0.011719,-0.039062,-0.007812,0.000000,30.726175,39.000000
0.017578,-0.080078,-0.007812,0.000000,31.961761,39.000000
0.029297,-0.119141,-0.005859,0.000000,30.228407,39.000000
0.056641,-0.154297,0.005859,0.000000,25.502283,39.000000
0.330078,-0.080078,-1.222656,0.000000,21.875208,39.000000
0.287109,-0.041016,1.275391,0.000000,23.201464,39.000000
0.466797,-0.042969,1.265625,0.000000,21.818436,39.000000
2.191406,0.890625,-0.183594,0.000000,26.720978,39.000000
2.232422,1.091797,-0.218750,0.000000,26.117233,39.000000
2.548828,-0.263672,1.181641,0.000000,29.459606,39.000000
2.605469,-0.267578,1.158203,0.000000,32.746197,39.000000
2.664062,-0.181641,1.142578,0.000000,32.008507,39.000000
4.410156,-0.287109,1.205078,0.000000,30.666985,39.000000
4.457031,-0.289062,1.189453,0.000000,30.310043,39.000000
4.736328,-0.449219,-0.527344,0.000000,33.149200,39.000000
4.785156,-0.453125,-0.453125,0.000000,33.774883,39.000000
4.837891,-0.457031,-0.277344,0.000000,30.453230,39.000000
4.837891,-0.464844,0.933594,0.000000,30.534626,39.000000
2.224609,0.904297,-0.240234,-0.614669,27.201593,39.000000
2.312500,1.031250,-0.136719,-0.614669,25.276299,39.000000
0.041016,-0.033203,0.062500,0.000000,30.102999,39.000000
0.052734,-0.042969,0.101562,0.000000,28.981766,39.000000
1.119141,-0.515625,0.300781,0.000000,18.976271,39.000000
2.787109,-2.003906,-3.033203,0.000000,27.730547,39.000000
0.011719,-0.039062,-0.007812,0.000000,30.729847,40.000000
0.017578,-0.080078,-0.007812,0.000000,31.961761,40.000000
0.029297,-0.119141,-0.005859,0.000000,30.228407,40.000000
0.056641,-0.154297,0.005859,0.000000,25.502283,40.000000
0.347656,-0.080078,-1.216797,0.000000,21.846914,40.000000
0.296875,-0.041016,1.275391,0.000000,23.222193,40.000000
0.470703,-0.042969,1.263672,0.000000,21.846914,40.000000
2.544922,-0.263672,1.189453,0.000000,29.444826,40.000000
2.603516,-0.267578,1.162109,0.000000,32.741577,40.000000
2.660156,-0.181641,1.150391,0.000000,32.022160,40.000000
4.416016,-0.287109,1.185547,0.000000,30.715137,40.000000
4.460938,-0.289062,1.177734,0.000000,30.358297,40.000000
4.740234,-0.449219,-0.476562,0.000000,33.102684,40.000000
4.789062,-0.453125,-0.404297,0.000000,33.723595,40.000000
4.841797,-0.457031,-0.212891,0.000000,30.406023,40.000000
4.857422,-0.308594,0.894531,0.000000,30.599419,40.000000
2.179688,0.890625,-0.296875,-0.614669,26.599161,40.000000
2.218750,0.904297,-0.294922,-0.614669,27.888752,40.000000
2.224609,0.998047,-0.279297,-0.614669,26.334684,40.000000
0.041016,-0.033203,0.062500,0.000000,30.098757,40.000000
0.052734,-0.042969,0.103516,0.000000,28.987251,40.000000
1.119141,-0.515625,0.298828,0.000000,18.976271,40.000000
2.767578,-2.003906,-3.052734,0.000000,27.767012,40.000000
0.011719,-0.039062,-0.007812,0.000000,30.733517,41.000000
0.017578,-0.080078,-0.007812,0.000000,31.964525,41.000000
0.029297,-0.119141,-0.005859,0.000000,30.228407,41.000000
0.056641,-0.154297,0.005859,0.000000,25.502283,41.000000
0.330078,-0.080078,-1.222656,0.000000,21.818436,41.000000
0.314453,-0.041016,1.269531,0.000000,23.201464,41.000000
0.492188,-0.042969,1.255859,0.000000,21.818436,41.000000
2.542969,-0.263672,1.197266,0.000000,29.474337,41.000000
2.601562,-0.267578,1.166016,0.000000,32.753113,41.000000
2.658203,-0.181641,1.154297,0.000000,32.024883,41.000000
4.414062,-0.287109,1.197266,0.000000,30.707766,41.000000
4.458984,-0.289062,1.181641,0.000000,30.334238,41.000000
4.740234,-0.449219,-0.490234,0.000000,33.098431,41.000000
4.787109,-0.453125,-0.419922,0.000000,33.718063,41.000000
4.841797,-0.457031,-0.226562,0.000000,30.425755,41.000000
4.875000,-0.308594,0.796875,0.000000,30.534626,41.000000
0.041016,-0.033203,0.062500,0.000000,30.102999,41.000000
0.052734,-0.042969,0.101562,0.000000,28.987251,41.000000
1.121094,-0.515625,0.296875,0.000000,18.864906,41.000000
2.779297,-2.003906,-3.041016,0.000000,27.745171,41.000000
0.011719,-0.039062,-0.007812,0.000000,30.733517,42.000000
0.017578,-0.080078,-0.007812,0.000000,31.967287,42.000000
0.029297,-0.119141,-0.005859,0.000000,30.228407,42.000000
0.056641,-0.154297,0.005859,0.000000,25.502283,42.000000
0.324219,-0.080078,-1.222656,0.000000,21.789770,42.000000
0.302734,-0.041016,1.273438,0.000000,23.180634,42.000000
0.400391,-0.000000,1.289062,0.000000,21.846914,42.000000
2.542969,-0.263672,1.195312,0.000000,29.459606,42.000000
2.603516,-0.267578,1.160156,0.000000,32.741577,42.000000
2.664062,-0.181641,1.140625,0.000000,32.003033,42.000000
4.412109,-0.287109,1.203125,0.000000,30.685570,42.000000
4.453125,-0.289062,1.205078,0.000000,30.326187,42.000000
4.740234,-0.449219,-0.490234,0.000000,33.094173,42.000000
4.787109,-0.453125,-0.416016,0.000000,33.710678,42.000000
4.841797,-0.457031,-0.224609,0.000000,30.354298,42.000000
4.835938,-0.464844,0.951172,0.000000,30.542299,42.000000
2.148438,0.875000,-0.238281,-0.614669,26.608654,42.000000
2.179688,0.890625,-0.287109,-0.614669,28.555191,42.000000
2.169922,0.980469,-0.390625,-0.614669,27.084209,42.000000
0.041016,-0.033203,0.062500,0.000000,30.102999,42.000000
0.052734,-0.042969,0.101562,0.000000,28.992731,42.000000
1.119141,-0.515625,0.300781,0.000000,18.864906,42.000000
2.781250,-2.003906,-3.039062,0.000000,27.723217,42.000000
0.011719,-0.039062,-0.007812,0.000000,30.726175,43.000000
0.017578,-0.080078,-0.007812,0.000000,31.961761,43.000000
0.029297,-0.119141,-0.005859,0.000000,30.228407,43.000000
0.056641,-0.154297,0.005859,0.000000,25.502283,43.000000
0.310547,-0.080078,-1.226562,0.000000,21.789770,43.000000
0.316406,-0.041016,1.269531,0.000000,23.138672,43.000000
0.410156,-0.000000,1.287109,0.000000,21.818436,43.000000
2.546875,-0.263672,1.187500,0.000000,29.449759,43.000000
2.605469,-0.267578,1.158203,0.000000,32.750809,43.000000
2.662109,-0.181641,1.148438,0.000000,32.019432,43.000000
4.410156,-0.287109,1.210938,0.000000,30.722500,43.000000
4.453125,-0.289062,1.201172,0.000000,30.338257,43.000000
4.738281,-0.449219,-0.500000,0.000000,33.130230,43.000000
4.787109,-0.453125,-0.423828,0.000000,33.747482,43.000000
4.841797,-0.457031,-0.214844,0.000000,30.386202,43.000000
4.857422,-0.308594,0.898438,0.000000,30.603201,43.000000
2.125000,0.947266,-0.142578,-0.614669,26.454224,43.000000
2.164062,0.962891,-0.115234,-0.614669,26.776070,43.000000
0.041016,-0.033203,0.062500,0.000000,30.102999,43.000000
0.052734,-0.042969,0.103516,0.000000,28.987251,43.000000
1.117188,-0.515625,0.304688,0.000000,18.976271,43.000000
2.794922,-2.003906,-3.027344,0.000000,27.752462,43.000000
0.011719,-0.039062,-0.007812,0.000000,30.733517,44.000000
0.017578,-0.080078,-0.007812,0.000000,31.961761,44.000000
0.029297,-0.119141,-0.005859,0.000000,30.224283,44.000000
0.056641,-0.154297,0.005859,0.000000,25.477747,44.000000
0.349609,-0.080078,-1.216797,0.000000,21.789770,44.000000
0.300781,-0.041016,1.273438,0.000000,23.159704,44.000000
0.421875,-0.000000,1.283203,0.000000,21.789770,44.000000
2.544922,-0.263672,1.193359,0.000000,29.474337,44.000000
2.603516,-0.267578,1.162109,0.000000,32.757717,44.000000
2.660156,-0.181641,1.150391,0.000000,32.016701,44.000000
4.414062,-0.287109,1.193359,0.000000,30.715137,44.000000
4.453125,-0.289062,1.203125,0.000000,30.338257,44.000000
4.738281,-0.449219,-0.494141,0.000000,33.072819,44.000000
4.789062,-0.453125,-0.406250,0.000000,33.671696,44.000000
4.843750,-0.457031,-0.150391,0.000000,30.261246,44.000000
4.853516,-0.308594,0.917969,0.000000,30.614525,44.000000
2.085938,0.929688,-0.162109,-0.614669,26.074551,44.000000
2.158203,0.875000,-0.121094,-0.614669,28.579353,44.000000
2.164062,0.962891,-0.128906,-0.614669,27.641762,44.000000
0.041016,-0.033203,0.062500,0.000000,30.102999,44.000000
0.052734,-0.042969,0.101562,0.000000,28.992731,44.000000
1.115234,-0.515625,0.310547,0.000000,18.920946,44.000000
2.820312,-2.003906,-3.003906,0.000000,27.774269,44.000000
0.011719,-0.039062,-0.007812,0.000000,30.722500,45.000000
0.017578,-0.080078,-0.007812,0.000000,31.961761,45.000000
0.029297,-0.119141,-0.005859,0.000000,30.228407,45.000000
0.056641,-0.154297,0.003906,0.000000,25.502283,45.000000
0.367188,-0.080078,-1.210938,0.000000,21.875208,45.000000
0.298828,-0.041016,1.273438,0.000000,23.201464,45.000000
0.480469,-0.042969,1.259766,0.000000,21.846914,45.000000
2.548828,-0.263672,1.183594,0.000000,29.439888,45.000000
2.603516,-0.267578,1.160156,0.000000,32.746197,45.000000
2.660156,-0.181641,1.150391,0.000000,32.030331,45.000000
4.412109,-0.287109,1.197266,0.000000,30.740847,45.000000
4.455078,-0.289062,1.195312,0.000000,30.366289,45.000000
4.740234,-0.449219,-0.478516,0.000000,33.077099,45.000000
4.791016,-0.453125,-0.384766,0.000000,33.688446,45.000000
4.845703,-0.457031,-0.109375,0.000000,30.358297,45.000000
4.861328,-0.308594,0.875000,0.000000,30.670708,45.000000
2.087891,0.929688,-0.148438,-0.614669,27.626785,45.000000
2.126953,0.947266,-0.136719,-0.614669,29.289078,45.000000
2.126953,1.037109,-0.169922,-0.614669,27.958799,45.000000
2.148438,1.056641,-0.310547,-0.614669,25.051500,45.000000
0.041016,-0.033203,0.062500,0.000000,30.102999,45.000000
0.052734,-0.042969,0.101562,0.000000,28.992731,45.000000
1.119141,-0.515625,0.298828,0.000000,18.976271,45.000000
2.804688,-2.003906,-3.017578,0.000000,27.774269,45.000000
