0.011719,-0.039062,-0.007812,0.000000,30.744507,0.000000
0.017578,-0.080078,-0.009766,0.000000,31.978317,0.000000
0.029297,-0.119141,-0.005859,0.000000,30.244856,0.000000
0.056641,-0.154297,0.005859,0.000000,25.514500,0.000000
0.123047,-0.080078,1.259766,0.000000,23.138672,0.000000
0.425781,-0.083984,-1.277344,0.000000,23.010300,0.000000
0.554688,-0.042969,-1.273438,0.000000,21.673174,0.000000
2.617188,-0.175781,1.039062,0.000000,28.959747,0.000000
2.666016,-0.179688,1.031250,0.000000,32.232361,0.000000
2.759766,-0.089844,0.902344,0.000000,31.267805,0.000000
4.410156,-0.142578,1.234375,0.000000,31.427023,0.000000
4.435547,-0.144531,1.291016,0.000000,31.290451,0.000000
4.740234,-0.298828,-0.585938,0.000000,33.521824,0.000000
4.777344,-0.300781,-0.619141,0.000000,34.024334,0.000000
4.804688,-0.152344,-0.771484,0.000000,30.561422,0.000000
4.884766,-0.308594,0.738281,0.000000,31.044870,0.000000
4.951172,-0.623047,0.089844,0.000000,29.763500,0.000000
0.011719,0.031250,0.025391,0.000000,29.390198,0.000000
0.041016,-0.033203,0.062500,0.000000,30.145205,0.000000
0.052734,-0.042969,0.103516,0.000000,29.009130,0.000000
0.011719,-0.039062,-0.007812,0.000000,30.748165,1.000000
0.017578,-0.080078,-0.009766,0.000000,31.978317,1.000000
0.029297,-0.119141,-0.005859,0.000000,30.244856,1.000000
0.056641,-0.154297,0.003906,0.000000,25.502283,1.000000
0.123047,-0.080078,1.259766,0.000000,23.138672,1.000000
0.435547,-0.083984,-1.275391,0.000000,23.031961,1.000000
0.564453,-0.042969,-1.271484,0.000000,21.673174,1.000000
2.689453,-0.087891,0.849609,0.000000,28.864906,1.000000
2.671875,-0.179688,1.011719,0.000000,32.224564,1.000000
2.759766,-0.089844,0.898438,0.000000,31.280760,1.000000
4.410156,-0.142578,1.234375,0.000000,31.427023,1.000000
4.435547,-0.144531,1.292969,0.000000,31.296900,1.000000
4.726562,-0.298828,-0.685547,0.000000,33.378586,1.000000
4.771484,-0.300781,-0.662109,0.000000,34.005379,1.000000
4.800781,-0.152344,-0.789062,0.000000,30.599419,1.000000
4.880859,-0.308594,0.759766,0.000000,31.149445,1.000000
4.949219,-0.623047,0.148438,0.000000,29.836264,1.000000
0.011719,0.031250,0.025391,0.000000,29.385197,1.000000
0.041016,-0.033203,0.062500,0.000000,30.136797,1.000000
0.052734,-0.042969,0.103516,0.000000,29.009130,1.000000
0.011719,-0.039062,-0.007812,0.000000,30.751818,2.000000
0.017578,-0.080078,-0.009766,0.000000,31.978317,2.000000
0.029297,-0.119141,-0.005859,0.000000,30.240749,2.000000
0.056641,-0.154297,0.005859,0.000000,25.502283,2.000000
0.062500,-0.080078,1.263672,0.000000,23.138672,2.000000
0.416016,-0.083984,-1.281250,0.000000,23.010300,2.000000
0.556641,-0.042969,-1.273438,0.000000,21.643528,2.000000
2.619141,-0.175781,1.035156,0.000000,28.870544,2.000000
2.667969,-0.179688,1.025391,0.000000,32.195847,2.000000
2.761719,-0.089844,0.896484,0.000000,31.258064,2.000000
4.410156,-0.142578,1.230469,0.000000,31.411362,2.000000
4.439453,-0.144531,1.283203,0.000000,31.287222,2.000000
4.736328,-0.298828,-0.621094,0.000000,33.121773,2.000000
4.773438,-0.300781,-0.648438,0.000000,33.911118,2.000000
4.798828,-0.152344,-0.808594,0.000000,30.580462,2.000000
4.886719,-0.308594,0.718750,0.000000,31.038036,2.000000
4.949219,-0.623047,0.138672,0.000000,29.827234,2.000000
0.011719,0.031250,0.025391,0.000000,29.395193,2.000000
0.041016,-0.033203,0.062500,0.000000,30.141003,2.000000
0.052734,-0.042969,0.103516,0.000000,29.009130,2.000000
0.011719,-0.039062,-0.007812,0.000000,30.744507,3.000000
0.017578,-0.080078,-0.009766,0.000000,31.975563,3.000000
0.041016,-0.115234,-0.007812,0.000000,30.236639,3.000000
0.056641,-0.154297,0.005859,0.000000,25.490032,3.000000
0.150391,-0.080078,1.255859,0.000000,23.138672,3.000000
0.039062,-0.082031,1.306641,0.000000,24.623980,3.000000
0.417969,-0.083984,-1.281250,0.000000,23.010300,3.000000
0.554688,-0.042969,-1.273438,0.000000,21.613680,3.000000
2.636719,-0.175781,0.990234,0.000000,28.915375,3.000000
2.673828,-0.179688,1.009766,0.000000,32.216751,3.000000
2.759766,-0.089844,0.898438,0.000000,31.280760,3.000000
4.410156,-0.142578,1.230469,0.000000,31.417633,3.000000
4.437500,-0.144531,1.283203,0.000000,31.290451,3.000000
4.732422,-0.298828,-0.646484,0.000000,33.298046,3.000000
4.771484,-0.300781,-0.660156,0.000000,33.982872,3.000000
4.800781,-0.152344,-0.789062,0.000000,30.610754,3.000000
4.888672,-0.308594,0.714844,0.000000,31.162756,3.000000
4.951172,-0.623047,0.078125,0.000000,29.863237,3.000000
0.011719,0.031250,0.025391,0.000000,29.385197,3.000000
0.041016,-0.033203,0.062500,0.000000,30.141003,3.000000
0.052734,-0.042969,0.103516,0.000000,29.003672,3.000000
0.011719,-0.039062,-0.007812,0.000000,30.751818,4.000000
0.017578,-0.080078,-0.009766,0.000000,31.981070,4.000000
0.029297,-0.119141,-0.005859,0.000000,30.240749,4.000000
0.056641,-0.154297,0.005859,0.000000,25.502283,4.000000
0.164062,-0.080078,1.255859,0.000000,23.138672,4.000000
0.427734,-0.083984,-1.277344,0.000000,23.010300,4.000000
0.560547,-0.042969,-1.271484,0.000000,21.643528,4.000000
2.554688,0.664062,-0.312500,0.000000,26.720978,4.000000
2.599609,0.675781,-0.279297,0.000000,27.024305,4.000000
2.585938,-0.175781,1.115234,0.000000,29.079485,4.000000
2.648438,-0.179688,1.074219,0.000000,32.284004,4.000000
2.748047,-0.089844,0.935547,0.000000,31.306553,4.000000
4.410156,-0.142578,1.230469,0.000000,31.411362,4.000000
4.439453,-0.144531,1.281250,0.000000,31.277525,4.000000
4.734375,-0.298828,-0.628906,0.000000,33.340515,4.000000
4.773438,-0.300781,-0.648438,0.000000,34.017452,4.000000
4.798828,-0.152344,-0.798828,0.000000,30.685570,4.000000
4.886719,-0.308594,0.726562,0.000000,31.072100,4.000000
4.951172,-0.623047,0.072266,0.000000,29.858753,4.000000
0.011719,0.031250,0.025391,0.000000,29.390198,4.000000
0.041016,-0.033203,0.062500,0.000000,30.141003,4.000000
0.052734,-0.042969,0.103516,0.000000,29.009130,4.000000
0.011719,-0.039062,-0.007812,0.000000,30.744507,5.000000
0.017578,-0.080078,-0.009766,0.000000,31.975563,5.000000
0.029297,-0.119141,-0.005859,0.000000,30.240749,5.000000
0.056641,-0.154297,0.005859,0.000000,25.502283,5.000000
0.132812,-0.080078,1.257812,0.000000,23.117538,5.000000
0.054688,-0.082031,1.304688,0.000000,24.608978,5.000000
0.421875,-0.083984,-1.279297,0.000000,23.010300,5.000000
0.560547,-0.042969,-1.271484,0.000000,21.583626,5.000000
2.464844,0.724609,-0.191406,0.000000,27.466343,5.000000
2.505859,0.736328,-0.181641,0.000000,28.450981,5.000000
2.566406,0.664062,-0.214844,0.000000,28.102325,5.000000
2.640625,-0.175781,0.980469,0.000000,28.998205,5.000000
2.667969,-0.179688,1.023438,0.000000,32.278866,5.000000
2.759766,-0.089844,0.898438,0.000000,31.296900,5.000000
4.414062,-0.142578,1.222656,0.000000,31.411362,5.000000
4.441406,-0.144531,1.275391,0.000000,31.283993,5.000000
4.748047,-0.298828,-0.529297,0.000000,33.352573,5.000000
4.779297,-0.300781,-0.613281,0.000000,33.981136,5.000000
4.804688,-0.152344,-0.769531,0.000000,30.622059,5.000000
4.886719,-0.308594,0.724609,0.000000,31.139433,5.000000
4.951172,-0.623047,0.099609,0.000000,29.885590,5.000000
0.011719,0.031250,0.025391,0.000000,29.390198,5.000000
0.041016,-0.033203,0.062500,0.000000,30.136797,5.000000
0.052734,-0.042969,0.103516,0.000000,28.998205,5.000000
0.011719,-0.039062,-0.007812,0.000000,30.744507,6.000000
0.017578,-0.080078,-0.007812,0.000000,31.978317,6.000000
0.029297,-0.119141,-0.005859,0.000000,30.236639,6.000000
0.056641,-0.154297,0.005859,0.000000,25.490032,6.000000
0.146484,-0.080078,1.257812,0.000000,23.117538,6.000000
0.037109,-0.082031,1.306641,0.000000,24.593925,6.000000
0.408203,-0.083984,-1.283203,0.000000,22.988531,6.000000
0.544922,-0.042969,-1.279297,0.000000,21.613680,6.000000
2.630859,-0.175781,1.005859,0.000000,28.909796,6.000000
2.666016,-0.179688,1.031250,0.000000,32.216751,6.000000
2.755859,-0.089844,0.914062,0.000000,31.280760,6.000000
4.412109,-0.142578,1.224609,0.000000,31.423895,6.000000
4.441406,-0.144531,1.269531,0.000000,31.283993,6.000000
4.740234,-0.298828,-0.591797,0.000000,33.348557,6.000000
4.775391,-0.300781,-0.630859,0.000000,33.963737,6.000000
4.808594,-0.152344,-0.736328,0.000000,30.622059,6.000000
4.839844,-0.306641,0.761719,0.000000,29.014584,6.000000
4.892578,-0.308594,0.685547,0.000000,31.082266,6.000000
4.951172,-0.623047,0.054688,0.000000,29.858753,6.000000
0.011719,0.031250,0.025391,0.000000,29.395193,6.000000
0.041016,-0.033203,0.062500,0.000000,30.145205,6.000000
0.052734,-0.042969,0.103516,0.000000,29.009130,6.000000
0.011719,-0.039062,-0.007812,0.000000,30.748165,7.000000
0.017578,-0.080078,-0.009766,0.000000,31.978317,7.000000
0.029297,-0.119141,-0.005859,0.000000,30.240749,7.000000
0.056641,-0.154297,0.005859,0.000000,25.502283,7.000000
0.156250,-0.080078,1.255859,0.000000,23.117538,7.000000
0.425781,-0.083984,-1.279297,0.000000,23.053514,7.000000
0.560547,-0.042969,-1.271484,0.000000,21.731863,7.000000
2.515625,-0.263672,1.251953,0.000000,29.294189,7.000000
2.640625,-0.179688,1.091797,0.000000,32.345173,7.000000
2.750000,-0.089844,0.927734,0.000000,31.332195,7.000000
4.416016,-0.142578,1.210938,0.000000,31.408222,7.000000
4.443359,-0.144531,1.265625,0.000000,31.267805,7.000000
4.736328,-0.298828,-0.615234,0.000000,33.281757,7.000000
4.777344,-0.300781,-0.625000,0.000000,33.988079,7.000000
4.810547,-0.152344,-0.724609,0.000000,30.674429,7.000000
4.888672,-0.308594,0.707031,0.000000,31.122698,7.000000
4.949219,-0.623047,0.117188,0.000000,29.831751,7.000000
0.011719,0.031250,0.025391,0.000000,29.395193,7.000000
0.041016,-0.033203,0.062500,0.000000,30.141003,7.000000
0.052734,-0.042969,0.103516,0.000000,29.009130,7.000000
0.011719,-0.039062,-0.007812,0.000000,30.759117,8.000000
0.017578,-0.080078,-0.009766,0.000000,31.981070,8.000000
0.029297,-0.119141,-0.005859,0.000000,30.244856,8.000000
0.056641,-0.154297,0.005859,0.000000,25.490032,8.000000
0.130859,-0.080078,1.259766,0.000000,23.180634,8.000000
0.425781,-0.083984,-1.277344,0.000000,23.010300,8.000000
2.535156,0.654297,-0.050781,0.000000,26.117233,8.000000
2.572266,0.664062,-0.099609,0.000000,27.283537,8.000000
2.683594,-0.087891,0.871094,0.000000,28.937618,8.000000
2.669922,-0.179688,1.021484,0.000000,32.253094,8.000000
2.763672,-0.089844,0.884766,0.000000,31.306553,8.000000
4.412109,-0.142578,1.222656,0.000000,31.411362,8.000000
4.441406,-0.144531,1.269531,0.000000,31.271048,8.000000
4.738281,-0.298828,-0.605469,0.000000,33.412365,8.000000
4.775391,-0.300781,-0.638672,0.000000,34.036350,8.000000
4.798828,-0.152344,-0.802734,0.000000,30.569048,8.000000
4.886719,-0.308594,0.720703,0.000000,31.169397,8.000000
4.951172,-0.623047,0.050781,0.000000,29.912260,8.000000
0.011719,0.031250,0.025391,0.000000,29.390198,8.000000
0.041016,-0.033203,0.062500,0.000000,30.141003,8.000000
0.052734,-0.042969,0.103516,0.000000,29.003672,8.000000
1.767578,-0.246094,1.916016,0.000000,23.521826,8.000000
0.011719,-0.039062,-0.007812,0.000000,30.755470,9.000000
0.017578,-0.080078,-0.009766,0.000000,31.983822,9.000000
0.029297,-0.119141,-0.005859,0.000000,30.248960,9.000000
0.056641,-0.154297,0.005859,0.000000,25.514500,9.000000
0.054688,-0.080078,1.263672,0.000000,23.117538,9.000000
0.042969,-0.082031,-1.306641,0.000000,24.608978,9.000000
0.439453,-0.083984,-1.273438,0.000000,23.010300,9.000000
0.568359,-0.042969,-1.269531,0.000000,21.702618,9.000000
2.601562,-0.175781,1.080078,0.000000,29.025467,9.000000
2.654297,-0.179688,1.060547,0.000000,32.253094,9.000000
2.744141,-0.089844,0.947266,0.000000,31.241781,9.000000
4.410156,-0.142578,1.236328,0.000000,31.430147,9.000000
4.439453,-0.144531,1.277344,0.000000,31.296900,9.000000
4.738281,-0.298828,-0.605469,0.000000,33.332458,9.000000
4.775391,-0.300781,-0.640625,0.000000,33.988079,9.000000
4.800781,-0.152344,-0.787109,0.000000,30.588055,9.000000
4.845703,-0.306641,0.724609,0.000000,28.943161,9.000000
4.892578,-0.308594,0.681641,0.000000,31.115986,9.000000
4.951172,-0.623047,0.083984,0.000000,29.872192,9.000000
0.011719,0.031250,0.025391,0.000000,29.395193,9.000000
0.041016,-0.033203,0.062500,0.000000,30.141003,9.000000
0.052734,-0.042969,0.103516,0.000000,29.003672,9.000000
0.011719,-0.039062,-0.007812,0.000000,30.744507,10.000000
0.017578,-0.080078,-0.009766,0.000000,31.981070,10.000000
0.029297,-0.119141,-0.005859,0.000000,30.240749,10.000000
0.056641,-0.154297,0.005859,0.000000,25.490032,10.000000
0.158203,-0.080078,1.255859,0.000000,23.159704,10.000000
0.419922,-0.083984,-1.279297,0.000000,23.010300,10.000000
0.560547,-0.042969,-1.273438,0.000000,21.643528,10.000000
2.640625,-0.175781,0.978516,0.000000,28.937618,10.000000
2.664062,-0.179688,1.031250,0.000000,32.247921,10.000000
2.769531,-0.089844,0.873047,0.000000,31.290451,10.000000
4.408203,-0.142578,1.238281,0.000000,31.433271,10.000000
4.435547,-0.144531,1.294922,0.000000,31.290451,10.000000
4.742188,-0.298828,-0.568359,0.000000,33.275631,10.000000
4.779297,-0.300781,-0.609375,0.000000,34.005379,10.000000
4.812500,-0.152344,-0.722656,0.000000,30.867157,10.000000
4.876953,-0.308594,0.781250,0.000000,31.024338,10.000000
4.949219,-0.623047,0.160156,0.000000,29.831751,10.000000
0.011719,0.031250,0.025391,0.000000,29.395193,10.000000
0.041016,-0.033203,0.062500,0.000000,30.141003,10.000000
0.052734,-0.042969,0.103516,0.000000,29.009130,10.000000
0.011719,-0.039062,-0.007812,0.000000,30.744507,11.000000
0.017578,-0.080078,-0.009766,0.000000,31.975563,11.000000
0.029297,-0.119141,-0.005859,0.000000,30.240749,11.000000
0.056641,-0.154297,0.005859,0.000000,25.514500,11.000000
0.150391,-0.080078,1.255859,0.000000,23.138672,11.000000
0.005859,-0.082031,1.306641,0.000000,24.638929,11.000000
0.412109,-0.083984,-1.283203,0.000000,23.053514,11.000000
0.537109,-0.042969,-1.281250,0.000000,21.673174,11.000000
2.566406,0.664062,-0.212891,0.000000,27.032913,11.000000
2.607422,0.675781,-0.181641,0.000000,26.454224,11.000000
2.619141,-0.175781,1.037109,0.000000,28.965261,11.000000
2.662109,-0.179688,1.037109,0.000000,32.247921,11.000000
2.779297,-0.089844,0.839844,0.000000,31.338581,11.000000
4.408203,-0.142578,1.238281,0.000000,31.420765,11.000000
4.435547,-0.144531,1.296875,0.000000,31.271048,11.000000
4.734375,-0.148438,-0.285156,0.000000,29.439888,11.000000
4.746094,-0.298828,-0.546875,0.000000,33.500542,11.000000
4.773438,-0.300781,-0.654297,0.000000,33.982872,11.000000
4.796875,-0.152344,-0.814453,0.000000,30.429691,11.000000
4.830078,-0.306641,0.820312,0.000000,29.116901,11.000000
4.884766,-0.308594,0.730469,0.000000,31.159431,11.000000
4.951172,-0.623047,0.101562,0.000000,29.872192,11.000000
0.011719,0.031250,0.025391,0.000000,29.390198,11.000000
0.041016,-0.033203,0.062500,0.000000,30.136797,11.000000
0.052734,-0.042969,0.103516,0.000000,29.009130,11.000000
1.408203,-0.332031,2.230469,0.000000,24.517864,11.000000
0.912109,-0.337891,2.519531,0.000000,23.783979,11.000000
0.011719,-0.039062,-0.007812,0.000000,30.748165,12.000000
0.017578,-0.080078,-0.009766,0.000000,31.981070,12.000000
0.029297,-0.119141,-0.005859,0.000000,30.240749,12.000000
0.056641,-0.154297,0.005859,0.000000,25.502283,12.000000
0.166016,-0.080078,1.253906,0.000000,23.117538,12.000000
0.033203,-0.082031,1.306641,0.000000,24.608978,12.000000
0.414062,-0.083984,-1.283203,0.000000,23.053514,12.000000
0.552734,-0.042969,-1.275391,0.000000,21.702618,12.000000
2.593750,-0.175781,1.097656,0.000000,29.079485,12.000000
2.650391,-0.179688,1.068359,0.000000,32.258259,12.000000
2.738281,-0.089844,0.962891,0.000000,31.245043,12.000000
4.408203,-0.142578,1.240234,0.000000,31.417633,12.000000
4.437500,-0.144531,1.287109,0.000000,31.290451,12.000000
4.736328,-0.298828,-0.623047,0.000000,33.430145,12.000000
4.775391,-0.300781,-0.628906,0.000000,34.061993,12.000000
4.810547,-0.152344,-0.724609,0.000000,30.827854,12.000000
4.888672,-0.308594,0.707031,0.000000,31.152777,12.000000
4.951172,-0.623047,0.095703,0.000000,29.854265,12.000000
2.519531,0.572266,-0.416016,-0.614669,25.943926,12.000000
0.011719,0.031250,0.025391,0.000000,29.395193,12.000000
0.041016,-0.033203,0.062500,0.000000,30.136797,12.000000
0.052734,-0.042969,0.103516,0.000000,29.003672,12.000000
2.466797,0.736328,-0.478516,-0.614669,25.921768,12.000000
0.011719,-0.039062,-0.007812,0.000000,30.748165,13.000000
0.017578,-0.080078,-0.009766,0.000000,31.978317,13.000000
0.029297,-0.119141,-0.005859,0.000000,30.244856,13.000000
0.056641,-0.154297,0.005859,0.000000,25.490032,13.000000
0.142578,-0.080078,1.257812,0.000000,23.138672,13.000000
0.416016,-0.083984,-1.281250,0.000000,23.010300,13.000000
0.537109,-0.042969,-1.281250,0.000000,21.673174,13.000000
2.609375,-0.175781,1.062500,0.000000,29.009130,13.000000
2.654297,-0.179688,1.060547,0.000000,32.247921,13.000000
2.738281,-0.089844,0.960938,0.000000,31.225435,13.000000
4.414062,-0.142578,1.216797,0.000000,31.433271,13.000000
4.449219,-0.144531,1.244141,0.000000,31.322598,13.000000
4.742188,-0.298828,-0.570312,0.000000,33.293980,13.000000
4.779297,-0.300781,-0.607422,0.000000,33.963737,13.000000
4.810547,-0.152344,-0.726562,0.000000,30.659531,13.000000
4.888672,-0.308594,0.716797,0.000000,31.152777,13.000000
4.951172,-0.623047,0.070312,0.000000,29.903389,13.000000
2.486328,0.572266,-0.587891,-0.614669,26.020599,13.000000
2.556641,0.582031,-0.437500,-0.614669,27.259117,13.000000
0.011719,0.031250,0.025391,0.000000,29.385197,13.000000
0.041016,-0.033203,0.062500,0.000000,30.136797,13.000000
0.052734,-0.042969,0.103516,0.000000,29.003672,13.000000
0.011719,-0.039062,-0.007812,0.000000,30.755470,14.000000
0.017578,-0.080078,-0.009766,0.000000,31.978317,14.000000
0.029297,-0.119141,-0.005859,0.000000,30.240749,14.000000
0.056641,-0.154297,0.005859,0.000000,25.490032,14.000000
0.142578,-0.080078,1.257812,0.000000,23.138672,14.000000
0.408203,-0.083984,-1.285156,0.000000,23.010300,14.000000
0.535156,-0.042969,-1.283203,0.000000,21.643528,14.000000
2.453125,0.634766,0.103516,0.000000,26.866364,14.000000
2.490234,0.644531,0.160156,0.000000,27.839035,14.000000
2.623047,-0.175781,1.025391,0.000000,29.036325,14.000000
2.667969,-0.179688,1.025391,0.000000,32.281437,14.000000
2.757812,-0.089844,0.904297,0.000000,31.316187,14.000000
4.417969,-0.142578,1.203125,0.000000,31.458178,14.000000
4.451172,-0.144531,1.234375,0.000000,31.312979,14.000000
4.746094,-0.298828,-0.542969,0.000000,33.416325,14.000000
4.775391,-0.300781,-0.632812,0.000000,33.981136,14.000000
4.794922,-0.152344,-0.830078,0.000000,30.557604,14.000000
4.880859,-0.308594,0.763672,0.000000,31.072100,14.000000
4.949219,-0.623047,0.121094,0.000000,29.813656,14.000000
2.582031,0.498047,-0.388672,-0.614669,26.665180,14.000000
0.011719,0.031250,0.025391,0.000000,29.390198,14.000000
0.041016,-0.033203,0.062500,0.000000,30.141003,14.000000
0.052734,-0.042969,0.103516,0.000000,29.014584,14.000000
0.011719,-0.039062,-0.007812,0.000000,30.744507,15.000000
0.017578,-0.080078,-0.009766,0.000000,31.975563,15.000000
0.029297,-0.119141,-0.005859,0.000000,30.240749,15.000000
0.056641,-0.154297,0.005859,0.000000,25.502283,15.000000
0.132812,-0.080078,1.257812,0.000000,23.138672,15.000000
0.400391,-0.083984,-1.287109,0.000000,23.031961,15.000000
0.548828,-0.042969,-1.277344,0.000000,21.673174,15.000000
2.470703,0.724609,0.089844,0.000000,27.176704,15.000000
2.677734,-0.179688,0.998047,0.000000,32.263420,15.000000
2.787109,-0.089844,0.812500,0.000000,31.392492,15.000000
4.416016,-0.142578,1.208984,0.000000,31.423895,15.000000
4.449219,-0.144531,1.244141,0.000000,31.283993,15.000000
4.746094,-0.298828,-0.535156,0.000000,33.356583,15.000000
4.779297,-0.300781,-0.609375,0.000000,33.974186,15.000000
4.806641,-0.152344,-0.751953,0.000000,30.553783,15.000000
4.892578,-0.308594,0.677734,0.000000,31.156105,15.000000
4.951172,-0.623047,0.046875,0.000000,29.934362,15.000000
2.472656,0.554688,-0.091797,-0.614669,26.384893,15.000000
2.546875,0.572266,-0.193359,-0.614669,26.334684,15.000000
2.603516,0.498047,-0.207031,-0.614669,25.998831,15.000000
0.011719,0.031250,0.025391,0.000000,29.395193,15.000000
0.041016,-0.033203,0.062500,0.000000,30.145205,15.000000
0.052734,-0.042969,0.103516,0.000000,29.014584,15.000000
0.011719,-0.039062,-0.007812,0.000000,30.740847,16.000000
0.017578,-0.080078,-0.009766,0.000000,31.975563,16.000000
0.029297,-0.119141,-0.005859,0.000000,30.240749,16.000000
0.056641,-0.154297,0.005859,0.000000,25.502283,16.000000
0.125000,-0.080078,1.259766,0.000000,23.096302,16.000000
0.441406,-0.083984,-1.273438,0.000000,22.988531,16.000000
0.568359,-0.042969,-1.269531,0.000000,21.643528,16.000000
2.619141,-0.175781,1.037109,0.000000,29.057959,16.000000
2.648438,-0.179688,1.074219,0.000000,32.265999,16.000000
2.718750,-0.089844,1.015625,0.000000,31.202448,16.000000
4.417969,-0.142578,1.208984,0.000000,31.430147,16.000000
4.447266,-0.144531,1.250000,0.000000,31.271048,16.000000
4.742188,-0.298828,-0.578125,0.000000,33.259258,16.000000
4.777344,-0.300781,-0.617188,0.000000,33.975925,16.000000
4.810547,-0.152344,-0.736328,0.000000,30.603201,16.000000
4.886719,-0.308594,0.720703,0.000000,31.152777,16.000000
4.951172,-0.623047,0.070312,0.000000,29.903389,16.000000
2.470703,0.644531,-0.353516,-0.614669,25.899496,16.000000
0.011719,0.031250,0.025391,0.000000,29.390198,16.000000
0.041016,-0.033203,0.062500,0.000000,30.136797,16.000000
0.052734,-0.042969,0.103516,0.000000,29.003672,16.000000
0.011719,-0.039062,-0.007812,0.000000,30.755470,17.000000
0.017578,-0.080078,-0.009766,0.000000,31.981070,17.000000
0.029297,-0.119141,-0.005859,0.000000,30.244856,17.000000
0.056641,-0.154297,0.005859,0.000000,25.502283,17.000000
0.140625,-0.080078,1.257812,0.000000,23.096302,17.000000
0.054688,-0.082031,1.304688,0.000000,24.608978,17.000000
0.400391,-0.083984,-1.287109,0.000000,23.010300,17.000000
0.542969,-0.042969,-1.279297,0.000000,21.643528,17.000000
2.697266,-0.087891,0.828125,0.000000,29.122221,17.000000
2.705078,-0.179688,0.919922,0.000000,32.299377,17.000000
2.804688,-0.089844,0.746094,0.000000,31.445742,17.000000
4.417969,-0.142578,1.207031,0.000000,31.451963,17.000000
4.445312,-0.144531,1.261719,0.000000,31.325798,17.000000
4.736328,-0.298828,-0.621094,0.000000,33.398487,17.000000
4.773438,-0.300781,-0.656250,0.000000,34.020893,17.000000
4.798828,-0.152344,-0.804688,0.000000,30.685570,17.000000
4.890625,-0.308594,0.691406,0.000000,31.095785,17.000000
4.951172,-0.623047,0.048828,0.000000,29.872192,17.000000
2.421875,0.544922,-0.250000,-0.614669,25.352942,17.000000
2.439453,0.634766,-0.285156,-0.614669,28.350561,17.000000
2.496094,0.564453,-0.312500,-0.614669,28.709888,17.000000
2.531250,0.572266,-0.351562,-0.614669,27.291647,17.000000
0.011719,0.031250,0.025391,0.000000,29.395193,17.000000
0.041016,-0.033203,0.062500,0.000000,30.145205,17.000000
0.052734,-0.042969,0.103516,0.000000,29.009130,17.000000
2.757812,-0.000000,0.769531,0.000000,32.284004,17.000000
0.011719,-0.039062,-0.007812,0.000000,30.748165,18.000000
0.017578,-0.080078,-0.009766,0.000000,31.981070,18.000000
0.029297,-0.119141,-0.005859,0.000000,30.244856,18.000000
0.056641,-0.154297,0.005859,0.000000,25.502283,18.000000
0.164062,-0.080078,1.255859,0.000000,23.180634,18.000000
0.417969,-0.083984,-1.281250,0.000000,23.053514,18.000000
0.552734,-0.042969,-1.275391,0.000000,21.702618,18.000000
2.531250,-0.263672,1.218750,0.000000,28.959747,18.000000
2.638672,-0.179688,1.097656,0.000000,32.190605,18.000000
2.740234,-0.089844,0.958984,0.000000,31.209028,18.000000
4.416016,-0.142578,1.210938,0.000000,31.442627,18.000000
4.443359,-0.144531,1.265625,0.000000,31.280760,18.000000
4.736328,-0.298828,-0.613281,0.000000,33.296013,18.000000
4.773438,-0.300781,-0.648438,0.000000,33.972446,18.000000
4.808594,-0.152344,-0.748047,0.000000,30.674429,18.000000
4.882812,-0.308594,0.753906,0.000000,31.065308,18.000000
4.949219,-0.623047,0.115234,0.000000,29.849771,18.000000
2.441406,0.634766,-0.271484,-0.614669,26.201361,18.000000
2.519531,0.482422,-0.238281,-0.614669,26.785183,18.000000
0.011719,0.031250,0.025391,0.000000,29.390198,18.000000
0.041016,-0.033203,0.062500,0.000000,30.141003,18.000000
0.052734,-0.042969,0.103516,0.000000,29.009130,18.000000
0.011719,-0.039062,-0.007812,0.000000,30.744507,19.000000
0.017578,-0.080078,-0.009766,0.000000,31.975563,19.000000
0.029297,-0.119141,-0.005859,0.000000,30.236639,19.000000
0.056641,-0.154297,0.005859,0.000000,25.490032,19.000000
0.105469,-0.080078,1.261719,0.000000,23.096302,19.000000
0.433594,-0.083984,-1.275391,0.000000,23.031961,19.000000
2.582031,-0.175781,1.125000,0.000000,29.090208,19.000000
2.626953,-0.179688,1.125000,0.000000,32.240147,19.000000
2.726562,-0.089844,0.996094,0.000000,31.202448,19.000000
4.416016,-0.142578,1.212891,0.000000,31.430147,19.000000
4.447266,-0.144531,1.250000,0.000000,31.290451,19.000000
4.740234,-0.298828,-0.582031,0.000000,33.334473,19.000000
4.775391,-0.300781,-0.636719,0.000000,33.988079,19.000000
4.794922,-0.152344,-0.824219,0.000000,30.569048,19.000000
4.884766,-0.308594,0.738281,0.000000,31.031193,19.000000
4.951172,-0.623047,0.107422,0.000000,29.818186,19.000000
2.396484,0.623047,-0.306641,-0.614669,26.020599,19.000000
2.453125,0.474609,-0.439453,-0.614669,28.494194,19.000000
2.470703,0.564453,-0.472656,-0.614669,28.715729,19.000000
2.484375,0.572266,-0.597656,-0.614669,25.340261,19.000000
0.011719,0.031250,0.025391,0.000000,29.395193,19.000000
0.041016,-0.033203,0.062500,0.000000,30.141003,19.000000
0.052734,-0.042969,0.103516,0.000000,29.003672,19.000000
0.011719,-0.039062,-0.007812,0.000000,30.748165,20.000000
0.017578,-0.080078,-0.009766,0.000000,31.978317,20.000000
0.029297,-0.119141,-0.005859,0.000000,30.240749,20.000000
0.056641,-0.154297,0.005859,0.000000,25.502283,20.000000
0.117188,-0.080078,1.259766,0.000000,23.159704,20.000000
0.039062,-0.082031,-1.306641,0.000000,24.608978,20.000000
0.437500,-0.083984,-1.273438,0.000000,22.988531,20.000000
0.558594,-0.042969,-1.273438,0.000000,21.643528,20.000000
2.708984,-0.087891,0.789062,0.000000,29.211660,20.000000
2.681641,-0.179688,0.990234,0.000000,32.299377,20.000000
2.757812,-0.089844,0.906250,0.000000,31.300119,20.000000
4.410156,-0.142578,1.232422,0.000000,31.417633,20.000000
4.441406,-0.144531,1.273438,0.000000,31.325798,20.000000
4.738281,-0.298828,-0.601562,0.000000,33.370598,20.000000
4.771484,-0.300781,-0.662109,0.000000,33.968964,20.000000
4.794922,-0.152344,-0.830078,0.000000,30.503798,20.000000
4.884766,-0.308594,0.730469,0.000000,31.142773,20.000000
4.951172,-0.623047,0.095703,0.000000,29.863237,20.000000
2.423828,0.468750,-0.367188,-0.614669,26.702459,20.000000
2.441406,0.474609,-0.496094,-0.614669,28.267225,20.000000
2.480469,0.482422,-0.505859,-0.614669,27.708521,20.000000
0.011719,0.031250,0.025391,0.000000,29.395193,20.000000
0.041016,-0.033203,0.062500,0.000000,30.141003,20.000000
0.052734,-0.042969,0.103516,0.000000,29.009130,20.000000
0.011719,-0.039062,-0.007812,0.000000,30.755470,21.000000
0.017578,-0.080078,-0.007812,0.000000,31.981070,21.000000
0.029297,-0.119141,-0.005859,0.000000,30.244856,21.000000
0.056641,-0.154297,0.005859,0.000000,25.502283,21.000000
0.101562,-0.080078,1.261719,0.000000,23.117538,21.000000
0.417969,-0.083984,-1.281250,0.000000,23.031961,21.000000
0.542969,-0.042969,-1.279297,0.000000,21.702618,21.000000
2.703125,-0.087891,0.806641,0.000000,29.159271,21.000000
2.677734,-0.179688,0.998047,0.000000,32.284004,21.000000
2.761719,-0.089844,0.892578,0.000000,31.296900,21.000000
4.410156,-0.142578,1.234375,0.000000,31.433271,21.000000
4.439453,-0.144531,1.277344,0.000000,31.283993,21.000000
4.738281,-0.298828,-0.605469,0.000000,33.300076,21.000000
4.775391,-0.300781,-0.642578,0.000000,33.981136,21.000000
4.798828,-0.152344,-0.798828,0.000000,30.542299,21.000000
4.878906,-0.308594,0.771484,0.000000,31.172712,21.000000
4.947266,-0.623047,0.179688,0.000000,29.894499,21.000000
2.345703,0.623047,-0.580078,-0.614669,25.378191,21.000000
0.011719,0.031250,0.025391,0.000000,29.385197,21.000000
0.041016,-0.033203,0.062500,0.000000,30.141003,21.000000
0.052734,-0.042969,0.103516,0.000000,29.003672,21.000000
0.011719,-0.039062,-0.007812,0.000000,30.748165,22.000000
0.017578,-0.080078,-0.009766,0.000000,31.978317,22.000000
0.029297,-0.119141,-0.005859,0.000000,30.240749,22.000000
0.056641,-0.154297,0.005859,0.000000,25.477747,22.000000
0.105469,-0.080078,1.261719,0.000000,23.074961,22.000000
0.417969,-0.083984,-1.281250,0.000000,23.010300,22.000000
0.564453,-0.042969,-1.271484,0.000000,21.702618,22.000000
2.472656,0.474609,-0.304688,0.000000,26.522463,22.000000
2.681641,-0.087891,0.875000,0.000000,29.063351,22.000000
2.666016,-0.179688,1.031250,0.000000,32.260841,22.000000
2.753906,-0.089844,0.917969,0.000000,31.280760,22.000000
4.412109,-0.142578,1.226562,0.000000,31.436392,22.000000
4.439453,-0.144531,1.281250,0.000000,31.290451,22.000000
4.742188,-0.298828,-0.578125,0.000000,33.410385,22.000000
4.773438,-0.300781,-0.650391,0.000000,34.019173,22.000000
4.791016,-0.152344,-0.843750,0.000000,30.603201,22.000000
4.878906,-0.308594,0.769531,0.000000,31.078880,22.000000
4.949219,-0.623047,0.150391,0.000000,29.800034,22.000000
0.011719,0.031250,0.025391,0.000000,29.390198,22.000000
0.041016,-0.033203,0.062500,0.000000,30.136797,22.000000
0.052734,-0.042969,0.103516,0.000000,29.009130,22.000000
0.011719,-0.039062,-0.007812,0.000000,30.744507,23.000000
0.017578,-0.080078,-0.009766,0.000000,31.978317,23.000000
0.029297,-0.119141,-0.005859,0.000000,30.240749,23.000000
0.056641,-0.154297,0.005859,0.000000,25.490032,23.000000
0.113281,-0.080078,1.259766,0.000000,23.117538,23.000000
0.435547,-0.083984,-1.275391,0.000000,22.988531,23.000000
2.388672,0.537109,-0.175781,0.000000,27.664129,23.000000
2.398438,0.544922,-0.414062,0.000000,28.267225,23.000000
2.402344,0.554688,-0.591797,0.000000,27.315887,23.000000
2.648438,-0.179688,1.072266,0.000000,32.242741,23.000000
2.748047,-0.089844,0.933594,0.000000,31.293676,23.000000
4.416016,-0.142578,1.210938,0.000000,31.451963,23.000000
4.449219,-0.144531,1.248047,0.000000,31.309767,23.000000
4.738281,-0.298828,-0.599609,0.000000,33.332458,23.000000
4.775391,-0.300781,-0.642578,0.000000,34.017452,23.000000
4.802734,-0.152344,-0.785156,0.000000,30.824263,23.000000
4.886719,-0.308594,0.726562,0.000000,31.068705,23.000000
4.951172,-0.623047,0.076172,0.000000,29.858753,23.000000
0.011719,0.031250,0.025391,0.000000,29.395193,23.000000
0.041016,-0.033203,0.062500,0.000000,30.141003,23.000000
0.052734,-0.042969,0.103516,0.000000,29.003672,23.000000
1.373047,-0.316406,2.107422,0.000000,24.800070,23.000000
0.011719,-0.039062,-0.007812,0.000000,30.755470,24.000000
0.017578,-0.080078,-0.007812,0.000000,31.978317,24.000000
0.029297,-0.119141,-0.005859,0.000000,30.240749,24.000000
0.056641,-0.154297,0.005859,0.000000,25.490032,24.000000
0.140625,-0.080078,1.257812,0.000000,23.138672,24.000000
0.429688,-0.083984,-1.277344,0.000000,23.010300,24.000000
2.552734,-0.263672,1.175781,0.000000,28.954226,24.000000
2.656250,-0.179688,1.054688,0.000000,32.247921,24.000000
2.753906,-0.089844,0.916016,0.000000,31.300119,24.000000
4.412109,-0.142578,1.226562,0.000000,31.386185,24.000000
4.441406,-0.144531,1.275391,0.000000,31.225435,24.000000
4.740234,-0.298828,-0.585938,0.000000,33.354580,24.000000
4.775391,-0.300781,-0.638672,0.000000,34.014004,24.000000
4.798828,-0.152344,-0.804688,0.000000,30.718821,24.000000
4.882812,-0.308594,0.755859,0.000000,31.136091,24.000000
4.949219,-0.623047,0.162109,0.000000,29.916691,24.000000
0.011719,0.031250,0.025391,0.000000,29.390198,24.000000
0.041016,-0.033203,0.062500,0.000000,30.141003,24.000000
0.052734,-0.042969,0.103516,0.000000,29.014584,24.000000
0.011719,-0.039062,-0.007812,0.000000,30.751818,25.000000
0.017578,-0.080078,-0.007812,0.000000,31.978317,25.000000
0.029297,-0.119141,-0.005859,0.000000,30.244856,25.000000
0.056641,-0.154297,0.005859,0.000000,25.514500,25.000000
0.177734,-0.080078,1.253906,0.000000,23.117538,25.000000
0.423828,-0.083984,-1.279297,0.000000,23.031961,25.000000
2.656250,-0.179688,1.052734,0.000000,32.245331,25.000000
2.750000,-0.089844,0.931641,0.000000,31.287222,25.000000
4.410156,-0.142578,1.230469,0.000000,31.319393,25.000000
4.437500,-0.144531,1.289062,0.000000,31.212315,25.000000
4.742188,-0.298828,-0.578125,0.000000,33.408405,25.000000
4.775391,-0.300781,-0.630859,0.000000,34.106087,25.000000
4.802734,-0.152344,-0.775391,0.000000,31.061909,25.000000
4.871094,-0.308594,0.822266,0.000000,31.092409,25.000000
4.947266,-0.623047,0.205078,0.000000,29.790930,25.000000
2.332031,0.527344,-0.326172,-0.614669,26.803354,25.000000
2.378906,0.537109,-0.269531,-0.614669,28.457180,25.000000
2.445312,0.468750,-0.167969,-0.614669,27.226339,25.000000
0.011719,0.031250,0.025391,0.000000,29.390198,25.000000
0.041016,-0.033203,0.062500,0.000000,30.141003,25.000000
0.052734,-0.042969,0.103516,0.000000,29.009130,25.000000
0.011719,-0.039062,-0.007812,0.000000,30.755470,26.000000
0.017578,-0.080078,-0.009766,0.000000,31.981070,26.000000
0.029297,-0.119141,-0.005859,0.000000,30.244856,26.000000
0.056641,-0.154297,0.005859,0.000000,25.502283,26.000000
0.066406,-0.080078,1.263672,0.000000,23.138672,26.000000
0.009766,-0.082031,-1.306641,0.000000,24.608978,26.000000
0.416016,-0.083984,-1.281250,0.000000,23.010300,26.000000
0.542969,-0.042969,-1.279297,0.000000,21.643528,26.000000
2.373047,0.613281,-0.111328,0.000000,27.259117,26.000000
2.662109,-0.179688,1.041016,0.000000,32.242741,26.000000
2.759766,-0.089844,0.902344,0.000000,31.261314,26.000000
4.410156,-0.142578,1.234375,0.000000,31.341770,26.000000
4.423828,-0.144531,1.330078,0.000000,31.142773,26.000000
4.740234,-0.298828,-0.582031,0.000000,33.352573,26.000000
4.775391,-0.300781,-0.630859,0.000000,34.117882,26.000000
4.798828,-0.152344,-0.808594,0.000000,31.075491,26.000000
4.882812,-0.308594,0.751953,0.000000,30.944712,26.000000
4.951172,-0.623047,0.080078,0.000000,29.763500,26.000000
2.343750,0.527344,-0.224609,-0.614669,26.812412,26.000000
0.011719,0.031250,0.025391,0.000000,29.390198,26.000000
0.041016,-0.033203,0.062500,0.000000,30.141003,26.000000
0.052734,-0.042969,0.103516,0.000000,29.009130,26.000000
0.011719,-0.039062,-0.007812,0.000000,30.755470,27.000000
0.017578,-0.080078,-0.009766,0.000000,31.978317,27.000000
0.029297,-0.119141,-0.005859,0.000000,30.240749,27.000000
0.056641,-0.154297,0.005859,0.000000,25.490032,27.000000
0.125000,-0.080078,1.259766,0.000000,23.138672,27.000000
0.431641,-0.083984,-1.277344,0.000000,23.031961,27.000000
0.566406,-0.042969,-1.269531,0.000000,21.643528,27.000000
2.660156,-0.179688,1.046875,0.000000,32.260841,27.000000
2.750000,-0.089844,0.929688,0.000000,31.300119,27.000000
4.419922,-0.142578,1.199219,0.000000,31.367207,27.000000
4.457031,-0.144531,1.216797,0.000000,31.312979,27.000000
4.740234,-0.298828,-0.591797,0.000000,33.326405,27.000000
4.773438,-0.300781,-0.650391,0.000000,33.912880,27.000000
4.798828,-0.152344,-0.796875,0.000000,30.421816,27.000000
4.884766,-0.308594,0.734375,0.000000,31.126051,27.000000
4.949219,-0.623047,0.113281,0.000000,29.867718,27.000000
0.011719,0.031250,0.025391,0.000000,29.390198,27.000000
0.041016,-0.033203,0.062500,0.000000,30.141003,27.000000
0.052734,-0.042969,0.103516,0.000000,29.009130,27.000000
0.011719,-0.039062,-0.007812,0.000000,30.751818,28.000000
0.017578,-0.080078,-0.009766,0.000000,31.981070,28.000000
0.029297,-0.119141,-0.005859,0.000000,30.244856,28.000000
0.056641,-0.154297,0.005859,0.000000,25.502283,28.000000
0.130859,-0.080078,1.257812,0.000000,23.117538,28.000000
0.406250,-0.083984,-1.285156,0.000000,22.988531,28.000000
0.548828,-0.042969,-1.277344,0.000000,21.643528,28.000000
2.662109,-0.179688,1.037109,0.000000,32.237553,28.000000
2.759766,-0.089844,0.898438,0.000000,31.287222,28.000000
4.416016,-0.142578,1.210938,0.000000,31.354507,28.000000
4.439453,-0.144531,1.283203,0.000000,31.182648,28.000000
4.740234,-0.298828,-0.593750,0.000000,33.296013,28.000000
4.777344,-0.300781,-0.621094,0.000000,33.870338,28.000000
4.806641,-0.152344,-0.753906,0.000000,30.182842,28.000000
4.882812,-0.308594,0.748047,0.000000,31.119343,28.000000
4.949219,-0.623047,0.136719,0.000000,29.804579,28.000000
0.011719,0.031250,0.025391,0.000000,29.390198,28.000000
0.041016,-0.033203,0.062500,0.000000,30.136797,28.000000
0.052734,-0.042969,0.103516,0.000000,29.009130,28.000000
0.011719,-0.039062,-0.007812,0.000000,30.751818,29.000000
0.017578,-0.080078,-0.009766,0.000000,31.981070,29.000000
0.029297,-0.119141,-0.005859,0.000000,30.240749,29.000000
0.056641,-0.154297,0.005859,0.000000,25.502283,29.000000
0.113281,-0.080078,1.259766,0.000000,23.096302,29.000000
0.421875,-0.083984,-1.279297,0.000000,23.010300,29.000000
0.556641,-0.042969,-1.273438,0.000000,21.673174,29.000000
2.355469,0.527344,0.005859,0.000000,26.394865,29.000000
2.662109,-0.179688,1.041016,0.000000,32.255676,29.000000
2.757812,-0.089844,0.906250,0.000000,31.293676,29.000000
4.412109,-0.142578,1.224609,0.000000,31.370375,29.000000
4.447266,-0.144531,1.253906,0.000000,31.271048,29.000000
4.744141,-0.298828,-0.550781,0.000000,33.374592,29.000000
4.781250,-0.300781,-0.585938,0.000000,33.972446,29.000000
4.814453,-0.152344,-0.701172,0.000000,30.499929,29.000000
4.884766,-0.308594,0.734375,0.000000,31.089031,29.000000
4.949219,-0.623047,0.125000,0.000000,29.781805,29.000000
0.009766,0.031250,0.025391,0.000000,29.390198,29.000000
0.041016,-0.033203,0.062500,0.000000,30.141003,29.000000
0.052734,-0.042969,0.101562,0.000000,29.009130,29.000000
0.011719,-0.039062,-0.007812,0.000000,30.748165,30.000000
0.017578,-0.080078,-0.009766,0.000000,31.978317,30.000000
0.029297,-0.119141,-0.005859,0.000000,30.240749,30.000000
0.056641,-0.154297,0.005859,0.000000,25.502283,30.000000
0.089844,-0.080078,1.261719,0.000000,23.138672,30.000000
0.017578,-0.082031,-1.306641,0.000000,24.608978,30.000000
0.414062,-0.083984,-1.281250,0.000000,23.031961,30.000000
0.542969,-0.042969,-1.279297,0.000000,21.673174,30.000000
2.300781,0.519531,-0.248047,0.000000,25.854607,30.000000
2.343750,0.527344,-0.232422,0.000000,26.503075,30.000000
2.613281,-0.175781,1.050781,0.000000,29.009130,30.000000
2.658203,-0.179688,1.050781,0.000000,32.245331,30.000000
2.753906,-0.089844,0.919922,0.000000,31.274288,30.000000
4.410156,-0.142578,1.232422,0.000000,31.312979,30.000000
4.435547,-0.144531,1.294922,0.000000,31.166077,30.000000
4.738281,-0.298828,-0.601562,0.000000,33.346546,30.000000
4.773438,-0.300781,-0.648438,0.000000,33.991543,30.000000
4.808594,-0.152344,-0.748047,0.000000,30.726175,30.000000
4.880859,-0.308594,0.757812,0.000000,31.092409,30.000000
4.949219,-0.623047,0.138672,0.000000,29.795485,30.000000
2.330078,0.527344,-0.337891,-0.614669,26.512779,30.000000
2.386719,0.537109,-0.189453,-0.614669,25.024271,30.000000
0.011719,0.031250,0.025391,0.000000,29.385197,30.000000
0.041016,-0.033203,0.062500,0.000000,30.136797,30.000000
0.052734,-0.042969,0.103516,0.000000,29.009130,30.000000
0.011719,-0.039062,-0.007812,0.000000,30.755470,31.000000
0.017578,-0.080078,-0.009766,0.000000,31.981070,31.000000
0.029297,-0.119141,-0.005859,0.000000,30.244856,31.000000
0.056641,-0.154297,0.005859,0.000000,25.502283,31.000000
0.115234,-0.080078,1.259766,0.000000,23.159704,31.000000
0.046875,-0.082031,-1.304688,0.000000,24.608978,31.000000
0.449219,-0.083984,-1.269531,0.000000,22.988531,31.000000
2.617188,-0.175781,1.041016,0.000000,29.003672,31.000000
2.660156,-0.179688,1.044922,0.000000,32.253094,31.000000
2.757812,-0.089844,0.906250,0.000000,31.287222,31.000000
4.416016,-0.142578,1.210938,0.000000,31.312979,31.000000
4.445312,-0.144531,1.259766,0.000000,31.146111,31.000000
4.738281,-0.298828,-0.603516,0.000000,33.285835,31.000000
4.773438,-0.300781,-0.648438,0.000000,33.856064,31.000000
4.800781,-0.152344,-0.789062,0.000000,30.199467,31.000000
4.884766,-0.308594,0.734375,0.000000,31.065308,31.000000
4.949219,-0.623047,0.136719,0.000000,29.800034,31.000000
0.011719,0.031250,0.025391,0.000000,29.390198,31.000000
0.041016,-0.033203,0.062500,0.000000,30.141003,31.000000
0.052734,-0.042969,0.103516,0.000000,29.014584,31.000000
0.011719,-0.039062,-0.007812,0.000000,30.759117,32.000000
0.017578,-0.080078,-0.009766,0.000000,31.978317,32.000000
0.029297,-0.119141,-0.005859,0.000000,30.240749,32.000000
0.056641,-0.154297,0.005859,0.000000,25.490032,32.000000
0.125000,-0.080078,1.259766,0.000000,23.138672,32.000000
0.412109,-0.083984,-1.283203,0.000000,23.031961,32.000000
0.550781,-0.042969,-1.275391,0.000000,21.673174,32.000000
2.308594,0.519531,-0.166016,0.000000,26.063814,32.000000
2.658203,-0.179688,1.048828,0.000000,32.247921,32.000000
2.751953,-0.089844,0.921875,0.000000,31.290451,32.000000
4.419922,-0.142578,1.195312,0.000000,31.354507,32.000000
4.458984,-0.144531,1.207031,0.000000,31.312979,32.000000
4.736328,-0.298828,-0.615234,0.000000,33.350567,32.000000
4.767578,-0.300781,-0.687500,0.000000,33.909351,32.000000
4.787109,-0.152344,-0.871094,0.000000,30.378248,32.000000
4.886719,-0.308594,0.726562,0.000000,31.166077,32.000000
4.949219,-0.623047,0.123047,0.000000,29.867718,32.000000
0.011719,0.031250,0.025391,0.000000,29.390198,32.000000
0.041016,-0.033203,0.062500,0.000000,30.136797,32.000000
0.052734,-0.042969,0.103516,0.000000,29.009130,32.000000
0.011719,-0.039062,-0.007812,0.000000,30.751818,33.000000
0.017578,-0.080078,-0.009766,0.000000,31.981070,33.000000
0.029297,-0.119141,-0.005859,0.000000,30.240749,33.000000
0.056641,-0.154297,0.005859,0.000000,25.502283,33.000000
0.158203,-0.080078,1.255859,0.000000,23.117538,33.000000
0.416016,-0.083984,-1.281250,0.000000,23.010300,33.000000
0.556641,-0.042969,-1.273438,0.000000,21.673174,33.000000
2.666016,-0.179688,1.031250,0.000000,32.245331,33.000000
2.761719,-0.089844,0.896484,0.000000,31.290451,33.000000
4.416016,-0.142578,1.210938,0.000000,31.351326,33.000000
4.435547,-0.144531,1.294922,0.000000,31.192558,33.000000
4.738281,-0.298828,-0.609375,0.000000,33.388546,33.000000
4.773438,-0.300781,-0.654297,0.000000,34.053463,33.000000
4.781250,-0.152344,-0.902344,0.000000,30.655798,33.000000
4.884766,-0.308594,0.732422,0.000000,31.072100,33.000000
4.949219,-0.623047,0.134766,0.000000,29.872192,33.000000
0.011719,0.031250,0.025391,0.000000,29.390198,33.000000
0.041016,-0.033203,0.062500,0.000000,30.136797,33.000000
0.052734,-0.042969,0.103516,0.000000,29.009130,33.000000
0.011719,-0.039062,-0.007812,0.000000,30.744507,34.000000
0.017578,-0.080078,-0.009766,0.000000,31.978317,34.000000
0.029297,-0.119141,-0.005859,0.000000,30.240749,34.000000
0.056641,-0.154297,0.005859,0.000000,25.502283,34.000000
0.164062,-0.080078,1.253906,0.000000,23.159704,34.000000
0.039062,-0.082031,1.306641,0.000000,24.623980,34.000000
0.410156,-0.083984,-1.283203,0.000000,23.010300,34.000000
0.548828,-0.042969,-1.277344,0.000000,21.643528,34.000000
2.621094,-0.175781,1.033203,0.000000,29.030899,34.000000
2.662109,-0.179688,1.037109,0.000000,32.271152,34.000000
2.757812,-0.089844,0.906250,0.000000,31.322598,34.000000
4.419922,-0.142578,1.201172,0.000000,31.398790,34.000000
4.460938,-0.144531,1.201172,0.000000,31.335388,34.000000
4.744141,-0.298828,-0.564453,0.000000,33.356583,34.000000
4.785156,-0.300781,-0.560547,0.000000,33.955009,34.000000
4.820312,-0.152344,-0.658203,0.000000,30.421816,34.000000
4.884766,-0.308594,0.734375,0.000000,31.105898,34.000000
4.951172,-0.623047,0.082031,0.000000,29.951963,34.000000
2.361328,0.460938,-0.482422,-0.614669,25.065050,34.000000
0.011719,0.031250,0.025391,0.000000,29.390198,34.000000
0.041016,-0.033203,0.062500,0.000000,30.145205,34.000000
0.052734,-0.042969,0.103516,0.000000,29.009130,34.000000
0.011719,-0.039062,-0.007812,0.000000,30.744507,35.000000
0.017578,-0.080078,-0.009766,0.000000,31.978317,35.000000
0.029297,-0.119141,-0.005859,0.000000,30.244856,35.000000
0.056641,-0.154297,0.005859,0.000000,25.502283,35.000000
0.042969,-0.080078,1.265625,0.000000,23.138672,35.000000
0.427734,-0.083984,-1.277344,0.000000,22.988531,35.000000
0.556641,-0.042969,-1.273438,0.000000,21.643528,35.000000
2.302734,0.365234,-0.062500,0.000000,26.493349,35.000000
2.332031,0.371094,-0.226562,0.000000,27.259117,35.000000
2.660156,-0.179688,1.042969,0.000000,32.250507,35.000000
2.755859,-0.089844,0.910156,0.000000,31.306553,35.000000
4.417969,-0.142578,1.203125,0.000000,31.389339,35.000000
4.431641,-0.144531,1.306641,0.000000,31.189257,35.000000
4.740234,-0.298828,-0.595703,0.000000,33.259258,35.000000
4.773438,-0.300781,-0.658203,0.000000,33.619167,35.000000
4.808594,-0.152344,-0.744141,0.000000,29.652018,35.000000
4.837891,-0.154297,0.820312,0.000000,29.590414,35.000000
4.882812,-0.308594,0.755859,0.000000,31.218880,35.000000
4.949219,-0.623047,0.136719,0.000000,29.813656,35.000000
0.011719,0.031250,0.025391,0.000000,29.395193,35.000000
0.041016,-0.033203,0.062500,0.000000,30.136797,35.000000
0.052734,-0.042969,0.103516,0.000000,29.003672,35.000000
0.011719,-0.039062,-0.007812,0.000000,30.740847,36.000000
0.017578,-0.080078,-0.009766,0.000000,31.975563,36.000000
0.029297,-0.119141,-0.005859,0.000000,30.244856,36.000000
0.056641,-0.154297,0.005859,0.000000,25.514500,36.000000
0.156250,-0.080078,1.255859,0.000000,23.138672,36.000000
0.056641,-0.082031,1.304688,0.000000,24.623980,36.000000
0.410156,-0.083984,-1.283203,0.000000,23.053514,36.000000
0.552734,-0.042969,-1.275391,0.000000,21.673174,36.000000
2.656250,-0.179688,1.052734,0.000000,32.253094,36.000000
2.753906,-0.089844,0.919922,0.000000,31.296900,36.000000
4.419922,-0.142578,1.195312,0.000000,31.398790,36.000000
4.445312,-0.144531,1.261719,0.000000,31.248301,36.000000
4.738281,-0.298828,-0.609375,0.000000,33.364597,36.000000
4.775391,-0.300781,-0.640625,0.000000,34.084095,36.000000
4.804688,-0.152344,-0.767578,0.000000,30.863598,36.000000
4.884766,-0.308594,0.742188,0.000000,31.099159,36.000000
4.949219,-0.623047,0.117188,0.000000,29.872192,36.000000
2.287109,0.296875,-0.560547,-0.614669,24.563660,36.000000
2.322266,0.376953,-0.535156,-0.614669,24.471581,36.000000
0.011719,0.031250,0.025391,0.000000,29.395193,36.000000
0.041016,-0.033203,0.062500,0.000000,30.141003,36.000000
0.052734,-0.042969,0.103516,0.000000,29.009130,36.000000
1.408203,-0.527344,1.888672,-0.614669,21.492191,36.000000
0.011719,-0.039062,-0.007812,0.000000,30.748165,37.000000
0.017578,-0.080078,-0.009766,0.000000,31.978317,37.000000
0.029297,-0.119141,-0.005859,0.000000,30.236639,37.000000
0.056641,-0.154297,0.005859,0.000000,25.490032,37.000000
0.080078,-0.080078,1.263672,0.000000,23.117538,37.000000
0.414062,-0.083984,-1.281250,0.000000,23.010300,37.000000
0.546875,-0.042969,-1.277344,0.000000,21.643528,37.000000
2.289062,0.445312,-0.435547,0.000000,26.031445,37.000000
2.335938,0.527344,-0.302734,0.000000,26.222139,37.000000
2.662109,-0.179688,1.041016,0.000000,32.247921,37.000000
2.759766,-0.089844,0.902344,0.000000,31.290451,37.000000
4.425781,-0.142578,1.179688,0.000000,31.417633,37.000000
4.464844,-0.144531,1.191406,0.000000,31.335388,37.000000
4.742188,-0.298828,-0.570312,0.000000,33.334473,37.000000
4.779297,-0.300781,-0.607422,0.000000,33.979401,37.000000
4.802734,-0.152344,-0.775391,0.000000,30.406023,37.000000
4.882812,-0.308594,0.753906,0.000000,31.041456,37.000000
4.951172,-0.623047,0.060547,0.000000,29.854265,37.000000
0.011719,0.031250,0.025391,0.000000,29.390198,37.000000
0.041016,-0.033203,0.062500,0.000000,30.141003,37.000000
0.052734,-0.042969,0.103516,0.000000,29.014584,37.000000
1.529297,-0.376953,1.828125,0.000000,23.344538,37.000000
0.011719,-0.039062,-0.007812,0.000000,30.737183,38.000000
0.017578,-0.080078,-0.009766,0.000000,31.975563,38.000000
0.029297,-0.119141,-0.005859,0.000000,30.244856,38.000000
0.056641,-0.154297,0.005859,0.000000,25.502283,38.000000
0.125000,-0.080078,1.259766,0.000000,23.138672,38.000000
0.414062,-0.083984,-1.281250,0.000000,22.988531,38.000000
0.542969,-0.042969,-1.279297,0.000000,21.643528,38.000000
2.664062,-0.179688,1.037109,0.000000,32.260841,38.000000
2.759766,-0.089844,0.900391,0.000000,31.296900,38.000000
4.416016,-0.142578,1.208984,0.000000,31.398790,38.000000
4.451172,-0.144531,1.240234,0.000000,31.235250,38.000000
4.744141,-0.298828,-0.562500,0.000000,33.296013,38.000000
4.781250,-0.300781,-0.597656,0.000000,33.889889,38.000000
4.810547,-0.152344,-0.724609,0.000000,30.273497,38.000000
4.884766,-0.308594,0.740234,0.000000,31.105898,38.000000
4.951172,-0.623047,0.076172,0.000000,29.876663,38.000000
2.283203,0.291016,-0.375000,-0.614669,24.281347,38.000000
0.011719,0.031250,0.025391,0.000000,29.390198,38.000000
0.041016,-0.033203,0.062500,0.000000,30.136797,38.000000
0.052734,-0.042969,0.103516,0.000000,29.003672,38.000000
0.011719,-0.039062,-0.007812,0.000000,30.755470,39.000000
0.017578,-0.080078,-0.009766,0.000000,31.981070,39.000000
0.029297,-0.119141,-0.005859,0.000000,30.244856,39.000000
0.056641,-0.154297,0.003906,0.000000,25.502283,39.000000
0.298828,-0.041016,-1.273438,0.000000,24.593925,39.000000
0.445312,-0.083984,-1.271484,0.000000,23.031961,39.000000
0.562500,-0.042969,-1.271484,0.000000,21.673174,39.000000
2.666016,-0.179688,1.029297,0.000000,32.263420,39.000000
2.761719,-0.089844,0.894531,0.000000,31.287222,39.000000
4.410156,-0.142578,1.234375,0.000000,31.427023,39.000000
4.416016,-0.144531,1.361328,0.000000,31.082266,39.000000
4.744141,-0.298828,-0.564453,0.000000,33.422253,39.000000
4.779297,-0.300781,-0.601562,0.000000,33.982872,39.000000
4.806641,-0.152344,-0.751953,0.000000,30.236639,39.000000
4.886719,-0.308594,0.726562,0.000000,31.189257,39.000000
4.951172,-0.623047,0.054688,0.000000,29.995655,39.000000
2.265625,0.142578,-0.308594,-0.614669,25.820633,39.000000
2.294922,0.218750,-0.351562,-0.614669,27.824726,39.000000
2.310547,0.296875,-0.445312,-0.614669,27.151674,39.000000
0.011719,0.031250,0.025391,0.000000,29.395193,39.000000
0.041016,-0.033203,0.062500,0.000000,30.136797,39.000000
0.052734,-0.042969,0.103516,0.000000,29.009130,39.000000
0.011719,-0.039062,-0.007812,0.000000,30.751818,40.000000
0.017578,-0.080078,-0.009766,0.000000,31.981070,40.000000
0.029297,-0.119141,-0.005859,0.000000,30.244856,40.000000
0.056641,-0.154297,0.005859,0.000000,25.502283,40.000000
0.156250,-0.080078,1.255859,0.000000,23.117538,40.000000
0.435547,-0.083984,-1.275391,0.000000,23.031961,40.000000
0.554688,-0.042969,-1.275391,0.000000,21.702618,40.000000
2.662109,-0.179688,1.039062,0.000000,32.265999,40.000000
2.757812,-0.089844,0.906250,0.000000,31.290451,40.000000
4.398438,-0.142578,1.119141,0.000000,27.993406,40.000000
4.416016,-0.142578,1.210938,0.000000,31.473671,40.000000
4.447266,-0.144531,1.250000,0.000000,31.411362,40.000000
4.654297,-0.146484,0.238281,0.000000,30.086002,40.000000
4.742188,-0.298828,-0.566406,0.000000,33.215984,40.000000
4.781250,-0.300781,-0.587891,0.000000,33.677284,40.000000
4.884766,-0.308594,0.742188,0.000000,31.182648,40.000000
4.949219,-0.623047,0.132812,0.000000,30.021660,40.000000
0.011719,0.031250,0.023438,0.000000,29.390198,40.000000
0.041016,-0.033203,0.062500,0.000000,30.136797,40.000000
0.052734,-0.042969,0.103516,0.000000,29.003672,40.000000
0.011719,-0.039062,-0.007812,0.000000,30.748165,41.000000
0.017578,-0.080078,-0.007812,0.000000,31.975563,41.000000
0.029297,-0.119141,-0.005859,0.000000,30.236639,41.000000
0.056641,-0.154297,0.005859,0.000000,25.502283,41.000000
0.140625,-0.080078,1.257812,0.000000,23.096302,41.000000
0.406250,-0.083984,-1.285156,0.000000,23.031961,41.000000
2.658203,-0.179688,1.048828,0.000000,32.260841,41.000000
2.751953,-0.089844,0.923828,0.000000,31.312979,41.000000
4.419922,-0.142578,1.199219,0.000000,31.464382,41.000000
4.478516,-0.144531,1.134766,0.000000,31.586639,41.000000
4.640625,-0.000000,0.457031,0.000000,30.119930,41.000000
4.714844,-0.296875,-0.455078,0.000000,29.464523,41.000000
4.740234,-0.298828,-0.583984,0.000000,33.338501,41.000000
4.779297,-0.300781,-0.613281,0.000000,33.783978,41.000000
4.810547,-0.152344,-0.724609,0.000000,29.858753,41.000000
4.884766,-0.308594,0.738281,0.000000,31.166077,41.000000
4.949219,-0.623047,0.136719,0.000000,29.890047,41.000000
2.367188,-0.000000,-0.648438,-1.229337,22.278868,41.000000
2.199219,0.210938,-0.425781,-0.614669,27.007038,41.000000
2.244141,0.214844,-0.406250,-0.614669,29.956352,41.000000
2.285156,0.218750,-0.406250,-0.614669,29.479237,41.000000
2.316406,0.296875,-0.416016,-0.614669,26.541765,41.000000
0.011719,0.031250,0.025391,0.000000,29.395193,41.000000
0.041016,-0.033203,0.062500,0.000000,30.141003,41.000000
0.052734,-0.042969,0.103516,0.000000,29.009130,41.000000
0.011719,-0.039062,-0.007812,0.000000,30.748165,42.000000
0.017578,-0.080078,-0.009766,0.000000,31.978317,42.000000
0.029297,-0.119141,-0.005859,0.000000,30.240749,42.000000
0.056641,-0.154297,0.005859,0.000000,25.502283,42.000000
0.181641,-0.080078,1.251953,0.000000,23.138672,42.000000
0.416016,-0.083984,-1.281250,0.000000,23.010300,42.000000
0.562500,-0.042969,-1.271484,0.000000,21.613680,42.000000
2.660156,-0.179688,1.042969,0.000000,32.268578,42.000000
2.753906,-0.089844,0.916016,0.000000,31.309767,42.000000
4.423828,-0.142578,1.181641,0.000000,31.442627,42.000000
4.482422,-0.144531,1.123047,0.000000,31.312979,42.000000
4.705078,-0.296875,-0.542969,0.000000,29.216866,42.000000
4.740234,-0.298828,-0.583984,0.000000,33.494717,42.000000
4.779297,-0.300781,-0.605469,0.000000,33.988079,42.000000
4.806641,-0.152344,-0.755859,0.000000,30.107239,42.000000
4.884766,-0.308594,0.734375,0.000000,31.102530,42.000000
4.949219,-0.623047,0.121094,0.000000,29.858753,42.000000
2.267578,0.142578,-0.294922,-0.614669,26.424644,42.000000
2.314453,0.146484,-0.242188,-0.614669,25.693739,42.000000
0.011719,0.031250,0.025391,0.000000,29.395193,42.000000
0.041016,-0.033203,0.062500,0.000000,30.145205,42.000000
0.052734,-0.042969,0.103516,0.000000,29.009130,42.000000
0.011719,-0.039062,-0.007812,0.000000,30.744507,43.000000
0.017578,-0.080078,-0.007812,0.000000,31.978317,43.000000
0.029297,-0.119141,-0.005859,0.000000,30.240749,43.000000
0.056641,-0.154297,0.005859,0.000000,25.490032,43.000000
0.125000,-0.080078,1.259766,0.000000,23.138672,43.000000
0.433594,-0.083984,-1.275391,0.000000,23.053514,43.000000
0.531250,-0.042969,-1.285156,0.000000,21.673174,43.000000
2.236328,0.210938,-0.121094,0.000000,28.536982,43.000000
2.273438,0.214844,-0.183594,0.000000,28.881796,43.000000
2.296875,0.218750,-0.333984,0.000000,26.117233,43.000000
2.662109,-0.179688,1.039062,0.000000,32.278866,43.000000
2.753906,-0.089844,0.917969,0.000000,31.309767,43.000000
4.417969,-0.142578,1.205078,0.000000,31.341770,43.000000
4.466797,-0.144531,1.177734,0.000000,31.195858,43.000000
4.609375,-0.000000,0.712891,0.000000,29.247959,43.000000
4.716797,-0.296875,-0.429688,0.000000,29.299295,43.000000
4.744141,-0.298828,-0.558594,0.000000,33.398487,43.000000
4.781250,-0.300781,-0.589844,0.000000,33.925209,43.000000
4.806641,-0.152344,-0.759766,0.000000,30.107239,43.000000
4.890625,-0.308594,0.691406,0.000000,31.034616,43.000000
4.951172,-0.623047,0.087891,0.000000,29.840771,43.000000
0.011719,0.031250,0.025391,0.000000,29.390198,43.000000
0.041016,-0.033203,0.062500,0.000000,30.136797,43.000000
0.052734,-0.042969,0.103516,0.000000,29.003672,43.000000
0.011719,-0.039062,-0.007812,0.000000,30.759117,44.000000
0.017578,-0.080078,-0.009766,0.000000,31.978317,44.000000
0.029297,-0.119141,-0.005859,0.000000,30.236639,44.000000
0.056641,-0.154297,0.005859,0.000000,25.490032,44.000000
0.064453,-0.080078,1.263672,0.000000,23.180634,44.000000
0.425781,-0.083984,-1.279297,0.000000,23.053514,44.000000
0.554688,-0.042969,-1.275391,0.000000,21.673174,44.000000
2.619141,-0.175781,1.039062,0.000000,29.030899,44.000000
2.662109,-0.179688,1.041016,0.000000,32.286568,44.000000
2.759766,-0.089844,0.900391,0.000000,31.360861,44.000000
4.417969,-0.142578,1.201172,0.000000,31.433271,44.000000
4.476562,-0.144531,1.144531,0.000000,31.296900,44.000000
4.714844,-0.296875,-0.441406,0.000000,29.283958,44.000000
4.742188,-0.298828,-0.570312,0.000000,33.178543,44.000000
4.777344,-0.300781,-0.619141,0.000000,33.613499,44.000000
4.880859,-0.308594,0.767578,0.000000,31.225435,44.000000
4.949219,-0.623047,0.166016,0.000000,29.969492,44.000000
0.011719,0.031250,0.025391,0.000000,29.395193,44.000000
0.041016,-0.033203,0.062500,0.000000,30.136797,44.000000
0.052734,-0.042969,0.103516,0.000000,29.009130,44.000000
0.011719,-0.039062,-0.007812,0.000000,30.751818,45.000000
0.017578,-0.080078,-0.007812,0.000000,31.978317,45.000000
0.029297,-0.119141,-0.005859,0.000000,30.240749,45.000000
0.056641,-0.154297,0.005859,0.000000,25.502283,45.000000
0.105469,-0.080078,1.261719,0.000000,23.117538,45.000000
0.423828,-0.083984,-1.279297,0.000000,23.010300,45.000000
0.554688,-0.042969,-1.275391,0.000000,21.702618,45.000000
2.625000,-0.175781,1.019531,0.000000,29.041744,45.000000
2.667969,-0.179688,1.025391,0.000000,32.273724,45.000000
2.765625,-0.089844,0.882812,0.000000,31.319393,45.000000
4.416016,-0.142578,1.210938,0.000000,31.395643,45.000000
4.457031,-0.144531,1.220703,0.000000,31.000257,45.000000
4.742188,-0.298828,-0.580078,0.000000,33.055664,45.000000
4.775391,-0.300781,-0.628906,0.000000,33.598354,45.000000
4.886719,-0.308594,0.716797,0.000000,31.126051,45.000000
4.951172,-0.623047,0.082031,0.000000,29.907827,45.000000
0.011719,0.031250,0.025391,0.000000,29.385197,45.000000
0.041016,-0.033203,0.062500,0.000000,30.141003,45.000000
0.052734,-0.042969,0.103516,0.000000,29.009130,45.000000
0.011719,-0.039062,-0.007812,0.000000,30.751818,46.000000
0.017578,-0.080078,-0.009766,0.000000,31.978317,46.000000
0.029297,-0.119141,-0.005859,0.000000,30.240749,46.000000
0.056641,-0.154297,0.005859,0.000000,25.502283,46.000000
0.091797,-0.080078,1.261719,0.000000,23.138672,46.000000
0.427734,-0.083984,-1.277344,0.000000,23.053514,46.000000
0.535156,-0.042969,-1.283203,0.000000,21.673174,46.000000
2.611328,-0.175781,1.054688,0.000000,28.987251,46.000000
2.660156,-0.179688,1.046875,0.000000,32.245331,46.000000
2.750000,-0.089844,0.931641,0.000000,31.303337,46.000000
4.412109,-0.142578,1.226562,0.000000,31.300119,46.000000
4.447266,-0.144531,1.250000,0.000000,30.842186,46.000000
4.742188,-0.298828,-0.570312,0.000000,33.094173,46.000000
4.779297,-0.300781,-0.609375,0.000000,33.617279,46.000000
4.794922,-0.152344,-0.824219,0.000000,29.547249,46.000000
4.876953,-0.308594,0.783203,0.000000,31.055101,46.000000
4.949219,-0.623047,0.126953,0.000000,29.777237,46.000000
2.193359,0.138672,-0.216797,-0.614669,26.063814,46.000000
2.230469,0.140625,-0.265625,-0.614669,28.394781,46.000000
2.273438,0.142578,-0.248047,-0.614669,28.129133,46.000000
0.011719,0.031250,0.025391,0.000000,29.385197,46.000000
0.041016,-0.033203,0.062500,0.000000,30.141003,46.000000
0.052734,-0.042969,0.103516,0.000000,29.003672,46.000000
0.011719,-0.039062,-0.007812,0.000000,30.759117,47.000000
0.017578,-0.080078,-0.009766,0.000000,31.983822,47.000000
0.029297,-0.119141,-0.005859,0.000000,30.244856,47.000000
0.056641,-0.154297,0.005859,0.000000,25.490032,47.000000
0.138672,-0.080078,1.257812,0.000000,23.138672,47.000000
