4.724609,-0.298828,-0.699219,0.000000,33.382572,0.000000
4.775391,-0.300781,-0.628906,0.000000,33.995007,0.000000
4.816406,-0.152344,-0.687500,0.000000,30.599419,0.000000
4.808594,-0.306641,0.935547,0.000000,28.992731,0.000000
4.878906,-0.308594,0.773438,0.000000,31.136091,0.000000
4.945312,-0.623047,0.253906,0.000000,29.925535,0.000000
0.011719,0.031250,0.025391,0.000000,29.380192,0.000000
0.041016,-0.033203,0.062500,0.000000,30.132587,0.000000
0.052734,-0.042969,0.101562,0.000000,28.992731,0.000000
0.337891,0.199219,0.988281,0.000000,27.528164,0.000000
0.011719,-0.039062,-0.007812,0.000000,30.748165,1.000000
0.017578,-0.080078,-0.007812,0.000000,31.972805,1.000000
0.029297,-0.119141,-0.005859,0.000000,30.232525,1.000000
0.056641,-0.154297,0.005859,0.000000,25.502283,1.000000
0.789062,0.470703,-0.201172,0.000000,19.777237,1.000000
0.837891,0.490234,-0.148438,0.000000,28.175653,1.000000
0.851562,0.542969,-0.156250,0.000000,31.801258,1.000000
0.888672,0.564453,-0.144531,0.000000,32.030331,1.000000
0.929688,0.585938,-0.107422,0.000000,29.206450,1.000000
1.027344,0.501953,-0.058594,0.000000,26.053051,1.000000
1.111328,0.408203,0.062500,0.000000,25.976952,1.000000
1.171875,0.345703,0.121094,0.000000,25.763414,1.000000
2.652344,-0.087891,0.960938,0.000000,28.981766,1.000000
2.664062,-0.179688,1.035156,0.000000,32.172207,1.000000
2.763672,-0.089844,0.890625,0.000000,31.109262,1.000000
4.404297,-0.142578,1.255859,0.000000,31.344959,1.000000
4.406250,-0.144531,1.390625,0.000000,31.126051,1.000000
4.738281,-0.298828,-0.599609,0.000000,33.304138,1.000000
4.775391,-0.300781,-0.638672,0.000000,34.046627,1.000000
4.808594,-0.152344,-0.748047,0.000000,30.744507,1.000000
4.894531,-0.308594,0.669922,0.000000,31.132748,1.000000
4.949219,-0.623047,0.121094,0.000000,29.795485,1.000000
0.011719,0.031250,0.023438,0.000000,29.390198,1.000000
0.041016,-0.033203,0.062500,0.000000,30.132587,1.000000
0.052734,-0.042969,0.103516,0.000000,29.003672,1.000000
0.277344,0.207031,1.048828,0.000000,26.766935,1.000000
0.011719,-0.039062,-0.007812,0.000000,30.737183,2.000000
0.017578,-0.080078,-0.009766,0.000000,31.970047,2.000000
0.029297,-0.119141,-0.005859,0.000000,30.232525,2.000000
0.056641,-0.154297,0.005859,0.000000,25.490032,2.000000
0.802734,0.441406,-0.214844,0.000000,22.013971,2.000000
0.824219,0.490234,-0.205078,0.000000,28.779470,2.000000
0.849609,0.542969,-0.171875,0.000000,32.049335,2.000000
0.886719,0.564453,-0.156250,0.000000,32.108532,2.000000
0.927734,0.585938,-0.123047,0.000000,28.998205,2.000000
1.023438,0.501953,-0.117188,0.000000,25.440680,2.000000
2.611328,-0.175781,1.054688,0.000000,29.063351,2.000000
2.660156,-0.179688,1.044922,0.000000,32.357807,2.000000
2.759766,-0.089844,0.900391,0.000000,31.473671,2.000000
4.404297,-0.142578,1.255859,0.000000,31.376705,2.000000
4.443359,-0.144531,1.265625,0.000000,31.296900,2.000000
4.658203,-0.146484,0.150391,0.000000,29.670797,2.000000
4.730469,-0.298828,-0.662109,0.000000,33.443924,2.000000
4.769531,-0.300781,-0.671875,0.000000,34.041492,2.000000
4.781250,-0.152344,-0.900391,0.000000,30.681858,2.000000
4.876953,-0.154297,0.542969,0.000000,28.981766,2.000000
4.902344,-0.308594,0.611328,0.000000,31.092409,2.000000
4.951172,-0.623047,0.105469,0.000000,29.772661,2.000000
0.011719,0.031250,0.025391,0.000000,29.380192,2.000000
0.041016,-0.033203,0.062500,0.000000,30.132587,2.000000
0.052734,-0.042969,0.103516,0.000000,29.003672,2.000000
0.011719,-0.039062,-0.007812,0.000000,30.733517,3.000000
0.017578,-0.080078,-0.007812,0.000000,31.970047,3.000000
0.029297,-0.119141,-0.005859,0.000000,30.232525,3.000000
0.056641,-0.154297,0.005859,0.000000,25.490032,3.000000
0.847656,0.382812,-0.144531,0.000000,22.479733,3.000000
0.796875,0.367188,-0.437500,0.000000,27.209858,3.000000
0.833984,0.576172,-0.136719,0.000000,31.245043,3.000000
0.869141,0.597656,-0.134766,0.000000,31.414497,3.000000
0.898438,0.621094,-0.158203,0.000000,27.379873,3.000000
0.849609,0.250000,0.726562,0.000000,22.278868,3.000000
1.064453,0.259766,0.455078,0.000000,23.242825,3.000000
2.621094,-0.175781,1.029297,0.000000,28.836615,3.000000
2.660156,-0.179688,1.046875,0.000000,32.137833,3.000000
2.748047,-0.089844,0.935547,0.000000,31.129400,3.000000
4.412109,-0.142578,1.222656,0.000000,31.479853,3.000000
4.435547,-0.144531,1.291016,0.000000,31.423895,3.000000
4.744141,-0.298828,-0.562500,0.000000,33.388546,3.000000
4.779297,-0.300781,-0.607422,0.000000,34.053463,3.000000
4.810547,-0.152344,-0.734375,0.000000,30.902580,3.000000
4.892578,-0.308594,0.681641,0.000000,31.075491,3.000000
4.949219,-0.623047,0.171875,0.000000,29.885590,3.000000
0.011719,0.031250,0.025391,0.000000,29.380192,3.000000
0.041016,-0.033203,0.062500,0.000000,30.128372,3.000000
0.052734,-0.042969,0.101562,0.000000,28.998205,3.000000
0.794922,0.552734,-0.162109,0.000000,26.893089,3.000000
0.632812,0.287109,-0.750000,0.000000,28.859262,3.000000
0.644531,0.242188,0.863281,0.000000,26.830471,3.000000
0.011719,-0.039062,-0.007812,0.000000,30.744507,4.000000
0.017578,-0.080078,-0.009766,0.000000,31.972805,4.000000
0.029297,-0.119141,-0.005859,0.000000,30.236639,4.000000
0.056641,-0.154297,0.005859,0.000000,25.502283,4.000000
0.861328,0.353516,0.140625,0.000000,23.304138,4.000000
0.853516,0.275391,0.398438,0.000000,27.250946,4.000000
0.794922,0.607422,-0.212891,0.000000,29.708117,4.000000
0.855469,0.597656,-0.205078,0.000000,29.595184,4.000000
0.783203,0.275391,0.728516,0.000000,27.067179,4.000000
1.044922,0.357422,0.304688,0.000000,25.797836,4.000000
2.566406,-0.263672,1.146484,0.000000,28.965261,4.000000
2.660156,-0.179688,1.046875,0.000000,32.240147,4.000000
2.759766,-0.089844,0.900391,0.000000,31.293676,4.000000
4.425781,-0.142578,1.171875,0.000000,31.448854,4.000000
4.458984,-0.144531,1.208984,0.000000,31.423895,4.000000
4.738281,-0.298828,-0.599609,0.000000,33.360592,4.000000
4.775391,-0.300781,-0.632812,0.000000,34.007107,4.000000
4.806641,-0.152344,-0.759766,0.000000,30.718821,4.000000
4.900391,-0.308594,0.625000,0.000000,31.136091,4.000000
4.968750,-0.468750,-0.035156,0.000000,29.956352,4.000000
0.011719,0.031250,0.025391,0.000000,29.380192,4.000000
0.041016,-0.033203,0.062500,0.000000,30.128372,4.000000
0.052734,-0.042969,0.103516,0.000000,28.998205,4.000000
0.712891,0.613281,-0.281250,0.000000,26.324574,4.000000
0.738281,0.255859,0.660156,0.000000,28.413595,4.000000
0.607422,0.232422,0.841797,0.000000,27.888752,4.000000
0.847656,0.656250,-0.269531,0.000000,25.854607,4.000000
0.011719,-0.039062,-0.007812,0.000000,30.733517,5.000000
0.017578,-0.080078,-0.009766,0.000000,31.967287,5.000000
0.029297,-0.119141,-0.005859,0.000000,30.228407,5.000000
0.056641,-0.154297,0.005859,0.000000,25.490032,5.000000
0.857422,0.382812,0.058594,0.000000,23.579348,5.000000
0.886719,0.337891,0.253906,0.000000,25.465427,5.000000
0.638672,0.255859,0.757812,0.000000,24.393328,5.000000
0.904297,0.498047,-0.257812,0.000000,24.996870,5.000000
1.009766,0.449219,0.029297,0.000000,26.020599,5.000000
1.048828,0.394531,0.234375,0.000000,25.987906,5.000000
1.101562,0.333984,0.289062,0.000000,24.456041,5.000000
2.642578,-0.175781,0.976562,0.000000,28.898617,5.000000
2.675781,-0.179688,1.003906,0.000000,32.242741,5.000000
2.769531,-0.089844,0.869141,0.000000,31.341770,5.000000
4.431641,-0.142578,1.156250,0.000000,31.392492,5.000000
4.453125,-0.144531,1.228516,0.000000,31.280760,5.000000
4.740234,-0.298828,-0.582031,0.000000,33.372597,5.000000
4.775391,-0.300781,-0.640625,0.000000,34.034637,5.000000
4.798828,-0.152344,-0.798828,0.000000,30.689276,5.000000
4.898438,-0.308594,0.634766,0.000000,31.102530,5.000000
4.968750,-0.468750,0.064453,0.000000,29.772661,5.000000
0.011719,0.031250,0.025391,0.000000,29.380192,5.000000
0.041016,-0.033203,0.062500,0.000000,30.132587,5.000000
0.052734,-0.042969,0.103516,0.000000,29.003672,5.000000
0.810547,0.607422,-0.138672,0.000000,24.149733,5.000000
0.566406,0.132812,0.890625,0.000000,22.810333,5.000000
0.011719,-0.039062,-0.007812,0.000000,30.740847,6.000000
0.017578,-0.080078,-0.009766,0.000000,31.970047,6.000000
0.029297,-0.119141,-0.005859,0.000000,30.232525,6.000000
0.056641,-0.154297,0.005859,0.000000,25.490032,6.000000
0.833984,0.412109,-0.140625,0.000000,25.403296,6.000000
0.849609,0.460938,-0.173828,0.000000,29.052561,6.000000
0.863281,0.511719,-0.199219,0.000000,29.599949,6.000000
0.824219,0.199219,0.642578,0.000000,27.951845,6.000000
1.025391,0.242188,0.330078,0.000000,28.375885,6.000000
1.070312,0.322266,0.253906,0.000000,26.665180,6.000000
2.619141,-0.175781,1.039062,0.000000,29.041744,6.000000
2.669922,-0.179688,1.017578,0.000000,32.211533,6.000000
2.773438,-0.089844,0.859375,0.000000,31.176027,6.000000
4.417969,-0.142578,1.207031,0.000000,31.351326,6.000000
4.433594,-0.144531,1.302734,0.000000,31.126051,6.000000
4.738281,-0.298828,-0.605469,0.000000,33.372597,6.000000
4.771484,-0.300781,-0.660156,0.000000,34.099331,6.000000
4.800781,-0.152344,-0.794922,0.000000,30.916670,6.000000
4.855469,-0.154297,0.707031,0.000000,28.920946,6.000000
4.894531,-0.308594,0.671875,0.000000,31.044870,6.000000
4.968750,-0.468750,0.027344,0.000000,29.790930,6.000000
0.011719,0.031250,0.025391,0.000000,29.385197,6.000000
0.041016,-0.033203,0.062500,0.000000,30.132587,6.000000
0.052734,-0.042969,0.103516,0.000000,28.998205,6.000000
0.359375,0.160156,0.943359,0.000000,26.739420,6.000000
0.847656,0.564453,-0.304688,0.000000,27.803173,6.000000
0.011719,-0.039062,-0.007812,0.000000,30.740847,7.000000
0.017578,-0.080078,-0.007812,0.000000,31.970047,7.000000
0.029297,-0.119141,-0.005859,0.000000,30.232525,7.000000
0.056641,-0.154297,0.005859,0.000000,25.490032,7.000000
0.822266,0.365234,-0.017578,0.000000,22.304489,7.000000
0.859375,0.382812,-0.019531,0.000000,29.459606,7.000000
0.882812,0.429688,-0.011719,0.000000,32.079037,7.000000
0.904297,0.478516,-0.007812,0.000000,31.401937,7.000000
0.968750,0.431641,0.078125,0.000000,28.247765,7.000000
1.093750,0.287109,0.181641,0.000000,22.741579,7.000000
1.117188,0.296875,0.267578,0.000000,24.727564,7.000000
2.617188,-0.175781,1.039062,0.000000,28.830935,7.000000
2.662109,-0.179688,1.039062,0.000000,32.135178,7.000000
2.750000,-0.089844,0.931641,0.000000,31.192558,7.000000
4.400391,-0.142578,1.265625,0.000000,31.277525,7.000000
4.414062,-0.144531,1.363281,0.000000,31.159431,7.000000
4.742188,-0.298828,-0.568359,0.000000,33.320343,7.000000
4.779297,-0.300781,-0.607422,0.000000,34.048336,7.000000
4.812500,-0.152344,-0.714844,0.000000,30.920185,7.000000
4.888672,-0.308594,0.716797,0.000000,31.038036,7.000000
4.949219,-0.623047,0.144531,0.000000,29.885590,7.000000
0.011719,0.031250,0.025391,0.000000,29.380192,7.000000
0.041016,-0.033203,0.062500,0.000000,30.128372,7.000000
0.052734,-0.042969,0.103516,0.000000,28.998205,7.000000
0.011719,-0.039062,-0.007812,0.000000,30.740847,8.000000
0.017578,-0.080078,-0.009766,0.000000,31.970047,8.000000
0.029297,-0.119141,-0.005859,0.000000,30.228407,8.000000
0.056641,-0.154297,0.005859,0.000000,25.490032,8.000000
0.820312,0.365234,-0.048828,0.000000,24.082399,8.000000
1.019531,0.265625,0.150391,0.000000,29.425041,8.000000
1.044922,0.345703,0.103516,0.000000,28.202015,8.000000
2.615234,-0.175781,1.048828,0.000000,28.998205,8.000000
2.652344,-0.179688,1.062500,0.000000,32.190605,8.000000
2.742188,-0.089844,0.953125,0.000000,31.205740,8.000000
4.408203,-0.142578,1.244141,0.000000,31.357685,8.000000
4.408203,-0.144531,1.386719,0.000000,31.225435,8.000000
4.738281,-0.298828,-0.599609,0.000000,33.451775,8.000000
4.775391,-0.300781,-0.632812,0.000000,34.070507,8.000000
4.804688,-0.152344,-0.769531,0.000000,30.766405,8.000000
4.824219,-0.306641,0.857422,0.000000,28.926510,8.000000
4.882812,-0.308594,0.755859,0.000000,31.159431,8.000000
4.947266,-0.623047,0.218750,0.000000,29.965117,8.000000
0.816406,0.365234,-0.103516,-0.614669,24.031206,8.000000
0.839844,0.412109,-0.095703,-0.614669,30.195316,8.000000
0.876953,0.429688,-0.103516,-0.614669,32.247921,8.000000
0.880859,0.511719,-0.082031,-0.614669,30.538464,8.000000
1.062500,0.429688,0.021484,-0.614669,24.742163,8.000000
0.011719,0.031250,0.025391,0.000000,29.385197,8.000000
0.041016,-0.033203,0.062500,0.000000,30.132587,8.000000
0.052734,-0.042969,0.103516,0.000000,28.998205,8.000000
0.564453,0.160156,-0.837891,-0.614669,28.007172,8.000000
0.011719,-0.039062,-0.007812,0.000000,30.748165,9.000000
0.017578,-0.080078,-0.007812,0.000000,31.970047,9.000000
0.029297,-0.119141,-0.005859,0.000000,30.232525,9.000000
0.056641,-0.154297,0.005859,0.000000,25.502283,9.000000
0.994141,0.365234,0.089844,0.000000,29.036325,9.000000
1.035156,0.345703,0.171875,0.000000,26.512779,9.000000
2.613281,-0.175781,1.052734,0.000000,29.036325,9.000000
2.654297,-0.179688,1.060547,0.000000,32.345173,9.000000
2.740234,-0.089844,0.955078,0.000000,31.433271,9.000000
4.417969,-0.142578,1.207031,0.000000,31.433271,9.000000
4.474609,-0.144531,1.150391,0.000000,31.383026,9.000000
4.658203,-0.000000,-0.214844,0.000000,29.633156,9.000000
4.673828,-0.296875,-0.769531,0.000000,29.508514,9.000000
4.738281,-0.298828,-0.605469,0.000000,33.422253,9.000000
4.777344,-0.300781,-0.625000,0.000000,34.007107,9.000000
4.800781,-0.152344,-0.789062,0.000000,30.678144,9.000000
4.841797,-0.306641,0.750000,0.000000,28.932068,9.000000
4.886719,-0.308594,0.726562,0.000000,31.251558,9.000000
4.947266,-0.623047,0.179688,0.000000,30.132587,9.000000
0.820312,0.365234,-0.058594,-0.614669,26.324574,9.000000
0.859375,0.382812,-0.041016,-0.614669,31.708483,9.000000
0.896484,0.398438,-0.027344,-0.614669,33.304138,9.000000
0.947266,0.382812,-0.005859,-0.614669,31.818436,9.000000
0.011719,0.031250,0.025391,0.000000,29.380192,9.000000
0.041016,-0.033203,0.062500,0.000000,30.136797,9.000000
0.052734,-0.042969,0.103516,0.000000,29.003672,9.000000
0.011719,-0.039062,-0.007812,0.000000,30.740847,10.000000
0.017578,-0.080078,-0.007812,0.000000,31.970047,10.000000
0.029297,-0.119141,-0.005859,0.000000,30.228407,10.000000
0.056641,-0.154297,0.005859,0.000000,25.490032,10.000000
0.871094,0.224609,-0.023438,0.000000,24.941545,10.000000
0.759766,0.166016,0.724609,0.000000,24.533184,10.000000
2.613281,-0.175781,1.048828,0.000000,28.943161,10.000000
2.666016,-0.179688,1.027344,0.000000,32.221962,10.000000
2.763672,-0.089844,0.890625,0.000000,31.228710,10.000000
4.427734,-0.142578,1.171875,0.000000,31.354507,10.000000
4.455078,-0.144531,1.224609,0.000000,31.142773,10.000000
4.742188,-0.298828,-0.572266,0.000000,33.398487,10.000000
4.779297,-0.300781,-0.605469,0.000000,34.041492,10.000000
4.814453,-0.152344,-0.705078,0.000000,30.707766,10.000000
4.832031,-0.306641,0.810547,0.000000,29.127533,10.000000
4.886719,-0.308594,0.728516,0.000000,31.212315,10.000000
4.949219,-0.623047,0.148438,0.000000,29.995655,10.000000
0.785156,0.500000,-0.140625,-0.614669,27.867514,10.000000
0.843750,0.490234,-0.107422,-0.614669,29.232441,10.000000
0.892578,0.478516,-0.134766,-0.614669,27.299744,10.000000
1.035156,0.310547,0.224609,-0.614669,24.517864,10.000000
0.011719,0.031250,0.025391,0.000000,29.380192,10.000000
0.041016,-0.033203,0.062500,0.000000,30.132587,10.000000
0.052734,-0.042969,0.103516,0.000000,29.003672,10.000000
0.871094,0.205078,0.291016,-0.614669,27.535831,10.000000
0.771484,0.154297,0.585938,-0.614669,27.275414,10.000000
0.783203,0.095703,0.648438,-0.614669,25.888317,10.000000
0.011719,-0.039062,-0.007812,0.000000,30.744507,11.000000
0.017578,-0.080078,-0.007812,0.000000,31.972805,11.000000
0.029297,-0.119141,-0.005859,0.000000,30.236639,11.000000
0.056641,-0.154297,0.005859,0.000000,25.502283,11.000000
0.970703,0.398438,-0.177734,0.000000,27.435097,11.000000
2.626953,-0.175781,1.017578,0.000000,28.830935,11.000000
2.666016,-0.179688,1.029297,0.000000,32.113876,11.000000
2.757812,-0.089844,0.908203,0.000000,31.136091,11.000000
4.427734,-0.142578,1.167969,0.000000,31.367207,11.000000
4.484375,-0.144531,1.109375,0.000000,31.251558,11.000000
4.656250,-0.146484,-0.224609,0.000000,29.344984,11.000000
4.687500,-0.296875,-0.673828,0.000000,29.211660,11.000000
4.742188,-0.298828,-0.572266,0.000000,33.364597,11.000000
4.775391,-0.300781,-0.638672,0.000000,33.928726,11.000000
4.794922,-0.152344,-0.824219,0.000000,30.398106,11.000000
4.841797,-0.306641,0.746094,0.000000,29.164539,11.000000
4.886719,-0.308594,0.726562,0.000000,31.209028,11.000000
4.947266,-0.623047,0.181641,0.000000,29.938768,11.000000
0.806641,0.394531,-0.064453,-0.614669,28.407331,11.000000
0.841797,0.412109,-0.076172,-0.614669,31.439510,11.000000
0.884766,0.398438,-0.144531,-0.614669,32.105862,11.000000
0.921875,0.382812,-0.222656,-0.614669,31.136091,11.000000
1.021484,0.310547,0.283203,-0.614669,24.232458,11.000000
0.011719,0.031250,0.025391,0.000000,29.380192,11.000000
0.041016,-0.033203,0.062500,0.000000,30.132587,11.000000
0.052734,-0.042969,0.103516,0.000000,28.998205,11.000000
0.324219,0.033203,1.011719,0.000000,25.158739,11.000000
0.359375,0.064453,0.955078,-0.614669,28.512583,11.000000
1.099609,-0.068359,0.072266,-0.614669,21.461281,11.000000
0.011719,-0.039062,-0.007812,0.000000,30.733517,12.000000
0.017578,-0.080078,-0.009766,0.000000,31.970047,12.000000
0.029297,-0.119141,-0.005859,0.000000,30.232525,12.000000
0.056641,-0.154297,0.005859,0.000000,25.490032,12.000000
0.978516,0.287109,0.066406,0.000000,29.712759,12.000000
1.013672,0.298828,0.126953,0.000000,25.705429,12.000000
2.630859,-0.175781,1.007812,0.000000,28.932068,12.000000
2.667969,-0.179688,1.025391,0.000000,32.153732,12.000000
2.757812,-0.089844,0.908203,0.000000,31.136091,12.000000
4.427734,-0.142578,1.171875,0.000000,31.228710,12.000000
4.474609,-0.144531,1.148438,0.000000,31.048285,12.000000
4.671875,-0.296875,-0.781250,0.000000,29.263424,12.000000
4.738281,-0.298828,-0.603516,0.000000,33.453739,12.000000
4.775391,-0.300781,-0.638672,0.000000,34.065403,12.000000
4.802734,-0.152344,-0.781250,0.000000,30.856472,12.000000
4.865234,-0.154297,0.628906,0.000000,29.268568,12.000000
4.888672,-0.308594,0.710938,0.000000,31.290451,12.000000
4.947266,-0.623047,0.179688,0.000000,30.004341,12.000000
0.806641,0.294922,-0.039062,-0.614669,25.514500,12.000000
0.832031,0.337891,-0.062500,-0.614669,30.640835,12.000000
0.871094,0.353516,-0.052734,-0.614669,31.872387,12.000000
0.931641,0.306641,-0.001953,-0.614669,31.082266,12.000000
0.009766,0.031250,0.025391,0.000000,29.380192,12.000000
0.041016,-0.033203,0.062500,0.000000,30.132587,12.000000
0.052734,-0.042969,0.103516,0.000000,29.009130,12.000000
0.011719,-0.039062,-0.007812,0.000000,30.740847,13.000000
0.017578,-0.080078,-0.007812,0.000000,31.967287,13.000000
0.029297,-0.119141,-0.005859,0.000000,30.228407,13.000000
0.056641,-0.154297,0.005859,0.000000,25.477747,13.000000
0.941406,0.154297,0.230469,0.000000,32.997253,13.000000
2.599609,-0.175781,1.083984,0.000000,28.998205,13.000000
2.666016,-0.179688,1.027344,0.000000,32.145790,13.000000
2.769531,-0.089844,0.867188,0.000000,31.105898,13.000000
4.423828,-0.142578,1.185547,0.000000,31.205740,13.000000
4.443359,-0.289062,1.242188,0.000000,30.948204,13.000000
4.744141,-0.298828,-0.564453,0.000000,33.285835,13.000000
4.775391,-0.300781,-0.636719,0.000000,33.921692,13.000000
4.808594,-0.152344,-0.740234,0.000000,30.569048,13.000000
4.837891,-0.306641,0.775391,0.000000,29.258276,13.000000
4.888672,-0.308594,0.707031,0.000000,31.254812,13.000000
4.966797,-0.468750,0.140625,0.000000,29.916691,13.000000
0.824219,0.242188,-0.013672,-0.614669,25.550945,13.000000
0.855469,0.281250,-0.023438,-0.614669,29.717396,13.000000
0.902344,0.263672,0.011719,-0.614669,30.863598,13.000000
0.992188,0.191406,0.154297,-0.614669,33.406425,13.000000
1.027344,0.199219,0.185547,-0.614669,31.821293,13.000000
1.054688,0.242188,0.226562,-0.614669,28.561245,13.000000
0.009766,0.031250,0.025391,0.000000,29.380192,13.000000
0.041016,-0.033203,0.062500,0.000000,30.136797,13.000000
0.052734,-0.042969,0.103516,0.000000,28.998205,13.000000
0.011719,-0.039062,-0.007812,0.000000,30.744507,14.000000
0.017578,-0.080078,-0.007812,0.000000,31.972805,14.000000
0.029297,-0.119141,-0.005859,0.000000,30.232525,14.000000
0.056641,-0.154297,0.005859,0.000000,25.477747,14.000000
2.613281,-0.175781,1.050781,0.000000,28.779470,14.000000
2.662109,-0.179688,1.041016,0.000000,31.917303,14.000000
2.765625,-0.089844,0.880859,0.000000,30.838608,14.000000
4.382812,-0.283203,1.152344,0.000000,27.909885,14.000000
4.419922,-0.142578,1.197266,0.000000,31.714338,14.000000
4.435547,-0.144531,1.292969,0.000000,31.325798,14.000000
4.740234,-0.298828,-0.582031,0.000000,33.368599,14.000000
4.773438,-0.300781,-0.656250,0.000000,33.949768,14.000000
4.796875,-0.152344,-0.808594,0.000000,30.429691,14.000000
4.835938,-0.306641,0.779297,0.000000,29.079485,14.000000
4.888672,-0.308594,0.705078,0.000000,31.199154,14.000000
4.949219,-0.623047,0.148438,0.000000,29.938768,14.000000
0.755859,0.306641,-0.048828,-0.614669,26.053051,14.000000
0.792969,0.322266,-0.068359,-0.614669,32.427898,14.000000
0.830078,0.337891,-0.083984,-0.614669,34.443573,14.000000
0.845703,0.382812,-0.150391,-0.614669,33.092041,14.000000
0.935547,0.091797,0.281250,-0.614669,31.420765,14.000000
0.996094,0.160156,0.169922,-0.614669,31.658377,14.000000
1.027344,0.232422,0.140625,-0.614669,29.894499,14.000000
1.064453,0.242188,0.167969,-0.614669,25.854607,14.000000
0.011719,0.031250,0.025391,0.000000,29.380192,14.000000
0.041016,-0.033203,0.062500,0.000000,30.136797,14.000000
0.052734,-0.042969,0.103516,0.000000,29.009130,14.000000
0.722656,0.058594,0.599609,-0.614669,31.065308,14.000000
0.759766,0.429688,-0.449219,-0.614669,28.692318,14.000000
0.011719,-0.039062,-0.007812,0.000000,30.744507,15.000000
0.017578,-0.080078,-0.009766,0.000000,31.970047,15.000000
0.029297,-0.119141,-0.005859,0.000000,30.232525,15.000000
0.056641,-0.154297,0.005859,0.000000,25.477747,15.000000
2.611328,-0.175781,1.054688,0.000000,28.727388,15.000000
2.656250,-0.179688,1.054688,0.000000,31.878027,15.000000
2.755859,-0.089844,0.910156,0.000000,30.718821,15.000000
4.398438,-0.287109,1.250000,0.000000,30.827854,15.000000
4.441406,-0.144531,1.269531,0.000000,30.644581,15.000000
4.660156,-0.146484,0.029297,0.000000,29.350031,15.000000
4.746094,-0.298828,-0.537109,0.000000,33.483047,15.000000
4.779297,-0.300781,-0.613281,0.000000,34.242279,15.000000
4.800781,-0.152344,-0.789062,0.000000,31.277525,15.000000
4.890625,-0.464844,0.603516,0.000000,30.584261,15.000000
4.951172,-0.623047,0.007812,0.000000,29.675480,15.000000
0.744141,0.332031,-0.064453,-0.614669,29.415113,15.000000
0.779297,0.349609,-0.085938,-0.614669,34.102711,15.000000
0.828125,0.337891,-0.101562,-0.614669,34.912216,15.000000
0.865234,0.353516,-0.113281,-0.614669,32.410480,15.000000
0.941406,0.275391,-0.003906,-0.614669,27.067179,15.000000
0.986328,0.224609,0.156250,-0.614669,26.042261,15.000000
0.011719,0.031250,0.025391,0.000000,29.380192,15.000000
0.041016,-0.033203,0.062500,0.000000,30.128372,15.000000
0.052734,-0.042969,0.103516,0.000000,28.998205,15.000000
0.556641,-0.160156,-0.843750,-0.614669,23.541084,15.000000
0.011719,-0.039062,-0.007812,0.000000,30.740847,16.000000
0.017578,-0.080078,-0.009766,0.000000,31.970047,16.000000
0.029297,-0.119141,-0.005859,0.000000,30.232525,16.000000
0.056641,-0.154297,0.005859,0.000000,25.502283,16.000000
0.937500,0.060547,0.287109,0.000000,26.946053,16.000000
2.648438,-0.087891,0.970703,0.000000,29.365137,16.000000
2.660156,-0.179688,1.046875,0.000000,32.674065,16.000000
2.748047,-0.089844,0.937500,0.000000,31.755117,16.000000
4.394531,-0.142578,1.132812,0.000000,28.356905,16.000000
4.421875,-0.142578,1.191406,0.000000,32.140488,16.000000
4.455078,-0.144531,1.226562,0.000000,31.775366,16.000000
4.656250,-0.146484,0.191406,0.000000,29.278833,16.000000
4.744141,-0.298828,-0.564453,0.000000,33.463531,16.000000
4.779297,-0.300781,-0.605469,0.000000,34.050045,16.000000
4.796875,-0.152344,-0.816406,0.000000,30.530785,16.000000
4.796875,-0.306641,0.998047,0.000000,29.247959,16.000000
4.880859,-0.308594,0.767578,0.000000,31.634596,16.000000
4.951172,-0.623047,0.093750,0.000000,29.982594,16.000000
0.716797,0.291016,-0.074219,-0.614669,24.502491,16.000000
0.751953,0.306641,-0.097656,-0.614669,32.153732,16.000000
0.789062,0.322266,-0.107422,-0.614669,34.988617,16.000000
0.828125,0.337891,-0.107422,-0.614669,34.143047,16.000000
0.857422,0.382812,-0.070312,-0.614669,29.074114,16.000000
1.001953,0.191406,0.076172,-0.614669,25.118834,16.000000
0.009766,0.031250,0.025391,0.000000,29.380192,16.000000
0.041016,-0.033203,0.062500,0.000000,30.132587,16.000000
0.052734,-0.042969,0.103516,0.000000,28.998205,16.000000
0.753906,0.058594,-0.558594,-0.614669,27.860413,16.000000
0.011719,-0.039062,-0.007812,0.000000,30.737183,17.000000
0.017578,-0.080078,-0.007812,0.000000,31.967287,17.000000
0.029297,-0.119141,-0.005859,0.000000,30.228407,17.000000
0.056641,-0.154297,0.005859,0.000000,25.477747,17.000000
0.914062,0.029297,0.220703,0.000000,29.253120,17.000000
2.626953,-0.175781,1.017578,0.000000,28.943161,17.000000
2.667969,-0.179688,1.023438,0.000000,32.148438,17.000000
2.751953,-0.181641,0.912109,0.000000,31.386185,17.000000
4.429688,-0.142578,1.158203,0.000000,30.891983,17.000000
4.417969,-0.144531,1.351562,0.000000,30.161974,17.000000
4.744141,-0.298828,-0.556641,0.000000,33.544926,17.000000
4.781250,-0.300781,-0.593750,0.000000,34.197906,17.000000
4.826172,-0.152344,-0.617188,0.000000,31.075491,17.000000
4.859375,-0.154297,0.671875,0.000000,30.182842,17.000000
4.890625,-0.308594,0.693359,0.000000,31.964525,17.000000
4.966797,-0.468750,0.113281,0.000000,30.449316,17.000000
0.744141,0.218750,0.062500,-0.614669,26.273659,17.000000
0.755859,0.306641,-0.066406,-0.614669,30.326187,17.000000
0.789062,0.322266,-0.107422,-0.614669,31.658377,17.000000
0.806641,0.365234,-0.160156,-0.614669,29.907827,17.000000
0.906250,0.246094,0.289062,-0.614669,26.364880,17.000000
1.000000,0.191406,0.095703,-0.614669,26.304279,17.000000
0.009766,0.031250,0.025391,0.000000,29.380192,17.000000
0.041016,-0.033203,0.062500,0.000000,30.128372,17.000000
0.052734,-0.042969,0.103516,0.000000,28.998205,17.000000
0.689453,0.027344,0.578125,-0.614669,28.715729,17.000000
0.914062,-0.091797,-0.347656,-0.614669,25.932861,17.000000
0.011719,-0.039062,-0.007812,0.000000,30.744507,18.000000
0.017578,-0.080078,-0.009766,0.000000,31.970047,18.000000
0.029297,-0.119141,-0.005859,0.000000,30.232525,18.000000
0.056641,-0.154297,0.005859,0.000000,25.502283,18.000000
2.613281,-0.175781,1.050781,0.000000,29.227255,18.000000
2.691406,-0.089844,0.972656,0.000000,32.479733,18.000000
2.755859,-0.089844,0.914062,0.000000,31.445742,18.000000
4.648438,-0.146484,-0.353516,0.000000,29.726656,18.000000
4.683594,-0.146484,-0.414062,0.000000,29.561684,18.000000
4.720703,-0.148438,-0.458984,0.000000,30.073210,18.000000
4.750000,-0.298828,-0.498047,0.000000,33.658623,18.000000
4.787109,-0.300781,-0.537109,0.000000,34.097641,18.000000
4.832031,-0.152344,-0.566406,0.000000,30.982975,18.000000
0.687500,0.230469,-0.126953,-0.614669,24.082399,18.000000
0.714844,0.267578,-0.144531,-0.614669,30.043213,18.000000
0.761719,0.255859,-0.154297,-0.614669,32.776093,18.000000
0.804688,0.267578,-0.136719,-0.614669,32.182728,18.000000
0.867188,0.224609,-0.076172,-0.614669,28.893017,18.000000
0.916016,0.117188,0.181641,-0.614669,30.625820,18.000000
0.955078,0.123047,0.189453,-0.614669,31.556396,18.000000
1.001953,0.095703,0.183594,-0.614669,29.227255,18.000000
0.011719,0.031250,0.025391,0.000000,29.385197,18.000000
0.041016,-0.033203,0.062500,0.000000,30.128372,18.000000
0.052734,-0.042969,0.103516,0.000000,28.998205,18.000000
0.011719,-0.039062,-0.007812,0.000000,30.744507,19.000000
0.017578,-0.080078,-0.009766,0.000000,31.970047,19.000000
0.029297,-0.119141,-0.005859,0.000000,30.232525,19.000000
0.056641,-0.154297,0.005859,0.000000,25.490032,19.000000
0.939453,0.183594,-0.216797,0.000000,24.456041,19.000000
2.613281,-0.175781,1.052734,0.000000,28.853613,19.000000
2.656250,-0.179688,1.052734,0.000000,31.734776,19.000000
2.736328,-0.181641,0.955078,0.000000,30.666985,19.000000
4.656250,-0.146484,-0.232422,0.000000,29.263424,19.000000
4.695312,-0.000000,-0.291016,0.000000,28.762178,19.000000
4.699219,-0.296875,-0.591797,0.000000,29.429996,19.000000
4.746094,-0.298828,-0.542969,0.000000,33.653008,19.000000
4.785156,-0.300781,-0.564453,0.000000,34.263485,19.000000
4.826172,-0.152344,-0.621094,0.000000,31.646502,19.000000
0.685547,0.253906,-0.085938,-0.614669,25.763414,19.000000
0.722656,0.267578,-0.103516,-0.614669,31.105898,19.000000
0.759766,0.281250,-0.111328,-0.614669,32.079037,19.000000
0.787109,0.322266,-0.125000,-0.614669,29.138138,19.000000
0.810547,0.083984,0.382812,-0.614669,27.371927,19.000000
0.894531,0.087891,0.279297,-0.614669,27.395723,19.000000
0.011719,0.031250,0.025391,0.000000,29.385197,19.000000
0.041016,-0.033203,0.062500,0.000000,30.136797,19.000000
0.052734,-0.042969,0.103516,0.000000,29.003672,19.000000
0.968750,-0.154297,0.031250,0.000000,24.361626,19.000000
0.603516,0.027344,0.611328,-0.614669,27.965744,19.000000
0.011719,-0.039062,-0.007812,0.000000,30.748165,20.000000
0.017578,-0.080078,-0.007812,0.000000,31.970047,20.000000
0.029297,-0.119141,-0.005859,0.000000,30.232525,20.000000
0.056641,-0.154297,0.005859,0.000000,25.502283,20.000000
0.867188,0.027344,0.236328,0.000000,30.240749,20.000000
2.626953,-0.175781,1.019531,0.000000,29.405165,20.000000
2.662109,-0.179688,1.037109,0.000000,32.866810,20.000000
2.746094,-0.089844,0.939453,0.000000,32.116543,20.000000
4.708984,-0.296875,-0.507812,0.000000,29.818186,20.000000
4.748047,-0.298828,-0.529297,0.000000,33.550682,20.000000
4.785156,-0.300781,-0.562500,0.000000,34.131321,20.000000
4.816406,-0.304688,-0.636719,0.000000,31.199154,20.000000
0.669922,0.173828,-0.064453,-0.614669,23.117538,20.000000
0.710938,0.183594,-0.050781,-0.614669,29.175055,20.000000
0.751953,0.193359,-0.041016,-0.614669,31.031193,20.000000
0.791016,0.205078,-0.033203,-0.614669,29.474337,20.000000
0.806641,0.267578,-0.125000,-0.614669,25.314789,20.000000
0.921875,0.058594,0.181641,-0.614669,32.915909,20.000000
0.960938,0.060547,0.191406,-0.614669,32.108532,20.000000
0.998047,0.064453,0.218750,-0.614669,28.195440,20.000000
0.011719,0.031250,0.025391,0.000000,29.385197,20.000000
0.041016,-0.033203,0.062500,0.000000,30.132587,20.000000
0.052734,-0.042969,0.103516,0.000000,28.998205,20.000000
0.705078,-0.027344,0.490234,-0.614669,24.361626,20.000000
0.011719,-0.039062,-0.007812,0.000000,30.744507,21.000000
0.017578,-0.080078,-0.009766,0.000000,31.970047,21.000000
0.029297,-0.119141,-0.005859,0.000000,30.232525,21.000000
0.056641,-0.154297,0.005859,0.000000,25.490032,21.000000
0.802734,-0.027344,0.304688,0.000000,23.074961,21.000000
0.861328,0.027344,0.255859,0.000000,30.398106,21.000000
0.908203,-0.000000,0.248047,0.000000,32.626884,21.000000
0.951172,-0.000000,0.244141,0.000000,30.989897,21.000000
2.599609,-0.175781,1.083984,0.000000,29.057959,21.000000
2.652344,-0.179688,1.064453,0.000000,32.636360,21.000000
2.736328,-0.089844,0.970703,0.000000,31.953461,21.000000
4.714844,-0.296875,-0.439453,0.000000,29.628428,21.000000
4.751953,-0.298828,-0.490234,0.000000,33.669830,21.000000
4.787109,-0.300781,-0.533203,0.000000,34.191292,21.000000
4.832031,-0.152344,-0.570312,0.000000,31.439510,21.000000
0.671875,0.152344,-0.091797,-0.614669,27.867514,21.000000
0.712891,0.160156,-0.089844,-0.614669,32.224564,21.000000
0.751953,0.169922,-0.097656,-0.614669,32.657608,21.000000
0.789062,0.179688,-0.121094,-0.614669,29.237619,21.000000
0.011719,0.031250,0.025391,0.000000,29.385197,21.000000
0.041016,-0.033203,0.062500,0.000000,30.132587,21.000000
0.052734,-0.042969,0.103516,0.000000,29.003672,21.000000
0.011719,-0.039062,-0.007812,0.000000,30.744507,22.000000
0.017578,-0.080078,-0.007812,0.000000,31.970047,22.000000
0.029297,-0.119141,-0.005859,0.000000,30.232525,22.000000
0.056641,-0.154297,0.005859,0.000000,25.490032,22.000000
0.847656,-0.000000,0.140625,0.000000,26.483601,22.000000
0.878906,-0.000000,0.197266,0.000000,30.692980,22.000000
0.916016,0.029297,0.210938,0.000000,31.489109,22.000000
0.951172,0.031250,0.242188,0.000000,28.506462,22.000000
2.615234,-0.175781,1.044922,0.000000,29.304396,22.000000
2.685547,-0.089844,0.990234,0.000000,32.626884,22.000000
2.716797,-0.181641,1.009766,0.000000,31.829849,22.000000
4.710938,-0.296875,-0.478516,0.000000,30.362295,22.000000
4.753906,-0.298828,-0.466797,0.000000,34.777000,22.000000
4.794922,-0.300781,-0.474609,0.000000,35.349140,22.000000
4.832031,-0.304688,-0.511719,0.000000,32.469906,22.000000
0.630859,0.142578,-0.101562,-0.614669,22.671717,22.000000
0.677734,0.130859,-0.085938,-0.614669,29.956352,22.000000
0.718750,0.138672,-0.085938,-0.614669,32.622135,22.000000
0.750000,0.169922,-0.109375,-0.614669,31.595673,22.000000
0.796875,0.154297,-0.099609,-0.614669,26.127838,22.000000
0.011719,0.031250,0.025391,0.000000,29.375179,22.000000
0.041016,-0.033203,0.062500,0.000000,30.128372,22.000000
0.052734,-0.042969,0.103516,0.000000,28.998205,22.000000
0.011719,-0.039062,-0.007812,0.000000,30.744507,23.000000
0.017578,-0.080078,-0.007812,0.000000,31.970047,23.000000
0.029297,-0.119141,-0.005859,0.000000,30.228407,23.000000
0.056641,-0.154297,0.005859,0.000000,25.477747,23.000000
0.814453,-0.052734,0.269531,0.000000,24.456041,23.000000
0.867188,-0.056641,0.234375,0.000000,29.503649,23.000000
0.910156,-0.029297,0.238281,0.000000,29.951963,23.000000
2.630859,-0.175781,1.007812,0.000000,28.579353,23.000000
2.689453,-0.089844,0.978516,0.000000,31.766699,23.000000
2.736328,-0.089844,0.966797,0.000000,30.842186,23.000000
4.750000,-0.298828,-0.507812,0.000000,32.250507,23.000000
4.785156,-0.300781,-0.554688,0.000000,32.842052,23.000000
4.816406,-0.304688,-0.630859,0.000000,30.021660,23.000000
0.634766,0.101562,-0.123047,-0.614669,27.512791,23.000000
0.675781,0.109375,-0.121094,-0.614669,32.979794,23.000000
0.716797,0.115234,-0.125000,-0.614669,34.176376,23.000000
0.755859,0.121094,-0.132812,-0.614669,31.684975,23.000000
0.787109,0.126953,-0.187500,-0.614669,24.517864,23.000000
0.011719,0.031250,0.025391,0.000000,29.390198,23.000000
0.041016,-0.033203,0.062500,0.000000,30.136797,23.000000
0.052734,-0.042969,0.103516,0.000000,28.998205,23.000000
0.451172,-0.205078,0.650391,-0.614669,22.718416,23.000000
0.011719,-0.039062,-0.007812,0.000000,30.748165,24.000000
0.017578,-0.080078,-0.007812,0.000000,31.972805,24.000000
0.029297,-0.119141,-0.005859,0.000000,30.232525,24.000000
0.056641,-0.154297,0.005859,0.000000,25.490032,24.000000
0.695312,0.021484,-0.009766,0.000000,26.720978,24.000000
0.736328,0.023438,-0.025391,0.000000,27.118073,24.000000
0.769531,0.023438,-0.107422,0.000000,24.742163,24.000000
0.753906,-0.000000,-0.318359,0.000000,22.600714,24.000000
0.794922,0.027344,0.326172,0.000000,23.138672,24.000000
0.875000,-0.000000,0.210938,0.000000,29.063351,24.000000
0.917969,-0.000000,0.207031,0.000000,29.415113,24.000000
2.605469,-0.175781,1.068359,0.000000,28.241259,24.000000
2.675781,-0.089844,1.013672,0.000000,31.423895,24.000000
2.716797,-0.089844,1.025391,0.000000,30.507664,24.000000
4.742188,-0.449219,-0.470703,0.000000,29.304396,24.000000
4.769531,-0.300781,-0.681641,0.000000,30.119930,24.000000
0.011719,0.031250,0.025391,0.000000,29.380192,24.000000
0.041016,-0.033203,0.062500,0.000000,30.136797,24.000000
0.052734,-0.042969,0.103516,0.000000,29.003672,24.000000
0.722656,0.255859,0.283203,0.000000,20.043213,24.000000
0.552734,-0.322266,-0.572266,0.000000,20.453230,24.000000
0.011719,-0.039062,-0.007812,0.000000,30.744507,25.000000
0.017578,-0.080078,-0.009766,0.000000,31.970047,25.000000
0.029297,-0.119141,-0.005859,0.000000,30.232525,25.000000
0.056641,-0.154297,0.005859,0.000000,25.490032,25.000000
0.636719,0.082031,-0.126953,0.000000,25.634811,25.000000
0.677734,0.087891,-0.128906,0.000000,28.280151,25.000000
0.720703,0.068359,-0.132812,0.000000,26.866364,25.000000
0.771484,0.072266,-0.056641,0.000000,21.818436,25.000000
2.687500,-0.089844,0.984375,0.000000,30.986437,25.000000
2.742188,-0.089844,0.951172,0.000000,29.938768,25.000000
0.011719,0.031250,0.025391,0.000000,29.380192,25.000000
0.041016,-0.033203,0.062500,0.000000,30.132587,25.000000
0.052734,-0.042969,0.103516,0.000000,29.003672,25.000000
0.289062,-0.291016,0.660156,0.000000,19.084850,25.000000
0.011719,-0.039062,-0.007812,0.000000,30.748165,26.000000
0.017578,-0.080078,-0.007812,0.000000,31.970047,26.000000
0.029297,-0.119141,-0.005859,0.000000,30.228407,26.000000
0.056641,-0.154297,0.005859,0.000000,25.490032,26.000000
0.623047,0.060547,-0.189453,0.000000,22.648178,26.000000
0.656250,0.064453,-0.220703,0.000000,23.031961,26.000000
0.730469,0.046875,-0.076172,0.000000,21.818436,26.000000
0.771484,0.097656,-0.015625,0.000000,23.117538,26.000000
0.839844,-0.052734,0.169922,0.000000,24.099331,26.000000
0.867188,-0.083984,0.224609,0.000000,27.489628,26.000000
0.908203,-0.058594,0.238281,0.000000,27.860413,26.000000
2.632812,-0.175781,1.003906,0.000000,28.413595,26.000000
2.695312,-0.089844,0.960938,0.000000,31.492191,26.000000
2.757812,-0.089844,0.908203,0.000000,30.614525,26.000000
0.011719,0.031250,0.025391,0.000000,29.380192,26.000000
0.041016,-0.033203,0.062500,0.000000,30.132587,26.000000
0.052734,-0.042969,0.103516,0.000000,29.003672,26.000000
0.011719,-0.039062,-0.007812,0.000000,30.748165,27.000000
0.017578,-0.080078,-0.009766,0.000000,31.975563,27.000000
0.029297,-0.119141,-0.005859,0.000000,30.236639,27.000000
0.056641,-0.154297,0.005859,0.000000,25.502283,27.000000
0.644531,-0.000000,-0.119141,0.000000,27.611757,27.000000
0.681641,-0.000000,-0.136719,0.000000,29.585638,27.000000
0.722656,0.023438,-0.138672,0.000000,28.075350,27.000000
0.767578,0.072266,-0.095703,0.000000,25.132175,27.000000
0.814453,0.050781,-0.044922,0.000000,22.479733,27.000000
0.837891,-0.052734,0.183594,0.000000,26.875290,27.000000
0.875000,-0.056641,0.205078,0.000000,31.550322,27.000000
0.916016,-0.058594,0.205078,0.000000,32.247921,27.000000
0.960938,-0.060547,0.189453,0.000000,29.216866,27.000000
2.625000,-0.175781,1.023438,0.000000,28.567289,27.000000
2.693359,-0.089844,0.970703,0.000000,31.708483,27.000000
2.755859,-0.089844,0.914062,0.000000,30.766405,27.000000
0.011719,0.031250,0.025391,0.000000,29.385197,27.000000
0.041016,-0.033203,0.062500,0.000000,30.132587,27.000000
0.052734,-0.042969,0.103516,0.000000,28.998205,27.000000
0.011719,-0.039062,-0.007812,0.000000,30.744507,28.000000
0.017578,-0.080078,-0.007812,0.000000,31.972805,28.000000
0.029297,-0.119141,-0.005859,0.000000,30.232525,28.000000
0.056641,-0.154297,0.005859,0.000000,25.490032,28.000000
0.638672,-0.019531,-0.140625,0.000000,25.820633,28.000000
0.673828,-0.000000,-0.173828,0.000000,27.708521,28.000000
0.726562,0.046875,-0.113281,0.000000,27.874605,28.000000
0.773438,0.072266,-0.019531,0.000000,26.954817,28.000000
0.808594,0.076172,-0.105469,0.000000,24.487062,28.000000
0.822266,0.080078,-0.234375,0.000000,24.082399,28.000000
0.898438,-0.027344,0.058594,0.000000,25.078558,28.000000
0.919922,-0.087891,0.177734,0.000000,26.884199,28.000000
2.582031,-0.263672,1.109375,0.000000,29.111576,28.000000
2.660156,-0.179688,1.044922,0.000000,32.506638,28.000000
2.726562,-0.181641,0.982422,0.000000,31.832699,28.000000
0.011719,0.031250,0.025391,0.000000,29.385197,28.000000
0.041016,-0.033203,0.062500,0.000000,30.136797,28.000000
0.052734,-0.042969,0.103516,0.000000,28.998205,28.000000
0.011719,-0.039062,-0.007812,0.000000,30.751818,29.000000
0.017578,-0.080078,-0.009766,0.000000,31.972805,29.000000
0.029297,-0.119141,-0.005859,0.000000,30.228407,29.000000
0.056641,-0.154297,0.005859,0.000000,25.477747,29.000000
0.642578,-0.041016,-0.121094,0.000000,23.096302,29.000000
0.607422,-0.000000,-0.337891,0.000000,22.552725,29.000000
0.712891,-0.091797,0.156250,0.000000,20.718821,29.000000
0.773438,-0.048828,0.050781,0.000000,23.579348,29.000000
0.810547,-0.050781,0.099609,0.000000,22.227165,29.000000
0.865234,-0.083984,0.228516,0.000000,26.532125,29.000000
0.910156,-0.087891,0.220703,0.000000,29.777237,29.000000
0.949219,-0.091797,0.232422,0.000000,28.847954,29.000000
2.572266,-0.263672,1.130859,0.000000,29.370161,29.000000
2.660156,-0.179688,1.044922,0.000000,32.837532,29.000000
2.732422,-0.181641,0.964844,0.000000,32.180099,29.000000
0.011719,0.031250,0.025391,0.000000,29.380192,29.000000
0.041016,-0.033203,0.062500,0.000000,30.136797,29.000000
0.052734,-0.042969,0.103516,0.000000,29.003672,29.000000
0.191406,0.115234,-0.701172,0.000000,19.190781,29.000000
0.011719,-0.039062,-0.007812,0.000000,30.748165,30.000000
0.017578,-0.080078,-0.007812,0.000000,31.970047,30.000000
0.029297,-0.119141,-0.005859,0.000000,30.228407,30.000000
0.056641,-0.154297,0.005859,0.000000,25.490032,30.000000
0.630859,-0.060547,-0.160156,0.000000,27.024305,30.000000
0.666016,-0.064453,-0.191406,0.000000,29.513374,30.000000
0.705078,-0.068359,-0.201172,0.000000,28.603380,30.000000
0.759766,-0.023438,-0.158203,0.000000,24.440449,30.000000
0.845703,-0.113281,0.289062,0.000000,26.954817,30.000000
0.902344,-0.117188,0.236328,0.000000,29.822712,30.000000
0.947266,-0.123047,0.224609,0.000000,28.536982,30.000000
2.541016,-0.263672,1.201172,0.000000,29.095560,30.000000
2.650391,-0.179688,1.068359,0.000000,32.792107,30.000000
2.695312,-0.271484,1.046875,0.000000,32.208923,30.000000
0.009766,0.031250,0.025391,0.000000,29.385197,30.000000
0.041016,-0.033203,0.062500,0.000000,30.132587,30.000000
0.052734,-0.042969,0.103516,0.000000,28.998205,30.000000
0.011719,-0.039062,-0.007812,0.000000,30.748165,31.000000
0.017578,-0.080078,-0.009766,0.000000,31.970047,31.000000
0.029297,-0.119141,-0.005859,0.000000,30.232525,31.000000
0.056641,-0.154297,0.005859,0.000000,25.490032,31.000000
0.691406,-0.064453,-0.031250,0.000000,22.304489,31.000000
0.757812,-0.097656,0.146484,0.000000,21.818436,31.000000
0.798828,-0.113281,0.400391,0.000000,22.718416,31.000000
0.902344,-0.087891,0.251953,0.000000,26.294096,31.000000
0.949219,-0.060547,0.240234,0.000000,25.820633,31.000000
2.617188,-0.175781,1.041016,0.000000,29.237619,31.000000
2.656250,-0.179688,1.056641,0.000000,32.704460,31.000000
2.746094,-0.089844,0.939453,0.000000,31.964525,31.000000
0.732422,-0.068359,-0.021484,0.614669,21.553360,31.000000
0.011719,0.031250,0.025391,0.000000,29.385197,31.000000
0.041016,-0.033203,0.062500,0.000000,30.128372,31.000000
0.052734,-0.042969,0.103516,0.000000,28.998205,31.000000
0.503906,-0.429688,-0.724609,0.000000,23.180634,31.000000
0.011719,-0.039062,-0.007812,0.000000,30.744507,32.000000
0.017578,-0.080078,-0.007812,0.000000,31.972805,32.000000
0.029297,-0.119141,-0.005859,0.000000,30.236639,32.000000
0.056641,-0.154297,0.005859,0.000000,25.502283,32.000000
2.615234,-0.175781,1.044922,0.000000,29.518230,32.000000
2.658203,-0.179688,1.050781,0.000000,32.460060,32.000000
2.732422,-0.181641,0.968750,0.000000,31.595673,32.000000
0.654297,-0.130859,-0.197266,0.614669,25.740313,32.000000
0.701172,-0.138672,-0.175781,0.614669,27.323938,32.000000
0.750000,-0.121094,-0.162109,0.614669,25.717089,32.000000
0.773438,-0.126953,-0.236328,0.614669,20.492180,32.000000
0.849609,-0.113281,0.273438,0.614669,25.538830,32.000000
0.896484,-0.117188,0.259766,0.614669,30.199467,32.000000
0.937500,-0.123047,0.263672,0.614669,30.318123,32.000000
0.009766,0.031250,0.025391,0.000000,29.385197,32.000000
0.041016,-0.033203,0.062500,0.000000,30.136797,32.000000
0.052734,-0.042969,0.103516,0.000000,29.003672,32.000000
0.697266,0.205078,0.375000,0.614669,17.634279,32.000000
0.011719,-0.039062,-0.007812,0.000000,30.744507,33.000000
0.017578,-0.080078,-0.009766,0.000000,31.970047,33.000000
0.029297,-0.119141,-0.005859,0.000000,30.236639,33.000000
0.056641,-0.154297,0.005859,0.000000,25.502283,33.000000
2.595703,-0.175781,1.095703,0.000000,28.555191,33.000000
2.654297,-0.179688,1.058594,0.000000,31.852587,33.000000
2.751953,-0.089844,0.925781,0.000000,30.831442,33.000000
4.423828,-0.142578,1.185547,0.000000,29.722029,33.000000
4.462891,-0.144531,1.193359,0.000000,29.211660,33.000000
0.664062,-0.130859,-0.162109,0.614669,26.748611,33.000000
0.705078,-0.138672,-0.160156,0.614669,28.987251,33.000000
0.755859,-0.121094,-0.138672,0.614669,28.407331,33.000000
0.808594,-0.101562,-0.080078,0.614669,25.237465,33.000000
0.685547,-0.167969,0.558594,0.614669,22.855574,33.000000
0.861328,-0.175781,0.335938,0.614669,28.305887,33.000000
0.923828,-0.123047,0.310547,0.614669,29.439888,33.000000
0.011719,0.031250,0.025391,0.000000,29.380192,33.000000
0.041016,-0.033203,0.062500,0.000000,30.136797,33.000000
0.052734,-0.042969,0.103516,0.000000,28.998205,33.000000
0.011719,-0.039062,-0.007812,0.000000,30.737183,34.000000
0.017578,-0.080078,-0.009766,0.000000,31.970047,34.000000
0.029297,-0.119141,-0.005859,0.000000,30.232525,34.000000
0.056641,-0.154297,0.005859,0.000000,25.477747,34.000000
2.576172,-0.263672,1.123047,0.000000,29.556877,34.000000
2.666016,-0.179688,1.029297,0.000000,32.771507,34.000000
2.763672,-0.089844,0.886719,0.000000,31.832699,34.000000
4.414062,-0.142578,1.050781,0.000000,28.007172,34.000000
4.414062,-0.142578,1.218750,0.000000,31.149445,34.000000
4.455078,-0.144531,1.220703,0.000000,30.652061,34.000000
4.845703,-0.308594,0.958984,0.000000,30.526939,34.000000
0.669922,-0.130859,-0.128906,0.614669,23.096302,34.000000
0.708984,-0.160156,-0.111328,0.614669,24.955442,34.000000
0.738281,-0.218750,-0.101562,0.614669,24.099331,34.000000
0.888672,-0.146484,0.271484,0.614669,27.881683,34.000000
0.929688,-0.154297,0.273438,0.614669,30.689276,34.000000
0.972656,-0.160156,0.273438,0.614669,29.858753,34.000000
1.027344,-0.132812,0.240234,0.614669,26.839472,34.000000
0.009766,0.031250,0.025391,0.000000,29.380192,34.000000
0.041016,-0.033203,0.062500,0.000000,30.128372,34.000000
0.052734,-0.042969,0.103516,0.000000,28.998205,34.000000
0.687500,0.023438,-0.361328,0.614669,21.271048,34.000000
0.011719,-0.039062,-0.007812,0.000000,30.740847,35.000000
0.017578,-0.080078,-0.009766,0.000000,31.972805,35.000000
0.029297,-0.119141,-0.005859,0.000000,30.236639,35.000000
0.056641,-0.154297,0.005859,0.000000,25.490032,35.000000
2.652344,-0.087891,0.960938,0.000000,28.709888,35.000000
2.677734,-0.089844,1.007812,0.000000,31.752218,35.000000
2.746094,-0.000000,0.947266,0.000000,30.472748,35.000000
4.390625,-0.142578,1.148438,0.000000,28.356905,35.000000
4.400391,-0.287109,1.246094,0.000000,31.792645,35.000000
4.447266,-0.144531,1.253906,0.000000,31.293676,35.000000
4.804688,-0.306641,0.958984,0.000000,30.618294,35.000000
4.847656,-0.154297,0.984375,0.000000,31.972805,35.000000
4.833984,-0.156250,1.230469,0.000000,29.872192,35.000000
0.697266,-0.160156,-0.169922,0.614669,24.149733,35.000000
0.740234,-0.169922,-0.162109,0.614669,25.465427,35.000000
0.802734,-0.126953,-0.087891,0.614669,24.116198,35.000000
0.855469,-0.080078,-0.017578,0.614669,22.278868,35.000000
0.875000,-0.205078,0.275391,0.614669,22.741579,35.000000
0.925781,-0.183594,0.267578,0.614669,28.388491,35.000000
0.974609,-0.160156,0.267578,0.614669,28.375885,35.000000
0.011719,0.031250,0.025391,0.000000,29.380192,35.000000
0.041016,-0.033203,0.062500,0.000000,30.132587,35.000000
0.052734,-0.042969,0.103516,0.000000,28.992731,35.000000
0.011719,-0.039062,-0.007812,0.000000,30.740847,36.000000
0.017578,-0.080078,-0.007812,0.000000,31.972805,36.000000
0.029297,-0.119141,-0.005859,0.000000,30.236639,36.000000
0.056641,-0.154297,0.005859,0.000000,25.514500,36.000000
0.767578,-0.056641,-0.464844,0.000000,21.731863,36.000000
2.621094,-0.175781,1.033203,0.000000,29.068735,36.000000
2.656250,-0.179688,1.054688,0.000000,32.124538,36.000000
2.755859,-0.089844,0.914062,0.000000,31.179338,36.000000
4.396484,-0.142578,1.126953,0.000000,28.621313,36.000000
4.417969,-0.142578,1.205078,0.000000,32.005768,36.000000
4.447266,-0.289062,1.226562,0.000000,31.559431,36.000000
4.794922,-0.306641,1.001953,0.000000,30.899052,36.000000
4.851562,-0.154297,0.970703,0.000000,32.145790,36.000000
4.847656,-0.156250,1.175781,0.000000,29.768084,36.000000
0.701172,-0.138672,-0.179688,0.614669,24.899586,36.000000
0.746094,-0.121094,-0.177734,0.614669,27.075703,36.000000
0.789062,-0.101562,-0.187500,0.614669,26.674530,36.000000
0.830078,-0.080078,-0.207031,0.614669,24.638929,36.000000
0.941406,-0.183594,0.210938,0.614669,26.919651,36.000000
0.984375,-0.160156,0.230469,0.614669,28.639174,36.000000
1.019531,-0.166016,0.255859,0.614669,27.619278,36.000000
0.011719,0.031250,0.025391,0.000000,29.380192,36.000000
0.041016,-0.033203,0.062500,0.000000,30.136797,36.000000
0.052734,-0.042969,0.103516,0.000000,28.998205,36.000000
0.011719,-0.039062,-0.007812,0.000000,30.748165,37.000000
0.017578,-0.080078,-0.009766,0.000000,31.972805,37.000000
0.029297,-0.119141,-0.005859,0.000000,30.236639,37.000000
0.056641,-0.154297,0.005859,0.000000,25.502283,37.000000
2.580078,-0.263672,1.113281,0.000000,29.420080,37.000000
2.669922,-0.179688,1.019531,0.000000,32.664669,37.000000
2.767578,-0.089844,0.875000,0.000000,31.763807,37.000000
4.406250,-0.142578,1.083984,0.000000,28.241259,37.000000
4.419922,-0.142578,1.201172,0.000000,31.464382,37.000000
4.441406,-0.144531,1.271484,0.000000,30.795429,37.000000
4.800781,-0.154297,1.009766,0.000000,30.136797,37.000000
4.845703,-0.154297,0.994141,0.000000,31.129400,37.000000
0.693359,-0.183594,-0.169922,0.614669,23.242825,37.000000
0.736328,-0.193359,-0.152344,0.614669,27.752462,37.000000
0.791016,-0.179688,-0.115234,0.614669,29.159271,37.000000
0.839844,-0.160156,-0.072266,0.614669,27.678976,37.000000
0.886719,-0.113281,-0.103516,0.614669,23.344538,37.000000
0.011719,0.031250,0.025391,0.000000,29.380192,37.000000
0.041016,-0.033203,0.062500,0.000000,30.136797,37.000000
0.052734,-0.042969,0.103516,0.000000,28.998205,37.000000
0.011719,-0.039062,-0.007812,0.000000,30.744507,38.000000
0.017578,-0.080078,-0.009766,0.000000,31.970047,38.000000
0.029297,-0.119141,-0.005859,0.000000,30.232525,38.000000
0.056641,-0.154297,0.005859,0.000000,25.514500,38.000000
2.654297,-0.087891,0.955078,0.000000,28.779470,38.000000
2.648438,-0.179688,1.072266,0.000000,31.920095,38.000000
2.744141,-0.089844,0.949219,0.000000,30.895519,38.000000
4.392578,-0.142578,1.140625,0.000000,27.671558,38.000000
4.406250,-0.142578,1.246094,0.000000,30.937717,38.000000
4.437500,-0.144531,1.283203,0.000000,30.382227,38.000000
4.822266,-0.000000,1.113281,0.000000,30.145205,38.000000
0.699219,-0.160156,-0.166016,0.614669,20.681858,38.000000
0.738281,-0.193359,-0.142578,0.614669,27.024305,38.000000
0.781250,-0.205078,-0.134766,0.614669,29.400181,38.000000
0.828125,-0.187500,-0.126953,0.614669,28.215136,38.000000
0.869141,-0.197266,-0.126953,0.614669,23.117538,38.000000
0.011719,0.031250,0.025391,0.000000,29.385197,38.000000
0.041016,-0.033203,0.062500,0.000000,30.128372,38.000000
0.052734,-0.042969,0.103516,0.000000,29.003672,38.000000
0.011719,-0.039062,-0.007812,0.000000,30.748165,39.000000
0.017578,-0.080078,-0.007812,0.000000,31.972805,39.000000
0.029297,-0.119141,-0.005859,0.000000,30.232525,39.000000
0.056641,-0.154297,0.005859,0.000000,25.477747,39.000000
2.628906,-0.175781,1.011719,0.000000,29.138138,39.000000
2.662109,-0.179688,1.039062,0.000000,32.350231,39.000000
2.744141,-0.089844,0.949219,0.000000,31.392492,39.000000
4.390625,-0.142578,1.298828,0.000000,30.425755,39.000000
4.433594,-0.144531,1.300781,0.000000,29.960737,39.000000
4.816406,-0.154297,1.130859,0.000000,30.119930,39.000000
0.736328,-0.193359,-0.154297,0.614669,25.774918,39.000000
0.777344,-0.205078,-0.152344,0.614669,29.063351,39.000000
0.824219,-0.187500,-0.150391,0.614669,28.785217,39.000000
0.871094,-0.197266,-0.113281,0.614669,24.983105,39.000000
0.986328,-0.191406,0.191406,0.614669,23.729120,39.000000
1.023438,-0.199219,0.207031,0.614669,26.063814,39.000000
0.011719,0.031250,0.025391,0.000000,29.385197,39.000000
0.041016,-0.033203,0.062500,0.000000,30.132587,39.000000
0.052734,-0.042969,0.103516,0.000000,28.998205,39.000000
0.011719,-0.039062,-0.007812,0.000000,30.744507,40.000000
0.017578,-0.080078,-0.009766,0.000000,31.970047,40.000000
0.029297,-0.119141,-0.005859,0.000000,30.232525,40.000000
0.056641,-0.154297,0.005859,0.000000,25.502283,40.000000
2.615234,-0.175781,1.046875,0.000000,29.201233,40.000000
2.660156,-0.179688,1.044922,0.000000,32.402996,40.000000
2.753906,-0.089844,0.917969,0.000000,31.420765,40.000000
4.400391,-0.142578,1.263672,0.000000,30.445398,40.000000
4.427734,-0.144531,1.320312,0.000000,29.881128,40.000000
4.833984,-0.154297,1.048828,0.000000,30.480532,40.000000
0.742188,-0.169922,-0.154297,0.614669,23.541084,40.000000
0.787109,-0.179688,-0.136719,0.614669,28.876173,40.000000
0.822266,-0.214844,-0.125000,0.614669,30.441477,40.000000
0.865234,-0.224609,-0.099609,0.614669,28.692318,40.000000
0.910156,-0.234375,0.021484,0.614669,23.443922,40.000000
1.023438,-0.199219,0.208984,0.614669,25.185139,40.000000
0.011719,0.031250,0.025391,0.000000,29.390198,40.000000
0.041016,-0.033203,0.062500,0.000000,30.132587,40.000000
0.052734,-0.042969,0.103516,0.000000,28.998205,40.000000
0.011719,-0.039062,-0.007812,0.000000,30.740847,41.000000
0.017578,-0.080078,-0.007812,0.000000,31.967287,41.000000
0.029297,-0.119141,-0.005859,0.000000,30.232525,41.000000
0.056641,-0.154297,0.005859,0.000000,25.502283,41.000000
2.630859,-0.175781,1.009766,0.000000,29.025467,41.000000
2.664062,-0.179688,1.035156,0.000000,32.301933,41.000000
2.755859,-0.089844,0.910156,0.000000,31.351326,41.000000
4.421875,-0.142578,1.191406,0.000000,30.849337,41.000000
4.455078,-0.144531,1.224609,0.000000,30.366289,41.000000
4.781250,-0.306641,1.064453,0.000000,29.809120,41.000000
4.841797,-0.154297,1.015625,0.000000,30.860037,41.000000
0.761719,-0.255859,-0.152344,0.614669,24.487062,41.000000
0.787109,-0.294922,-0.177734,0.614669,25.797836,41.000000
0.785156,-0.337891,-0.279297,0.614669,23.541084,41.000000
0.921875,-0.117188,-0.142578,0.614669,20.644581,41.000000
0.892578,-0.091797,-0.398438,0.614669,22.479733,41.000000
1.083984,-0.250000,0.275391,0.614669,26.627579,41.000000
0.011719,0.031250,0.025391,0.000000,29.390198,41.000000
0.041016,-0.033203,0.062500,0.000000,30.136797,41.000000
0.052734,-0.042969,0.103516,0.000000,29.003672,41.000000
0.816406,-0.027344,0.378906,0.614669,21.846914,41.000000
0.011719,-0.039062,-0.007812,0.000000,30.744507,42.000000
0.017578,-0.080078,-0.009766,0.000000,31.970047,42.000000
0.029297,-0.119141,-0.005859,0.000000,30.232525,42.000000
0.056641,-0.154297,0.005859,0.000000,25.490032,42.000000
2.611328,-0.175781,1.058594,0.000000,28.830935,42.000000
2.650391,-0.179688,1.066406,0.000000,32.132519,42.000000
2.753906,-0.089844,0.917969,0.000000,31.225435,42.000000
4.425781,-0.142578,1.175781,0.000000,30.860037,42.000000
4.458984,-0.144531,1.210938,0.000000,30.326187,42.000000
4.835938,-0.154297,1.042969,0.000000,30.715137,42.000000
0.783203,-0.179688,-0.150391,0.614669,23.961994,42.000000
0.822266,-0.214844,-0.128906,0.614669,28.615345,42.000000
0.863281,-0.224609,-0.113281,0.614669,29.604708,42.000000
0.916016,-0.205078,-0.052734,0.614669,27.299744,42.000000
0.925781,-0.246094,0.214844,0.614669,21.139433,42.000000
1.019531,-0.232422,0.191406,0.614669,22.988531,42.000000
1.062500,-0.207031,0.216797,0.614669,26.757784,42.000000
1.105469,-0.214844,0.210938,0.614669,26.866364,42.000000
0.011719,0.031250,0.025391,0.000000,29.380192,42.000000
0.041016,-0.033203,0.062500,0.000000,30.136797,42.000000
0.052734,-0.042969,0.103516,0.000000,28.998205,42.000000
0.792969,0.154297,-0.556641,0.614669,18.195440,42.000000
0.011719,-0.039062,-0.007812,0.000000,30.740847,43.000000
0.017578,-0.080078,-0.007812,0.000000,31.970047,43.000000
0.029297,-0.119141,-0.005859,0.000000,30.232525,43.000000
0.056641,-0.154297,0.005859,0.000000,25.490032,43.000000
2.648438,-0.087891,0.974609,0.000000,28.727388,43.000000
2.650391,-0.179688,1.068359,0.000000,31.978317,43.000000
2.748047,-0.089844,0.937500,0.000000,30.993353,43.000000
4.408203,-0.142578,1.240234,0.000000,30.681858,43.000000
4.425781,-0.144531,1.328125,0.000000,30.107239,43.000000
4.841797,-0.154297,1.011719,0.000000,30.417873,43.000000
0.781250,-0.205078,-0.128906,0.614669,20.681858,43.000000
0.826172,-0.214844,-0.101562,0.614669,26.972294,43.000000
0.867188,-0.224609,-0.085938,0.614669,29.074114,43.000000
0.908203,-0.234375,-0.082031,0.614669,27.795965,43.000000
0.947266,-0.183594,-0.181641,0.614669,24.424797,43.000000
0.966797,-0.160156,-0.294922,0.614669,23.521826,43.000000
1.062500,-0.207031,0.218750,0.614669,27.958799,43.000000
1.103516,-0.214844,0.220703,0.614669,29.712759,43.000000
0.011719,0.031250,0.025391,0.000000,29.385197,43.000000
0.041016,-0.033203,0.062500,0.000000,30.132587,43.000000
0.052734,-0.042969,0.103516,0.000000,28.998205,43.000000
0.011719,-0.039062,-0.007812,0.000000,30.737183,44.000000
0.017578,-0.080078,-0.009766,0.000000,31.970047,44.000000
0.029297,-0.119141,-0.005859,0.000000,30.228407,44.000000
0.056641,-0.154297,0.005859,0.000000,25.490032,44.000000
2.621094,-0.175781,1.033203,0.000000,29.148718,44.000000
2.660156,-0.179688,1.042969,0.000000,32.322334,44.000000
2.748047,-0.089844,0.935547,0.000000,31.332195,44.000000
4.382812,-0.142578,1.330078,0.000000,30.366289,44.000000
4.410156,-0.144531,1.375000,0.000000,29.809120,44.000000
4.820312,-0.000000,1.121094,0.000000,29.872192,44.000000
0.810547,-0.242188,-0.146484,0.614669,21.731863,44.000000
0.857422,-0.253906,-0.103516,0.614669,23.891661,44.000000
0.910156,-0.205078,-0.115234,0.614669,24.149733,44.000000
0.955078,-0.183594,-0.132812,0.614669,23.159704,44.000000
0.988281,-0.160156,-0.212891,0.614669,20.644581,44.000000
1.080078,-0.207031,0.091797,0.614669,24.502491,44.000000
1.103516,-0.214844,0.220703,0.614669,27.930916,44.000000
1.128906,-0.222656,0.289062,0.614669,27.291647,44.000000
0.009766,0.031250,0.025391,0.000000,29.375179,44.000000
0.041016,-0.033203,0.062500,0.000000,30.132587,44.000000
0.052734,-0.042969,0.103516,0.000000,29.003672,44.000000
0.011719,-0.039062,-0.007812,0.000000,30.740847,45.000000
0.017578,-0.080078,-0.009766,0.000000,31.967287,45.000000
0.029297,-0.119141,-0.005859,0.000000,30.228407,45.000000
0.056641,-0.154297,0.005859,0.000000,25.477747,45.000000
2.654297,-0.087891,0.957031,0.000000,28.959747,45.000000
2.660156,-0.179688,1.042969,0.000000,32.301933,45.000000
2.755859,-0.089844,0.912109,0.000000,31.383026,45.000000
4.406250,-0.142578,1.248047,0.000000,30.511526,45.000000
4.433594,-0.144531,1.300781,0.000000,29.849771,45.000000
0.820312,-0.214844,-0.132812,0.614669,21.760912,45.000000
0.855469,-0.253906,-0.115234,0.614669,26.414742,45.000000
0.904297,-0.234375,-0.103516,0.614669,27.551123,45.000000
0.949219,-0.214844,-0.123047,0.614669,25.786392,45.000000
0.917969,-0.160156,-0.421875,0.614669,23.560259,45.000000
0.990234,-0.199219,-0.332031,0.614669,21.367207,45.000000
