4.744141,-0.298828,-0.552734,0.000000,33.324383,0.000000
4.779297,-0.300781,-0.603516,0.000000,33.895206,0.000000
4.814453,-0.152344,-0.705078,0.000000,30.425755,0.000000
4.888672,-0.308594,0.714844,0.000000,31.126051,0.000000
4.949219,-0.623047,0.136719,0.000000,29.777237,0.000000
0.011719,0.031250,0.025391,0.000000,29.410143,0.000000
0.041016,-0.033203,0.062500,0.000000,30.153597,0.000000
0.052734,-0.042969,0.103516,0.000000,29.025467,0.000000
0.011719,-0.039062,-0.007812,0.000000,30.784569,1.000000
0.017578,-0.080078,-0.009766,0.000000,32.003033,1.000000
0.029297,-0.119141,-0.005859,0.000000,30.265333,1.000000
0.056641,-0.154297,0.005859,0.000000,25.514500,1.000000
0.154297,-0.080078,1.255859,0.000000,23.159704,1.000000
0.414062,-0.083984,-1.283203,0.000000,23.031961,1.000000
0.548828,-0.042969,-1.277344,0.000000,21.673174,1.000000
2.613281,-0.175781,1.052734,0.000000,29.057959,1.000000
2.660156,-0.179688,1.044922,0.000000,32.278866,1.000000
2.757812,-0.089844,0.906250,0.000000,31.300119,1.000000
4.412109,-0.142578,1.228516,0.000000,31.451963,1.000000
4.437500,-0.144531,1.287109,0.000000,31.319393,1.000000
4.736328,-0.298828,-0.619141,0.000000,33.406425,1.000000
4.773438,-0.300781,-0.644531,0.000000,33.988079,1.000000
4.810547,-0.152344,-0.728516,0.000000,30.595634,1.000000
4.896484,-0.308594,0.650391,0.000000,31.119343,1.000000
4.951172,-0.623047,0.064453,0.000000,29.809120,1.000000
0.011719,0.031250,0.023438,0.000000,29.410143,1.000000
0.041016,-0.033203,0.062500,0.000000,30.157787,1.000000
0.050781,-0.042969,0.103516,0.000000,29.030899,1.000000
0.011719,-0.039062,-0.007812,0.000000,30.773680,2.000000
0.017578,-0.080078,-0.009766,0.000000,32.000294,2.000000
0.041016,-0.115234,-0.007812,0.000000,30.265333,2.000000
0.056641,-0.154297,0.005859,0.000000,25.526682,2.000000
0.136719,-0.080078,1.257812,0.000000,23.138672,2.000000
0.431641,-0.083984,-1.275391,0.000000,23.010300,2.000000
0.554688,-0.042969,-1.275391,0.000000,21.673174,2.000000
2.613281,-0.175781,1.052734,0.000000,29.090208,2.000000
2.660156,-0.179688,1.042969,0.000000,32.276295,2.000000
2.755859,-0.089844,0.912109,0.000000,31.303337,2.000000
4.408203,-0.142578,1.242188,0.000000,31.467480,2.000000
4.433594,-0.144531,1.296875,0.000000,31.328999,2.000000
4.738281,-0.298828,-0.599609,0.000000,33.324383,2.000000
4.775391,-0.300781,-0.632812,0.000000,33.926971,2.000000
4.810547,-0.152344,-0.728516,0.000000,30.595634,2.000000
4.896484,-0.308594,0.656250,0.000000,31.044870,2.000000
4.949219,-0.623047,0.138672,0.000000,29.647308,2.000000
0.011719,0.031250,0.025391,0.000000,29.410143,2.000000
0.041016,-0.033203,0.062500,0.000000,30.153597,2.000000
0.050781,-0.042969,0.103516,0.000000,29.025467,2.000000
0.011719,-0.039062,-0.007812,0.000000,30.777311,3.000000
0.017578,-0.080078,-0.009766,0.000000,32.003033,3.000000
0.029297,-0.119141,-0.005859,0.000000,30.265333,3.000000
0.056641,-0.154297,0.005859,0.000000,25.526682,3.000000
0.154297,-0.080078,1.255859,0.000000,23.159704,3.000000
0.416016,-0.083984,-1.281250,0.000000,23.010300,3.000000
0.568359,-0.042969,-1.269531,0.000000,21.702618,3.000000
2.023438,1.074219,-0.037109,0.000000,26.159500,3.000000
2.621094,-0.175781,1.035156,0.000000,29.068735,3.000000
2.662109,-0.179688,1.039062,0.000000,32.273724,3.000000
2.755859,-0.089844,0.910156,0.000000,31.296900,3.000000
4.408203,-0.142578,1.242188,0.000000,31.461281,3.000000
4.433594,-0.144531,1.298828,0.000000,31.325798,3.000000
4.740234,-0.298828,-0.593750,0.000000,33.348557,3.000000
4.775391,-0.300781,-0.630859,0.000000,33.942764,3.000000
4.808594,-0.152344,-0.740234,0.000000,30.557604,3.000000
4.894531,-0.308594,0.667969,0.000000,31.169397,3.000000
4.949219,-0.623047,0.119141,0.000000,29.890047,3.000000
0.011719,0.031250,0.023438,0.000000,29.415113,3.000000
0.041016,-0.033203,0.062500,0.000000,30.149403,3.000000
0.052734,-0.042969,0.103516,0.000000,29.020029,3.000000
0.011719,-0.039062,-0.007812,0.000000,30.780941,4.000000
0.017578,-0.080078,-0.009766,0.000000,32.003033,4.000000
0.029297,-0.119141,-0.005859,0.000000,30.269417,4.000000
0.056641,-0.154297,0.005859,0.000000,25.526682,4.000000
0.078125,-0.080078,1.263672,0.000000,23.201464,4.000000
0.421875,-0.083984,-1.279297,0.000000,23.010300,4.000000
0.542969,-0.042969,-1.279297,0.000000,21.643528,4.000000
2.609375,-0.175781,1.062500,0.000000,29.047155,4.000000
2.658203,-0.179688,1.050781,0.000000,32.273724,4.000000
2.751953,-0.089844,0.925781,0.000000,31.303337,4.000000
4.406250,-0.142578,1.244141,0.000000,31.451963,4.000000
4.431641,-0.144531,1.308594,0.000000,31.335388,4.000000
4.738281,-0.298828,-0.605469,0.000000,33.402458,4.000000
4.775391,-0.300781,-0.628906,0.000000,33.972446,4.000000
4.812500,-0.152344,-0.714844,0.000000,30.553783,4.000000
4.896484,-0.308594,0.660156,0.000000,31.129400,4.000000
4.951172,-0.623047,0.082031,0.000000,29.938768,4.000000
0.011719,0.031250,0.025391,0.000000,29.410143,4.000000
0.041016,-0.033203,0.062500,0.000000,30.157787,4.000000
0.052734,-0.042969,0.103516,0.000000,29.030899,4.000000
0.011719,-0.039062,-0.007812,0.000000,30.777311,5.000000
0.017578,-0.080078,-0.009766,0.000000,32.000294,5.000000
0.029297,-0.119141,-0.005859,0.000000,30.265333,5.000000
0.056641,-0.154297,0.005859,0.000000,25.514500,5.000000
0.142578,-0.080078,1.257812,0.000000,23.138672,5.000000
0.406250,-0.083984,-1.285156,0.000000,23.010300,5.000000
0.548828,-0.042969,-1.277344,0.000000,21.702618,5.000000
1.986328,0.966797,0.013672,0.000000,26.127838,5.000000
2.019531,0.984375,-0.130859,0.000000,27.403627,5.000000
2.050781,1.001953,-0.189453,0.000000,26.757784,5.000000
2.617188,-0.175781,1.042969,0.000000,29.106243,5.000000
2.660156,-0.179688,1.042969,0.000000,32.294258,5.000000
2.757812,-0.089844,0.908203,0.000000,31.296900,5.000000
4.414062,-0.142578,1.218750,0.000000,31.451963,5.000000
4.441406,-0.144531,1.275391,0.000000,31.316187,5.000000
4.736328,-0.298828,-0.621094,0.000000,33.346546,5.000000
4.773438,-0.300781,-0.652344,0.000000,33.955009,5.000000
4.802734,-0.152344,-0.785156,0.000000,30.625820,5.000000
4.898438,-0.308594,0.646484,0.000000,31.031193,5.000000
4.951172,-0.623047,0.025391,0.000000,29.652018,5.000000
0.011719,0.031250,0.025391,0.000000,29.410143,5.000000
0.041016,-0.033203,0.062500,0.000000,30.157787,5.000000
0.052734,-0.042969,0.103516,0.000000,29.025467,5.000000
0.011719,-0.039062,-0.007812,0.000000,30.777311,6.000000
0.017578,-0.080078,-0.009766,0.000000,32.000294,6.000000
0.029297,-0.119141,-0.005859,0.000000,30.265333,6.000000
0.056641,-0.154297,0.005859,0.000000,25.526682,6.000000
0.179688,-0.080078,1.251953,0.000000,23.117538,6.000000
0.025391,-0.082031,1.306641,0.000000,24.593925,6.000000
0.421875,-0.083984,-1.279297,0.000000,23.031961,6.000000
0.552734,-0.042969,-1.275391,0.000000,21.760912,6.000000
2.617188,-0.175781,1.042969,0.000000,29.020029,6.000000
2.662109,-0.179688,1.041016,0.000000,32.255676,6.000000
2.755859,-0.089844,0.912109,0.000000,31.287222,6.000000
4.410156,-0.142578,1.230469,0.000000,31.461281,6.000000
4.435547,-0.144531,1.291016,0.000000,31.332195,6.000000
4.744141,-0.298828,-0.550781,0.000000,33.378586,6.000000
4.781250,-0.300781,-0.587891,0.000000,33.965481,6.000000
4.812500,-0.152344,-0.710938,0.000000,30.591846,6.000000
4.902344,-0.308594,0.607422,0.000000,31.072100,6.000000
4.951172,-0.623047,-0.054688,0.000000,29.822712,6.000000
0.011719,0.031250,0.025391,0.000000,29.410143,6.000000
0.041016,-0.033203,0.062500,0.000000,30.153597,6.000000
0.052734,-0.042969,0.103516,0.000000,29.025467,6.000000
0.011719,-0.039062,-0.007812,0.000000,30.777311,7.000000
0.017578,-0.080078,-0.009766,0.000000,32.000294,7.000000
0.029297,-0.119141,-0.005859,0.000000,30.265333,7.000000
0.056641,-0.154297,0.005859,0.000000,25.514500,7.000000
0.183594,-0.080078,1.251953,0.000000,23.138672,7.000000
0.246094,-0.041016,-1.285156,0.000000,24.638929,7.000000
0.398438,-0.083984,-1.287109,0.000000,23.074961,7.000000
0.539062,-0.042969,-1.281250,0.000000,21.702618,7.000000
1.974609,0.880859,-0.169922,0.000000,25.899496,7.000000
1.992188,0.896484,-0.330078,0.000000,25.670263,7.000000
2.615234,-0.175781,1.048828,0.000000,29.041744,7.000000
2.660156,-0.179688,1.042969,0.000000,32.273724,7.000000
2.755859,-0.089844,0.914062,0.000000,31.325798,7.000000
4.412109,-0.142578,1.226562,0.000000,31.464382,7.000000
4.437500,-0.144531,1.289062,0.000000,31.332195,7.000000
4.736328,-0.298828,-0.625000,0.000000,33.330441,7.000000
4.773438,-0.300781,-0.648438,0.000000,33.912880,7.000000
4.812500,-0.152344,-0.716797,0.000000,30.449316,7.000000
4.886719,-0.308594,0.726562,0.000000,31.176027,7.000000
4.947266,-0.623047,0.189453,0.000000,29.912260,7.000000
0.011719,0.031250,0.025391,0.000000,29.405165,7.000000
0.041016,-0.033203,0.062500,0.000000,30.153597,7.000000
0.052734,-0.042969,0.103516,0.000000,29.020029,7.000000
0.011719,-0.039062,-0.007812,0.000000,30.773680,8.000000
0.017578,-0.080078,-0.009766,0.000000,32.000294,8.000000
0.029297,-0.119141,-0.005859,0.000000,30.265333,8.000000
0.056641,-0.154297,0.005859,0.000000,25.514500,8.000000
0.113281,-0.080078,1.259766,0.000000,23.138672,8.000000
0.275391,-0.041016,-1.279297,0.000000,24.608978,8.000000
0.507812,-0.042969,-1.250000,0.000000,23.010300,8.000000
0.562500,-0.042969,-1.271484,0.000000,21.673174,8.000000
2.617188,-0.175781,1.041016,0.000000,29.057959,8.000000
2.664062,-0.179688,1.035156,0.000000,32.278866,8.000000
2.755859,-0.089844,0.910156,0.000000,31.306553,8.000000
4.410156,-0.142578,1.230469,0.000000,31.458178,8.000000
4.437500,-0.144531,1.285156,0.000000,31.319393,8.000000
4.736328,-0.298828,-0.625000,0.000000,33.398487,8.000000
4.769531,-0.300781,-0.673828,0.000000,33.981136,8.000000
4.792969,-0.152344,-0.841797,0.000000,30.588055,8.000000
4.902344,-0.308594,0.601562,0.000000,31.065308,8.000000
4.951172,-0.623047,0.003906,0.000000,29.890047,8.000000
0.011719,0.031250,0.025391,0.000000,29.415113,8.000000
0.041016,-0.033203,0.062500,0.000000,30.149403,8.000000
0.052734,-0.042969,0.103516,0.000000,29.014584,8.000000
0.011719,-0.039062,-0.007812,0.000000,30.777311,9.000000
0.017578,-0.080078,-0.009766,0.000000,31.997551,9.000000
0.029297,-0.119141,-0.005859,0.000000,30.265333,9.000000
0.056641,-0.154297,0.005859,0.000000,25.526682,9.000000
0.148438,-0.080078,1.257812,0.000000,23.159704,9.000000
0.273438,-0.041016,-1.279297,0.000000,24.608978,9.000000
0.417969,-0.083984,-1.281250,0.000000,22.988531,9.000000
0.560547,-0.042969,-1.271484,0.000000,21.673174,9.000000
1.908203,0.929688,-0.123047,0.000000,26.937269,9.000000
1.945312,0.949219,-0.125000,0.000000,28.530895,9.000000
1.904297,1.195312,-0.068359,0.000000,26.434526,9.000000
2.611328,-0.175781,1.054688,0.000000,29.106243,9.000000
2.660156,-0.179688,1.046875,0.000000,32.294258,9.000000
2.757812,-0.089844,0.904297,0.000000,31.306553,9.000000
4.414062,-0.142578,1.220703,0.000000,31.458178,9.000000
4.437500,-0.144531,1.289062,0.000000,31.332195,9.000000
4.736328,-0.298828,-0.623047,0.000000,33.354580,9.000000
4.773438,-0.300781,-0.644531,0.000000,33.939259,9.000000
4.812500,-0.152344,-0.720703,0.000000,30.507664,9.000000
4.894531,-0.308594,0.671875,0.000000,31.129400,9.000000
4.951172,-0.623047,0.058594,0.000000,29.827234,9.000000
0.011719,0.031250,0.025391,0.000000,29.410143,9.000000
0.041016,-0.033203,0.062500,0.000000,30.153597,9.000000
0.052734,-0.042969,0.103516,0.000000,29.020029,9.000000
0.011719,-0.039062,-0.007812,0.000000,30.777311,10.000000
0.017578,-0.080078,-0.009766,0.000000,32.000294,10.000000
0.029297,-0.119141,-0.005859,0.000000,30.265333,10.000000
0.056641,-0.154297,0.005859,0.000000,25.514500,10.000000
0.099609,-0.080078,1.261719,0.000000,23.138672,10.000000
0.267578,-0.041016,-1.281250,0.000000,24.593925,10.000000
0.496094,-0.042969,-1.253906,0.000000,23.031961,10.000000
0.548828,-0.042969,-1.277344,0.000000,21.760912,10.000000
1.943359,0.949219,-0.164062,0.000000,27.656685,10.000000
1.974609,0.966797,-0.216797,0.000000,26.394865,10.000000
2.621094,-0.175781,1.033203,0.000000,29.025467,10.000000
2.664062,-0.179688,1.037109,0.000000,32.260841,10.000000
2.753906,-0.089844,0.919922,0.000000,31.309767,10.000000
4.414062,-0.142578,1.218750,0.000000,31.448854,10.000000
4.437500,-0.144531,1.289062,0.000000,31.312979,10.000000
4.740234,-0.298828,-0.582031,0.000000,33.340515,10.000000
4.779297,-0.300781,-0.609375,0.000000,33.919930,10.000000
4.812500,-0.152344,-0.710938,0.000000,30.461048,10.000000
4.882812,-0.308594,0.753906,0.000000,31.195858,10.000000
4.947266,-0.623047,0.193359,0.000000,29.921114,10.000000
0.009766,0.031250,0.025391,0.000000,29.415113,10.000000
0.041016,-0.033203,0.062500,0.000000,30.149403,10.000000
0.052734,-0.042969,0.103516,0.000000,29.020029,10.000000
0.011719,-0.039062,-0.007812,0.000000,30.773680,11.000000
0.017578,-0.080078,-0.009766,0.000000,32.003033,11.000000
0.029297,-0.119141,-0.005859,0.000000,30.269417,11.000000
0.056641,-0.154297,0.005859,0.000000,25.526682,11.000000
0.101562,-0.080078,1.261719,0.000000,23.159704,11.000000
0.404297,-0.083984,-1.285156,0.000000,23.031961,11.000000
0.548828,-0.042969,-1.277344,0.000000,21.702618,11.000000
1.902344,0.929688,-0.191406,0.000000,27.923918,11.000000
1.943359,0.949219,-0.166016,0.000000,29.609463,11.000000
1.949219,1.035156,-0.101562,0.000000,28.149132,11.000000
2.619141,-0.175781,1.037109,0.000000,29.047155,11.000000
2.662109,-0.179688,1.041016,0.000000,32.268578,11.000000
2.755859,-0.089844,0.912109,0.000000,31.283993,11.000000
4.414062,-0.142578,1.218750,0.000000,31.455072,11.000000
4.439453,-0.144531,1.279297,0.000000,31.328999,11.000000
4.734375,-0.298828,-0.632812,0.000000,33.332458,11.000000
4.769531,-0.300781,-0.671875,0.000000,33.939259,11.000000
4.794922,-0.152344,-0.824219,0.000000,30.584261,11.000000
4.892578,-0.308594,0.689453,0.000000,31.051695,11.000000
4.949219,-0.623047,0.160156,0.000000,29.790930,11.000000
0.011719,0.031250,0.025391,0.000000,29.410143,11.000000
0.041016,-0.033203,0.062500,0.000000,30.149403,11.000000
0.050781,-0.042969,0.103516,0.000000,29.020029,11.000000
0.011719,-0.039062,-0.007812,0.000000,30.773680,12.000000
0.017578,-0.080078,-0.009766,0.000000,32.000294,12.000000
0.029297,-0.119141,-0.005859,0.000000,30.265333,12.000000
0.056641,-0.154297,0.005859,0.000000,25.526682,12.000000
0.167969,-0.080078,1.253906,0.000000,23.159704,12.000000
0.070312,-0.082031,1.304688,0.000000,24.653828,12.000000
0.505859,-0.042969,-1.250000,0.000000,23.096302,12.000000
0.566406,-0.042969,-1.269531,0.000000,21.760912,12.000000
1.863281,0.998047,-0.238281,0.000000,28.853613,12.000000
1.906250,1.015625,-0.185547,0.000000,30.409977,12.000000
1.912109,1.103516,-0.035156,0.000000,29.547249,12.000000
1.902344,1.195312,0.105469,0.000000,28.450981,12.000000
1.939453,1.216797,0.085938,0.000000,26.324574,12.000000
2.621094,-0.175781,1.033203,0.000000,29.014584,12.000000
2.662109,-0.179688,1.041016,0.000000,32.265999,12.000000
2.755859,-0.089844,0.914062,0.000000,31.312979,12.000000
4.414062,-0.142578,1.218750,0.000000,31.433271,12.000000
4.439453,-0.144531,1.281250,0.000000,31.312979,12.000000
4.734375,-0.298828,-0.630859,0.000000,33.318321,12.000000
4.771484,-0.300781,-0.662109,0.000000,33.911118,12.000000
4.802734,-0.152344,-0.775391,0.000000,30.484419,12.000000
4.884766,-0.308594,0.730469,0.000000,31.149445,12.000000
4.949219,-0.623047,0.156250,0.000000,29.867718,12.000000
0.011719,0.031250,0.025391,0.000000,29.415113,12.000000
0.041016,-0.033203,0.062500,0.000000,30.149403,12.000000
0.050781,-0.042969,0.103516,0.000000,29.020029,12.000000
0.011719,-0.039062,-0.007812,0.000000,30.780941,13.000000
0.017578,-0.080078,-0.009766,0.000000,31.997551,13.000000
0.029297,-0.119141,-0.005859,0.000000,30.261246,13.000000
0.056641,-0.154297,0.005859,0.000000,25.502283,13.000000
0.152344,-0.080078,1.255859,0.000000,23.138672,13.000000
0.423828,-0.083984,-1.279297,0.000000,22.988531,13.000000
0.554688,-0.042969,-1.275391,0.000000,21.673174,13.000000
2.615234,-0.175781,1.048828,0.000000,29.063351,13.000000
2.660156,-0.179688,1.044922,0.000000,32.281437,13.000000
2.755859,-0.089844,0.912109,0.000000,31.306553,13.000000
4.412109,-0.142578,1.226562,0.000000,31.464382,13.000000
4.439453,-0.144531,1.281250,0.000000,31.316187,13.000000
4.734375,-0.298828,-0.634766,0.000000,33.352573,13.000000
4.771484,-0.300781,-0.667969,0.000000,33.935753,13.000000
4.796875,-0.152344,-0.810547,0.000000,30.515385,13.000000
4.892578,-0.308594,0.677734,0.000000,31.041456,13.000000
4.951172,-0.623047,0.083984,0.000000,29.800034,13.000000
0.011719,0.031250,0.025391,0.000000,29.410143,13.000000
0.041016,-0.033203,0.062500,0.000000,30.153597,13.000000
0.052734,-0.042969,0.103516,0.000000,29.025467,13.000000
0.011719,-0.039062,-0.007812,0.000000,30.777311,14.000000
0.017578,-0.080078,-0.009766,0.000000,32.000294,14.000000
0.029297,-0.119141,-0.005859,0.000000,30.265333,14.000000
0.056641,-0.154297,0.005859,0.000000,25.514500,14.000000
0.148438,-0.080078,1.257812,0.000000,23.180634,14.000000
0.046875,-0.082031,-1.304688,0.000000,24.623980,14.000000
0.421875,-0.083984,-1.279297,0.000000,23.010300,14.000000
0.548828,-0.042969,-1.277344,0.000000,21.673174,14.000000
1.935547,0.949219,-0.238281,0.000000,25.575071,14.000000
1.740234,1.312500,0.365234,0.000000,25.634811,14.000000
1.886719,1.195312,0.269531,0.000000,26.314438,14.000000
2.619141,-0.175781,1.035156,0.000000,29.030899,14.000000
2.662109,-0.179688,1.039062,0.000000,32.258259,14.000000
2.755859,-0.089844,0.912109,0.000000,31.287222,14.000000
4.416016,-0.142578,1.210938,0.000000,31.442627,14.000000
4.441406,-0.144531,1.273438,0.000000,31.328999,14.000000
4.738281,-0.298828,-0.609375,0.000000,33.366600,14.000000
4.775391,-0.300781,-0.638672,0.000000,33.948017,14.000000
4.808594,-0.152344,-0.748047,0.000000,30.530785,14.000000
4.896484,-0.308594,0.652344,0.000000,31.159431,14.000000
4.949219,-0.623047,0.126953,0.000000,29.956352,14.000000
0.011719,0.031250,0.025391,0.000000,29.405165,14.000000
0.041016,-0.033203,0.062500,0.000000,30.149403,14.000000
0.052734,-0.042969,0.103516,0.000000,29.020029,14.000000
0.011719,-0.039062,-0.007812,0.000000,30.770042,15.000000
0.017578,-0.080078,-0.009766,0.000000,31.997551,15.000000
0.029297,-0.119141,-0.005859,0.000000,30.261246,15.000000
0.056641,-0.154297,0.005859,0.000000,25.514500,15.000000
0.099609,-0.080078,1.261719,0.000000,23.159704,15.000000
0.521484,-0.042969,-1.244141,0.000000,23.010300,15.000000
0.580078,-0.042969,-1.263672,0.000000,21.673174,15.000000
1.839844,1.064453,-0.074219,0.000000,26.785183,15.000000
1.876953,1.083984,-0.041016,0.000000,28.457180,15.000000
1.912109,1.103516,-0.003906,0.000000,27.752462,15.000000
2.613281,-0.175781,1.048828,0.000000,29.052561,15.000000
2.656250,-0.179688,1.054688,0.000000,32.273724,15.000000
2.750000,-0.089844,0.931641,0.000000,31.309767,15.000000
4.412109,-0.142578,1.222656,0.000000,31.458178,15.000000
4.439453,-0.144531,1.279297,0.000000,31.328999,15.000000
4.734375,-0.298828,-0.634766,0.000000,33.336487,15.000000
4.769531,-0.300781,-0.677734,0.000000,33.916409,15.000000
4.798828,-0.152344,-0.806641,0.000000,30.437551,15.000000
4.890625,-0.308594,0.697266,0.000000,31.129400,15.000000
4.951172,-0.623047,0.107422,0.000000,29.745117,15.000000
0.011719,0.031250,0.025391,0.000000,29.410143,15.000000
0.041016,-0.033203,0.062500,0.000000,30.153597,15.000000
0.052734,-0.042969,0.103516,0.000000,29.020029,15.000000
0.011719,-0.039062,-0.007812,0.000000,30.780941,16.000000
0.017578,-0.080078,-0.009766,0.000000,32.003033,16.000000
0.029297,-0.119141,-0.005859,0.000000,30.273497,16.000000
0.056641,-0.154297,0.005859,0.000000,25.538830,16.000000
0.136719,-0.080078,1.257812,0.000000,23.138672,16.000000
0.419922,-0.083984,-1.281250,0.000000,23.031961,16.000000
0.558594,-0.042969,-1.273438,0.000000,21.731863,16.000000
1.861328,0.998047,-0.250000,0.000000,28.704039,16.000000
1.888672,1.015625,-0.318359,0.000000,29.090208,16.000000
2.617188,-0.175781,1.039062,0.000000,29.063351,16.000000
2.662109,-0.179688,1.039062,0.000000,32.284004,16.000000
2.755859,-0.089844,0.910156,0.000000,31.300119,16.000000
4.412109,-0.142578,1.226562,0.000000,31.445742,16.000000
4.439453,-0.144531,1.279297,0.000000,31.312979,16.000000
4.732422,-0.298828,-0.644531,0.000000,33.354580,16.000000
4.767578,-0.300781,-0.697266,0.000000,33.967224,16.000000
4.785156,-0.152344,-0.882812,0.000000,30.576660,16.000000
4.888672,-0.308594,0.705078,0.000000,31.092409,16.000000
4.951172,-0.623047,0.105469,0.000000,29.872192,16.000000
0.011719,0.031250,0.023438,0.000000,29.415113,16.000000
0.041016,-0.033203,0.062500,0.000000,30.153597,16.000000
0.052734,-0.042969,0.103516,0.000000,29.020029,16.000000
0.011719,-0.039062,-0.007812,0.000000,30.773680,17.000000
0.017578,-0.080078,-0.009766,0.000000,31.997551,17.000000
0.029297,-0.119141,-0.005859,0.000000,30.261246,17.000000
0.056641,-0.154297,0.005859,0.000000,25.526682,17.000000
0.117188,-0.080078,1.259766,0.000000,23.159704,17.000000
0.431641,-0.083984,-1.275391,0.000000,23.053514,17.000000
0.568359,-0.042969,-1.269531,0.000000,21.702618,17.000000
1.876953,0.998047,-0.103516,0.000000,27.193314,17.000000
1.833984,1.152344,-0.091797,0.000000,30.043213,17.000000
1.871094,1.173828,-0.046875,0.000000,30.346285,17.000000
1.859375,1.265625,0.015625,0.000000,27.817554,17.000000
2.611328,-0.175781,1.056641,0.000000,29.063351,17.000000
2.658203,-0.179688,1.048828,0.000000,32.268578,17.000000
2.753906,-0.089844,0.919922,0.000000,31.287222,17.000000
4.410156,-0.142578,1.232422,0.000000,31.470577,17.000000
4.437500,-0.144531,1.287109,0.000000,31.332195,17.000000
4.732422,-0.298828,-0.642578,0.000000,33.388546,17.000000
4.767578,-0.300781,-0.687500,0.000000,34.007107,17.000000
4.789062,-0.152344,-0.861328,0.000000,30.681858,17.000000
4.894531,-0.308594,0.666016,0.000000,31.034616,17.000000
4.951172,-0.623047,0.107422,0.000000,29.831751,17.000000
0.011719,0.031250,0.023438,0.000000,29.410143,17.000000
0.041016,-0.033203,0.062500,0.000000,30.157787,17.000000
0.052734,-0.042969,0.103516,0.000000,29.025467,17.000000
0.011719,-0.039062,-0.007812,0.000000,30.777311,18.000000
0.017578,-0.080078,-0.009766,0.000000,32.000294,18.000000
0.029297,-0.119141,-0.005859,0.000000,30.265333,18.000000
0.056641,-0.154297,0.005859,0.000000,25.514500,18.000000
0.187500,-0.080078,1.251953,0.000000,23.138672,18.000000
0.062500,-0.082031,1.304688,0.000000,24.608978,18.000000
0.406250,-0.083984,-1.285156,0.000000,23.010300,18.000000
0.546875,-0.042969,-1.277344,0.000000,21.731863,18.000000
1.832031,1.064453,-0.189453,0.000000,27.551123,18.000000
1.908203,1.015625,-0.166016,0.000000,27.092699,18.000000
1.857422,1.265625,0.089844,0.000000,28.115749,18.000000
1.892578,1.289062,0.042969,0.000000,26.532125,18.000000
2.611328,-0.175781,1.056641,0.000000,29.074114,18.000000
2.660156,-0.179688,1.046875,0.000000,32.271152,18.000000
2.755859,-0.089844,0.914062,0.000000,31.300119,18.000000
4.414062,-0.142578,1.216797,0.000000,31.455072,18.000000
4.439453,-0.144531,1.275391,0.000000,31.319393,18.000000
4.734375,-0.298828,-0.642578,0.000000,33.394516,18.000000
4.769531,-0.300781,-0.681641,0.000000,34.022614,18.000000
4.791016,-0.152344,-0.851562,0.000000,30.726175,18.000000
4.902344,-0.308594,0.613281,0.000000,30.979511,18.000000
4.951172,-0.623047,0.074219,0.000000,29.698816,18.000000
0.011719,0.031250,0.025391,0.000000,29.415113,18.000000
0.041016,-0.033203,0.062500,0.000000,30.149403,18.000000
0.052734,-0.042969,0.103516,0.000000,29.014584,18.000000
0.011719,-0.039062,-0.007812,0.000000,30.777311,19.000000
0.017578,-0.080078,-0.009766,0.000000,32.000294,19.000000
0.029297,-0.119141,-0.005859,0.000000,30.265333,19.000000
0.056641,-0.154297,0.005859,0.000000,25.526682,19.000000
0.162109,-0.080078,1.255859,0.000000,23.138672,19.000000
0.410156,-0.083984,-1.283203,0.000000,23.031961,19.000000
0.556641,-0.042969,-1.273438,0.000000,21.673174,19.000000
1.835938,1.064453,-0.160156,0.000000,29.708117,19.000000
1.871094,1.083984,-0.152344,0.000000,30.068937,19.000000
1.910156,1.103516,-0.097656,0.000000,26.211763,19.000000
2.617188,-0.175781,1.042969,0.000000,29.052561,19.000000
2.662109,-0.179688,1.037109,0.000000,32.265999,19.000000
2.759766,-0.089844,0.902344,0.000000,31.283993,19.000000
4.414062,-0.142578,1.218750,0.000000,31.439510,19.000000
4.441406,-0.144531,1.273438,0.000000,31.312979,19.000000
4.734375,-0.298828,-0.630859,0.000000,33.384563,19.000000
4.769531,-0.300781,-0.675781,0.000000,34.005379,19.000000
4.791016,-0.152344,-0.851562,0.000000,30.681858,19.000000
4.898438,-0.308594,0.644531,0.000000,31.072100,19.000000
4.951172,-0.623047,0.042969,0.000000,29.804579,19.000000
0.011719,0.031250,0.023438,0.000000,29.410143,19.000000
0.041016,-0.033203,0.062500,0.000000,30.149403,19.000000
0.050781,-0.042969,0.103516,0.000000,29.014584,19.000000
0.011719,-0.039062,-0.007812,0.000000,30.784569,20.000000
0.017578,-0.080078,-0.009766,0.000000,32.000294,20.000000
0.029297,-0.119141,-0.005859,0.000000,30.265333,20.000000
0.056641,-0.154297,0.005859,0.000000,25.514500,20.000000
0.048828,-0.080078,1.265625,0.000000,23.096302,20.000000
0.414062,-0.083984,-1.283203,0.000000,23.031961,20.000000
0.564453,-0.042969,-1.269531,0.000000,21.731863,20.000000
1.824219,1.064453,-0.257812,0.000000,27.626785,20.000000
1.867188,1.083984,-0.191406,0.000000,29.454685,20.000000
1.865234,1.173828,-0.144531,0.000000,28.241259,20.000000
2.613281,-0.175781,1.050781,0.000000,29.068735,20.000000
2.658203,-0.179688,1.050781,0.000000,32.276295,20.000000
2.751953,-0.089844,0.923828,0.000000,31.303337,20.000000
4.416016,-0.142578,1.214844,0.000000,31.433271,20.000000
4.439453,-0.144531,1.281250,0.000000,31.303337,20.000000
4.734375,-0.298828,-0.626953,0.000000,33.368599,20.000000
4.769531,-0.300781,-0.677734,0.000000,33.968964,20.000000
4.791016,-0.152344,-0.843750,0.000000,30.591846,20.000000
4.894531,-0.308594,0.673828,0.000000,31.126051,20.000000
4.951172,-0.623047,0.035156,0.000000,29.822712,20.000000
0.011719,0.031250,0.023438,0.000000,29.410143,20.000000
0.041016,-0.033203,0.062500,0.000000,30.153597,20.000000
0.052734,-0.042969,0.103516,0.000000,29.025467,20.000000
0.011719,-0.039062,-0.007812,0.000000,30.788193,21.000000
0.017578,-0.080078,-0.009766,0.000000,32.005768,21.000000
0.029297,-0.119141,-0.005859,0.000000,30.269417,21.000000
0.056641,-0.154297,0.005859,0.000000,25.514500,21.000000
0.083984,-0.080078,1.263672,0.000000,23.138672,21.000000
0.291016,-0.041016,-1.275391,0.000000,24.608978,21.000000
0.427734,-0.083984,-1.277344,0.000000,23.031961,21.000000
0.548828,-0.042969,-1.277344,0.000000,21.702618,21.000000
1.779297,1.130859,-0.289062,0.000000,27.209858,21.000000
1.869141,1.083984,-0.181641,0.000000,27.419392,21.000000
2.611328,-0.175781,1.058594,0.000000,29.063351,21.000000
2.658203,-0.179688,1.050781,0.000000,32.273724,21.000000
2.753906,-0.089844,0.917969,0.000000,31.287222,21.000000
4.416016,-0.142578,1.212891,0.000000,31.458178,21.000000
4.445312,-0.144531,1.261719,0.000000,31.319393,21.000000
4.736328,-0.298828,-0.621094,0.000000,33.356583,21.000000
4.773438,-0.300781,-0.656250,0.000000,33.948017,21.000000
4.798828,-0.152344,-0.800781,0.000000,30.515385,21.000000
4.884766,-0.308594,0.732422,0.000000,31.112625,21.000000
4.951172,-0.623047,0.074219,0.000000,29.800034,21.000000
0.011719,0.031250,0.023438,0.000000,29.405165,21.000000
0.041016,-0.033203,0.062500,0.000000,30.153597,21.000000
0.052734,-0.042969,0.103516,0.000000,29.020029,21.000000
0.011719,-0.039062,-0.007812,0.000000,30.784569,22.000000
0.017578,-0.080078,-0.009766,0.000000,32.003033,22.000000
0.029297,-0.119141,-0.005859,0.000000,30.265333,22.000000
0.056641,-0.154297,0.005859,0.000000,25.514500,22.000000
0.179688,-0.080078,1.251953,0.000000,23.138672,22.000000
0.027344,-0.082031,1.306641,0.000000,24.608978,22.000000
0.421875,-0.083984,-1.279297,0.000000,23.031961,22.000000
0.544922,-0.042969,-1.279297,0.000000,21.673174,22.000000
1.822266,1.064453,-0.275391,0.000000,27.226339,22.000000
1.853516,1.083984,-0.292969,0.000000,26.901960,22.000000
2.615234,-0.175781,1.046875,0.000000,29.041744,22.000000
2.662109,-0.179688,1.039062,0.000000,32.273724,22.000000
2.761719,-0.089844,0.896484,0.000000,31.290451,22.000000
4.412109,-0.142578,1.222656,0.000000,31.442627,22.000000
4.437500,-0.144531,1.285156,0.000000,31.319393,22.000000
4.736328,-0.298828,-0.623047,0.000000,33.362595,22.000000
4.771484,-0.300781,-0.662109,0.000000,33.977661,22.000000
4.794922,-0.152344,-0.828125,0.000000,30.603201,22.000000
4.898438,-0.308594,0.640625,0.000000,31.132748,22.000000
4.968750,-0.468750,0.039062,0.000000,29.845274,22.000000
0.011719,0.031250,0.025391,0.000000,29.410143,22.000000
0.041016,-0.033203,0.062500,0.000000,30.157787,22.000000
0.052734,-0.042969,0.103516,0.000000,29.020029,22.000000
0.011719,-0.039062,-0.007812,0.000000,30.791813,23.000000
0.017578,-0.080078,-0.009766,0.000000,32.005768,23.000000
0.029297,-0.119141,-0.005859,0.000000,30.265333,23.000000
0.056641,-0.154297,0.005859,0.000000,25.514500,23.000000
0.148438,-0.080078,1.257812,0.000000,23.159704,23.000000
0.005859,-0.082031,-1.306641,0.000000,24.653828,23.000000
0.437500,-0.083984,-1.273438,0.000000,23.053514,23.000000
0.560547,-0.042969,-1.271484,0.000000,21.673174,23.000000
1.830078,1.152344,-0.146484,0.000000,27.528164,23.000000
1.824219,1.242188,-0.080078,0.000000,26.848454,23.000000
2.626953,-0.175781,1.017578,0.000000,29.025467,23.000000
2.666016,-0.179688,1.031250,0.000000,32.278866,23.000000
2.757812,-0.089844,0.906250,0.000000,31.338581,23.000000
4.414062,-0.142578,1.218750,0.000000,31.433271,23.000000
4.441406,-0.144531,1.275391,0.000000,31.303337,23.000000
4.736328,-0.298828,-0.623047,0.000000,33.364597,23.000000
4.771484,-0.300781,-0.669922,0.000000,33.986343,23.000000
4.792969,-0.152344,-0.837891,0.000000,30.618294,23.000000
4.880859,-0.308594,0.765625,0.000000,31.095785,23.000000
4.949219,-0.623047,0.140625,0.000000,29.790930,23.000000
0.011719,0.031250,0.023438,0.000000,29.410143,23.000000
0.041016,-0.033203,0.062500,0.000000,30.153597,23.000000
0.052734,-0.042969,0.103516,0.000000,29.025467,23.000000
0.011719,-0.039062,-0.007812,0.000000,30.784569,24.000000
0.017578,-0.080078,-0.009766,0.000000,32.000294,24.000000
0.029297,-0.119141,-0.005859,0.000000,30.265333,24.000000
0.056641,-0.154297,0.005859,0.000000,25.514500,24.000000
0.130859,-0.080078,1.259766,0.000000,23.159704,24.000000
0.414062,-0.083984,-1.281250,0.000000,23.053514,24.000000
0.558594,-0.042969,-1.273438,0.000000,21.702618,24.000000
2.613281,-0.175781,1.054688,0.000000,29.041744,24.000000
2.660156,-0.179688,1.044922,0.000000,32.276295,24.000000
2.750000,-0.089844,0.927734,0.000000,31.341770,24.000000
4.412109,-0.142578,1.224609,0.000000,31.455072,24.000000
4.439453,-0.144531,1.279297,0.000000,31.322598,24.000000
4.736328,-0.298828,-0.615234,0.000000,33.366600,24.000000
4.773438,-0.300781,-0.654297,0.000000,33.949768,24.000000
4.802734,-0.152344,-0.779297,0.000000,30.526939,24.000000
4.875000,-0.308594,0.802734,0.000000,31.092409,24.000000
4.947266,-0.623047,0.193359,0.000000,29.831751,24.000000
0.011719,0.031250,0.025391,0.000000,29.410143,24.000000
0.041016,-0.033203,0.062500,0.000000,30.149403,24.000000
0.052734,-0.042969,0.103516,0.000000,29.014584,24.000000
0.011719,-0.039062,-0.007812,0.000000,30.780941,25.000000
0.017578,-0.080078,-0.009766,0.000000,32.003033,25.000000
0.029297,-0.119141,-0.005859,0.000000,30.265333,25.000000
0.056641,-0.154297,0.005859,0.000000,25.514500,25.000000
0.187500,-0.080078,1.251953,0.000000,23.159704,25.000000
0.029297,-0.082031,1.306641,0.000000,24.623980,25.000000
0.433594,-0.083984,-1.275391,0.000000,23.010300,25.000000
0.560547,-0.042969,-1.271484,0.000000,21.673174,25.000000
1.710938,1.263672,0.019531,0.000000,27.474117,25.000000
1.792969,1.218750,0.011719,0.000000,27.923918,25.000000
1.824219,1.242188,0.082031,0.000000,26.711729,25.000000
2.613281,-0.175781,1.050781,0.000000,29.079485,25.000000
2.658203,-0.179688,1.048828,0.000000,32.268578,25.000000
2.753906,-0.089844,0.917969,0.000000,31.264561,25.000000
4.412109,-0.142578,1.222656,0.000000,31.442627,25.000000
4.441406,-0.144531,1.273438,0.000000,31.306553,25.000000
4.736328,-0.298828,-0.625000,0.000000,33.354580,25.000000
4.771484,-0.300781,-0.666016,0.000000,33.961994,25.000000
4.792969,-0.152344,-0.837891,0.000000,30.580462,25.000000
4.898438,-0.308594,0.646484,0.000000,31.095785,25.000000
4.951172,-0.623047,-0.037109,0.000000,29.881128,25.000000
0.011719,0.031250,0.025391,0.000000,29.410143,25.000000
0.041016,-0.033203,0.062500,0.000000,30.153597,25.000000
0.052734,-0.042969,0.103516,0.000000,29.025467,25.000000
0.011719,-0.039062,-0.007812,0.000000,30.777311,26.000000
0.017578,-0.080078,-0.009766,0.000000,32.000294,26.000000
0.029297,-0.119141,-0.005859,0.000000,30.265333,26.000000
0.056641,-0.154297,0.005859,0.000000,25.514500,26.000000
0.140625,-0.080078,1.257812,0.000000,23.159704,26.000000
0.029297,-0.082031,1.306641,0.000000,24.623980,26.000000
0.492188,-0.042969,-1.255859,0.000000,23.053514,26.000000
0.531250,-0.042969,-1.285156,0.000000,21.731863,26.000000
1.789062,1.218750,0.117188,0.000000,26.414742,26.000000
1.763672,1.312500,0.222656,0.000000,25.888317,26.000000
2.609375,-0.175781,1.060547,0.000000,29.079485,26.000000
2.660156,-0.179688,1.046875,0.000000,32.278866,26.000000
2.757812,-0.089844,0.908203,0.000000,31.316187,26.000000
4.414062,-0.142578,1.220703,0.000000,31.430147,26.000000
4.443359,-0.144531,1.267578,0.000000,31.290451,26.000000
4.736328,-0.298828,-0.623047,0.000000,33.362595,26.000000
4.769531,-0.300781,-0.673828,0.000000,33.972446,26.000000
4.787109,-0.152344,-0.869141,0.000000,30.610754,26.000000
4.882812,-0.308594,0.750000,0.000000,31.007151,26.000000
4.949219,-0.623047,0.142578,0.000000,29.898945,26.000000
0.011719,0.031250,0.025391,0.000000,29.405165,26.000000
0.041016,-0.033203,0.062500,0.000000,30.153597,26.000000
0.052734,-0.042969,0.103516,0.000000,29.020029,26.000000
0.011719,-0.039062,-0.007812,0.000000,30.780941,27.000000
0.017578,-0.080078,-0.009766,0.000000,32.003033,27.000000
0.029297,-0.119141,-0.005859,0.000000,30.269417,27.000000
0.056641,-0.154297,0.005859,0.000000,25.526682,27.000000
0.193359,-0.080078,1.250000,0.000000,23.201464,27.000000
0.080078,-0.082031,1.304688,0.000000,24.653828,27.000000
0.507812,-0.042969,-1.250000,0.000000,23.031961,27.000000
0.550781,-0.042969,-1.275391,0.000000,21.673174,27.000000
2.609375,-0.175781,1.060547,0.000000,29.079485,27.000000
2.658203,-0.179688,1.050781,0.000000,32.276295,27.000000
2.759766,-0.089844,0.898438,0.000000,31.267805,27.000000
4.410156,-0.142578,1.230469,0.000000,31.455072,27.000000
4.439453,-0.144531,1.281250,0.000000,31.322598,27.000000
4.736328,-0.298828,-0.619141,0.000000,33.360592,27.000000
4.773438,-0.300781,-0.650391,0.000000,33.956757,27.000000
4.800781,-0.152344,-0.791016,0.000000,30.580462,27.000000
4.896484,-0.308594,0.650391,0.000000,30.986437,27.000000
4.951172,-0.623047,-0.003906,0.000000,29.772661,27.000000
1.679688,1.263672,-0.328125,-0.614669,25.910646,27.000000
1.728516,1.287109,-0.238281,-0.614669,26.222139,27.000000
0.011719,0.031250,0.025391,0.000000,29.410143,27.000000
0.041016,-0.033203,0.062500,0.000000,30.157787,27.000000
0.052734,-0.042969,0.103516,0.000000,29.030899,27.000000
0.011719,-0.039062,-0.007812,0.000000,30.788193,28.000000
0.017578,-0.080078,-0.009766,0.000000,32.003033,28.000000
0.029297,-0.119141,-0.005859,0.000000,30.265333,28.000000
0.056641,-0.154297,0.005859,0.000000,25.514500,28.000000
0.101562,-0.080078,1.261719,0.000000,23.159704,28.000000
0.412109,-0.083984,-1.283203,0.000000,23.031961,28.000000
0.539062,-0.042969,-1.281250,0.000000,21.643528,28.000000
2.615234,-0.175781,1.046875,0.000000,29.084850,28.000000
2.660156,-0.179688,1.042969,0.000000,32.284004,28.000000
2.759766,-0.089844,0.898438,0.000000,31.274288,28.000000
4.416016,-0.142578,1.212891,0.000000,31.458178,28.000000
4.441406,-0.144531,1.271484,0.000000,31.325798,28.000000
4.736328,-0.298828,-0.619141,0.000000,33.354580,28.000000
4.773438,-0.300781,-0.646484,0.000000,33.939259,28.000000
4.806641,-0.152344,-0.748047,0.000000,30.503798,28.000000
4.894531,-0.308594,0.673828,0.000000,31.020905,28.000000
4.951172,-0.623047,0.078125,0.000000,29.712759,28.000000
1.740234,1.287109,-0.126953,-0.614669,27.007038,28.000000
0.011719,0.031250,0.023438,0.000000,29.415113,28.000000
0.041016,-0.033203,0.062500,0.000000,30.153597,28.000000
0.052734,-0.042969,0.103516,0.000000,29.025467,28.000000
0.011719,-0.039062,-0.007812,0.000000,30.773680,29.000000
0.017578,-0.080078,-0.009766,0.000000,31.997551,29.000000
0.029297,-0.119141,-0.005859,0.000000,30.265333,29.000000
0.056641,-0.154297,0.005859,0.000000,25.514500,29.000000
0.156250,-0.080078,1.255859,0.000000,23.201464,29.000000
0.527344,-0.042969,-1.242188,0.000000,23.053514,29.000000
0.568359,-0.042969,-1.269531,0.000000,21.731863,29.000000
2.617188,-0.175781,1.041016,0.000000,29.036325,29.000000
2.662109,-0.179688,1.039062,0.000000,32.263420,29.000000
2.759766,-0.089844,0.902344,0.000000,31.287222,29.000000
4.416016,-0.142578,1.212891,0.000000,31.455072,29.000000
4.441406,-0.144531,1.271484,0.000000,31.316187,29.000000
4.736328,-0.298828,-0.623047,0.000000,33.358589,29.000000
4.773438,-0.300781,-0.652344,0.000000,33.928726,29.000000
4.806641,-0.152344,-0.751953,0.000000,30.445398,29.000000
4.888672,-0.308594,0.707031,0.000000,31.109262,29.000000
4.951172,-0.623047,0.099609,0.000000,29.894499,29.000000
1.744141,1.287109,0.001953,-0.614669,25.943926,29.000000
0.011719,0.031250,0.023438,0.000000,29.415113,29.000000
0.041016,-0.033203,0.062500,0.000000,30.153597,29.000000
0.052734,-0.042969,0.103516,0.000000,29.025467,29.000000
0.011719,-0.039062,-0.007812,0.000000,30.777311,30.000000
0.017578,-0.080078,-0.009766,0.000000,32.000294,30.000000
0.029297,-0.119141,-0.005859,0.000000,30.269417,30.000000
0.056641,-0.154297,0.003906,0.000000,25.526682,30.000000
0.152344,-0.080078,1.255859,0.000000,23.138672,30.000000
0.431641,-0.083984,-1.275391,0.000000,23.053514,30.000000
0.574219,-0.042969,-1.265625,0.000000,21.673174,30.000000
2.619141,-0.175781,1.035156,0.000000,29.079485,30.000000
2.662109,-0.179688,1.039062,0.000000,32.281437,30.000000
2.759766,-0.089844,0.900391,0.000000,31.277525,30.000000
4.416016,-0.142578,1.214844,0.000000,31.461281,30.000000
4.443359,-0.144531,1.265625,0.000000,31.322598,30.000000
4.736328,-0.298828,-0.625000,0.000000,33.362595,30.000000
4.773438,-0.300781,-0.652344,0.000000,33.961994,30.000000
4.802734,-0.152344,-0.779297,0.000000,30.622059,30.000000
4.888672,-0.308594,0.708984,0.000000,31.034616,30.000000
4.949219,-0.623047,0.119141,0.000000,29.740509,30.000000
1.681641,1.173828,-0.384766,-0.614669,26.085260,30.000000
1.681641,1.263672,-0.320312,-0.614669,26.646420,30.000000
0.011719,0.031250,0.023438,0.000000,29.405165,30.000000
0.041016,-0.033203,0.062500,0.000000,30.153597,30.000000
0.050781,-0.042969,0.103516,0.000000,29.030899,30.000000
0.011719,-0.039062,-0.007812,0.000000,30.770042,31.000000
0.017578,-0.080078,-0.009766,0.000000,32.000294,31.000000
0.029297,-0.119141,-0.005859,0.000000,30.265333,31.000000
0.056641,-0.154297,0.005859,0.000000,25.502283,31.000000
0.156250,-0.080078,1.255859,0.000000,23.180634,31.000000
0.511719,-0.042969,-1.248047,0.000000,23.010300,31.000000
0.548828,-0.042969,-1.277344,0.000000,21.673174,31.000000
2.615234,-0.175781,1.048828,0.000000,29.057959,31.000000
2.660156,-0.179688,1.044922,0.000000,32.271152,31.000000
2.757812,-0.089844,0.908203,0.000000,31.277525,31.000000
4.412109,-0.142578,1.228516,0.000000,31.482941,31.000000
4.439453,-0.144531,1.279297,0.000000,31.341770,31.000000
4.736328,-0.298828,-0.617188,0.000000,33.350567,31.000000
4.773438,-0.300781,-0.654297,0.000000,33.942764,31.000000
4.798828,-0.152344,-0.798828,0.000000,30.507664,31.000000
4.880859,-0.308594,0.759766,0.000000,31.078880,31.000000
4.949219,-0.623047,0.115234,0.000000,29.840771,31.000000
1.625000,1.304688,-0.113281,-0.614669,26.273659,31.000000
1.660156,1.330078,-0.029297,-0.614669,26.551384,31.000000
0.011719,0.031250,0.023438,0.000000,29.415113,31.000000
0.041016,-0.033203,0.062500,0.000000,30.157787,31.000000
0.052734,-0.042969,0.103516,0.000000,29.025467,31.000000
0.011719,-0.039062,-0.007812,0.000000,30.773680,32.000000
0.017578,-0.080078,-0.009766,0.000000,31.997551,32.000000
0.029297,-0.119141,-0.005859,0.000000,30.261246,32.000000
0.056641,-0.154297,0.005859,0.000000,25.514500,32.000000
0.160156,-0.080078,1.255859,0.000000,23.096302,32.000000
0.074219,-0.082031,1.304688,0.000000,24.593925,32.000000
0.507812,-0.042969,-1.250000,0.000000,23.010300,32.000000
0.574219,-0.042969,-1.265625,0.000000,21.673174,32.000000
2.617188,-0.175781,1.044922,0.000000,28.992731,32.000000
2.664062,-0.179688,1.037109,0.000000,32.234959,32.000000
2.755859,-0.089844,0.914062,0.000000,31.280760,32.000000
4.410156,-0.142578,1.232422,0.000000,31.455072,32.000000
4.439453,-0.144531,1.281250,0.000000,31.319393,32.000000
4.736328,-0.298828,-0.625000,0.000000,33.366600,32.000000
4.771484,-0.300781,-0.669922,0.000000,33.970707,32.000000
4.789062,-0.152344,-0.857422,0.000000,30.591846,32.000000
4.884766,-0.308594,0.732422,0.000000,31.038036,32.000000
4.947266,-0.623047,0.181641,0.000000,29.809120,32.000000
1.681641,1.150391,-0.173828,-0.614669,27.109631,32.000000
1.677734,1.238281,-0.072266,-0.614669,28.388491,32.000000
1.755859,1.197266,-0.085938,-0.614669,27.427252,32.000000
0.011719,0.031250,0.025391,0.000000,29.410143,32.000000
0.041016,-0.033203,0.062500,0.000000,30.145205,32.000000
0.050781,-0.042969,0.103516,0.000000,29.020029,32.000000
0.011719,-0.039062,-0.007812,0.000000,30.788193,33.000000
0.017578,-0.080078,-0.009766,0.000000,32.000294,33.000000
0.029297,-0.119141,-0.005859,0.000000,30.265333,33.000000
0.056641,-0.154297,0.005859,0.000000,25.514500,33.000000
0.160156,-0.080078,1.255859,0.000000,23.138672,33.000000
0.273438,-0.041016,-1.279297,0.000000,24.608978,33.000000
0.527344,-0.042969,-1.242188,0.000000,23.010300,33.000000
0.582031,-0.042969,-1.261719,0.000000,21.643528,33.000000
2.621094,-0.175781,1.029297,0.000000,29.009130,33.000000
2.664062,-0.179688,1.035156,0.000000,32.255676,33.000000
2.757812,-0.089844,0.904297,0.000000,31.287222,33.000000
4.416016,-0.142578,1.210938,0.000000,31.455072,33.000000
4.441406,-0.144531,1.273438,0.000000,31.319393,33.000000
4.736328,-0.298828,-0.615234,0.000000,33.358589,33.000000
4.773438,-0.300781,-0.644531,0.000000,33.937508,33.000000
4.806641,-0.152344,-0.757812,0.000000,30.519239,33.000000
4.882812,-0.308594,0.750000,0.000000,31.031193,33.000000
4.949219,-0.623047,0.167969,0.000000,29.754318,33.000000
1.648438,1.150391,-0.375000,-0.614669,27.050079,33.000000
1.750000,1.107422,-0.250000,-0.614669,27.626785,33.000000
1.757812,1.197266,0.017578,-0.614669,25.774918,33.000000
0.011719,0.031250,0.025391,0.000000,29.410143,33.000000
0.041016,-0.033203,0.062500,0.000000,30.153597,33.000000
0.052734,-0.042969,0.103516,0.000000,29.025467,33.000000
0.011719,-0.039062,-0.007812,0.000000,30.773680,34.000000
0.017578,-0.080078,-0.009766,0.000000,32.000294,34.000000
0.041016,-0.115234,-0.009766,0.000000,30.261246,34.000000
0.056641,-0.154297,0.005859,0.000000,25.502283,34.000000
0.103516,-0.080078,1.261719,0.000000,23.159704,34.000000
0.257812,-0.041016,-1.283203,0.000000,24.608978,34.000000
0.390625,-0.083984,-1.289062,0.000000,23.031961,34.000000
0.525391,-0.042969,-1.287109,0.000000,21.702618,34.000000
2.603516,-0.175781,1.078125,0.000000,29.057959,34.000000
2.658203,-0.179688,1.048828,0.000000,32.260841,34.000000
2.759766,-0.089844,0.900391,0.000000,31.267805,34.000000
4.414062,-0.142578,1.214844,0.000000,31.451963,34.000000
4.441406,-0.144531,1.275391,0.000000,31.316187,34.000000
4.736328,-0.298828,-0.625000,0.000000,33.358589,34.000000
4.771484,-0.300781,-0.664062,0.000000,33.949768,34.000000
4.794922,-0.152344,-0.830078,0.000000,30.534626,34.000000
4.896484,-0.308594,0.658203,0.000000,31.102530,34.000000
4.951172,-0.623047,0.021484,0.000000,29.763500,34.000000
1.568359,1.166016,-0.187500,-0.614669,26.551384,34.000000
1.554688,1.251953,-0.183594,-0.614669,28.095596,34.000000
1.585938,1.279297,-0.185547,-0.614669,26.253124,34.000000
0.011719,0.031250,0.025391,0.000000,29.410143,34.000000
0.041016,-0.033203,0.062500,0.000000,30.149403,34.000000
0.052734,-0.042969,0.103516,0.000000,29.020029,34.000000
0.011719,-0.039062,-0.007812,0.000000,30.780941,35.000000
0.017578,-0.080078,-0.009766,0.000000,32.000294,35.000000
0.029297,-0.119141,-0.005859,0.000000,30.265333,35.000000
0.056641,-0.154297,0.005859,0.000000,25.514500,35.000000
0.113281,-0.080078,1.259766,0.000000,23.159704,35.000000
0.283203,-0.041016,-1.277344,0.000000,24.623980,35.000000
0.513672,-0.042969,-1.248047,0.000000,23.031961,35.000000
0.550781,-0.042969,-1.277344,0.000000,21.702618,35.000000
2.623047,-0.175781,1.025391,0.000000,29.047155,35.000000
2.664062,-0.179688,1.037109,0.000000,32.273724,35.000000
2.757812,-0.089844,0.908203,0.000000,31.309767,35.000000
4.414062,-0.142578,1.222656,0.000000,31.455072,35.000000
4.441406,-0.144531,1.273438,0.000000,31.322598,35.000000
4.736328,-0.298828,-0.625000,0.000000,33.360592,35.000000
4.769531,-0.300781,-0.673828,0.000000,33.967224,35.000000
4.792969,-0.152344,-0.839844,0.000000,30.603201,35.000000
4.884766,-0.308594,0.738281,0.000000,31.115986,35.000000
4.949219,-0.623047,0.123047,0.000000,29.818186,35.000000
1.644531,1.126953,-0.201172,-0.614669,27.626785,35.000000
1.687500,1.150391,-0.093750,-0.614669,28.162413,35.000000
1.722656,1.173828,-0.103516,-0.614669,27.209858,35.000000
0.011719,0.031250,0.023438,0.000000,29.410143,35.000000
0.041016,-0.033203,0.062500,0.000000,30.149403,35.000000
0.052734,-0.042969,0.103516,0.000000,29.020029,35.000000
0.011719,-0.039062,-0.007812,0.000000,30.773680,36.000000
0.017578,-0.080078,-0.009766,0.000000,32.000294,36.000000
0.029297,-0.119141,-0.005859,0.000000,30.265333,36.000000
0.056641,-0.154297,0.005859,0.000000,25.526682,36.000000
0.179688,-0.080078,1.251953,0.000000,23.138672,36.000000
0.035156,-0.082031,1.306641,0.000000,24.623980,36.000000
0.406250,-0.083984,-1.285156,0.000000,23.074961,36.000000
0.554688,-0.042969,-1.275391,0.000000,21.731863,36.000000
2.621094,-0.175781,1.035156,0.000000,29.063351,36.000000
2.662109,-0.179688,1.039062,0.000000,32.289135,36.000000
2.757812,-0.089844,0.908203,0.000000,31.322598,36.000000
4.412109,-0.142578,1.228516,0.000000,31.461281,36.000000
4.435547,-0.144531,1.292969,0.000000,31.319393,36.000000
4.736328,-0.298828,-0.625000,0.000000,33.366600,36.000000
4.773438,-0.300781,-0.644531,0.000000,33.974186,36.000000
4.806641,-0.152344,-0.753906,0.000000,30.663260,36.000000
4.892578,-0.308594,0.677734,0.000000,31.089031,36.000000
4.951172,-0.623047,0.099609,0.000000,29.758911,36.000000
1.533203,1.226562,-0.033203,-0.614669,26.551384,36.000000
1.546875,1.251953,-0.238281,-0.614669,25.693739,36.000000
0.011719,0.031250,0.025391,0.000000,29.415113,36.000000
0.041016,-0.033203,0.062500,0.000000,30.153597,36.000000
0.052734,-0.042969,0.103516,0.000000,29.025467,36.000000
0.011719,-0.039062,-0.007812,0.000000,30.777311,37.000000
0.017578,-0.080078,-0.009766,0.000000,32.000294,37.000000
0.029297,-0.119141,-0.005859,0.000000,30.261246,37.000000
0.056641,-0.154297,0.005859,0.000000,25.514500,37.000000
0.154297,-0.080078,1.255859,0.000000,23.138672,37.000000
0.029297,-0.082031,1.306641,0.000000,24.608978,37.000000
0.417969,-0.083984,-1.281250,0.000000,22.988531,37.000000
2.615234,-0.175781,1.044922,0.000000,29.068735,37.000000
2.658203,-0.179688,1.046875,0.000000,32.291698,37.000000
2.753906,-0.089844,0.917969,0.000000,31.319393,37.000000
4.414062,-0.142578,1.220703,0.000000,31.464382,37.000000
4.439453,-0.144531,1.277344,0.000000,31.325798,37.000000
4.736328,-0.298828,-0.621094,0.000000,33.348557,37.000000
4.773438,-0.300781,-0.654297,0.000000,33.930485,37.000000
4.798828,-0.152344,-0.798828,0.000000,30.472748,37.000000
4.902344,-0.308594,0.605469,0.000000,31.027765,37.000000
4.951172,-0.623047,0.033203,0.000000,29.740509,37.000000
0.011719,0.031250,0.025391,0.000000,29.410143,37.000000
0.041016,-0.033203,0.062500,0.000000,30.149403,37.000000
0.050781,-0.042969,0.103516,0.000000,29.020029,37.000000
0.011719,-0.039062,-0.007812,0.000000,30.777311,38.000000
0.017578,-0.080078,-0.009766,0.000000,32.000294,38.000000
0.029297,-0.119141,-0.005859,0.000000,30.265333,38.000000
0.056641,-0.154297,0.005859,0.000000,25.514500,38.000000
0.154297,-0.080078,1.255859,0.000000,23.159704,38.000000
0.445312,-0.083984,-1.271484,0.000000,23.053514,38.000000
0.587891,-0.042969,-1.259766,0.000000,21.731863,38.000000
2.613281,-0.175781,1.050781,0.000000,29.074114,38.000000
2.660156,-0.179688,1.044922,0.000000,32.263420,38.000000
2.757812,-0.089844,0.908203,0.000000,31.274288,38.000000
4.416016,-0.142578,1.212891,0.000000,31.448854,38.000000
4.443359,-0.144531,1.267578,0.000000,31.316187,38.000000
4.736328,-0.298828,-0.626953,0.000000,33.368599,38.000000
4.767578,-0.300781,-0.685547,0.000000,33.982872,38.000000
4.777344,-0.152344,-0.919922,0.000000,30.637085,38.000000
4.900391,-0.308594,0.626953,0.000000,31.010593,38.000000
4.951172,-0.623047,0.013672,0.000000,29.790930,38.000000
0.011719,0.031250,0.023438,0.000000,29.410143,38.000000
0.041016,-0.033203,0.062500,0.000000,30.153597,38.000000
0.052734,-0.042969,0.103516,0.000000,29.025467,38.000000
0.011719,-0.039062,-0.007812,0.000000,30.773680,39.000000
0.017578,-0.080078,-0.009766,0.000000,32.000294,39.000000
0.029297,-0.119141,-0.005859,0.000000,30.269417,39.000000
0.056641,-0.154297,0.005859,0.000000,25.526682,39.000000
0.173828,-0.080078,1.253906,0.000000,23.117538,39.000000
0.048828,-0.082031,1.304688,0.000000,24.593925,39.000000
0.417969,-0.083984,-1.281250,0.000000,22.988531,39.000000
0.562500,-0.042969,-1.271484,0.000000,21.673174,39.000000
2.611328,-0.175781,1.056641,0.000000,29.036325,39.000000
2.660156,-0.179688,1.042969,0.000000,32.268578,39.000000
2.757812,-0.089844,0.904297,0.000000,31.296900,39.000000
4.414062,-0.142578,1.218750,0.000000,31.445742,39.000000
4.441406,-0.144531,1.273438,0.000000,31.322598,39.000000
4.732422,-0.298828,-0.648438,0.000000,33.364597,39.000000
4.763672,-0.300781,-0.714844,0.000000,33.991543,39.000000
4.769531,-0.152344,-0.960938,0.000000,30.622059,39.000000
4.904297,-0.308594,0.599609,0.000000,31.024338,39.000000
4.951172,-0.623047,0.044922,0.000000,29.804579,39.000000
1.623047,1.103516,-0.023438,-0.614669,26.211763,39.000000
1.656250,1.126953,0.011719,-0.614669,25.843311,39.000000
0.011719,0.031250,0.025391,0.000000,29.410143,39.000000
0.041016,-0.033203,0.062500,0.000000,30.153597,39.000000
0.052734,-0.042969,0.103516,0.000000,29.025467,39.000000
0.011719,-0.039062,-0.007812,0.000000,30.777311,40.000000
0.017578,-0.080078,-0.009766,0.000000,32.003033,40.000000
0.029297,-0.119141,-0.005859,0.000000,30.269417,40.000000
0.056641,-0.154297,0.005859,0.000000,25.538830,40.000000
0.097656,-0.080078,1.261719,0.000000,23.159704,40.000000
0.433594,-0.083984,-1.275391,0.000000,23.031961,40.000000
2.611328,-0.175781,1.054688,0.000000,29.063351,40.000000
2.660156,-0.179688,1.046875,0.000000,32.278866,40.000000
2.753906,-0.089844,0.919922,0.000000,31.293676,40.000000
4.414062,-0.142578,1.220703,0.000000,31.458178,40.000000
4.439453,-0.144531,1.279297,0.000000,31.319393,40.000000
4.736328,-0.298828,-0.621094,0.000000,33.382572,40.000000
4.771484,-0.300781,-0.664062,0.000000,34.031204,40.000000
4.789062,-0.152344,-0.855469,0.000000,30.788193,40.000000
4.896484,-0.308594,0.652344,0.000000,31.007151,40.000000
4.951172,-0.623047,0.029297,0.000000,29.804579,40.000000
1.513672,1.117188,0.050781,-0.614669,27.176704,40.000000
1.498047,1.201172,0.103516,-0.614669,26.803354,40.000000
1.578125,1.166016,-0.058594,-0.614669,25.118834,40.000000
0.011719,0.031250,0.025391,0.000000,29.410143,40.000000
0.041016,-0.033203,0.062500,0.000000,30.153597,40.000000
0.052734,-0.042969,0.103516,0.000000,29.020029,40.000000
0.011719,-0.039062,-0.007812,0.000000,30.773680,41.000000
0.017578,-0.080078,-0.009766,0.000000,32.000294,41.000000
0.029297,-0.119141,-0.005859,0.000000,30.265333,41.000000
0.056641,-0.154297,0.005859,0.000000,25.526682,41.000000
0.167969,-0.080078,1.253906,0.000000,23.201464,41.000000
0.253906,-0.041016,-1.283203,0.000000,24.638929,41.000000
0.396484,-0.083984,-1.287109,0.000000,23.031961,41.000000
0.531250,-0.042969,-1.285156,0.000000,21.673174,41.000000
2.615234,-0.175781,1.048828,0.000000,29.063351,41.000000
2.662109,-0.179688,1.041016,0.000000,32.271152,41.000000
2.761719,-0.089844,0.894531,0.000000,31.293676,41.000000
4.414062,-0.142578,1.220703,0.000000,31.455072,41.000000
4.439453,-0.144531,1.279297,0.000000,31.319393,41.000000
4.738281,-0.298828,-0.601562,0.000000,33.354580,41.000000
4.779297,-0.300781,-0.605469,0.000000,33.946266,41.000000
4.814453,-0.152344,-0.699219,0.000000,30.576660,41.000000
4.878906,-0.308594,0.779297,0.000000,31.105898,41.000000
4.949219,-0.623047,0.152344,0.000000,29.929951,41.000000
1.472656,1.093750,-0.158203,-0.614669,27.558748,41.000000
1.505859,1.117188,-0.148438,-0.614669,27.126497,41.000000
0.011719,0.031250,0.025391,0.000000,29.410143,41.000000
0.041016,-0.033203,0.062500,0.000000,30.153597,41.000000
0.052734,-0.042969,0.103516,0.000000,29.020029,41.000000
0.011719,-0.039062,-0.007812,0.000000,30.780941,42.000000
0.017578,-0.080078,-0.009766,0.000000,32.000294,42.000000
0.029297,-0.119141,-0.005859,0.000000,30.265333,42.000000
0.056641,-0.154297,0.003906,0.000000,25.514500,42.000000
0.156250,-0.080078,1.255859,0.000000,23.159704,42.000000
0.261719,-0.041016,-1.281250,0.000000,24.638929,42.000000
0.496094,-0.042969,-1.253906,0.000000,23.031961,42.000000
0.558594,-0.042969,-1.273438,0.000000,21.643528,42.000000
2.613281,-0.175781,1.050781,0.000000,29.041744,42.000000
2.662109,-0.179688,1.039062,0.000000,32.258259,42.000000
2.759766,-0.089844,0.898438,0.000000,31.274288,42.000000
4.414062,-0.142578,1.218750,0.000000,31.448854,42.000000
4.439453,-0.144531,1.283203,0.000000,31.312979,42.000000
4.734375,-0.298828,-0.630859,0.000000,33.334473,42.000000
4.769531,-0.300781,-0.673828,0.000000,33.909351,42.000000
4.792969,-0.152344,-0.841797,0.000000,30.472748,42.000000
4.900391,-0.308594,0.619141,0.000000,31.044870,42.000000
4.951172,-0.623047,0.076172,0.000000,29.804579,42.000000
1.474609,1.093750,-0.132812,-0.614669,26.711729,42.000000
1.511719,1.117188,-0.080078,-0.614669,26.148972,42.000000
0.011719,0.031250,0.025391,0.000000,29.410143,42.000000
0.041016,-0.033203,0.062500,0.000000,30.149403,42.000000
0.050781,-0.042969,0.103516,0.000000,29.014584,42.000000
0.011719,-0.039062,-0.007812,0.000000,30.777311,43.000000
0.017578,-0.080078,-0.009766,0.000000,32.000294,43.000000
0.029297,-0.119141,-0.005859,0.000000,30.265333,43.000000
0.056641,-0.154297,0.003906,0.000000,25.514500,43.000000
0.140625,-0.080078,1.257812,0.000000,23.159704,43.000000
0.273438,-0.041016,-1.279297,0.000000,24.638929,43.000000
0.521484,-0.042969,-1.244141,0.000000,23.074961,43.000000
0.566406,-0.042969,-1.269531,0.000000,21.731863,43.000000
2.613281,-0.175781,1.052734,0.000000,29.084850,43.000000
2.658203,-0.179688,1.046875,0.000000,32.289135,43.000000
2.753906,-0.089844,0.917969,0.000000,31.325798,43.000000
4.414062,-0.142578,1.220703,0.000000,31.439510,43.000000
4.441406,-0.144531,1.273438,0.000000,31.312979,43.000000
4.736328,-0.298828,-0.621094,0.000000,33.386559,43.000000
4.771484,-0.300781,-0.664062,0.000000,34.000195,43.000000
4.789062,-0.152344,-0.853516,0.000000,30.689276,43.000000
4.894531,-0.308594,0.675781,0.000000,31.000257,43.000000
4.951172,-0.623047,-0.007812,0.000000,29.818186,43.000000
1.427734,1.068359,-0.246094,-0.614669,26.748611,43.000000
1.466797,1.093750,-0.208984,-0.614669,27.143297,43.000000
0.011719,0.031250,0.025391,0.000000,29.405165,43.000000
0.041016,-0.033203,0.062500,0.000000,30.153597,43.000000
0.052734,-0.042969,0.103516,0.000000,29.020029,43.000000
0.011719,-0.039062,-0.007812,0.000000,30.780941,44.000000
0.017578,-0.080078,-0.009766,0.000000,32.003033,44.000000
0.029297,-0.119141,-0.005859,0.000000,30.265333,44.000000
0.056641,-0.154297,0.005859,0.000000,25.526682,44.000000
0.113281,-0.080078,1.259766,0.000000,23.138672,44.000000
0.412109,-0.083984,-1.283203,0.000000,23.010300,44.000000
0.535156,-0.042969,-1.283203,0.000000,21.673174,44.000000
2.613281,-0.175781,1.052734,0.000000,29.063351,44.000000
2.660156,-0.179688,1.046875,0.000000,32.289135,44.000000
2.753906,-0.089844,0.917969,0.000000,31.322598,44.000000
4.414062,-0.142578,1.218750,0.000000,31.442627,44.000000
4.441406,-0.144531,1.275391,0.000000,31.316187,44.000000
4.734375,-0.298828,-0.630859,0.000000,33.354580,44.000000
4.771484,-0.300781,-0.662109,0.000000,33.932240,44.000000
4.808594,-0.152344,-0.746094,0.000000,30.429691,44.000000
4.884766,-0.308594,0.740234,0.000000,31.092409,44.000000
4.949219,-0.623047,0.138672,0.000000,29.795485,44.000000
1.437500,1.150391,0.019531,-0.614669,26.674530,44.000000
1.513672,1.117188,-0.042969,-0.614669,26.776070,44.000000
0.011719,0.031250,0.025391,0.000000,29.410143,44.000000
0.041016,-0.033203,0.062500,0.000000,30.157787,44.000000
0.052734,-0.042969,0.103516,0.000000,29.030899,44.000000
0.011719,-0.039062,-0.007812,0.000000,30.780941,45.000000
0.017578,-0.080078,-0.009766,0.000000,32.003033,45.000000
0.029297,-0.119141,-0.005859,0.000000,30.265333,45.000000
0.056641,-0.154297,0.005859,0.000000,25.514500,45.000000
0.130859,-0.080078,1.259766,0.000000,23.180634,45.000000
0.414062,-0.083984,-1.283203,0.000000,23.031961,45.000000
0.560547,-0.042969,-1.271484,0.000000,21.673174,45.000000
2.617188,-0.175781,1.041016,0.000000,29.068735,45.000000
2.662109,-0.179688,1.041016,0.000000,32.276295,45.000000
2.757812,-0.089844,0.908203,0.000000,31.306553,45.000000
4.414062,-0.142578,1.218750,0.000000,31.448854,45.000000
4.439453,-0.144531,1.279297,0.000000,31.319393,45.000000
4.736328,-0.298828,-0.619141,0.000000,33.376591,45.000000
4.775391,-0.300781,-0.640625,0.000000,33.955009,45.000000
4.814453,-0.152344,-0.707031,0.000000,30.464952,45.000000
4.867188,-0.308594,0.841797,0.000000,31.149445,45.000000
4.947266,-0.623047,0.195312,0.000000,29.854265,45.000000
1.425781,1.068359,-0.250000,-0.614669,28.469553,45.000000
1.513672,1.035156,-0.150391,-0.614669,28.965261,45.000000
1.552734,1.058594,-0.097656,-0.614669,27.331972,45.000000
0.011719,0.031250,0.025391,0.000000,29.410143,45.000000
0.041016,-0.033203,0.062500,0.000000,30.149403,45.000000
0.050781,-0.042969,0.103516,0.000000,29.020029,45.000000
0.011719,-0.039062,-0.007812,0.000000,30.777311,46.000000
0.017578,-0.080078,-0.009766,0.000000,32.003033,46.000000
0.029297,-0.119141,-0.005859,0.000000,30.269417,46.000000
0.056641,-0.154297,0.005859,0.000000,25.526682,46.000000
