4.773438,-0.300781,-0.656250,0.000000,34.026051,0.000000
4.789062,-0.152344,-0.857422,0.000000,30.496056,0.000000
4.921875,-0.308594,0.417969,0.000000,30.951693,0.000000
4.951172,-0.623047,-0.037109,0.000000,29.614210,0.000000
0.041016,-0.033203,0.062500,0.000000,30.119930,0.000000
0.044922,-0.046875,0.103516,0.000000,29.030899,0.000000
0.011719,-0.039062,-0.007812,0.000000,30.674429,1.000000
0.017578,-0.080078,-0.007812,0.000000,31.934029,1.000000
0.029297,-0.119141,-0.005859,0.000000,30.157787,1.000000
0.056641,-0.154297,0.005859,0.000000,25.477747,1.000000
0.054688,-0.080078,1.263672,0.000000,23.117538,1.000000
0.423828,-0.083984,-1.279297,0.000000,23.053514,1.000000
2.660156,-0.179688,1.042969,0.000000,32.203697,1.000000
2.755859,-0.089844,0.912109,0.000000,31.166077,1.000000
4.394531,-0.142578,1.285156,0.000000,31.300119,1.000000
4.353516,-0.144531,1.544922,0.000000,30.902580,1.000000
4.738281,-0.298828,-0.609375,0.000000,33.392525,1.000000
4.773438,-0.300781,-0.650391,0.000000,34.010559,1.000000
4.796875,-0.152344,-0.810547,0.000000,30.557604,1.000000
4.925781,-0.308594,0.376953,0.000000,30.927206,1.000000
4.951172,-0.623047,-0.058594,0.000000,29.537598,1.000000
0.041016,-0.033203,0.062500,0.000000,30.115704,1.000000
0.044922,-0.046875,0.103516,0.000000,29.030899,1.000000
0.011719,-0.039062,-0.007812,0.000000,30.663260,2.000000
0.017578,-0.080078,-0.007812,0.000000,31.928461,2.000000
0.029297,-0.119141,-0.005859,0.000000,30.149403,2.000000
0.056641,-0.154297,0.005859,0.000000,25.477747,2.000000
0.109375,-0.080078,1.261719,0.000000,23.096302,2.000000
0.425781,-0.083984,-1.277344,0.000000,23.010300,2.000000
0.560547,-0.042969,-1.271484,0.000000,21.522884,2.000000
2.619141,-0.175781,1.035156,0.000000,29.063351,2.000000
2.662109,-0.179688,1.039062,0.000000,32.187981,2.000000
2.757812,-0.089844,0.910156,0.000000,31.202448,2.000000
4.396484,-0.142578,1.279297,0.000000,31.354507,2.000000
4.355469,-0.144531,1.541016,0.000000,30.881361,2.000000
4.724609,-0.449219,-0.611328,0.000000,33.358589,2.000000
4.773438,-0.300781,-0.646484,0.000000,33.970707,2.000000
4.804688,-0.152344,-0.761719,0.000000,30.417873,2.000000
4.902344,-0.308594,0.611328,0.000000,31.261314,2.000000
4.968750,-0.468750,0.066406,0.000000,29.740509,2.000000
0.041016,-0.033203,0.062500,0.000000,30.115704,2.000000
0.044922,-0.046875,0.103516,0.000000,29.030899,2.000000
0.011719,-0.039062,-0.007812,0.000000,30.670708,3.000000
0.017578,-0.080078,-0.007812,0.000000,31.931246,3.000000
0.029297,-0.119141,-0.005859,0.000000,30.157787,3.000000
0.056641,-0.154297,0.007812,0.000000,25.490032,3.000000
0.160156,-0.080078,1.255859,0.000000,23.074961,3.000000
0.419922,-0.083984,-1.279297,0.000000,23.074961,3.000000
1.765625,1.218750,-0.304688,0.000000,27.242758,3.000000
1.812500,1.242188,-0.222656,0.000000,27.923918,3.000000
2.660156,-0.179688,1.042969,0.000000,32.208923,3.000000
2.755859,-0.089844,0.912109,0.000000,31.172712,3.000000
4.394531,-0.142578,1.285156,0.000000,31.303337,3.000000
4.355469,-0.144531,1.544922,0.000000,30.895519,3.000000
4.738281,-0.298828,-0.603516,0.000000,33.384563,3.000000
4.775391,-0.300781,-0.636719,0.000000,33.998466,3.000000
4.814453,-0.152344,-0.708984,0.000000,30.314085,3.000000
4.875000,-0.308594,0.796875,0.000000,31.166077,3.000000
4.949219,-0.623047,0.142578,0.000000,29.628428,3.000000
0.041016,-0.033203,0.062500,0.000000,30.115704,3.000000
0.044922,-0.046875,0.103516,0.000000,29.025467,3.000000
0.011719,-0.039062,-0.007812,0.000000,30.674429,4.000000
0.017578,-0.080078,-0.007812,0.000000,31.934029,4.000000
0.029297,-0.119141,-0.005859,0.000000,30.153597,4.000000
0.056641,-0.154297,0.005859,0.000000,25.477747,4.000000
0.072266,-0.080078,1.263672,0.000000,23.096302,4.000000
0.423828,-0.083984,-1.279297,0.000000,23.031961,4.000000
0.566406,-0.042969,-1.269531,0.000000,21.613680,4.000000
1.867188,1.173828,-0.136719,0.000000,26.972294,4.000000
2.615234,-0.175781,1.048828,0.000000,29.036325,4.000000
2.658203,-0.179688,1.048828,0.000000,32.219357,4.000000
2.753906,-0.089844,0.919922,0.000000,31.166077,4.000000
4.394531,-0.142578,1.285156,0.000000,31.290451,4.000000
4.359375,-0.144531,1.529297,0.000000,30.923697,4.000000
4.738281,-0.298828,-0.609375,0.000000,33.408405,4.000000
4.773438,-0.300781,-0.656250,0.000000,34.008831,4.000000
4.783203,-0.152344,-0.892578,0.000000,30.398106,4.000000
4.894531,-0.308594,0.669922,0.000000,30.700378,4.000000
4.951172,-0.623047,0.091797,0.000000,29.571281,4.000000
0.041016,-0.033203,0.062500,0.000000,30.115704,4.000000
0.044922,-0.046875,0.103516,0.000000,29.030899,4.000000
0.011719,-0.039062,-0.007812,0.000000,30.663260,5.000000
0.017578,-0.080078,-0.007812,0.000000,31.931246,5.000000
0.029297,-0.119141,-0.005859,0.000000,30.157787,5.000000
0.056641,-0.154297,0.005859,0.000000,25.477747,5.000000
0.117188,-0.080078,1.259766,0.000000,23.074961,5.000000
0.066406,-0.082031,1.304688,0.000000,24.623980,5.000000
0.396484,-0.083984,-1.287109,0.000000,23.096302,5.000000
2.660156,-0.179688,1.044922,0.000000,32.187981,5.000000
2.751953,-0.089844,0.925781,0.000000,31.195858,5.000000
4.400391,-0.142578,1.267578,0.000000,31.309767,5.000000
4.357422,-0.144531,1.535156,0.000000,30.874264,5.000000
4.724609,-0.449219,-0.613281,0.000000,33.358589,5.000000
4.771484,-0.300781,-0.667969,0.000000,33.989811,5.000000
4.773438,-0.152344,-0.945312,0.000000,30.565237,5.000000
4.902344,-0.308594,0.601562,0.000000,31.156105,5.000000
4.968750,-0.468750,0.001953,0.000000,29.703468,5.000000
0.041016,-0.033203,0.062500,0.000000,30.115704,5.000000
0.044922,-0.046875,0.103516,0.000000,29.030899,5.000000
0.011719,-0.039062,-0.007812,0.000000,30.666985,6.000000
0.017578,-0.080078,-0.007812,0.000000,31.931246,6.000000
0.029297,-0.119141,-0.005859,0.000000,30.153597,6.000000
0.056641,-0.154297,0.005859,0.000000,25.477747,6.000000
0.121094,-0.080078,1.259766,0.000000,23.096302,6.000000
0.417969,-0.083984,-1.281250,0.000000,23.117538,6.000000
2.658203,-0.179688,1.046875,0.000000,32.187981,6.000000
2.751953,-0.089844,0.923828,0.000000,31.212315,6.000000
4.392578,-0.142578,1.292969,0.000000,31.332195,6.000000
4.353516,-0.144531,1.546875,0.000000,30.884905,6.000000
4.724609,-0.449219,-0.621094,0.000000,33.350567,6.000000
4.785156,-0.150391,-0.613281,0.000000,33.949768,6.000000
4.820312,-0.152344,-0.667969,0.000000,30.457140,6.000000
4.917969,-0.308594,0.472656,0.000000,31.119343,6.000000
4.951172,-0.623047,-0.001953,0.000000,29.561684,6.000000
0.041016,-0.033203,0.062500,0.000000,30.119930,6.000000
0.044922,-0.046875,0.103516,0.000000,29.030899,6.000000
0.011719,-0.039062,-0.007812,0.000000,30.670708,7.000000
0.017578,-0.080078,-0.007812,0.000000,31.931246,7.000000
0.029297,-0.119141,-0.005859,0.000000,30.153597,7.000000
0.056641,-0.154297,0.007812,0.000000,25.477747,7.000000
0.070312,-0.080078,1.263672,0.000000,23.096302,7.000000
0.017578,-0.082031,-1.306641,0.000000,24.608978,7.000000
0.406250,-0.083984,-1.285156,0.000000,23.031961,7.000000
2.617188,-0.175781,1.041016,0.000000,29.014584,7.000000
2.660156,-0.179688,1.044922,0.000000,32.206310,7.000000
2.753906,-0.089844,0.921875,0.000000,31.139433,7.000000
4.392578,-0.142578,1.292969,0.000000,31.303337,7.000000
4.353516,-0.144531,1.546875,0.000000,30.895519,7.000000
4.738281,-0.298828,-0.609375,0.000000,33.430145,7.000000
4.769531,-0.300781,-0.681641,0.000000,34.061993,7.000000
4.748047,-0.152344,-1.066406,0.000000,30.644581,7.000000
4.908203,-0.308594,0.566406,0.000000,30.762762,7.000000
4.951172,-0.623047,-0.009766,0.000000,29.614210,7.000000
0.041016,-0.033203,0.062500,0.000000,30.119930,7.000000
0.044922,-0.046875,0.103516,0.000000,29.036325,7.000000
0.011719,-0.039062,-0.007812,0.000000,30.670708,8.000000
0.017578,-0.080078,-0.007812,0.000000,31.931246,8.000000
0.029297,-0.119141,-0.005859,0.000000,30.153597,8.000000
0.056641,-0.154297,0.007812,0.000000,25.465427,8.000000
0.166016,-0.080078,1.253906,0.000000,23.096302,8.000000
0.035156,-0.082031,1.306641,0.000000,24.638929,8.000000
0.417969,-0.083984,-1.281250,0.000000,23.074961,8.000000
0.542969,-0.042969,-1.279297,0.000000,21.643528,8.000000
2.660156,-0.179688,1.044922,0.000000,32.211533,8.000000
2.755859,-0.089844,0.912109,0.000000,31.192558,8.000000
4.396484,-0.142578,1.283203,0.000000,31.274288,8.000000
4.353516,-0.144531,1.548828,0.000000,30.877813,8.000000
4.738281,-0.298828,-0.611328,0.000000,33.396503,8.000000
4.775391,-0.300781,-0.642578,0.000000,33.988079,8.000000
4.808594,-0.152344,-0.738281,0.000000,30.350292,8.000000
4.898438,-0.308594,0.634766,0.000000,31.061909,8.000000
4.951172,-0.623047,0.093750,0.000000,29.680157,8.000000
0.041016,-0.033203,0.062500,0.000000,30.119930,8.000000
0.044922,-0.046875,0.103516,0.000000,29.030899,8.000000
0.011719,-0.039062,-0.007812,0.000000,30.670708,9.000000
0.017578,-0.080078,-0.007812,0.000000,31.934029,9.000000
0.029297,-0.119141,-0.005859,0.000000,30.157787,9.000000
0.056641,-0.154297,0.005859,0.000000,25.477747,9.000000
0.089844,-0.080078,1.261719,0.000000,23.096302,9.000000
0.414062,-0.083984,-1.281250,0.000000,23.053514,9.000000
0.546875,-0.042969,-1.277344,0.000000,21.613680,9.000000
2.660156,-0.179688,1.042969,0.000000,32.169571,9.000000
2.755859,-0.089844,0.916016,0.000000,31.209028,9.000000
4.394531,-0.142578,1.289062,0.000000,31.344959,9.000000
4.355469,-0.144531,1.541016,0.000000,30.881361,9.000000
4.722656,-0.449219,-0.626953,0.000000,33.378586,9.000000
4.773438,-0.300781,-0.654297,0.000000,34.024334,9.000000
4.804688,-0.152344,-0.767578,0.000000,30.633333,9.000000
4.884766,-0.308594,0.730469,0.000000,31.142773,9.000000
4.966797,-0.468750,0.144531,0.000000,29.689497,9.000000
0.041016,-0.033203,0.062500,0.000000,30.115704,9.000000
0.044922,-0.046875,0.103516,0.000000,29.030899,9.000000
0.011719,-0.039062,-0.007812,0.000000,30.670708,10.000000
0.017578,-0.080078,-0.007812,0.000000,31.931246,10.000000
0.029297,-0.119141,-0.005859,0.000000,30.153597,10.000000
0.056641,-0.154297,0.007812,0.000000,25.477747,10.000000
0.117188,-0.080078,1.259766,0.000000,23.096302,10.000000
0.429688,-0.083984,-1.277344,0.000000,23.053514,10.000000
2.617188,-0.175781,1.042969,0.000000,29.025467,10.000000
2.660156,-0.179688,1.044922,0.000000,32.203697,10.000000
2.753906,-0.089844,0.919922,0.000000,31.169397,10.000000
4.388672,-0.142578,1.304688,0.000000,31.277525,10.000000
4.353516,-0.144531,1.544922,0.000000,30.888445,10.000000
4.736328,-0.298828,-0.617188,0.000000,33.406425,10.000000
4.771484,-0.300781,-0.658203,0.000000,33.984608,10.000000
4.800781,-0.152344,-0.789062,0.000000,30.248960,10.000000
4.886719,-0.308594,0.722656,0.000000,31.132748,10.000000
4.951172,-0.623047,0.078125,0.000000,29.745117,10.000000
0.041016,-0.033203,0.062500,0.000000,30.111473,10.000000
0.044922,-0.046875,0.103516,0.000000,29.030899,10.000000
0.011719,-0.039062,-0.007812,0.000000,30.666985,11.000000
0.017578,-0.080078,-0.007812,0.000000,31.931246,11.000000
0.029297,-0.119141,-0.005859,0.000000,30.157787,11.000000
0.056641,-0.154297,0.007812,0.000000,25.477747,11.000000
0.095703,-0.080078,1.261719,0.000000,23.074961,11.000000
0.414062,-0.083984,-1.281250,0.000000,22.988531,11.000000
2.613281,-0.175781,1.052734,0.000000,29.009130,11.000000
2.660156,-0.179688,1.046875,0.000000,32.198463,11.000000
2.755859,-0.089844,0.914062,0.000000,31.159431,11.000000
4.386719,-0.142578,1.312500,0.000000,31.303337,11.000000
4.347656,-0.144531,1.562500,0.000000,30.891983,11.000000
4.738281,-0.298828,-0.599609,0.000000,33.408405,11.000000
4.775391,-0.300781,-0.632812,0.000000,34.038067,11.000000
4.800781,-0.152344,-0.792969,0.000000,30.437551,11.000000
4.892578,-0.308594,0.685547,0.000000,31.041456,11.000000
4.951172,-0.623047,0.021484,0.000000,29.618956,11.000000
0.041016,-0.033203,0.062500,0.000000,30.115704,11.000000
0.044922,-0.046875,0.103516,0.000000,29.030899,11.000000
0.011719,-0.039062,-0.007812,0.000000,30.674429,12.000000
0.017578,-0.080078,-0.007812,0.000000,31.934029,12.000000
0.029297,-0.119141,-0.005859,0.000000,30.157787,12.000000
0.056641,-0.154297,0.005859,0.000000,25.490032,12.000000
0.095703,-0.080078,1.261719,0.000000,23.117538,12.000000
0.041016,-0.082031,-1.306641,0.000000,24.638929,12.000000
0.431641,-0.083984,-1.275391,0.000000,23.053514,12.000000
0.578125,-0.042969,-1.263672,0.000000,21.643528,12.000000
2.617188,-0.175781,1.041016,0.000000,29.030899,12.000000
2.660156,-0.179688,1.046875,0.000000,32.174839,12.000000
2.753906,-0.089844,0.919922,0.000000,31.218880,12.000000
4.392578,-0.142578,1.292969,0.000000,31.344959,12.000000
4.357422,-0.144531,1.537109,0.000000,30.877813,12.000000
4.728516,-0.449219,-0.582031,0.000000,33.364597,12.000000
4.775391,-0.300781,-0.630859,0.000000,34.020893,12.000000
4.781250,-0.152344,-0.902344,0.000000,30.689276,12.000000
4.910156,-0.308594,0.546875,0.000000,31.065308,12.000000
4.968750,-0.468750,-0.035156,0.000000,29.680157,12.000000
0.041016,-0.033203,0.062500,0.000000,30.111473,12.000000
0.044922,-0.046875,0.103516,0.000000,29.030899,12.000000
0.011719,-0.039062,-0.007812,0.000000,30.666985,13.000000
0.017578,-0.080078,-0.007812,0.000000,31.931246,13.000000
0.029297,-0.119141,-0.005859,0.000000,30.153597,13.000000
0.056641,-0.154297,0.005859,0.000000,25.490032,13.000000
0.093750,-0.080078,1.261719,0.000000,23.074961,13.000000
0.425781,-0.083984,-1.277344,0.000000,23.074961,13.000000
2.662109,-0.179688,1.039062,0.000000,32.187981,13.000000
2.755859,-0.089844,0.914062,0.000000,31.202448,13.000000
4.386719,-0.142578,1.312500,0.000000,31.328999,13.000000
4.349609,-0.144531,1.558594,0.000000,30.909630,13.000000
4.738281,-0.298828,-0.603516,0.000000,33.372597,13.000000
4.773438,-0.150391,-0.697266,0.000000,33.991543,13.000000
4.746094,-0.152344,-1.076172,0.000000,30.472748,13.000000
4.890625,-0.308594,0.701172,0.000000,30.948204,13.000000
4.949219,-0.623047,0.115234,0.000000,29.698816,13.000000
0.041016,-0.033203,0.062500,0.000000,30.115704,13.000000
0.044922,-0.046875,0.103516,0.000000,29.030899,13.000000
0.011719,-0.039062,-0.007812,0.000000,30.670708,14.000000
0.017578,-0.080078,-0.007812,0.000000,31.931246,14.000000
0.029297,-0.119141,-0.005859,0.000000,30.157787,14.000000
0.056641,-0.154297,0.005859,0.000000,25.477747,14.000000
0.123047,-0.080078,1.259766,0.000000,23.074961,14.000000
0.419922,-0.083984,-1.279297,0.000000,23.010300,14.000000
2.607422,-0.175781,1.064453,0.000000,29.047155,14.000000
2.656250,-0.179688,1.052734,0.000000,32.224564,14.000000
2.771484,-0.000000,0.871094,0.000000,31.159431,14.000000
4.394531,-0.142578,1.287109,0.000000,31.300119,14.000000
4.353516,-0.144531,1.544922,0.000000,30.895519,14.000000
4.738281,-0.298828,-0.605469,0.000000,33.447853,14.000000
4.771484,-0.300781,-0.658203,0.000000,34.141373,14.000000
4.763672,-0.152344,-0.994141,0.000000,30.788193,14.000000
4.906250,-0.308594,0.583984,0.000000,30.986437,14.000000
4.951172,-0.623047,0.074219,0.000000,29.768084,14.000000
0.041016,-0.033203,0.062500,0.000000,30.111473,14.000000
0.044922,-0.046875,0.103516,0.000000,29.025467,14.000000
0.011719,-0.039062,-0.007812,0.000000,30.666985,15.000000
0.017578,-0.080078,-0.007812,0.000000,31.931246,15.000000
0.029297,-0.119141,-0.005859,0.000000,30.161974,15.000000
0.056641,-0.154297,0.005859,0.000000,25.490032,15.000000
0.082031,-0.080078,1.263672,0.000000,23.138672,15.000000
0.083984,-0.082031,-1.304688,0.000000,24.638929,15.000000
0.429688,-0.083984,-1.277344,0.000000,23.010300,15.000000
2.615234,-0.175781,1.046875,0.000000,29.052561,15.000000
2.660156,-0.179688,1.044922,0.000000,32.195847,15.000000
2.753906,-0.089844,0.917969,0.000000,31.185953,15.000000
4.394531,-0.142578,1.287109,0.000000,31.348145,15.000000
4.353516,-0.144531,1.544922,0.000000,30.899052,15.000000
4.722656,-0.449219,-0.630859,0.000000,33.330441,15.000000
4.769531,-0.300781,-0.673828,0.000000,33.803921,15.000000
4.804688,-0.152344,-0.771484,0.000000,29.881128,15.000000
4.892578,-0.308594,0.681641,0.000000,31.051695,15.000000
4.949219,-0.623047,0.156250,0.000000,29.652018,15.000000
0.041016,-0.033203,0.062500,0.000000,30.119930,15.000000
0.044922,-0.046875,0.103516,0.000000,29.030899,15.000000
0.011719,-0.039062,-0.007812,0.000000,30.670708,16.000000
0.017578,-0.080078,-0.007812,0.000000,31.934029,16.000000
0.029297,-0.119141,-0.005859,0.000000,30.153597,16.000000
0.056641,-0.154297,0.005859,0.000000,25.477747,16.000000
0.144531,-0.080078,1.257812,0.000000,23.117538,16.000000
0.417969,-0.083984,-1.281250,0.000000,23.053514,16.000000
2.660156,-0.179688,1.044922,0.000000,32.174839,16.000000
2.753906,-0.089844,0.917969,0.000000,31.212315,16.000000
4.398438,-0.142578,1.277344,0.000000,31.328999,16.000000
4.359375,-0.144531,1.533203,0.000000,30.877813,16.000000
4.728516,-0.449219,-0.595703,0.000000,33.443924,16.000000
4.783203,-0.150391,-0.628906,0.000000,34.143047,16.000000
4.771484,-0.152344,-0.951172,0.000000,30.895519,16.000000
4.898438,-0.308594,0.642578,0.000000,31.065308,16.000000
4.949219,-0.623047,0.148438,0.000000,29.781805,16.000000
0.041016,-0.033203,0.062500,0.000000,30.115704,16.000000
0.044922,-0.046875,0.103516,0.000000,29.030899,16.000000
0.011719,-0.039062,-0.007812,0.000000,30.666985,17.000000
0.017578,-0.080078,-0.007812,0.000000,31.931246,17.000000
0.029297,-0.119141,-0.005859,0.000000,30.149403,17.000000
0.056641,-0.154297,0.005859,0.000000,25.465427,17.000000
0.115234,-0.080078,1.259766,0.000000,23.096302,17.000000
0.414062,-0.083984,-1.281250,0.000000,23.010300,17.000000
0.541016,-0.042969,-1.281250,0.000000,21.613680,17.000000
2.181641,0.980469,0.328125,0.000000,26.748611,17.000000
2.658203,-0.179688,1.050781,0.000000,32.208923,17.000000
2.769531,-0.000000,0.876953,0.000000,31.146111,17.000000
4.394531,-0.142578,1.287109,0.000000,31.274288,17.000000
4.357422,-0.144531,1.535156,0.000000,30.888445,17.000000
4.742188,-0.298828,-0.568359,0.000000,33.338501,17.000000
4.783203,-0.300781,-0.580078,0.000000,33.881012,17.000000
4.820312,-0.152344,-0.656250,0.000000,30.094509,17.000000
4.904297,-0.308594,0.585938,0.000000,31.038036,17.000000
4.951172,-0.623047,-0.003906,0.000000,29.703468,17.000000
0.041016,-0.033203,0.062500,0.000000,30.115704,17.000000
0.044922,-0.046875,0.103516,0.000000,29.036325,17.000000
0.011719,-0.039062,-0.007812,0.000000,30.670708,18.000000
0.017578,-0.080078,-0.007812,0.000000,31.931246,18.000000
0.029297,-0.119141,-0.005859,0.000000,30.157787,18.000000
0.056641,-0.154297,0.005859,0.000000,25.477747,18.000000
0.142578,-0.080078,1.257812,0.000000,23.053514,18.000000
0.431641,-0.083984,-1.275391,0.000000,22.988531,18.000000
0.556641,-0.042969,-1.273438,0.000000,21.553360,18.000000
2.011719,0.896484,-0.156250,0.000000,26.989700,18.000000
2.019531,0.984375,-0.121094,0.000000,26.148972,18.000000
2.613281,-0.175781,1.052734,0.000000,29.014584,18.000000
2.656250,-0.179688,1.052734,0.000000,32.219357,18.000000
2.751953,-0.089844,0.925781,0.000000,31.202448,18.000000
4.396484,-0.142578,1.277344,0.000000,31.248301,18.000000
4.355469,-0.144531,1.542969,0.000000,30.870712,18.000000
4.736328,-0.298828,-0.621094,0.000000,33.438023,18.000000
4.765625,-0.300781,-0.707031,0.000000,34.075607,18.000000
4.773438,-0.152344,-0.945312,0.000000,30.515385,18.000000
4.898438,-0.308594,0.640625,0.000000,31.099159,18.000000
4.951172,-0.623047,0.044922,0.000000,29.786369,18.000000
0.041016,-0.033203,0.062500,0.000000,30.115704,18.000000
0.044922,-0.046875,0.103516,0.000000,29.030899,18.000000
0.011719,-0.039062,-0.007812,0.000000,30.663260,19.000000
0.017578,-0.080078,-0.007812,0.000000,31.931246,19.000000
0.029297,-0.119141,-0.005859,0.000000,30.157787,19.000000
0.056641,-0.154297,0.005859,0.000000,25.477747,19.000000
0.199219,-0.080078,1.250000,0.000000,23.074961,19.000000
0.107422,-0.082031,1.302734,0.000000,24.608978,19.000000
0.406250,-0.083984,-1.285156,0.000000,23.010300,19.000000
2.656250,-0.179688,1.052734,0.000000,32.156376,19.000000
2.751953,-0.089844,0.923828,0.000000,31.189257,19.000000
4.390625,-0.142578,1.300781,0.000000,31.367207,19.000000
4.351562,-0.144531,1.550781,0.000000,30.899052,19.000000
4.730469,-0.449219,-0.580078,0.000000,33.374592,19.000000
4.781250,-0.300781,-0.595703,0.000000,33.981136,19.000000
4.812500,-0.152344,-0.720703,0.000000,30.390173,19.000000
4.886719,-0.308594,0.716797,0.000000,31.159431,19.000000
4.947266,-0.623047,0.187500,0.000000,29.763500,19.000000
0.041016,-0.033203,0.062500,0.000000,30.111473,19.000000
0.044922,-0.046875,0.103516,0.000000,29.025467,19.000000
0.011719,-0.039062,-0.007812,0.000000,30.666985,20.000000
0.017578,-0.080078,-0.007812,0.000000,31.931246,20.000000
0.029297,-0.119141,-0.005859,0.000000,30.157787,20.000000
0.056641,-0.154297,0.005859,0.000000,25.477747,20.000000
0.111328,-0.080078,1.261719,0.000000,23.096302,20.000000
0.449219,-0.083984,-1.269531,0.000000,23.096302,20.000000
0.570312,-0.042969,-1.267578,0.000000,21.673174,20.000000
2.617188,-0.175781,1.041016,0.000000,29.036325,20.000000
2.662109,-0.179688,1.041016,0.000000,32.211533,20.000000
2.755859,-0.089844,0.910156,0.000000,31.182648,20.000000
4.396484,-0.142578,1.281250,0.000000,31.306553,20.000000
4.355469,-0.144531,1.542969,0.000000,30.877813,20.000000
4.742188,-0.298828,-0.566406,0.000000,33.306168,20.000000
4.781250,-0.300781,-0.595703,0.000000,33.902283,20.000000
4.812500,-0.152344,-0.714844,0.000000,30.281645,20.000000
4.900391,-0.308594,0.628906,0.000000,31.078880,20.000000
4.951172,-0.623047,0.056641,0.000000,29.758911,20.000000
0.041016,-0.033203,0.062500,0.000000,30.111473,20.000000
0.044922,-0.046875,0.103516,0.000000,29.025467,20.000000
0.011719,-0.039062,-0.007812,0.000000,30.666985,21.000000
0.017578,-0.080078,-0.007812,0.000000,31.934029,21.000000
0.029297,-0.119141,-0.005859,0.000000,30.161974,21.000000
0.056641,-0.154297,0.005859,0.000000,25.490032,21.000000
0.138672,-0.080078,1.257812,0.000000,23.096302,21.000000
0.408203,-0.083984,-1.283203,0.000000,23.053514,21.000000
0.560547,-0.042969,-1.271484,0.000000,21.613680,21.000000
2.050781,0.914062,-0.142578,0.000000,26.190933,21.000000
2.619141,-0.175781,1.035156,0.000000,29.014584,21.000000
2.660156,-0.179688,1.042969,0.000000,32.195847,21.000000
2.753906,-0.089844,0.917969,0.000000,31.119343,21.000000
4.388672,-0.142578,1.306641,0.000000,31.290451,21.000000
4.347656,-0.144531,1.562500,0.000000,30.884905,21.000000
4.734375,-0.298828,-0.630859,0.000000,33.548763,21.000000
4.767578,-0.300781,-0.697266,0.000000,34.186325,21.000000
4.765625,-0.304688,-0.949219,0.000000,30.618294,21.000000
4.900391,-0.308594,0.619141,0.000000,31.061909,21.000000
4.949219,-0.623047,0.142578,0.000000,29.754318,21.000000
0.041016,-0.033203,0.062500,0.000000,30.119930,21.000000
0.044922,-0.046875,0.103516,0.000000,29.030899,21.000000
0.011719,-0.039062,-0.007812,0.000000,30.659531,22.000000
0.017578,-0.080078,-0.007812,0.000000,31.931246,22.000000
0.029297,-0.119141,-0.005859,0.000000,30.157787,22.000000
0.056641,-0.154297,0.005859,0.000000,25.477747,22.000000
0.060547,-0.080078,1.263672,0.000000,23.096302,22.000000
0.064453,-0.082031,-1.304688,0.000000,24.623980,22.000000
0.431641,-0.083984,-1.275391,0.000000,23.053514,22.000000
0.554688,-0.042969,-1.275391,0.000000,21.613680,22.000000
2.042969,0.914062,-0.226562,0.000000,27.234556,22.000000
2.089844,0.929688,-0.126953,0.000000,26.042261,22.000000
2.660156,-0.179688,1.046875,0.000000,32.216751,22.000000
2.753906,-0.089844,0.916016,0.000000,31.228710,22.000000
4.390625,-0.142578,1.302734,0.000000,31.306553,22.000000
4.343750,-0.144531,1.572266,0.000000,30.881361,22.000000
4.720703,-0.449219,-0.650391,0.000000,33.368599,22.000000
4.781250,-0.150391,-0.640625,0.000000,33.967224,22.000000
4.800781,-0.152344,-0.794922,0.000000,30.425755,22.000000
4.892578,-0.308594,0.685547,0.000000,31.034616,22.000000
4.951172,-0.623047,0.099609,0.000000,29.652018,22.000000
0.041016,-0.033203,0.062500,0.000000,30.111473,22.000000
0.046875,-0.046875,0.103516,0.000000,29.030899,22.000000
1.167969,0.072266,1.970703,0.000000,23.159704,22.000000
0.011719,-0.039062,-0.007812,0.000000,30.666985,23.000000
0.017578,-0.080078,-0.007812,0.000000,31.931246,23.000000
0.029297,-0.119141,-0.005859,0.000000,30.157787,23.000000
0.056641,-0.154297,0.005859,0.000000,25.477747,23.000000
0.152344,-0.080078,1.255859,0.000000,23.031961,23.000000
0.089844,-0.082031,1.302734,0.000000,24.623980,23.000000
0.414062,-0.083984,-1.281250,0.000000,23.053514,23.000000
0.566406,-0.042969,-1.269531,0.000000,21.613680,23.000000
2.005859,0.896484,-0.224609,0.000000,25.658478,23.000000
2.046875,0.914062,-0.197266,0.000000,28.721563,23.000000
2.087891,0.929688,-0.148438,0.000000,28.337843,23.000000
2.617188,-0.175781,1.042969,0.000000,29.025467,23.000000
2.658203,-0.179688,1.046875,0.000000,32.174839,23.000000
2.753906,-0.089844,0.917969,0.000000,31.199154,23.000000
4.392578,-0.142578,1.291016,0.000000,31.348145,23.000000
4.357422,-0.144531,1.535156,0.000000,30.881361,23.000000
4.740234,-0.449219,-0.478516,0.000000,33.302109,23.000000
4.792969,-0.300781,-0.486328,0.000000,33.875679,23.000000
4.824219,-0.152344,-0.632812,0.000000,30.281645,23.000000
4.912109,-0.308594,0.517578,0.000000,30.895519,23.000000
4.966797,-0.468750,-0.099609,0.000000,29.439888,23.000000
0.041016,-0.033203,0.062500,0.000000,30.124153,23.000000
0.044922,-0.046875,0.103516,0.000000,29.036325,23.000000
0.011719,-0.039062,-0.007812,0.000000,30.659531,24.000000
0.017578,-0.080078,-0.007812,0.000000,31.931246,24.000000
0.029297,-0.119141,-0.005859,0.000000,30.157787,24.000000
0.056641,-0.154297,0.005859,0.000000,25.490032,24.000000
0.146484,-0.080078,1.257812,0.000000,23.117538,24.000000
0.056641,-0.082031,1.304688,0.000000,24.638929,24.000000
0.417969,-0.083984,-1.281250,0.000000,23.031961,24.000000
0.566406,-0.042969,-1.269531,0.000000,21.553360,24.000000
2.615234,-0.175781,1.046875,0.000000,29.030899,24.000000
2.658203,-0.179688,1.048828,0.000000,32.219357,24.000000
2.751953,-0.089844,0.921875,0.000000,31.159431,24.000000
4.398438,-0.142578,1.275391,0.000000,31.293676,24.000000
4.363281,-0.144531,1.517578,0.000000,30.863598,24.000000
4.746094,-0.298828,-0.546875,0.000000,33.308193,24.000000
4.779297,-0.300781,-0.601562,0.000000,33.949768,24.000000
4.800781,-0.152344,-0.791016,0.000000,30.318123,24.000000
4.892578,-0.308594,0.683594,0.000000,31.185953,24.000000
4.951172,-0.623047,0.095703,0.000000,29.925535,24.000000
0.041016,-0.033203,0.062500,0.000000,30.115704,24.000000
0.044922,-0.046875,0.103516,0.000000,29.036325,24.000000
0.011719,-0.039062,-0.007812,0.000000,30.666985,25.000000
0.017578,-0.080078,-0.007812,0.000000,31.931246,25.000000
0.029297,-0.119141,-0.005859,0.000000,30.157787,25.000000
0.056641,-0.154297,0.005859,0.000000,25.477747,25.000000
0.111328,-0.080078,1.261719,0.000000,23.096302,25.000000
0.390625,-0.083984,-1.289062,0.000000,23.053514,25.000000
2.609375,-0.175781,1.060547,0.000000,29.132839,25.000000
2.658203,-0.179688,1.046875,0.000000,32.214142,25.000000
2.755859,-0.089844,0.914062,0.000000,31.166077,25.000000
4.388672,-0.142578,1.308594,0.000000,31.325798,25.000000
4.347656,-0.144531,1.562500,0.000000,30.927206,25.000000
4.746094,-0.298828,-0.544922,0.000000,33.404442,25.000000
4.777344,-0.300781,-0.617188,0.000000,34.001926,25.000000
4.794922,-0.152344,-0.826172,0.000000,30.492180,25.000000
4.914062,-0.308594,0.513672,0.000000,31.051695,25.000000
4.951172,-0.623047,-0.042969,0.000000,29.754318,25.000000
0.041016,-0.033203,0.062500,0.000000,30.119930,25.000000
0.044922,-0.046875,0.103516,0.000000,29.030899,25.000000
0.011719,-0.039062,-0.007812,0.000000,30.663260,26.000000
0.017578,-0.080078,-0.007812,0.000000,31.931246,26.000000
0.029297,-0.119141,-0.005859,0.000000,30.157787,26.000000
0.056641,-0.154297,0.007812,0.000000,25.490032,26.000000
0.136719,-0.080078,1.257812,0.000000,23.096302,26.000000
0.066406,-0.082031,1.304688,0.000000,24.623980,26.000000
0.386719,-0.083984,-1.291016,0.000000,23.074961,26.000000
0.539062,-0.042969,-1.281250,0.000000,21.643528,26.000000
2.660156,-0.179688,1.044922,0.000000,32.166935,26.000000
2.753906,-0.089844,0.916016,0.000000,31.215599,26.000000
4.396484,-0.142578,1.281250,0.000000,31.351326,26.000000
4.357422,-0.144531,1.535156,0.000000,30.867157,26.000000
4.716797,-0.449219,-0.677734,0.000000,33.422253,26.000000
4.771484,-0.300781,-0.664062,0.000000,34.034637,26.000000
4.796875,-0.152344,-0.810547,0.000000,30.526939,26.000000
4.892578,-0.308594,0.679688,0.000000,31.024338,26.000000
4.966797,-0.468750,0.109375,0.000000,29.604708,26.000000
0.041016,-0.033203,0.062500,0.000000,30.119930,26.000000
0.044922,-0.046875,0.103516,0.000000,29.036325,26.000000
4.738281,-0.150391,-0.658203,0.000000,33.394516,26.000000
0.011719,-0.039062,-0.007812,0.000000,30.655798,27.000000
0.017578,-0.080078,-0.007812,0.000000,31.928461,27.000000
0.029297,-0.119141,-0.005859,0.000000,30.153597,27.000000
0.056641,-0.154297,0.005859,0.000000,25.477747,27.000000
0.109375,-0.080078,1.261719,0.000000,23.117538,27.000000
0.406250,-0.083984,-1.285156,0.000000,23.117538,27.000000
0.556641,-0.042969,-1.273438,0.000000,21.643528,27.000000
2.037109,0.914062,-0.283203,0.000000,26.190933,27.000000
2.085938,0.929688,-0.169922,0.000000,26.702459,27.000000
2.208984,0.816406,-0.289062,0.000000,26.665180,27.000000
2.259766,0.830078,-0.179688,0.000000,26.848454,27.000000
2.666016,-0.179688,1.029297,0.000000,32.187981,27.000000
2.759766,-0.089844,0.900391,0.000000,31.179338,27.000000
4.396484,-0.142578,1.279297,0.000000,31.283993,27.000000
4.361328,-0.144531,1.525391,0.000000,30.845762,27.000000
4.751953,-0.298828,-0.490234,0.000000,33.182720,27.000000
4.785156,-0.300781,-0.564453,0.000000,33.879234,27.000000
4.808594,-0.152344,-0.736328,0.000000,30.297895,27.000000
4.878906,-0.308594,0.771484,0.000000,31.102530,27.000000
4.949219,-0.623047,0.171875,0.000000,29.698816,27.000000
0.041016,-0.033203,0.062500,0.000000,30.115704,27.000000
0.044922,-0.046875,0.103516,0.000000,29.030899,27.000000
0.011719,-0.039062,-0.007812,0.000000,30.666985,28.000000
0.017578,-0.080078,-0.007812,0.000000,31.934029,28.000000
0.029297,-0.119141,-0.005859,0.000000,30.157787,28.000000
0.056641,-0.154297,0.005859,0.000000,25.477747,28.000000
0.121094,-0.080078,1.259766,0.000000,23.138672,28.000000
0.417969,-0.083984,-1.281250,0.000000,23.031961,28.000000
2.265625,0.753906,0.353516,0.000000,26.424644,28.000000
2.294922,0.767578,0.414062,0.000000,28.034571,28.000000
2.328125,0.779297,0.441406,0.000000,28.129133,28.000000
2.658203,-0.179688,1.046875,0.000000,32.203697,28.000000
2.755859,-0.089844,0.912109,0.000000,31.146111,28.000000
4.394531,-0.142578,1.289062,0.000000,31.293676,28.000000
4.359375,-0.144531,1.531250,0.000000,30.899052,28.000000
4.748047,-0.298828,-0.519531,0.000000,33.510227,28.000000
4.777344,-0.300781,-0.613281,0.000000,34.121243,28.000000
4.791016,-0.152344,-0.849609,0.000000,30.549959,28.000000
4.894531,-0.308594,0.666016,0.000000,31.065308,28.000000
4.951172,-0.623047,0.076172,0.000000,29.758911,28.000000
0.041016,-0.033203,0.062500,0.000000,30.115704,28.000000
0.044922,-0.046875,0.103516,0.000000,29.030899,28.000000
0.953125,-0.076172,2.214844,0.000000,23.579348,28.000000
0.011719,-0.039062,-0.007812,0.000000,30.655798,29.000000
0.017578,-0.080078,-0.007812,0.000000,31.928461,29.000000
0.029297,-0.119141,-0.005859,0.000000,30.153597,29.000000
0.056641,-0.154297,0.005859,0.000000,25.477747,29.000000
0.101562,-0.080078,1.261719,0.000000,23.096302,29.000000
0.414062,-0.083984,-1.281250,0.000000,23.074961,29.000000
0.546875,-0.042969,-1.277344,0.000000,21.673174,29.000000
2.277344,0.689453,0.603516,0.000000,26.201361,29.000000
2.300781,0.779297,0.572266,0.000000,27.075703,29.000000
2.656250,-0.179688,1.052734,0.000000,32.166935,29.000000
2.751953,-0.089844,0.923828,0.000000,31.182648,29.000000
4.392578,-0.142578,1.294922,0.000000,31.354507,29.000000
4.349609,-0.144531,1.554688,0.000000,30.916670,29.000000
4.724609,-0.449219,-0.623047,0.000000,33.269501,29.000000
4.779297,-0.300781,-0.611328,0.000000,33.939259,29.000000
4.810547,-0.152344,-0.724609,0.000000,30.342272,29.000000
4.886719,-0.308594,0.720703,0.000000,31.348145,29.000000
4.951172,-0.623047,0.107422,0.000000,29.845274,29.000000
0.041016,-0.033203,0.062500,0.000000,30.115704,29.000000
0.044922,-0.046875,0.103516,0.000000,29.030899,29.000000
4.746094,-0.150391,-0.599609,0.000000,33.265408,29.000000
0.011719,-0.039062,-0.007812,0.000000,30.666985,30.000000
0.017578,-0.080078,-0.007812,0.000000,31.931246,30.000000
0.029297,-0.119141,-0.005859,0.000000,30.153597,30.000000
0.056641,-0.154297,0.005859,0.000000,25.477747,30.000000
0.123047,-0.080078,1.259766,0.000000,23.074961,30.000000
0.031250,-0.082031,1.306641,0.000000,24.623980,30.000000
0.414062,-0.083984,-1.281250,0.000000,23.053514,30.000000
0.541016,-0.042969,-1.281250,0.000000,21.613680,30.000000
2.123047,0.859375,-0.041016,0.000000,27.092699,30.000000
2.177734,0.742188,-0.578125,0.000000,27.067179,30.000000
2.662109,-0.179688,1.041016,0.000000,32.214142,30.000000
2.755859,-0.089844,0.910156,0.000000,31.199154,30.000000
4.386719,-0.142578,1.312500,0.000000,31.319393,30.000000
4.343750,-0.144531,1.572266,0.000000,30.899052,30.000000
4.742188,-0.298828,-0.580078,0.000000,33.304138,30.000000
4.777344,-0.300781,-0.625000,0.000000,34.007107,30.000000
4.796875,-0.152344,-0.810547,0.000000,30.572857,30.000000
4.896484,-0.308594,0.654297,0.000000,31.112625,30.000000
4.949219,-0.623047,0.144531,0.000000,29.680157,30.000000
0.041016,-0.033203,0.062500,0.000000,30.115704,30.000000
0.046875,-0.046875,0.103516,0.000000,29.030899,30.000000
0.011719,-0.039062,-0.007812,0.000000,30.663260,31.000000
0.017578,-0.080078,-0.007812,0.000000,31.928461,31.000000
0.029297,-0.119141,-0.005859,0.000000,30.153597,31.000000
0.056641,-0.154297,0.005859,0.000000,25.477747,31.000000
0.111328,-0.080078,1.261719,0.000000,23.096302,31.000000
0.425781,-0.083984,-1.277344,0.000000,23.010300,31.000000
2.291016,0.689453,0.546875,0.000000,29.263424,31.000000
2.347656,0.701172,0.468750,0.000000,28.904211,31.000000
2.662109,-0.179688,1.041016,0.000000,32.221962,31.000000
2.755859,-0.089844,0.910156,0.000000,31.159431,31.000000
4.390625,-0.142578,1.300781,0.000000,31.293676,31.000000
4.349609,-0.144531,1.560547,0.000000,30.909630,31.000000
4.710938,-0.298828,-0.785156,0.000000,33.316296,31.000000
4.767578,-0.300781,-0.689453,0.000000,34.012283,31.000000
4.802734,-0.152344,-0.783203,0.000000,30.492180,31.000000
4.904297,-0.308594,0.585938,0.000000,31.231981,31.000000
4.968750,-0.468750,0.021484,0.000000,29.925535,31.000000
0.041016,-0.033203,0.062500,0.000000,30.115704,31.000000
0.044922,-0.046875,0.103516,0.000000,29.030899,31.000000
0.011719,-0.039062,-0.007812,0.000000,30.666985,32.000000
0.017578,-0.080078,-0.007812,0.000000,31.934029,32.000000
0.029297,-0.119141,-0.005859,0.000000,30.157787,32.000000
0.056641,-0.154297,0.005859,0.000000,25.477747,32.000000
0.130859,-0.080078,1.257812,0.000000,23.074961,32.000000
0.402344,-0.083984,-1.285156,0.000000,23.053514,32.000000
0.554688,-0.042969,-1.275391,0.000000,21.583626,32.000000
2.123047,0.859375,0.037109,0.000000,26.560982,32.000000
2.189453,0.800781,-0.046875,0.000000,28.041395,32.000000
2.222656,0.816406,-0.164062,0.000000,28.286598,32.000000
2.255859,0.830078,-0.212891,0.000000,26.711729,32.000000
2.656250,-0.179688,1.056641,0.000000,32.203697,32.000000
2.748047,-0.089844,0.935547,0.000000,31.176027,32.000000
4.390625,-0.142578,1.298828,0.000000,31.303337,32.000000
4.353516,-0.144531,1.546875,0.000000,30.874264,32.000000
4.738281,-0.298828,-0.605469,0.000000,33.360592,32.000000
4.775391,-0.300781,-0.630859,0.000000,34.007107,32.000000
4.794922,-0.152344,-0.828125,0.000000,30.492180,32.000000
4.888672,-0.308594,0.712891,0.000000,31.109262,32.000000
4.951172,-0.623047,0.093750,0.000000,29.684830,32.000000
0.041016,-0.033203,0.062500,0.000000,30.115704,32.000000
0.044922,-0.046875,0.103516,0.000000,29.030899,32.000000
1.099609,-0.076172,2.146484,0.000000,24.281347,32.000000
0.011719,-0.039062,-0.007812,0.000000,30.666985,33.000000
0.017578,-0.080078,-0.007812,0.000000,31.931246,33.000000
0.029297,-0.119141,-0.005859,0.000000,30.157787,33.000000
0.056641,-0.154297,0.007812,0.000000,25.490032,33.000000
0.132812,-0.080078,1.257812,0.000000,23.138672,33.000000
0.412109,-0.083984,-1.283203,0.000000,23.138672,33.000000
0.556641,-0.042969,-1.273438,0.000000,21.702618,33.000000
2.123047,0.859375,0.015625,0.000000,27.505083,33.000000
2.189453,0.800781,-0.058594,0.000000,29.278833,33.000000
2.212891,0.816406,-0.251953,0.000000,29.454685,33.000000
2.255859,0.830078,-0.216797,0.000000,27.831886,33.000000
2.656250,-0.179688,1.052734,0.000000,32.195847,33.000000
2.750000,-0.089844,0.929688,0.000000,31.192558,33.000000
4.396484,-0.142578,1.281250,0.000000,31.335388,33.000000
4.355469,-0.144531,1.539062,0.000000,30.891983,33.000000
4.734375,-0.449219,-0.537109,0.000000,33.115421,33.000000
4.789062,-0.150391,-0.580078,0.000000,33.893433,33.000000
4.802734,-0.152344,-0.777344,0.000000,30.461048,33.000000
4.894531,-0.308594,0.673828,0.000000,31.085649,33.000000
4.968750,-0.468750,-0.023438,0.000000,29.670797,33.000000
0.041016,-0.033203,0.062500,0.000000,30.115704,33.000000
0.046875,-0.046875,0.103516,0.000000,29.036325,33.000000
0.011719,-0.039062,-0.007812,0.000000,30.674429,34.000000
0.017578,-0.080078,-0.007812,0.000000,31.934029,34.000000
0.029297,-0.119141,-0.005859,0.000000,30.157787,34.000000
0.056641,-0.154297,0.005859,0.000000,25.490032,34.000000
0.128906,-0.080078,1.259766,0.000000,23.096302,34.000000
0.414062,-0.083984,-1.281250,0.000000,23.096302,34.000000
0.556641,-0.042969,-1.273438,0.000000,21.643528,34.000000
2.210938,0.742188,-0.439453,0.000000,26.454224,34.000000
2.615234,-0.175781,1.046875,0.000000,29.020029,34.000000
2.658203,-0.179688,1.050781,0.000000,32.203697,34.000000
2.753906,-0.089844,0.919922,0.000000,31.159431,34.000000
4.390625,-0.142578,1.302734,0.000000,31.290451,34.000000
4.349609,-0.144531,1.558594,0.000000,30.920185,34.000000
4.738281,-0.298828,-0.603516,0.000000,33.575539,34.000000
4.775391,-0.300781,-0.640625,0.000000,34.055172,34.000000
4.791016,-0.152344,-0.849609,0.000000,30.374266,34.000000
4.890625,-0.308594,0.699219,0.000000,31.027765,34.000000
4.951172,-0.623047,0.023438,0.000000,29.703468,34.000000
0.041016,-0.033203,0.062500,0.000000,30.115704,34.000000
0.044922,-0.046875,0.103516,0.000000,29.030899,34.000000
0.011719,-0.039062,-0.007812,0.000000,30.666985,35.000000
0.017578,-0.080078,-0.007812,0.000000,31.934029,35.000000
0.029297,-0.119141,-0.005859,0.000000,30.157787,35.000000
0.056641,-0.154297,0.005859,0.000000,25.477747,35.000000
0.060547,-0.080078,1.263672,0.000000,23.053514,35.000000
0.425781,-0.083984,-1.277344,0.000000,23.031961,35.000000
0.574219,-0.042969,-1.265625,0.000000,21.613680,35.000000
2.117188,0.859375,-0.160156,0.000000,26.434526,35.000000
2.179688,0.800781,-0.203125,0.000000,27.745171,35.000000
2.162109,0.890625,-0.402344,0.000000,25.998831,35.000000
2.232422,0.453125,0.794922,0.000000,27.767012,35.000000
2.300781,0.613281,0.591797,0.000000,28.739016,35.000000
2.658203,-0.179688,1.052734,0.000000,32.216751,35.000000
2.753906,-0.089844,0.919922,0.000000,31.182648,35.000000
4.398438,-0.142578,1.275391,0.000000,31.283993,35.000000
4.363281,-0.144531,1.521484,0.000000,30.891983,35.000000
4.738281,-0.298828,-0.601562,0.000000,33.412365,35.000000
4.775391,-0.300781,-0.634766,0.000000,34.012283,35.000000
4.792969,-0.152344,-0.839844,0.000000,30.374266,35.000000
4.896484,-0.308594,0.650391,0.000000,31.010593,35.000000
4.951172,-0.623047,-0.103516,0.000000,29.614210,35.000000
0.041016,-0.033203,0.062500,0.000000,30.115704,35.000000
0.044922,-0.046875,0.103516,0.000000,29.030899,35.000000
1.550781,-0.000000,1.794922,0.000000,24.166405,35.000000
0.011719,-0.039062,-0.007812,0.000000,30.659531,36.000000
0.017578,-0.080078,-0.007812,0.000000,31.928461,36.000000
0.029297,-0.119141,-0.005859,0.000000,30.153597,36.000000
0.056641,-0.154297,0.005859,0.000000,25.477747,36.000000
0.101562,-0.080078,1.261719,0.000000,23.074961,36.000000
0.435547,-0.083984,-1.275391,0.000000,23.031961,36.000000
0.558594,-0.042969,-1.273438,0.000000,21.613680,36.000000
2.146484,0.787109,-0.128906,0.000000,27.730547,36.000000
2.187500,0.800781,-0.109375,0.000000,27.250946,36.000000
2.275391,0.593750,0.316406,0.000000,27.101173,36.000000
2.292969,0.603516,0.453125,0.000000,28.762178,36.000000
2.345703,0.537109,0.484375,0.000000,26.998377,36.000000
2.613281,-0.175781,1.052734,0.000000,29.074114,36.000000
2.658203,-0.179688,1.048828,0.000000,32.206310,36.000000
2.753906,-0.089844,0.919922,0.000000,31.209028,36.000000
4.392578,-0.142578,1.294922,0.000000,31.335388,36.000000
4.355469,-0.144531,1.542969,0.000000,30.909630,36.000000
4.728516,-0.449219,-0.582031,0.000000,33.330441,36.000000
4.787109,-0.150391,-0.597656,0.000000,33.916409,36.000000
4.804688,-0.152344,-0.771484,0.000000,30.220158,36.000000
4.888672,-0.308594,0.705078,0.000000,31.209028,36.000000
4.951172,-0.623047,-0.029297,0.000000,29.772661,36.000000
0.041016,-0.033203,0.062500,0.000000,30.115704,36.000000
0.044922,-0.046875,0.103516,0.000000,29.025467,36.000000
0.011719,-0.039062,-0.007812,0.000000,30.663260,37.000000
0.017578,-0.080078,-0.007812,0.000000,31.931246,37.000000
0.029297,-0.119141,-0.005859,0.000000,30.153597,37.000000
0.056641,-0.154297,0.005859,0.000000,25.477747,37.000000
0.103516,-0.080078,1.261719,0.000000,23.074961,37.000000
0.423828,-0.083984,-1.279297,0.000000,23.031961,37.000000
2.144531,0.787109,-0.179688,0.000000,28.704039,37.000000
2.189453,0.800781,-0.056641,0.000000,28.267225,37.000000
2.261719,0.667969,0.261719,0.000000,27.520485,37.000000
2.281250,0.679688,0.396484,0.000000,26.314438,37.000000
2.662109,-0.179688,1.041016,0.000000,32.206310,37.000000
2.755859,-0.089844,0.914062,0.000000,31.189257,37.000000
4.390625,-0.142578,1.300781,0.000000,31.306553,37.000000
4.349609,-0.144531,1.558594,0.000000,30.920185,37.000000
4.740234,-0.298828,-0.585938,0.000000,33.242825,37.000000
4.777344,-0.300781,-0.621094,0.000000,33.948017,37.000000
4.794922,-0.152344,-0.826172,0.000000,30.386202,37.000000
4.888672,-0.308594,0.710938,0.000000,31.024338,37.000000
4.951172,-0.623047,0.105469,0.000000,29.694159,37.000000
0.041016,-0.033203,0.062500,0.000000,30.115704,37.000000
0.044922,-0.046875,0.103516,0.000000,29.030899,37.000000
0.011719,-0.039062,-0.007812,0.000000,30.670708,38.000000
0.017578,-0.080078,-0.007812,0.000000,31.934029,38.000000
0.029297,-0.119141,-0.005859,0.000000,30.157787,38.000000
0.056641,-0.154297,0.005859,0.000000,25.490032,38.000000
0.146484,-0.080078,1.257812,0.000000,23.074961,38.000000
0.054688,-0.082031,1.304688,0.000000,24.638929,38.000000
0.417969,-0.083984,-1.281250,0.000000,23.074961,38.000000
0.570312,-0.042969,-1.267578,0.000000,21.643528,38.000000
2.111328,0.773438,-0.070312,0.000000,28.241259,38.000000
2.175781,0.716797,-0.064453,0.000000,30.492180,38.000000
2.214844,0.728516,-0.066406,0.000000,29.339931,38.000000
2.615234,-0.175781,1.048828,0.000000,29.003672,38.000000
2.660156,-0.179688,1.046875,0.000000,32.203697,38.000000
2.753906,-0.089844,0.919922,0.000000,31.162756,38.000000
4.392578,-0.142578,1.296875,0.000000,31.293676,38.000000
4.353516,-0.144531,1.546875,0.000000,30.916670,38.000000
4.738281,-0.298828,-0.607422,0.000000,33.368599,38.000000
4.773438,-0.300781,-0.642578,0.000000,34.000195,38.000000
4.791016,-0.152344,-0.853516,0.000000,30.342272,38.000000
4.869141,-0.308594,0.833984,0.000000,31.085649,38.000000
4.947266,-0.623047,0.185547,0.000000,29.845274,38.000000
0.041016,-0.033203,0.062500,0.000000,30.115704,38.000000
0.044922,-0.046875,0.103516,0.000000,29.030899,38.000000
0.011719,-0.039062,-0.007812,0.000000,30.674429,39.000000
0.017578,-0.080078,-0.007812,0.000000,31.934029,39.000000
0.029297,-0.119141,-0.005859,0.000000,30.153597,39.000000
0.056641,-0.154297,0.005859,0.000000,25.477747,39.000000
0.156250,-0.080078,1.255859,0.000000,23.074961,39.000000
0.066406,-0.082031,1.304688,0.000000,24.623980,39.000000
0.412109,-0.083984,-1.283203,0.000000,23.074961,39.000000
0.568359,-0.042969,-1.269531,0.000000,21.643528,39.000000
2.132812,0.703125,-0.142578,0.000000,25.611013,39.000000
2.193359,0.644531,-0.142578,0.000000,27.520485,39.000000
2.236328,0.656250,-0.050781,0.000000,27.458551,39.000000
2.660156,-0.179688,1.042969,0.000000,32.174839,39.000000
2.753906,-0.089844,0.916016,0.000000,31.169397,39.000000
4.390625,-0.142578,1.298828,0.000000,31.290451,39.000000
4.339844,-0.144531,1.585938,0.000000,30.835026,39.000000
4.748047,-0.298828,-0.521484,0.000000,33.414345,39.000000
4.777344,-0.300781,-0.619141,0.000000,33.968964,39.000000
4.785156,-0.152344,-0.878906,0.000000,30.269417,39.000000
4.875000,-0.308594,0.800781,0.000000,31.159431,39.000000
4.947266,-0.623047,0.193359,0.000000,29.840771,39.000000
2.296875,0.593750,0.072266,-0.614669,26.702459,39.000000
0.041016,-0.033203,0.062500,0.000000,30.111473,39.000000
0.044922,-0.046875,0.103516,0.000000,29.025467,39.000000
0.011719,-0.039062,-0.007812,0.000000,30.666985,40.000000
0.017578,-0.080078,-0.007812,0.000000,31.931246,40.000000
0.029297,-0.119141,-0.005859,0.000000,30.153597,40.000000
0.056641,-0.154297,0.007812,0.000000,25.477747,40.000000
0.148438,-0.080078,1.257812,0.000000,23.096302,40.000000
0.425781,-0.083984,-1.277344,0.000000,23.074961,40.000000
0.556641,-0.042969,-1.273438,0.000000,21.613680,40.000000
2.658203,-0.179688,1.050781,0.000000,32.208923,40.000000
2.751953,-0.089844,0.923828,0.000000,31.202448,40.000000
4.400391,-0.142578,1.267578,0.000000,31.316187,40.000000
4.369141,-0.144531,1.501953,0.000000,30.870712,40.000000
4.750000,-0.298828,-0.513672,0.000000,33.516029,40.000000
4.777344,-0.300781,-0.626953,0.000000,33.982872,40.000000
4.794922,-0.152344,-0.832031,0.000000,30.261246,40.000000
4.873047,-0.308594,0.812500,0.000000,31.112625,40.000000
4.947266,-0.623047,0.193359,0.000000,29.772661,40.000000
2.285156,0.519531,0.369141,-0.614669,25.211380,40.000000
0.041016,-0.033203,0.062500,0.000000,30.115704,40.000000
0.044922,-0.046875,0.103516,0.000000,29.030899,40.000000
0.011719,-0.039062,-0.007812,0.000000,30.670708,41.000000
0.017578,-0.080078,-0.007812,0.000000,31.934029,41.000000
0.029297,-0.119141,-0.005859,0.000000,30.157787,41.000000
0.056641,-0.154297,0.005859,0.000000,25.477747,41.000000
0.076172,-0.082031,-1.304688,0.000000,24.578819,41.000000
0.447266,-0.083984,-1.271484,0.000000,22.966652,41.000000
2.660156,-0.179688,1.042969,0.000000,32.221962,41.000000
2.757812,-0.089844,0.906250,0.000000,31.176027,41.000000
4.394531,-0.142578,1.291016,0.000000,31.300119,41.000000
4.349609,-0.144531,1.558594,0.000000,30.899052,41.000000
4.748047,-0.298828,-0.529297,0.000000,33.422253,41.000000
4.785156,-0.300781,-0.564453,0.000000,34.090874,41.000000
4.816406,-0.152344,-0.691406,0.000000,30.553783,41.000000
4.886719,-0.308594,0.728516,0.000000,31.099159,41.000000
4.949219,-0.623047,0.138672,0.000000,29.712759,41.000000
2.218750,0.501953,-0.269531,-0.614669,24.487062,41.000000
2.214844,0.582031,-0.441406,-0.614669,24.593925,41.000000
2.296875,0.593750,0.005859,-0.614669,24.297523,41.000000
0.041016,-0.033203,0.062500,0.000000,30.111473,41.000000
0.044922,-0.046875,0.103516,0.000000,29.025467,41.000000
0.011719,-0.039062,-0.007812,0.000000,30.666985,42.000000
0.017578,-0.080078,-0.007812,0.000000,31.931246,42.000000
0.029297,-0.119141,-0.005859,0.000000,30.153597,42.000000
0.056641,-0.154297,0.005859,0.000000,25.490032,42.000000
0.095703,-0.080078,1.261719,0.000000,23.117538,42.000000
0.443359,-0.083984,-1.271484,0.000000,23.053514,42.000000
0.582031,-0.042969,-1.263672,0.000000,21.613680,42.000000
2.662109,-0.179688,1.041016,0.000000,32.190605,42.000000
2.753906,-0.089844,0.917969,0.000000,31.176027,42.000000
4.392578,-0.142578,1.292969,0.000000,31.300119,42.000000
4.349609,-0.144531,1.558594,0.000000,30.831442,42.000000
4.746094,-0.298828,-0.546875,0.000000,33.430145,42.000000
4.779297,-0.300781,-0.609375,0.000000,34.055172,42.000000
4.796875,-0.152344,-0.818359,0.000000,30.614525,42.000000
4.882812,-0.308594,0.750000,0.000000,30.982975,42.000000
4.949219,-0.623047,0.142578,0.000000,29.717396,42.000000
2.236328,0.429688,-0.253906,-0.614669,26.384893,42.000000
2.251953,0.509766,-0.324219,-0.614669,26.665180,42.000000
0.041016,-0.033203,0.062500,0.000000,30.119930,42.000000
0.044922,-0.046875,0.103516,0.000000,29.030899,42.000000
0.011719,-0.039062,-0.007812,0.000000,30.663260,43.000000
0.017578,-0.080078,-0.007812,0.000000,31.931246,43.000000
0.029297,-0.119141,-0.005859,0.000000,30.157787,43.000000
0.056641,-0.154297,0.005859,0.000000,25.490032,43.000000
0.078125,-0.080078,1.263672,0.000000,23.053514,43.000000
0.419922,-0.083984,-1.279297,0.000000,23.074961,43.000000
2.660156,-0.179688,1.044922,0.000000,32.195847,43.000000
2.751953,-0.089844,0.921875,0.000000,31.225435,43.000000
4.392578,-0.142578,1.294922,0.000000,31.309767,43.000000
4.351562,-0.144531,1.552734,0.000000,30.867157,43.000000
4.728516,-0.449219,-0.595703,0.000000,33.310223,43.000000
4.771484,-0.300781,-0.667969,0.000000,33.951515,43.000000
4.763672,-0.152344,-0.992188,0.000000,30.318123,43.000000
4.882812,-0.308594,0.748047,0.000000,31.048285,43.000000
4.951172,-0.623047,0.101562,0.000000,29.694159,43.000000
2.136719,0.552734,-0.107422,-0.614669,25.490032,43.000000
2.166016,0.562500,-0.232422,-0.614669,27.307823,43.000000
2.189453,0.572266,-0.357422,-0.614669,26.785183,43.000000
2.269531,0.509766,-0.154297,-0.614669,24.885508,43.000000
0.041016,-0.033203,0.062500,0.000000,30.115704,43.000000
0.044922,-0.046875,0.103516,0.000000,29.030899,43.000000
0.011719,-0.039062,-0.007812,0.000000,30.659531,44.000000
0.017578,-0.080078,-0.007812,0.000000,31.931246,44.000000
0.029297,-0.119141,-0.005859,0.000000,30.157787,44.000000
0.056641,-0.154297,0.005859,0.000000,25.490032,44.000000
0.085938,-0.080078,1.263672,0.000000,23.074961,44.000000
0.417969,-0.083984,-1.281250,0.000000,23.031961,44.000000
2.613281,-0.175781,1.050781,0.000000,29.003672,44.000000
2.658203,-0.179688,1.048828,0.000000,32.198463,44.000000
2.755859,-0.089844,0.914062,0.000000,31.172712,44.000000
4.390625,-0.142578,1.296875,0.000000,31.277525,44.000000
4.355469,-0.144531,1.541016,0.000000,30.867157,44.000000
4.740234,-0.298828,-0.589844,0.000000,33.390537,44.000000
4.775391,-0.300781,-0.638672,0.000000,34.039780,44.000000
4.792969,-0.152344,-0.839844,0.000000,30.580462,44.000000
4.886719,-0.308594,0.730469,0.000000,30.906107,44.000000
4.951172,-0.623047,0.097656,0.000000,29.590414,44.000000
2.136719,0.552734,0.113281,-0.614669,25.670263,44.000000
2.195312,0.492188,0.025391,-0.614669,26.031445,44.000000
2.230469,0.501953,-0.132812,-0.614669,25.340261,44.000000
0.041016,-0.033203,0.062500,0.000000,30.119930,44.000000
0.044922,-0.046875,0.103516,0.000000,29.030899,44.000000
0.011719,-0.039062,-0.007812,0.000000,30.659531,45.000000
0.017578,-0.080078,-0.007812,0.000000,31.931246,45.000000
0.029297,-0.119141,-0.005859,0.000000,30.153597,45.000000
0.056641,-0.154297,0.005859,0.000000,25.477747,45.000000
0.074219,-0.080078,1.263672,0.000000,23.074961,45.000000
0.037109,-0.082031,-1.306641,0.000000,24.623980,45.000000
0.431641,-0.083984,-1.275391,0.000000,23.053514,45.000000
2.658203,-0.179688,1.050781,0.000000,32.208923,45.000000
2.753906,-0.089844,0.916016,0.000000,31.159431,45.000000
4.392578,-0.142578,1.292969,0.000000,31.254812,45.000000
4.359375,-0.144531,1.533203,0.000000,30.863598,45.000000
4.740234,-0.298828,-0.585938,0.000000,33.455696,45.000000
4.777344,-0.300781,-0.621094,0.000000,34.003654,45.000000
4.806641,-0.152344,-0.757812,0.000000,30.334238,45.000000
4.878906,-0.308594,0.771484,0.000000,31.156105,45.000000
4.949219,-0.623047,0.115234,0.000000,29.831751,45.000000
2.089844,0.542969,-0.203125,-0.614669,29.185545,45.000000
2.128906,0.552734,-0.205078,-0.614669,31.038036,45.000000
2.169922,0.562500,-0.201172,-0.614669,29.912260,45.000000
2.220703,0.501953,-0.248047,-0.614669,25.809250,45.000000
0.041016,-0.033203,0.062500,0.000000,30.115704,45.000000
0.044922,-0.046875,0.103516,0.000000,29.030899,45.000000
0.949219,-0.357422,2.052734,-0.614669,23.222193,45.000000
0.011719,-0.039062,-0.007812,0.000000,30.663260,46.000000
0.017578,-0.080078,-0.007812,0.000000,31.931246,46.000000
0.029297,-0.119141,-0.005859,0.000000,30.153597,46.000000
0.056641,-0.154297,0.005859,0.000000,25.477747,46.000000
0.080078,-0.080078,1.263672,0.000000,23.074961,46.000000
0.431641,-0.083984,-1.275391,0.000000,23.053514,46.000000
0.564453,-0.042969,-1.271484,0.000000,21.613680,46.000000
2.613281,-0.175781,1.048828,0.000000,29.020029,46.000000
2.658203,-0.179688,1.046875,0.000000,32.180099,46.000000
2.755859,-0.089844,0.912109,0.000000,31.152777,46.000000
4.392578,-0.142578,1.291016,0.000000,31.344959,46.000000
4.359375,-0.144531,1.533203,0.000000,30.937717,46.000000
4.738281,-0.298828,-0.597656,0.000000,33.388546,46.000000
4.773438,-0.300781,-0.652344,0.000000,34.026051,46.000000
4.787109,-0.152344,-0.873047,0.000000,30.534626,46.000000
4.878906,-0.308594,0.777344,0.000000,31.044870,46.000000
4.949219,-0.623047,0.162109,0.000000,29.652018,46.000000
2.082031,0.542969,-0.271484,-0.614669,26.954817,46.000000
2.146484,0.482422,-0.199219,-0.614669,27.435097,46.000000
2.189453,0.492188,-0.158203,-0.614669,25.976952,46.000000
0.041016,-0.033203,0.062500,0.000000,30.115704,46.000000
0.044922,-0.046875,0.103516,0.000000,29.030899,46.000000
0.011719,-0.039062,-0.007812,0.000000,30.659531,47.000000
0.017578,-0.080078,-0.007812,0.000000,31.928461,47.000000
0.029297,-0.119141,-0.005859,0.000000,30.157787,47.000000
0.056641,-0.154297,0.005859,0.000000,25.502283,47.000000
0.130859,-0.080078,1.257812,0.000000,23.074961,47.000000
0.046875,-0.082031,1.304688,0.000000,24.623980,47.000000
0.414062,-0.083984,-1.281250,0.000000,23.053514,47.000000
0.558594,-0.042969,-1.273438,0.000000,21.673174,47.000000
2.617188,-0.175781,1.042969,0.000000,29.036325,47.000000
2.658203,-0.179688,1.048828,0.000000,32.198463,47.000000
2.748047,-0.089844,0.937500,0.000000,31.199154,47.000000
4.404297,-0.142578,1.257812,0.000000,31.332195,47.000000
4.371094,-0.144531,1.496094,0.000000,30.920185,47.000000
4.738281,-0.298828,-0.597656,0.000000,33.396503,47.000000
4.773438,-0.300781,-0.642578,0.000000,33.972446,47.000000
4.804688,-0.152344,-0.763672,0.000000,30.433622,47.000000
4.884766,-0.308594,0.734375,0.000000,31.136091,47.000000
4.951172,-0.623047,0.107422,0.000000,29.836264,47.000000
2.115234,0.474609,0.035156,-0.614669,24.313637,47.000000
2.152344,0.482422,-0.111328,-0.614669,24.232458,47.000000
0.041016,-0.033203,0.062500,0.000000,30.119930,47.000000
0.044922,-0.046875,0.103516,0.000000,29.036325,47.000000
0.011719,-0.039062,-0.007812,0.000000,30.663260,48.000000
0.017578,-0.080078,-0.007812,0.000000,31.931246,48.000000
0.029297,-0.119141,-0.005859,0.000000,30.157787,48.000000
0.056641,-0.154297,0.007812,0.000000,25.490032,48.000000
0.109375,-0.080078,1.261719,0.000000,23.138672,48.000000
0.437500,-0.083984,-1.273438,0.000000,23.053514,48.000000
2.167969,0.414062,-0.105469,0.000000,25.622929,48.000000
2.218750,0.351562,-0.111328,0.000000,26.946053,48.000000
2.615234,-0.175781,1.046875,0.000000,29.041744,48.000000
2.656250,-0.179688,1.052734,0.000000,32.221962,48.000000
2.746094,-0.089844,0.939453,0.000000,31.222158,48.000000
4.394531,-0.142578,1.289062,0.000000,31.335388,48.000000
4.359375,-0.144531,1.527344,0.000000,30.937717,48.000000
4.742188,-0.298828,-0.574219,0.000000,33.451775,48.000000
4.775391,-0.300781,-0.634766,0.000000,34.012283,48.000000
4.796875,-0.152344,-0.820312,0.000000,30.425755,48.000000
4.882812,-0.308594,0.750000,0.000000,31.085649,48.000000
4.949219,-0.623047,0.123047,0.000000,29.772661,48.000000
2.083984,0.398438,-0.150391,-0.614669,25.065050,48.000000
2.113281,0.474609,-0.089844,-0.614669,26.283890,48.000000
0.041016,-0.033203,0.062500,0.000000,30.111473,48.000000
0.044922,-0.046875,0.103516,0.000000,29.030899,48.000000
0.011719,-0.039062,-0.007812,0.000000,30.670708,49.000000
0.017578,-0.080078,-0.007812,0.000000,31.936810,49.000000
0.029297,-0.119141,-0.005859,0.000000,30.161974,49.000000
0.056641,-0.154297,0.005859,0.000000,25.502283,49.000000
0.164062,-0.080078,1.255859,0.000000,23.096302,49.000000
0.083984,-0.082031,1.304688,0.000000,24.638929,49.000000
0.408203,-0.083984,-1.283203,0.000000,23.096302,49.000000
0.548828,-0.042969,-1.277344,0.000000,21.643528,49.000000
2.613281,-0.175781,1.054688,0.000000,28.992731,49.000000
2.656250,-0.179688,1.054688,0.000000,32.180099,49.000000
2.751953,-0.089844,0.923828,0.000000,31.142773,49.000000
4.390625,-0.142578,1.300781,0.000000,31.228710,49.000000
4.349609,-0.144531,1.556641,0.000000,30.770042,49.000000
4.738281,-0.298828,-0.601562,0.000000,33.412365,49.000000
4.783203,-0.150391,-0.628906,0.000000,34.061993,49.000000
4.818359,-0.000000,-0.697266,0.000000,30.788193,49.000000
4.888672,-0.308594,0.707031,0.000000,31.179338,49.000000
4.951172,-0.623047,0.041016,0.000000,29.858753,49.000000
2.115234,0.474609,0.011719,-0.614669,25.378191,49.000000
0.041016,-0.033203,0.062500,0.000000,30.115704,49.000000
0.044922,-0.046875,0.103516,0.000000,29.030899,49.000000
0.011719,-0.039062,-0.007812,0.000000,30.666985,50.000000
0.017578,-0.080078,-0.007812,0.000000,31.931246,50.000000
0.029297,-0.119141,-0.005859,0.000000,30.153597,50.000000
0.056641,-0.154297,0.005859,0.000000,25.477747,50.000000
0.162109,-0.080078,1.255859,0.000000,23.096302,50.000000
0.435547,-0.083984,-1.275391,0.000000,23.074961,50.000000
2.128906,0.406250,0.042969,0.000000,27.435097,50.000000
2.181641,0.345703,-0.052734,0.000000,27.442930,50.000000
2.222656,0.351562,0.027344,0.000000,28.014036,50.000000
2.257812,0.287109,0.269531,0.000000,27.671558,50.000000
2.607422,-0.175781,1.064453,0.000000,28.965261,50.000000
2.656250,-0.179688,1.054688,0.000000,32.156376,50.000000
2.751953,-0.089844,0.921875,0.000000,31.027765,50.000000
4.400391,-0.142578,1.265625,0.000000,31.182648,50.000000
4.365234,-0.144531,1.513672,0.000000,30.674429,50.000000
4.740234,-0.298828,-0.585938,0.000000,33.314274,50.000000
4.779297,-0.300781,-0.611328,0.000000,33.955009,50.000000
4.806641,-0.152344,-0.753906,0.000000,30.409977,50.000000
4.884766,-0.308594,0.742188,0.000000,31.189257,50.000000
4.951172,-0.623047,0.015625,0.000000,29.867718,50.000000
2.089844,0.398438,-0.041016,-0.614669,27.566360,50.000000
0.041016,-0.033203,0.062500,0.000000,30.111473,50.000000
0.044922,-0.046875,0.103516,0.000000,29.030899,50.000000
0.011719,-0.039062,-0.007812,0.000000,30.666985,51.000000
0.017578,-0.080078,-0.007812,0.000000,31.931246,51.000000
0.029297,-0.119141,-0.005859,0.000000,30.157787,51.000000
0.056641,-0.154297,0.005859,0.000000,25.477747,51.000000
0.158203,-0.080078,1.255859,0.000000,23.074961,51.000000
0.425781,-0.083984,-1.277344,0.000000,23.031961,51.000000
2.617188,-0.175781,1.041016,0.000000,28.998205,51.000000
