0.011719,-0.039062,-0.007812,0.000000,30.670708,0.000000
0.017578,-0.080078,-0.007812,0.000000,31.936810,0.000000
0.029297,-0.119141,-0.005859,0.000000,30.157787,0.000000
0.056641,-0.154297,0.007812,0.000000,25.477747,0.000000
0.119141,-0.080078,1.259766,0.000000,23.138672,0.000000
0.039062,-0.082031,1.306641,0.000000,24.653828,0.000000
0.419922,-0.083984,-1.279297,0.000000,23.074961,0.000000
2.615234,-0.175781,1.044922,0.000000,29.057959,0.000000
2.660156,-0.179688,1.042969,0.000000,32.232361,0.000000
2.750000,-0.089844,0.927734,0.000000,31.205740,0.000000
4.410156,-0.142578,1.236328,0.000000,31.258064,0.000000
4.378906,-0.144531,1.472656,0.000000,30.744507,0.000000
4.740234,-0.298828,-0.593750,0.000000,33.394516,0.000000
4.777344,-0.300781,-0.619141,0.000000,34.014004,0.000000
4.802734,-0.152344,-0.773438,0.000000,30.358297,0.000000
4.828125,-0.154297,1.078125,0.000000,31.034616,0.000000
1.910156,-0.564453,-0.226562,-0.614669,27.275414,0.000000
1.941406,-0.576172,-0.285156,-0.614669,27.993406,0.000000
1.986328,-0.521484,-0.369141,-0.614669,25.428255,0.000000
0.041016,-0.033203,0.062500,0.000000,30.119930,0.000000
0.046875,-0.046875,0.103516,0.000000,29.036325,0.000000
0.011719,-0.039062,-0.007812,0.000000,30.678144,1.000000
0.017578,-0.080078,-0.007812,0.000000,31.936810,1.000000
0.029297,-0.119141,-0.005859,0.000000,30.161974,1.000000
0.056641,-0.154297,0.005859,0.000000,25.490032,1.000000
0.195312,-0.080078,1.250000,0.000000,23.096302,1.000000
0.111328,-0.082031,1.300781,0.000000,24.653828,1.000000
0.398438,-0.083984,-1.287109,0.000000,23.096302,1.000000
2.609375,-0.175781,1.058594,0.000000,29.052561,1.000000
2.654297,-0.179688,1.060547,0.000000,32.214142,1.000000
2.748047,-0.089844,0.937500,0.000000,31.264561,1.000000
4.410156,-0.142578,1.232422,0.000000,31.335388,1.000000
4.371094,-0.144531,1.494141,0.000000,30.700378,1.000000
4.728516,-0.449219,-0.591797,0.000000,33.281757,1.000000
4.777344,-0.300781,-0.621094,0.000000,33.951515,1.000000
4.802734,-0.152344,-0.775391,0.000000,30.386202,1.000000
4.861328,-0.154297,0.921875,0.000000,30.806265,1.000000
1.869141,-0.564453,-0.453125,-0.614669,27.075703,1.000000
1.929688,-0.576172,-0.359375,-0.614669,28.088860,1.000000
1.943359,-0.652344,-0.388672,-0.614669,26.042261,1.000000
0.041016,-0.033203,0.062500,0.000000,30.115704,1.000000
0.044922,-0.046875,0.103516,0.000000,29.036325,1.000000
0.011719,-0.039062,-0.007812,0.000000,30.670708,2.000000
0.017578,-0.080078,-0.007812,0.000000,31.934029,2.000000
0.029297,-0.119141,-0.005859,0.000000,30.161974,2.000000
0.056641,-0.154297,0.005859,0.000000,25.477747,2.000000
0.156250,-0.080078,1.255859,0.000000,23.117538,2.000000
0.080078,-0.082031,1.304688,0.000000,24.638929,2.000000
0.392578,-0.083984,-1.289062,0.000000,23.031961,2.000000
2.611328,-0.175781,1.058594,0.000000,29.020029,2.000000
2.658203,-0.179688,1.048828,0.000000,32.201080,2.000000
2.753906,-0.089844,0.916016,0.000000,31.199154,2.000000
4.419922,-0.142578,1.193359,0.000000,31.306553,2.000000
4.388672,-0.144531,1.443359,0.000000,30.740847,2.000000
4.740234,-0.298828,-0.595703,0.000000,33.410385,2.000000
4.775391,-0.300781,-0.634766,0.000000,34.007107,2.000000
4.800781,-0.152344,-0.792969,0.000000,30.370279,2.000000
4.832031,-0.154297,1.056641,0.000000,31.014034,2.000000
0.041016,-0.033203,0.062500,0.000000,30.119930,2.000000
0.044922,-0.046875,0.103516,0.000000,29.036325,2.000000
0.011719,-0.039062,-0.007812,0.000000,30.674429,3.000000
0.017578,-0.080078,-0.007812,0.000000,31.936810,3.000000
0.029297,-0.119141,-0.005859,0.000000,30.157787,3.000000
0.056641,-0.154297,0.007812,0.000000,25.477747,3.000000
0.158203,-0.080078,1.255859,0.000000,23.117538,3.000000
0.091797,-0.082031,1.302734,0.000000,24.668676,3.000000
0.390625,-0.083984,-1.289062,0.000000,23.096302,3.000000
0.523438,-0.042969,-1.287109,0.000000,21.613680,3.000000
2.609375,-0.175781,1.062500,0.000000,29.116901,3.000000
2.689453,-0.089844,0.978516,0.000000,32.240147,3.000000
2.771484,-0.000000,0.869141,0.000000,31.172712,3.000000
4.425781,-0.142578,1.179688,0.000000,31.287222,3.000000
4.392578,-0.144531,1.431641,0.000000,30.718821,3.000000
4.740234,-0.298828,-0.582031,0.000000,33.477203,3.000000
4.777344,-0.300781,-0.619141,0.000000,34.067104,3.000000
4.785156,-0.304688,-0.843750,0.000000,30.374266,3.000000
4.851562,-0.154297,0.968750,0.000000,31.058506,3.000000
1.892578,-0.490234,-0.171875,-0.614669,26.757784,3.000000
0.041016,-0.033203,0.062500,0.000000,30.119930,3.000000
0.044922,-0.046875,0.103516,0.000000,29.036325,3.000000
2.728516,-0.181641,0.980469,0.000000,31.172712,3.000000
0.011719,-0.039062,-0.007812,0.000000,30.674429,4.000000
0.017578,-0.080078,-0.007812,0.000000,31.936810,4.000000
0.029297,-0.119141,-0.005859,0.000000,30.157787,4.000000
0.056641,-0.154297,0.005859,0.000000,25.490032,4.000000
0.167969,-0.080078,1.253906,0.000000,23.117538,4.000000
0.140625,-0.082031,1.298828,0.000000,24.653828,4.000000
0.384766,-0.083984,-1.291016,0.000000,23.096302,4.000000
0.523438,-0.042969,-1.287109,0.000000,21.643528,4.000000
2.619141,-0.175781,1.037109,0.000000,29.138138,4.000000
2.664062,-0.179688,1.035156,0.000000,32.234959,4.000000
2.757812,-0.089844,0.904297,0.000000,31.245043,4.000000
4.421875,-0.142578,1.189453,0.000000,31.309767,4.000000
4.394531,-0.144531,1.425781,0.000000,30.696680,4.000000
4.728516,-0.449219,-0.589844,0.000000,33.380577,4.000000
4.777344,-0.300781,-0.613281,0.000000,33.979401,4.000000
4.804688,-0.152344,-0.771484,0.000000,30.358297,4.000000
4.841797,-0.154297,1.017578,0.000000,31.082266,4.000000
0.041016,-0.033203,0.062500,0.000000,30.119930,4.000000
0.044922,-0.046875,0.103516,0.000000,29.041744,4.000000
0.011719,-0.039062,-0.007812,0.000000,30.666985,5.000000
0.017578,-0.080078,-0.007812,0.000000,31.934029,5.000000
0.029297,-0.119141,-0.005859,0.000000,30.157787,5.000000
0.056641,-0.154297,0.005859,0.000000,25.502283,5.000000
0.076172,-0.082031,-1.304688,0.000000,24.653828,5.000000
0.441406,-0.083984,-1.273438,0.000000,23.053514,5.000000
2.619141,-0.175781,1.037109,0.000000,29.068735,5.000000
2.695312,-0.089844,0.962891,0.000000,32.201080,5.000000
2.759766,-0.089844,0.898438,0.000000,31.235250,5.000000
4.425781,-0.142578,1.179688,0.000000,31.338581,5.000000
4.400391,-0.144531,1.408203,0.000000,30.718821,5.000000
4.728516,-0.449219,-0.587891,0.000000,33.279716,5.000000
4.777344,-0.300781,-0.615234,0.000000,33.955009,5.000000
4.802734,-0.152344,-0.785156,0.000000,30.338257,5.000000
4.837891,-0.308594,0.998047,0.000000,31.000257,5.000000
0.041016,-0.033203,0.062500,0.000000,30.119930,5.000000
0.044922,-0.046875,0.103516,0.000000,29.036325,5.000000
0.011719,-0.039062,-0.007812,0.000000,30.670708,6.000000
0.017578,-0.080078,-0.007812,0.000000,31.936810,6.000000
0.029297,-0.119141,-0.005859,0.000000,30.161974,6.000000
0.056641,-0.154297,0.005859,0.000000,25.477747,6.000000
0.111328,-0.080078,1.259766,0.000000,23.117538,6.000000
0.429688,-0.083984,-1.277344,0.000000,23.074961,6.000000
0.537109,-0.042969,-1.281250,0.000000,21.613680,6.000000
2.619141,-0.175781,1.039062,0.000000,29.036325,6.000000
2.666016,-0.179688,1.031250,0.000000,32.234959,6.000000
2.738281,-0.181641,0.951172,0.000000,31.179338,6.000000
4.423828,-0.142578,1.185547,0.000000,31.274288,6.000000
4.396484,-0.144531,1.423828,0.000000,30.751818,6.000000
4.740234,-0.298828,-0.593750,0.000000,33.434086,6.000000
4.775391,-0.300781,-0.630859,0.000000,34.085793,6.000000
4.785156,-0.304688,-0.835938,0.000000,30.546131,6.000000
4.857422,-0.154297,0.933594,0.000000,30.860037,6.000000
1.843750,-0.613281,-0.275391,-0.614669,27.024305,6.000000
0.041016,-0.033203,0.062500,0.000000,30.115704,6.000000
0.044922,-0.046875,0.103516,0.000000,29.036325,6.000000
0.011719,-0.039062,-0.007812,0.000000,30.674429,7.000000
0.017578,-0.080078,-0.007812,0.000000,31.936810,7.000000
0.029297,-0.119141,-0.005859,0.000000,30.161974,7.000000
0.056641,-0.154297,0.007812,0.000000,25.490032,7.000000
0.187500,-0.080078,1.251953,0.000000,23.117538,7.000000
0.085938,-0.082031,1.302734,0.000000,24.668676,7.000000
0.427734,-0.083984,-1.277344,0.000000,23.117538,7.000000
0.558594,-0.042969,-1.273438,0.000000,21.673174,7.000000
2.621094,-0.175781,1.033203,0.000000,29.025467,7.000000
2.662109,-0.179688,1.041016,0.000000,32.195847,7.000000
2.769531,-0.000000,0.871094,0.000000,31.139433,7.000000
4.421875,-0.142578,1.189453,0.000000,31.271048,7.000000
4.392578,-0.144531,1.429688,0.000000,30.737183,7.000000
4.740234,-0.298828,-0.591797,0.000000,33.504417,7.000000
4.777344,-0.300781,-0.621094,0.000000,34.112827,7.000000
4.792969,-0.304688,-0.794922,0.000000,30.468851,7.000000
4.837891,-0.154297,1.033203,0.000000,30.856472,7.000000
1.773438,-0.587891,-0.220703,-0.614669,27.824726,7.000000
1.808594,-0.601562,-0.251953,-0.614669,30.293839,7.000000
1.845703,-0.613281,-0.267578,-0.614669,29.726656,7.000000
0.041016,-0.033203,0.062500,0.000000,30.124153,7.000000
0.044922,-0.046875,0.103516,0.000000,29.041744,7.000000
0.011719,-0.039062,-0.007812,0.000000,30.663260,8.000000
0.017578,-0.080078,-0.007812,0.000000,31.931246,8.000000
0.029297,-0.119141,-0.005859,0.000000,30.157787,8.000000
0.056641,-0.154297,0.005859,0.000000,25.490032,8.000000
0.138672,-0.080078,1.257812,0.000000,23.138672,8.000000
0.392578,-0.083984,-1.289062,0.000000,23.096302,8.000000
2.611328,-0.175781,1.058594,0.000000,29.009130,8.000000
2.687500,-0.089844,0.982422,0.000000,32.182728,8.000000
2.751953,-0.089844,0.925781,0.000000,31.241781,8.000000
4.425781,-0.142578,1.171875,0.000000,31.341770,8.000000
4.398438,-0.144531,1.412109,0.000000,30.692980,8.000000
4.726562,-0.449219,-0.597656,0.000000,33.412365,8.000000
4.775391,-0.300781,-0.630859,0.000000,34.034637,8.000000
4.798828,-0.152344,-0.804688,0.000000,30.409977,8.000000
4.845703,-0.154297,0.994141,0.000000,30.860037,8.000000
1.826172,-0.480469,-0.359375,-0.614669,27.315887,8.000000
0.041016,-0.033203,0.062500,0.000000,30.115704,8.000000
0.044922,-0.046875,0.103516,0.000000,29.030899,8.000000
0.011719,-0.039062,-0.007812,0.000000,30.670708,9.000000
0.017578,-0.080078,-0.007812,0.000000,31.936810,9.000000
0.029297,-0.119141,-0.005859,0.000000,30.161974,9.000000
0.056641,-0.154297,0.005859,0.000000,25.490032,9.000000
0.111328,-0.080078,1.261719,0.000000,23.096302,9.000000
0.423828,-0.083984,-1.279297,0.000000,23.053514,9.000000
0.558594,-0.042969,-1.273438,0.000000,21.583626,9.000000
2.621094,-0.175781,1.033203,0.000000,29.084850,9.000000
2.662109,-0.179688,1.041016,0.000000,32.229763,9.000000
2.755859,-0.089844,0.910156,0.000000,31.241781,9.000000
4.427734,-0.142578,1.166016,0.000000,31.325798,9.000000
4.398438,-0.144531,1.416016,0.000000,30.744507,9.000000
4.728516,-0.449219,-0.593750,0.000000,33.424229,9.000000
4.775391,-0.300781,-0.632812,0.000000,34.034637,9.000000
4.794922,-0.152344,-0.820312,0.000000,30.492180,9.000000
4.835938,-0.154297,1.039062,0.000000,30.937717,9.000000
1.796875,-0.529297,-0.179688,-0.614669,29.180304,9.000000
1.833984,-0.541016,-0.205078,-0.614669,28.536982,9.000000
0.041016,-0.033203,0.062500,0.000000,30.119930,9.000000
0.044922,-0.046875,0.103516,0.000000,29.036325,9.000000
0.011719,-0.039062,-0.007812,0.000000,30.678144,10.000000
0.017578,-0.080078,-0.007812,0.000000,31.936810,10.000000
0.029297,-0.119141,-0.005859,0.000000,30.157787,10.000000
0.056641,-0.154297,0.005859,0.000000,25.490032,10.000000
0.162109,-0.080078,1.255859,0.000000,23.117538,10.000000
0.078125,-0.082031,1.304688,0.000000,24.653828,10.000000
0.412109,-0.083984,-1.283203,0.000000,23.053514,10.000000
2.605469,-0.175781,1.072266,0.000000,29.068735,10.000000
2.689453,-0.089844,0.980469,0.000000,32.227165,10.000000
2.771484,-0.000000,0.865234,0.000000,31.169397,10.000000
4.421875,-0.142578,1.189453,0.000000,31.290451,10.000000
4.386719,-0.144531,1.447266,0.000000,30.762762,10.000000
4.740234,-0.298828,-0.587891,0.000000,33.461575,10.000000
4.777344,-0.300781,-0.625000,0.000000,34.094257,10.000000
4.787109,-0.304688,-0.830078,0.000000,30.496056,10.000000
4.845703,-0.154297,0.998047,0.000000,30.982975,10.000000
1.744141,-0.646484,-0.289062,-0.614669,27.109631,10.000000
0.041016,-0.033203,0.062500,0.000000,30.119930,10.000000
0.044922,-0.046875,0.105469,0.000000,29.036325,10.000000
2.730469,-0.181641,0.976562,0.000000,31.169397,10.000000
0.011719,-0.039062,-0.007812,0.000000,30.674429,11.000000
0.017578,-0.080078,-0.007812,0.000000,31.934029,11.000000
0.029297,-0.119141,-0.005859,0.000000,30.153597,11.000000
0.056641,-0.154297,0.005859,0.000000,25.465427,11.000000
0.146484,-0.080078,1.257812,0.000000,23.074961,11.000000
0.091797,-0.082031,1.302734,0.000000,24.608978,11.000000
0.396484,-0.083984,-1.287109,0.000000,23.053514,11.000000
0.560547,-0.042969,-1.271484,0.000000,21.643528,11.000000
2.615234,-0.175781,1.046875,0.000000,29.052561,11.000000
2.658203,-0.179688,1.048828,0.000000,32.206310,11.000000
2.753906,-0.089844,0.919922,0.000000,31.218880,11.000000
4.419922,-0.142578,1.199219,0.000000,31.283993,11.000000
4.378906,-0.144531,1.470703,0.000000,30.729847,11.000000
4.740234,-0.298828,-0.583984,0.000000,33.328423,11.000000
4.777344,-0.300781,-0.617188,0.000000,33.963737,11.000000
4.802734,-0.152344,-0.785156,0.000000,30.417873,11.000000
4.828125,-0.154297,1.078125,0.000000,30.867157,11.000000
1.720703,-0.505859,-0.142578,-0.614669,27.902851,11.000000
1.746094,-0.517578,-0.263672,-0.614669,27.543484,11.000000
0.041016,-0.033203,0.062500,0.000000,30.115704,11.000000
0.044922,-0.046875,0.103516,0.000000,29.036325,11.000000
0.011719,-0.039062,-0.007812,0.000000,30.678144,12.000000
0.017578,-0.080078,-0.007812,0.000000,31.934029,12.000000
0.029297,-0.119141,-0.005859,0.000000,30.157787,12.000000
0.056641,-0.154297,0.005859,0.000000,25.477747,12.000000
0.175781,-0.080078,1.253906,0.000000,23.096302,12.000000
0.083984,-0.082031,1.304688,0.000000,24.653828,12.000000
0.412109,-0.083984,-1.283203,0.000000,23.074961,12.000000
0.564453,-0.042969,-1.271484,0.000000,21.613680,12.000000
2.623047,-0.175781,1.027344,0.000000,29.047155,12.000000
2.693359,-0.089844,0.968750,0.000000,32.190605,12.000000
2.755859,-0.089844,0.910156,0.000000,31.235250,12.000000
4.419922,-0.142578,1.201172,0.000000,31.280760,12.000000
4.382812,-0.144531,1.460938,0.000000,30.689276,12.000000
4.728516,-0.449219,-0.591797,0.000000,33.257210,12.000000
4.777344,-0.300781,-0.619141,0.000000,33.886341,12.000000
4.800781,-0.152344,-0.785156,0.000000,30.232525,12.000000
4.833984,-0.154297,1.050781,0.000000,30.870712,12.000000
1.669922,-0.548828,-0.007812,-0.614669,28.573324,12.000000
1.708984,-0.562500,-0.023438,-0.614669,30.141003,12.000000
1.748047,-0.576172,-0.044922,-0.614669,28.965261,12.000000
0.041016,-0.033203,0.062500,0.000000,30.119930,12.000000
0.044922,-0.046875,0.103516,0.000000,29.041744,12.000000
4.748047,-0.150391,-0.578125,0.000000,33.230457,12.000000
0.011719,-0.039062,-0.007812,0.000000,30.674429,13.000000
0.017578,-0.080078,-0.007812,0.000000,31.936810,13.000000
0.029297,-0.119141,-0.005859,0.000000,30.161974,13.000000
0.056641,-0.154297,0.005859,0.000000,25.477747,13.000000
0.167969,-0.080078,1.253906,0.000000,23.117538,13.000000
0.009766,-0.082031,1.306641,0.000000,24.653828,13.000000
0.417969,-0.083984,-1.281250,0.000000,23.096302,13.000000
2.613281,-0.175781,1.050781,0.000000,29.009130,13.000000
2.660156,-0.179688,1.046875,0.000000,32.206310,13.000000
2.755859,-0.089844,0.910156,0.000000,31.185953,13.000000
4.406250,-0.142578,1.244141,0.000000,31.176027,13.000000
4.380859,-0.144531,1.466797,0.000000,30.644581,13.000000
4.738281,-0.298828,-0.599609,0.000000,33.519894,13.000000
4.775391,-0.300781,-0.628906,0.000000,34.095951,13.000000
4.802734,-0.152344,-0.783203,0.000000,30.342272,13.000000
4.851562,-0.154297,0.966797,0.000000,30.909630,13.000000
1.638672,-0.482422,-0.179688,-0.614669,27.520485,13.000000
1.681641,-0.494141,-0.134766,-0.614669,30.338257,13.000000
1.726562,-0.505859,-0.064453,-0.614669,29.211660,13.000000
0.041016,-0.033203,0.062500,0.000000,30.119930,13.000000
0.044922,-0.046875,0.103516,0.000000,29.036325,13.000000
0.011719,-0.039062,-0.007812,0.000000,30.666985,14.000000
0.017578,-0.080078,-0.007812,0.000000,31.931246,14.000000
0.029297,-0.119141,-0.005859,0.000000,30.157787,14.000000
0.056641,-0.154297,0.005859,0.000000,25.490032,14.000000
0.154297,-0.080078,1.255859,0.000000,23.096302,14.000000
0.074219,-0.082031,1.304688,0.000000,24.638929,14.000000
0.400391,-0.083984,-1.287109,0.000000,23.074961,14.000000
2.613281,-0.175781,1.054688,0.000000,29.079485,14.000000
2.660156,-0.179688,1.044922,0.000000,32.242741,14.000000
2.755859,-0.089844,0.912109,0.000000,31.189257,14.000000
4.410156,-0.142578,1.230469,0.000000,31.245043,14.000000
4.382812,-0.144531,1.464844,0.000000,30.748165,14.000000
4.742188,-0.298828,-0.570312,0.000000,33.392525,14.000000
4.777344,-0.300781,-0.613281,0.000000,34.017452,14.000000
4.785156,-0.304688,-0.839844,0.000000,30.370279,14.000000
4.847656,-0.154297,0.984375,0.000000,30.877813,14.000000
1.626953,-0.482422,-0.263672,-0.614669,28.727388,14.000000
1.658203,-0.548828,-0.203125,-0.614669,29.484129,14.000000
1.699219,-0.562500,-0.197266,-0.614669,26.532125,14.000000
0.041016,-0.033203,0.062500,0.000000,30.115704,14.000000
0.044922,-0.046875,0.103516,0.000000,29.036325,14.000000
0.011719,-0.039062,-0.007812,0.000000,30.663260,15.000000
0.017578,-0.080078,-0.007812,0.000000,31.931246,15.000000
0.029297,-0.119141,-0.005859,0.000000,30.157787,15.000000
0.056641,-0.154297,0.005859,0.000000,25.477747,15.000000
0.162109,-0.080078,1.255859,0.000000,23.096302,15.000000
0.115234,-0.082031,1.300781,0.000000,24.653828,15.000000
0.390625,-0.083984,-1.289062,0.000000,23.096302,15.000000
2.619141,-0.175781,1.037109,0.000000,29.047155,15.000000
2.660156,-0.179688,1.042969,0.000000,32.180099,15.000000
2.753906,-0.089844,0.917969,0.000000,31.205740,15.000000
4.392578,-0.142578,1.292969,0.000000,31.367207,15.000000
4.347656,-0.144531,1.566406,0.000000,30.831442,15.000000
4.740234,-0.298828,-0.591797,0.000000,33.281757,15.000000
4.787109,-0.150391,-0.601562,0.000000,33.921692,15.000000
4.804688,-0.152344,-0.771484,0.000000,30.417873,15.000000
4.841797,-0.154297,1.013672,0.000000,30.941216,15.000000
1.630859,-0.537109,0.048828,-0.614669,27.573959,15.000000
1.687500,-0.494141,-0.070312,-0.614669,28.621313,15.000000
0.041016,-0.033203,0.062500,0.000000,30.115704,15.000000
0.044922,-0.046875,0.103516,0.000000,29.030899,15.000000
0.011719,-0.039062,-0.007812,0.000000,30.678144,16.000000
0.017578,-0.080078,-0.007812,0.000000,31.936810,16.000000
0.029297,-0.119141,-0.005859,0.000000,30.157787,16.000000
0.056641,-0.154297,0.005859,0.000000,25.477747,16.000000
0.121094,-0.080078,1.259766,0.000000,23.117538,16.000000
0.400391,-0.083984,-1.287109,0.000000,23.053514,16.000000
2.623047,-0.175781,1.027344,0.000000,29.057959,16.000000
2.662109,-0.179688,1.037109,0.000000,32.211533,16.000000
2.755859,-0.089844,0.910156,0.000000,31.245043,16.000000
4.392578,-0.142578,1.292969,0.000000,31.277525,16.000000
4.353516,-0.144531,1.544922,0.000000,30.704073,16.000000
4.728516,-0.449219,-0.589844,0.000000,33.535316,16.000000
4.777344,-0.300781,-0.621094,0.000000,34.095951,16.000000
4.802734,-0.152344,-0.781250,0.000000,30.406023,16.000000
4.843750,-0.154297,1.003906,0.000000,30.884905,16.000000
1.599609,-0.472656,-0.173828,-0.614669,29.148718,16.000000
1.642578,-0.482422,-0.150391,-0.614669,29.339931,16.000000
1.648438,-0.605469,-0.095703,-0.614669,26.570559,16.000000
0.041016,-0.033203,0.062500,0.000000,30.115704,16.000000
0.044922,-0.046875,0.103516,0.000000,29.036325,16.000000
0.011719,-0.039062,-0.007812,0.000000,30.674429,17.000000
0.017578,-0.080078,-0.007812,0.000000,31.936810,17.000000
0.029297,-0.119141,-0.005859,0.000000,30.157787,17.000000
0.056641,-0.154297,0.005859,0.000000,25.490032,17.000000
0.144531,-0.080078,1.257812,0.000000,23.117538,17.000000
0.015625,-0.082031,1.306641,0.000000,24.638929,17.000000
0.425781,-0.083984,-1.277344,0.000000,23.031961,17.000000
0.548828,-0.042969,-1.277344,0.000000,21.553360,17.000000
2.615234,-0.175781,1.046875,0.000000,28.926510,17.000000
2.660156,-0.179688,1.042969,0.000000,32.187981,17.000000
2.751953,-0.089844,0.923828,0.000000,31.159431,17.000000
4.332031,-0.142578,1.355469,0.000000,27.596678,17.000000
4.388672,-0.142578,1.306641,0.000000,31.316187,17.000000
4.357422,-0.144531,1.539062,0.000000,30.852905,17.000000
4.742188,-0.298828,-0.570312,0.000000,33.251049,17.000000
4.779297,-0.300781,-0.597656,0.000000,33.863205,17.000000
4.796875,-0.304688,-0.773438,0.000000,30.216026,17.000000
4.851562,-0.154297,0.972656,0.000000,31.112625,17.000000
1.550781,-0.408203,-0.322266,-0.614669,26.963564,17.000000
1.582031,-0.472656,-0.300781,-0.614669,28.506462,17.000000
1.576172,-0.537109,-0.419922,-0.614669,28.088860,17.000000
0.009766,0.031250,0.025391,0.000000,29.314579,17.000000
0.041016,-0.033203,0.062500,0.000000,30.119930,17.000000
0.044922,-0.046875,0.103516,0.000000,29.036325,17.000000
0.011719,-0.039062,-0.007812,0.000000,30.678144,18.000000
0.017578,-0.080078,-0.007812,0.000000,31.936810,18.000000
0.029297,-0.119141,-0.005859,0.000000,30.157787,18.000000
0.056641,-0.154297,0.005859,0.000000,25.477747,18.000000
0.130859,-0.080078,1.259766,0.000000,23.117538,18.000000
0.080078,-0.082031,1.304688,0.000000,24.638929,18.000000
0.390625,-0.083984,-1.289062,0.000000,23.074961,18.000000
2.609375,-0.175781,1.060547,0.000000,29.009130,18.000000
2.656250,-0.179688,1.052734,0.000000,32.198463,18.000000
2.750000,-0.089844,0.927734,0.000000,31.189257,18.000000
4.326172,-0.142578,1.373047,0.000000,27.558748,18.000000
4.380859,-0.142578,1.332031,0.000000,31.245043,18.000000
4.328125,-0.144531,1.617188,0.000000,30.722500,18.000000
4.738281,-0.298828,-0.603516,0.000000,33.449814,18.000000
4.775391,-0.300781,-0.630859,0.000000,34.082401,18.000000
4.798828,-0.152344,-0.806641,0.000000,30.530785,18.000000
4.859375,-0.154297,0.923828,0.000000,30.806265,18.000000
1.568359,-0.460938,-0.083984,-0.614669,27.041506,18.000000
1.605469,-0.472656,-0.119141,-0.614669,28.350561,18.000000
1.675781,-0.375000,-0.037109,-0.614669,26.304279,18.000000
0.041016,-0.033203,0.062500,0.000000,30.115704,18.000000
0.044922,-0.046875,0.103516,0.000000,29.036325,18.000000
0.011719,-0.039062,-0.007812,0.000000,30.674429,19.000000
0.017578,-0.080078,-0.007812,0.000000,31.936810,19.000000
0.029297,-0.119141,-0.005859,0.000000,30.157787,19.000000
0.056641,-0.154297,0.005859,0.000000,25.477747,19.000000
0.166016,-0.080078,1.253906,0.000000,23.053514,19.000000
0.050781,-0.082031,1.304688,0.000000,24.623980,19.000000
0.402344,-0.083984,-1.285156,0.000000,23.096302,19.000000
0.533203,-0.042969,-1.283203,0.000000,21.702618,19.000000
2.607422,-0.175781,1.068359,0.000000,29.074114,19.000000
2.656250,-0.179688,1.056641,0.000000,32.198463,19.000000
2.750000,-0.089844,0.931641,0.000000,31.251558,19.000000
4.306641,-0.283203,1.408203,0.000000,27.589119,19.000000
4.384766,-0.142578,1.320312,0.000000,31.383026,19.000000
4.357422,-0.144531,1.537109,0.000000,30.806265,19.000000
4.728516,-0.449219,-0.593750,0.000000,33.426201,19.000000
4.777344,-0.300781,-0.617188,0.000000,34.038067,19.000000
4.798828,-0.152344,-0.808594,0.000000,30.398106,19.000000
4.837891,-0.308594,1.001953,0.000000,30.982975,19.000000
1.501953,-0.498047,-0.199219,-0.614669,27.315887,19.000000
1.541016,-0.511719,-0.203125,-0.614669,30.145205,19.000000
1.562500,-0.523438,-0.306641,-0.614669,28.704039,19.000000
1.574219,-0.714844,0.322266,-0.614669,26.972294,19.000000
0.041016,-0.033203,0.062500,0.000000,30.119930,19.000000
0.044922,-0.046875,0.103516,0.000000,29.036325,19.000000
0.011719,-0.039062,-0.007812,0.000000,30.674429,20.000000
0.017578,-0.080078,-0.007812,0.000000,31.936810,20.000000
0.029297,-0.119141,-0.005859,0.000000,30.161974,20.000000
0.056641,-0.154297,0.005859,0.000000,25.490032,20.000000
0.425781,-0.083984,-1.277344,0.000000,23.053514,20.000000
2.621094,-0.175781,1.031250,0.000000,29.084850,20.000000
2.662109,-0.179688,1.041016,0.000000,32.234959,20.000000
2.753906,-0.089844,0.917969,0.000000,31.241781,20.000000
4.320312,-0.142578,1.390625,0.000000,27.745171,20.000000
4.384766,-0.142578,1.320312,0.000000,31.373541,20.000000
4.349609,-0.144531,1.556641,0.000000,30.809870,20.000000
4.740234,-0.298828,-0.589844,0.000000,33.300076,20.000000
4.777344,-0.300781,-0.623047,0.000000,33.911118,20.000000
4.800781,-0.152344,-0.791016,0.000000,30.257154,20.000000
4.841797,-0.154297,1.017578,0.000000,31.109262,20.000000
1.521484,-0.449219,-0.162109,-0.614669,29.014584,20.000000
1.546875,-0.511719,-0.156250,-0.614669,31.082266,20.000000
1.595703,-0.472656,-0.212891,-0.614669,30.273497,20.000000
1.648438,-0.375000,-0.308594,-0.614669,27.573959,20.000000
0.041016,-0.033203,0.062500,0.000000,30.115704,20.000000
0.044922,-0.046875,0.103516,0.000000,29.036325,20.000000
0.011719,-0.039062,-0.007812,0.000000,30.681858,21.000000
0.017578,-0.080078,-0.007812,0.000000,31.936810,21.000000
0.029297,-0.119141,-0.005859,0.000000,30.157787,21.000000
0.056641,-0.154297,0.005859,0.000000,25.477747,21.000000
0.162109,-0.080078,1.255859,0.000000,23.074961,21.000000
0.412109,-0.083984,-1.283203,0.000000,23.053514,21.000000
0.556641,-0.042969,-1.273438,0.000000,21.583626,21.000000
2.609375,-0.175781,1.060547,0.000000,29.036325,21.000000
2.654297,-0.179688,1.058594,0.000000,32.216751,21.000000
2.744141,-0.089844,0.945312,0.000000,31.179338,21.000000
4.296875,-0.142578,1.462891,0.000000,27.566360,21.000000
4.378906,-0.142578,1.341797,0.000000,31.271048,21.000000
4.335938,-0.144531,1.597656,0.000000,30.755470,21.000000
4.738281,-0.298828,-0.603516,0.000000,33.438023,21.000000
4.777344,-0.300781,-0.619141,0.000000,34.029488,21.000000
4.794922,-0.304688,-0.789062,0.000000,30.293839,21.000000
4.861328,-0.154297,0.916016,0.000000,30.962147,21.000000
1.498047,-0.314453,-0.685547,-0.614669,25.670263,21.000000
1.636719,-0.322266,-0.412109,-0.614669,27.024305,21.000000
0.041016,-0.033203,0.062500,0.000000,30.115704,21.000000
0.044922,-0.046875,0.103516,0.000000,29.030899,21.000000
0.011719,-0.039062,-0.007812,0.000000,30.670708,22.000000
0.017578,-0.080078,-0.007812,0.000000,31.934029,22.000000
0.029297,-0.119141,-0.005859,0.000000,30.153597,22.000000
0.056641,-0.154297,0.005859,0.000000,25.477747,22.000000
0.146484,-0.080078,1.257812,0.000000,23.074961,22.000000
0.048828,-0.082031,1.304688,0.000000,24.608978,22.000000
0.408203,-0.083984,-1.283203,0.000000,23.031961,22.000000
2.621094,-0.175781,1.033203,0.000000,28.998205,22.000000
2.660156,-0.179688,1.046875,0.000000,32.180099,22.000000
2.751953,-0.089844,0.921875,0.000000,31.189257,22.000000
4.326172,-0.142578,1.369141,0.000000,27.781513,22.000000
4.388672,-0.142578,1.308594,0.000000,31.401937,22.000000
4.353516,-0.144531,1.548828,0.000000,30.845762,22.000000
4.740234,-0.298828,-0.595703,0.000000,33.277676,22.000000
4.777344,-0.300781,-0.621094,0.000000,33.886341,22.000000
4.798828,-0.152344,-0.798828,0.000000,30.297895,22.000000
4.851562,-0.154297,0.966797,0.000000,30.870712,22.000000
1.453125,-0.388672,-0.390625,-0.614669,27.024305,22.000000
1.501953,-0.449219,-0.300781,-0.614669,28.709888,22.000000
1.560547,-0.408203,-0.267578,-0.614669,28.870544,22.000000
1.611328,-0.261719,-0.384766,-0.614669,27.774269,22.000000
0.041016,-0.033203,0.062500,0.000000,30.124153,22.000000
0.044922,-0.046875,0.103516,0.000000,29.041744,22.000000
0.011719,-0.039062,-0.007812,0.000000,30.681858,23.000000
0.017578,-0.080078,-0.007812,0.000000,31.936810,23.000000
0.029297,-0.119141,-0.005859,0.000000,30.157787,23.000000
0.056641,-0.154297,0.005859,0.000000,25.490032,23.000000
0.070312,-0.080078,1.263672,0.000000,23.096302,23.000000
0.423828,-0.083984,-1.279297,0.000000,23.031961,23.000000
0.533203,-0.042969,-1.283203,0.000000,21.583626,23.000000
2.619141,-0.175781,1.039062,0.000000,29.020029,23.000000
2.660156,-0.179688,1.046875,0.000000,32.180099,23.000000
2.751953,-0.089844,0.923828,0.000000,31.215599,23.000000
4.298828,-0.142578,1.457031,0.000000,27.604225,23.000000
4.386719,-0.142578,1.316406,0.000000,31.408222,23.000000
4.349609,-0.144531,1.558594,0.000000,30.831442,23.000000
4.740234,-0.298828,-0.589844,0.000000,33.176456,23.000000
4.777344,-0.300781,-0.625000,0.000000,33.838154,23.000000
4.802734,-0.152344,-0.781250,0.000000,30.334238,23.000000
4.826172,-0.154297,1.085938,0.000000,31.000257,23.000000
1.453125,-0.378906,-0.185547,-0.614669,24.281347,23.000000
1.490234,-0.437500,-0.058594,-0.614669,27.958799,23.000000
1.531250,-0.449219,0.021484,-0.614669,27.505083,23.000000
1.615234,-0.255859,0.015625,-0.614669,26.053051,23.000000
1.632812,-0.208984,-0.318359,-0.614669,27.134905,23.000000
0.041016,-0.033203,0.062500,0.000000,30.115704,23.000000
0.044922,-0.046875,0.103516,0.000000,29.030899,23.000000
1.439453,-0.787109,0.347656,-0.614669,24.393328,23.000000
0.011719,-0.039062,-0.007812,0.000000,30.670708,24.000000
0.017578,-0.080078,-0.007812,0.000000,31.936810,24.000000
0.029297,-0.119141,-0.005859,0.000000,30.157787,24.000000
0.056641,-0.154297,0.005859,0.000000,25.477747,24.000000
0.140625,-0.080078,1.257812,0.000000,23.117538,24.000000
0.427734,-0.083984,-1.277344,0.000000,23.096302,24.000000
0.531250,-0.042969,-1.285156,0.000000,21.613680,24.000000
2.613281,-0.175781,1.052734,0.000000,29.014584,24.000000
2.660156,-0.179688,1.044922,0.000000,32.198463,24.000000
2.753906,-0.089844,0.917969,0.000000,31.176027,24.000000
4.324219,-0.142578,1.376953,0.000000,27.759743,24.000000
4.396484,-0.142578,1.283203,0.000000,31.367207,24.000000
4.353516,-0.144531,1.546875,0.000000,30.755470,24.000000
4.738281,-0.298828,-0.603516,0.000000,33.420277,24.000000
4.777344,-0.300781,-0.613281,0.000000,34.082401,24.000000
4.810547,-0.152344,-0.736328,0.000000,30.515385,24.000000
4.847656,-0.154297,0.990234,0.000000,30.895519,24.000000
1.410156,-0.414062,-0.085938,-0.614669,23.424227,24.000000
1.451172,-0.425781,-0.035156,-0.614669,30.157787,24.000000
1.492188,-0.437500,-0.017578,-0.614669,32.911469,24.000000
1.531250,-0.449219,-0.019531,-0.614669,32.526104,24.000000
1.582031,-0.408203,-0.070312,-0.614669,30.253059,24.000000
1.646484,-0.314453,-0.019531,-0.614669,28.767950,24.000000
0.041016,-0.033203,0.062500,0.000000,30.119930,24.000000
0.044922,-0.046875,0.103516,0.000000,29.030899,24.000000
0.011719,-0.039062,-0.007812,0.000000,30.674429,25.000000
0.017578,-0.080078,-0.007812,0.000000,31.936810,25.000000
0.029297,-0.119141,-0.005859,0.000000,30.157787,25.000000
0.056641,-0.154297,0.005859,0.000000,25.490032,25.000000
0.128906,-0.080078,1.259766,0.000000,23.117538,25.000000
0.097656,-0.082031,1.302734,0.000000,24.653828,25.000000
0.380859,-0.083984,-1.292969,0.000000,23.117538,25.000000
2.623047,-0.175781,1.029297,0.000000,29.079485,25.000000
2.662109,-0.179688,1.039062,0.000000,32.229763,25.000000
2.753906,-0.089844,0.916016,0.000000,31.176027,25.000000
4.326172,-0.142578,1.373047,0.000000,27.566360,25.000000
4.396484,-0.142578,1.279297,0.000000,31.215599,25.000000
4.357422,-0.144531,1.533203,0.000000,30.666985,25.000000
4.738281,-0.298828,-0.607422,0.000000,33.749317,25.000000
4.777344,-0.300781,-0.619141,0.000000,34.366398,25.000000
4.806641,-0.152344,-0.759766,0.000000,30.685570,25.000000
4.855469,-0.154297,0.949219,0.000000,30.891983,25.000000
1.457031,-0.378906,-0.164062,-0.614669,25.352942,25.000000
1.490234,-0.437500,-0.074219,-0.614669,26.159500,25.000000
1.611328,-0.255859,-0.113281,-0.614669,27.846172,25.000000
1.656250,-0.261719,0.003906,-0.614669,26.803354,25.000000
0.041016,-0.033203,0.062500,0.000000,30.119930,25.000000
0.044922,-0.046875,0.103516,0.000000,29.036325,25.000000
0.484375,-0.818359,-1.332031,-0.614669,25.224442,25.000000
1.066406,-0.787109,-1.027344,-0.614669,26.464037,25.000000
0.011719,-0.039062,-0.007812,0.000000,30.674429,26.000000
0.017578,-0.080078,-0.007812,0.000000,31.939590,26.000000
0.029297,-0.119141,-0.005859,0.000000,30.161974,26.000000
0.056641,-0.154297,0.005859,0.000000,25.490032,26.000000
0.166016,-0.080078,1.253906,0.000000,23.117538,26.000000
0.337891,-0.083984,-1.304688,0.000000,22.922562,26.000000
2.607422,-0.175781,1.066406,0.000000,28.981766,26.000000
2.658203,-0.179688,1.050781,0.000000,32.169571,26.000000
2.751953,-0.089844,0.921875,0.000000,31.209028,26.000000
4.298828,-0.142578,1.457031,0.000000,27.505083,26.000000
4.386719,-0.142578,1.314453,0.000000,31.267805,26.000000
4.347656,-0.144531,1.560547,0.000000,30.759117,26.000000
4.726562,-0.449219,-0.599609,0.000000,33.803921,26.000000
4.777344,-0.300781,-0.619141,0.000000,34.347286,26.000000
4.798828,-0.152344,-0.798828,0.000000,30.711452,26.000000
4.845703,-0.154297,0.996094,0.000000,30.920185,26.000000
1.394531,-0.460938,-0.111328,-0.614669,28.247765,26.000000
1.449219,-0.425781,-0.095703,-0.614669,31.640553,26.000000
1.490234,-0.437500,-0.076172,-0.614669,31.306553,26.000000
1.494141,-0.548828,-0.107422,-0.614669,26.665180,26.000000
1.599609,-0.205078,-0.277344,-0.614669,28.034571,26.000000
0.041016,-0.033203,0.062500,0.000000,30.115704,26.000000
0.046875,-0.046875,0.103516,0.000000,29.036325,26.000000
1.412109,-0.099609,0.734375,-0.614669,25.145477,26.000000
1.035156,-0.818359,0.968750,-0.614669,25.820633,26.000000
0.011719,-0.039062,-0.007812,0.000000,30.674429,27.000000
0.017578,-0.080078,-0.007812,0.000000,31.936810,27.000000
0.029297,-0.119141,-0.005859,0.000000,30.161974,27.000000
0.056641,-0.154297,0.005859,0.000000,25.502283,27.000000
0.076172,-0.080078,1.263672,0.000000,23.138672,27.000000
0.357422,-0.083984,-1.298828,0.000000,22.966652,27.000000
2.611328,-0.175781,1.056641,0.000000,29.138138,27.000000
2.656250,-0.179688,1.052734,0.000000,32.242741,27.000000
2.750000,-0.089844,0.927734,0.000000,31.258064,27.000000
4.287109,-0.142578,1.486328,0.000000,27.573959,27.000000
4.378906,-0.142578,1.335938,0.000000,31.351326,27.000000
4.339844,-0.144531,1.587891,0.000000,30.870712,27.000000
4.726562,-0.449219,-0.597656,0.000000,33.571724,27.000000
4.777344,-0.300781,-0.623047,0.000000,34.143047,27.000000
4.794922,-0.152344,-0.820312,0.000000,30.362295,27.000000
4.845703,-0.154297,0.996094,0.000000,31.024338,27.000000
1.330078,-0.505859,0.378906,-0.614669,26.127838,27.000000
1.335938,-0.568359,0.427734,-0.614669,26.848454,27.000000
1.388672,-0.535156,0.451172,-0.614669,24.668676,27.000000
1.566406,-0.298828,-0.048828,-0.614669,27.234556,27.000000
0.041016,-0.033203,0.062500,0.000000,30.111473,27.000000
0.044922,-0.046875,0.103516,0.000000,29.030899,27.000000
1.515625,-0.146484,-0.316406,-0.614669,24.409090,27.000000
0.257812,-0.847656,-1.888672,-0.614669,25.224442,27.000000
0.011719,-0.039062,-0.007812,0.000000,30.666985,28.000000
0.017578,-0.080078,-0.007812,0.000000,31.934029,28.000000
0.029297,-0.119141,-0.005859,0.000000,30.157787,28.000000
0.056641,-0.154297,0.005859,0.000000,25.490032,28.000000
0.123047,-0.080078,1.259766,0.000000,23.117538,28.000000
0.091797,-0.082031,1.302734,0.000000,24.608978,28.000000
0.308594,-0.083984,-1.310547,0.000000,22.944662,28.000000
2.615234,-0.175781,1.046875,0.000000,29.036325,28.000000
2.660156,-0.179688,1.042969,0.000000,32.219357,28.000000
2.755859,-0.089844,0.914062,0.000000,31.212315,28.000000
4.312500,-0.142578,1.412109,0.000000,27.678976,28.000000
4.396484,-0.142578,1.279297,0.000000,31.341770,28.000000
4.359375,-0.144531,1.531250,0.000000,30.827854,28.000000
4.726562,-0.449219,-0.601562,0.000000,33.332458,28.000000
4.777344,-0.300781,-0.619141,0.000000,33.918171,28.000000
4.802734,-0.152344,-0.777344,0.000000,30.119930,28.000000
4.843750,-0.154297,1.005859,0.000000,31.085649,28.000000
1.357422,-0.447266,0.093750,-0.614669,24.653828,28.000000
1.396484,-0.460938,0.076172,-0.614669,28.061800,28.000000
1.421875,-0.519531,-0.021484,-0.614669,27.715876,28.000000
0.041016,-0.033203,0.062500,0.000000,30.115704,28.000000
0.046875,-0.046875,0.103516,0.000000,29.036325,28.000000
0.011719,-0.039062,-0.007812,0.000000,30.666985,29.000000
0.017578,-0.080078,-0.007812,0.000000,31.936810,29.000000
0.029297,-0.119141,-0.005859,0.000000,30.161974,29.000000
0.056641,-0.154297,0.005859,0.000000,25.490032,29.000000
0.128906,-0.080078,1.259766,0.000000,23.117538,29.000000
0.386719,-0.083984,-1.291016,0.000000,22.718416,29.000000
2.619141,-0.175781,1.037109,0.000000,29.025467,29.000000
2.658203,-0.179688,1.048828,0.000000,32.219357,29.000000
2.751953,-0.089844,0.923828,0.000000,31.238516,29.000000
4.324219,-0.142578,1.380859,0.000000,27.759743,29.000000
4.400391,-0.142578,1.263672,0.000000,31.319393,29.000000
4.355469,-0.144531,1.542969,0.000000,30.718821,29.000000
4.740234,-0.298828,-0.585938,0.000000,33.207691,29.000000
4.779297,-0.300781,-0.607422,0.000000,33.812958,29.000000
4.806641,-0.152344,-0.759766,0.000000,30.047512,29.000000
4.843750,-0.154297,1.003906,0.000000,31.014034,29.000000
1.304688,-0.478516,0.074219,-0.614669,23.926970,29.000000
1.357422,-0.447266,0.072266,-0.614669,28.836615,29.000000
1.412109,-0.414062,0.064453,-0.614669,30.464952,29.000000
1.437500,-0.472656,0.048828,-0.614669,29.057959,29.000000
0.041016,-0.033203,0.062500,0.000000,30.119930,29.000000
0.044922,-0.046875,0.103516,0.000000,29.030899,29.000000
0.011719,-0.039062,-0.007812,0.000000,30.678144,30.000000
0.017578,-0.080078,-0.007812,0.000000,31.936810,30.000000
0.029297,-0.119141,-0.005859,0.000000,30.161974,30.000000
0.056641,-0.154297,0.005859,0.000000,25.477747,30.000000
0.074219,-0.080078,1.263672,0.000000,23.096302,30.000000
0.279297,-0.126953,-1.314453,0.000000,23.443922,30.000000
2.599609,-0.175781,1.087891,0.000000,29.057959,30.000000
2.646484,-0.179688,1.080078,0.000000,32.187981,30.000000
2.738281,-0.089844,0.966797,0.000000,31.176027,30.000000
4.318359,-0.142578,1.398438,0.000000,27.678976,30.000000
4.406250,-0.142578,1.248047,0.000000,31.328999,30.000000
4.373047,-0.144531,1.490234,0.000000,30.726175,30.000000
4.726562,-0.449219,-0.603516,0.000000,33.098431,30.000000
4.775391,-0.300781,-0.632812,0.000000,33.701427,30.000000
4.796875,-0.152344,-0.814453,0.000000,29.969492,30.000000
4.857422,-0.154297,0.935547,0.000000,31.065308,30.000000
1.308594,-0.435547,-0.185547,-0.614669,25.118834,30.000000
1.322266,-0.537109,-0.111328,-0.614669,26.444386,30.000000
1.371094,-0.505859,-0.179688,-0.614669,27.058638,30.000000
1.412109,-0.425781,-0.337891,-0.614669,26.646420,30.000000
0.041016,-0.033203,0.062500,0.000000,30.115704,30.000000
0.044922,-0.046875,0.103516,0.000000,29.036325,30.000000
0.011719,-0.039062,-0.007812,0.000000,30.678144,31.000000
0.017578,-0.080078,-0.007812,0.000000,31.939590,31.000000
0.029297,-0.119141,-0.005859,0.000000,30.157787,31.000000
0.056641,-0.154297,0.005859,0.000000,25.477747,31.000000
0.099609,-0.080078,1.261719,0.000000,23.074961,31.000000
0.150391,-0.082031,-1.296875,0.000000,24.653828,31.000000
0.591797,-0.083984,-1.208984,0.000000,23.579348,31.000000
2.613281,-0.175781,1.050781,0.000000,29.036325,31.000000
2.660156,-0.179688,1.044922,0.000000,32.151085,31.000000
2.753906,-0.089844,0.919922,0.000000,31.129400,31.000000
4.324219,-0.142578,1.376953,0.000000,27.589119,31.000000
4.406250,-0.142578,1.248047,0.000000,31.248301,31.000000
4.371094,-0.144531,1.498047,0.000000,30.666985,31.000000
4.726562,-0.449219,-0.603516,0.000000,33.134453,31.000000
4.775391,-0.300781,-0.636719,0.000000,33.758465,31.000000
4.798828,-0.152344,-0.802734,0.000000,30.124153,31.000000
4.865234,-0.308594,0.857422,0.000000,31.044870,31.000000
1.332031,-0.390625,-0.070312,-0.614669,28.543060,31.000000
1.373047,-0.402344,-0.021484,-0.614669,30.606977,31.000000
1.414062,-0.414062,-0.009766,-0.614669,29.698816,31.000000
1.464844,-0.378906,0.013672,-0.614669,26.893089,31.000000
0.041016,-0.033203,0.062500,0.000000,30.124153,31.000000
0.044922,-0.046875,0.103516,0.000000,29.041744,31.000000
0.011719,-0.039062,-0.007812,0.000000,30.678144,32.000000
0.017578,-0.080078,-0.007812,0.000000,31.936810,32.000000
0.029297,-0.119141,-0.005859,0.000000,30.157787,32.000000
0.056641,-0.154297,0.005859,0.000000,25.490032,32.000000
0.207031,-0.080078,1.248047,0.000000,23.096302,32.000000
0.349609,-0.082031,1.257812,0.000000,24.638929,32.000000
0.808594,-0.210938,1.060547,0.000000,24.548449,32.000000
2.611328,-0.175781,1.058594,0.000000,28.998205,32.000000
2.660156,-0.179688,1.042969,0.000000,32.258259,32.000000
2.759766,-0.089844,0.900391,0.000000,31.287222,32.000000
4.333984,-0.142578,1.345703,0.000000,27.604225,32.000000
4.410156,-0.142578,1.232422,0.000000,31.212315,32.000000
4.373047,-0.144531,1.490234,0.000000,30.729847,32.000000
4.740234,-0.298828,-0.591797,0.000000,33.269501,32.000000
4.779297,-0.300781,-0.603516,0.000000,33.900517,32.000000
4.796875,-0.304688,-0.765625,0.000000,30.257154,32.000000
4.861328,-0.308594,0.878906,0.000000,31.146111,32.000000
0.779297,-0.390625,1.083984,-0.614669,27.151674,32.000000
1.203125,-0.224609,0.744141,-0.614669,24.014006,32.000000
0.041016,-0.033203,0.062500,0.000000,30.115704,32.000000
0.044922,-0.046875,0.103516,0.000000,29.036325,32.000000
0.822266,-0.294922,1.029297,0.000000,24.548449,32.000000
0.011719,-0.039062,-0.007812,0.000000,30.674429,33.000000
0.017578,-0.080078,-0.007812,0.000000,31.936810,33.000000
0.029297,-0.119141,-0.005859,0.000000,30.157787,33.000000
0.056641,-0.154297,0.005859,0.000000,25.477747,33.000000
0.208984,-0.080078,1.248047,0.000000,23.010300,33.000000
0.263672,-0.082031,-1.279297,0.000000,24.638929,33.000000
2.613281,-0.175781,1.050781,0.000000,29.074114,33.000000
2.656250,-0.179688,1.054688,0.000000,32.250507,33.000000
2.750000,-0.089844,0.927734,0.000000,31.264561,33.000000
4.308594,-0.142578,1.427734,0.000000,27.596678,33.000000
4.402344,-0.142578,1.263672,0.000000,31.300119,33.000000
4.378906,-0.144531,1.472656,0.000000,30.842186,33.000000
4.740234,-0.298828,-0.591797,0.000000,33.308193,33.000000
4.779297,-0.300781,-0.609375,0.000000,33.958504,33.000000
4.798828,-0.304688,-0.757812,0.000000,30.334238,33.000000
4.847656,-0.154297,0.984375,0.000000,31.099159,33.000000
1.287109,-0.378906,-0.150391,-0.614669,28.088860,33.000000
1.330078,-0.390625,-0.117188,-0.614669,29.400181,33.000000
1.371094,-0.402344,-0.089844,-0.614669,27.379873,33.000000
1.435547,-0.322266,0.070312,-0.614669,23.636120,33.000000
0.041016,-0.033203,0.062500,0.000000,30.119930,33.000000
0.044922,-0.046875,0.103516,0.000000,29.041744,33.000000
4.816406,-0.000000,-0.701172,0.000000,30.281645,33.000000
0.011719,-0.039062,-0.007812,0.000000,30.674429,34.000000
0.017578,-0.080078,-0.007812,0.000000,31.936810,34.000000
0.029297,-0.119141,-0.005859,0.000000,30.157787,34.000000
0.056641,-0.154297,0.005859,0.000000,25.490032,34.000000
2.625000,-0.175781,1.023438,0.000000,29.057959,34.000000
2.666016,-0.179688,1.027344,0.000000,32.224564,34.000000
2.763672,-0.089844,0.890625,0.000000,31.218880,34.000000
4.398438,-0.142578,1.275391,0.000000,31.274288,34.000000
4.376953,-0.144531,1.478516,0.000000,30.795429,34.000000
4.742188,-0.298828,-0.576172,0.000000,33.188976,34.000000
4.779297,-0.300781,-0.599609,0.000000,33.823772,34.000000
4.808594,-0.152344,-0.736328,0.000000,30.145205,34.000000
4.853516,-0.154297,0.962891,0.000000,30.849337,34.000000
1.183594,-0.357422,-0.281250,-0.614669,25.092026,34.000000
1.234375,-0.408203,-0.150391,-0.614669,30.081741,34.000000
1.273438,-0.421875,-0.146484,-0.614669,31.109262,34.000000
1.324219,-0.347656,-0.246094,-0.614669,28.394781,34.000000
1.224609,-0.671875,0.312500,-0.614669,23.873898,34.000000
1.289062,-0.644531,0.302734,-0.614669,26.283890,34.000000
1.333984,-0.662109,0.269531,-0.614669,26.190933,34.000000
0.041016,-0.033203,0.062500,0.000000,30.115704,34.000000
0.044922,-0.046875,0.103516,0.000000,29.030899,34.000000
1.208984,-0.224609,-0.734375,-0.614669,22.329962,34.000000
1.349609,-0.138672,-0.572266,-0.614669,24.899586,34.000000
1.396484,-0.093750,-0.576172,-0.614669,25.185139,34.000000
0.011719,-0.039062,-0.007812,0.000000,30.670708,35.000000
0.017578,-0.080078,-0.007812,0.000000,31.934029,35.000000
0.029297,-0.119141,-0.005859,0.000000,30.157787,35.000000
0.056641,-0.154297,0.005859,0.000000,25.490032,35.000000
2.613281,-0.175781,1.052734,0.000000,29.041744,35.000000
2.654297,-0.179688,1.056641,0.000000,32.237553,35.000000
2.750000,-0.089844,0.927734,0.000000,31.312979,35.000000
4.316406,-0.142578,1.400391,0.000000,27.450748,35.000000
4.412109,-0.142578,1.226562,0.000000,31.312979,35.000000
4.392578,-0.144531,1.431641,0.000000,30.813473,35.000000
4.740234,-0.298828,-0.589844,0.000000,33.178543,35.000000
4.777344,-0.300781,-0.626953,0.000000,33.721752,35.000000
4.804688,-0.152344,-0.773438,0.000000,29.768084,35.000000
4.851562,-0.154297,0.970703,0.000000,31.041456,35.000000
1.277344,-0.582031,-0.281250,-1.229337,23.324385,35.000000
1.164062,-0.345703,-0.173828,-0.614669,24.502491,35.000000
1.212891,-0.357422,-0.105469,-0.614669,30.780941,35.000000
1.255859,-0.367188,-0.054688,-0.614669,33.089909,35.000000
1.294922,-0.378906,0.005859,-0.614669,31.812717,35.000000
1.330078,-0.390625,0.105469,-0.614669,25.965971,35.000000
1.402344,-0.275391,-0.359375,-0.614669,27.558748,35.000000
1.443359,-0.283203,-0.355469,-0.614669,27.979597,35.000000
0.041016,-0.033203,0.062500,0.000000,30.119930,35.000000
0.044922,-0.046875,0.103516,0.000000,29.036325,35.000000
0.011719,-0.039062,-0.007812,0.000000,30.678144,36.000000
0.017578,-0.080078,-0.007812,0.000000,31.939590,36.000000
0.029297,-0.119141,-0.005859,0.000000,30.161974,36.000000
0.056641,-0.154297,0.005859,0.000000,25.477747,36.000000
2.617188,-0.175781,1.044922,0.000000,28.970770,36.000000
2.652344,-0.179688,1.064453,0.000000,32.097832,36.000000
2.732422,-0.089844,0.978516,0.000000,31.058506,36.000000
4.417969,-0.142578,1.207031,0.000000,31.139433,36.000000
4.404297,-0.144531,1.394531,0.000000,30.644581,36.000000
4.744141,-0.298828,-0.564453,0.000000,33.232521,36.000000
4.781250,-0.300781,-0.589844,0.000000,33.780342,36.000000
4.816406,-0.000000,-0.701172,0.000000,29.872192,36.000000
4.861328,-0.154297,0.919922,0.000000,31.017471,36.000000
1.109375,-0.306641,-0.425781,-0.614669,24.216040,36.000000
1.087891,-0.277344,-0.589844,-0.614669,27.331972,36.000000
1.115234,-0.287109,-0.623047,-0.614669,28.331470,36.000000
1.136719,-0.337891,-0.644531,-0.614669,27.363964,36.000000
1.302734,-0.304688,-0.378906,-0.614669,25.237465,36.000000
1.396484,-0.312500,-0.054688,-0.614669,25.502283,36.000000
1.445312,-0.275391,-0.044922,-0.614669,25.954962,36.000000
0.041016,-0.033203,0.062500,0.000000,30.119930,36.000000
0.044922,-0.046875,0.103516,0.000000,29.036325,36.000000
4.798828,-0.304688,-0.755859,0.000000,29.872192,36.000000
0.011719,-0.039062,-0.007812,0.000000,30.674429,37.000000
0.017578,-0.080078,-0.007812,0.000000,31.936810,37.000000
0.029297,-0.119141,-0.005859,0.000000,30.161974,37.000000
0.056641,-0.154297,0.007812,0.000000,25.490032,37.000000
1.158203,-0.087891,-0.765625,0.000000,24.608978,37.000000
1.242188,-0.179688,-0.689453,0.000000,25.198280,37.000000
1.378906,-0.230469,-0.464844,0.000000,26.803354,37.000000
1.441406,-0.142578,-0.441406,0.000000,26.009729,37.000000
2.625000,-0.175781,1.023438,0.000000,29.106243,37.000000
2.669922,-0.179688,1.021484,0.000000,32.329960,37.000000
2.769531,-0.089844,0.867188,0.000000,31.373541,37.000000
4.326172,-0.142578,1.371094,0.000000,27.355989,37.000000
4.414062,-0.142578,1.216797,0.000000,31.261314,37.000000
4.396484,-0.144531,1.421875,0.000000,30.773680,37.000000
4.742188,-0.298828,-0.572266,0.000000,33.098431,37.000000
4.779297,-0.300781,-0.611328,0.000000,33.639877,37.000000
4.802734,-0.152344,-0.775391,0.000000,29.740509,37.000000
4.837891,-0.154297,1.037109,0.000000,31.072100,37.000000
1.119141,-0.296875,-0.259766,-0.614669,22.068258,37.000000
1.158203,-0.382812,-0.126953,-0.614669,28.109043,37.000000
1.193359,-0.396484,0.164062,-0.614669,30.021660,37.000000
1.222656,-0.408203,0.222656,-0.614669,29.542425,37.000000
1.265625,-0.464844,0.074219,-0.614669,27.788744,37.000000
0.041016,-0.033203,0.062500,0.000000,30.119930,37.000000
0.044922,-0.046875,0.103516,0.000000,29.036325,37.000000
0.011719,-0.039062,-0.007812,0.000000,30.670708,38.000000
0.017578,-0.080078,-0.007812,0.000000,31.936810,38.000000
0.029297,-0.119141,-0.005859,0.000000,30.161974,38.000000
0.056641,-0.154297,0.005859,0.000000,25.490032,38.000000
0.570312,-0.000000,-1.177734,0.000000,23.404442,38.000000
0.318359,-0.083984,-1.308594,0.000000,23.541084,38.000000
1.132812,-0.130859,-0.796875,0.000000,25.132175,38.000000
1.343750,-0.134766,-0.476562,0.000000,26.263403,38.000000
2.607422,-0.175781,1.068359,0.000000,29.079485,38.000000
2.644531,-0.179688,1.083984,0.000000,32.135178,38.000000
2.726562,-0.089844,0.998047,0.000000,31.126051,38.000000
4.324219,-0.283203,1.355469,0.000000,27.403627,38.000000
4.417969,-0.142578,1.201172,0.000000,31.306553,38.000000
4.404297,-0.144531,1.398438,0.000000,30.770042,38.000000
4.730469,-0.449219,-0.576172,0.000000,33.089909,38.000000
4.781250,-0.300781,-0.587891,0.000000,33.647385,38.000000
4.810547,-0.152344,-0.724609,0.000000,29.822712,38.000000
4.835938,-0.154297,1.039062,0.000000,30.948204,38.000000
1.117188,-0.333984,-0.216797,-0.614669,26.693169,38.000000
1.134766,-0.345703,-0.316406,-0.614669,29.380192,38.000000
1.148438,-0.357422,-0.402344,-0.614669,27.730547,38.000000
0.041016,-0.033203,0.062500,0.000000,30.124153,38.000000
0.044922,-0.046875,0.103516,0.000000,29.036325,38.000000
1.208984,-0.408203,0.291016,0.000000,21.789770,38.000000
0.011719,-0.039062,-0.007812,0.000000,30.670708,39.000000
0.017578,-0.080078,-0.007812,0.000000,31.936810,39.000000
0.029297,-0.119141,-0.005859,0.000000,30.161974,39.000000
0.056641,-0.154297,0.005859,0.000000,25.490032,39.000000
2.623047,-0.175781,1.025391,0.000000,29.052561,39.000000
2.666016,-0.179688,1.029297,0.000000,32.221962,39.000000
2.757812,-0.089844,0.906250,0.000000,31.225435,39.000000
4.419922,-0.142578,1.197266,0.000000,31.245043,39.000000
4.396484,-0.144531,1.419922,0.000000,30.751818,39.000000
4.744141,-0.298828,-0.564453,0.000000,33.236645,39.000000
4.781250,-0.300781,-0.593750,0.000000,33.802113,39.000000
4.808594,-0.152344,-0.736328,0.000000,30.021660,39.000000
4.859375,-0.154297,0.931641,0.000000,30.958664,39.000000
1.220703,-0.564453,-0.353516,-1.229337,24.785666,39.000000
1.070312,-0.394531,0.101562,-0.614669,21.583626,39.000000
1.101562,-0.408203,-0.160156,-0.614669,27.101173,39.000000
1.093750,-0.345703,-0.437500,-0.614669,28.102325,39.000000
1.222656,-0.316406,-0.119141,-0.614669,29.227255,39.000000
1.244141,-0.408203,0.011719,-0.614669,29.763500,39.000000
1.263672,-0.464844,-0.093750,-0.614669,28.068581,39.000000
0.041016,-0.033203,0.062500,0.000000,30.119930,39.000000
0.046875,-0.046875,0.103516,0.000000,29.030899,39.000000
0.011719,-0.039062,-0.007812,0.000000,30.678144,40.000000
0.017578,-0.080078,-0.007812,0.000000,31.936810,40.000000
0.029297,-0.119141,-0.005859,0.000000,30.157787,40.000000
0.056641,-0.154297,0.007812,0.000000,25.477747,40.000000
2.628906,-0.175781,1.009766,0.000000,29.111576,40.000000
2.662109,-0.179688,1.041016,0.000000,32.289135,40.000000
2.750000,-0.089844,0.929688,0.000000,31.319393,40.000000
4.349609,-0.142578,1.292969,0.000000,27.450748,40.000000
4.425781,-0.142578,1.171875,0.000000,31.309767,40.000000
4.416016,-0.144531,1.361328,0.000000,30.842186,40.000000
4.740234,-0.298828,-0.587891,0.000000,33.287872,40.000000
4.779297,-0.300781,-0.601562,0.000000,33.896976,40.000000
4.812500,-0.152344,-0.716797,0.000000,30.182842,40.000000
4.826172,-0.154297,1.087891,0.000000,30.962147,40.000000
1.082031,-0.357422,-0.121094,-0.614669,26.901960,40.000000
1.123047,-0.371094,-0.101562,-0.614669,31.442627,40.000000
1.164062,-0.382812,-0.076172,-0.614669,32.960068,40.000000
1.203125,-0.396484,-0.037109,-0.614669,31.755117,40.000000
1.255859,-0.367188,0.054688,-0.614669,28.280151,40.000000
1.316406,-0.294922,-0.046875,-0.614669,25.403296,40.000000
0.041016,-0.033203,0.062500,0.000000,30.119930,40.000000
0.044922,-0.046875,0.103516,0.000000,29.036325,40.000000
0.011719,-0.039062,-0.007812,0.000000,30.670708,41.000000
0.017578,-0.080078,-0.007812,0.000000,31.936810,41.000000
0.029297,-0.119141,-0.005859,0.000000,30.157787,41.000000
0.056641,-0.154297,0.005859,0.000000,25.490032,41.000000
2.613281,-0.175781,1.054688,0.000000,28.926510,41.000000
2.648438,-0.179688,1.074219,0.000000,32.033051,41.000000
2.730469,-0.089844,0.986328,0.000000,30.996807,41.000000
4.355469,-0.283203,1.253906,0.000000,27.543484,41.000000
4.433594,-0.142578,1.146484,0.000000,31.312979,41.000000
4.414062,-0.144531,1.365234,0.000000,30.770042,41.000000
4.740234,-0.298828,-0.587891,0.000000,33.134453,41.000000
4.779297,-0.300781,-0.607422,0.000000,33.695869,41.000000
4.810547,-0.152344,-0.732422,0.000000,29.916691,41.000000
4.855469,-0.154297,0.947266,0.000000,30.827854,41.000000
1.033203,-0.275391,-0.279297,-0.614669,23.324385,41.000000
1.066406,-0.322266,-0.265625,-0.614669,29.047155,41.000000
1.119141,-0.333984,-0.210938,-0.614669,30.737183,41.000000
1.175781,-0.345703,-0.066406,-0.614669,30.004341,41.000000
1.142578,-0.515625,-0.187500,-0.614669,28.802418,41.000000
1.167969,-0.531250,-0.257812,-0.614669,26.848454,41.000000
0.041016,-0.033203,0.062500,0.000000,30.115704,41.000000
0.044922,-0.046875,0.103516,0.000000,29.030899,41.000000
0.011719,-0.039062,-0.007812,0.000000,30.681858,42.000000
0.017578,-0.080078,-0.007812,0.000000,31.942368,42.000000
0.029297,-0.119141,-0.005859,0.000000,30.166155,42.000000
0.056641,-0.154297,0.005859,0.000000,25.502283,42.000000
0.462891,-0.041016,-1.222656,0.000000,24.099331,42.000000
1.367188,-0.173828,-0.185547,0.000000,27.937904,42.000000
1.404297,-0.179688,-0.216797,0.000000,30.644581,42.000000
1.447266,-0.183594,-0.205078,0.000000,29.827234,42.000000
2.617188,-0.175781,1.042969,0.000000,29.063351,42.000000
2.662109,-0.179688,1.039062,0.000000,32.271152,42.000000
2.755859,-0.089844,0.912109,0.000000,31.258064,42.000000
4.343750,-0.283203,1.292969,0.000000,27.619278,42.000000
4.427734,-0.142578,1.166016,0.000000,31.427023,42.000000
4.416016,-0.144531,1.357422,0.000000,30.856472,42.000000
4.740234,-0.298828,-0.591797,0.000000,32.995071,42.000000
4.789062,-0.150391,-0.587891,0.000000,33.573631,42.000000
4.808594,-0.152344,-0.742188,0.000000,29.726656,42.000000
4.845703,-0.154297,0.998047,0.000000,30.937717,42.000000
1.052734,-0.310547,-0.117188,-0.614669,26.589649,42.000000
1.085938,-0.357422,-0.058594,-0.614669,31.640553,42.000000
1.126953,-0.371094,-0.035156,-0.614669,33.234585,42.000000
1.164062,-0.382812,-0.054688,-0.614669,31.574568,42.000000
1.169922,-0.316406,-0.373047,-0.614669,26.222139,42.000000
0.041016,-0.033203,0.062500,0.000000,30.119930,42.000000
0.044922,-0.046875,0.103516,0.000000,29.036325,42.000000
0.011719,-0.039062,-0.007812,0.000000,30.674429,43.000000
0.017578,-0.080078,-0.007812,0.000000,31.936810,43.000000
0.029297,-0.119141,-0.005859,0.000000,30.161974,43.000000
0.056641,-0.154297,0.007812,0.000000,25.490032,43.000000
0.298828,-0.041016,1.273438,0.000000,24.487062,43.000000
1.371094,-0.216797,-0.080078,0.000000,25.705429,43.000000
1.404297,-0.224609,-0.166016,0.000000,29.278833,43.000000
1.443359,-0.183594,-0.230469,0.000000,28.819550,43.000000
2.623047,-0.175781,1.027344,0.000000,29.122221,43.000000
2.662109,-0.179688,1.039062,0.000000,32.291698,43.000000
2.753906,-0.089844,0.917969,0.000000,31.274288,43.000000
4.421875,-0.142578,1.191406,0.000000,31.199154,43.000000
4.394531,-0.144531,1.425781,0.000000,30.655798,43.000000
4.740234,-0.298828,-0.585938,0.000000,33.031960,43.000000
4.779297,-0.300781,-0.603516,0.000000,33.569813,43.000000
4.808594,-0.152344,-0.736328,0.000000,29.680157,43.000000
4.847656,-0.154297,0.988281,0.000000,30.715137,43.000000
1.003906,-0.265625,-0.228516,-0.614669,20.170334,43.000000
1.035156,-0.275391,-0.267578,-0.614669,28.375885,43.000000
1.046875,-0.287109,-0.363281,-0.614669,31.300119,43.000000
1.041016,-0.296875,-0.486328,-0.614669,30.530785,43.000000
1.187500,-0.306641,-0.056641,-0.614669,27.411516,43.000000
1.214844,-0.357422,0.066406,-0.614669,23.443922,43.000000
0.041016,-0.033203,0.062500,0.000000,30.119930,43.000000
0.044922,-0.046875,0.103516,0.000000,29.036325,43.000000
0.218750,0.080078,-1.246094,-0.614669,21.205740,43.000000
0.011719,-0.039062,-0.007812,0.000000,30.674429,44.000000
0.017578,-0.080078,-0.007812,0.000000,31.934029,44.000000
0.029297,-0.119141,-0.005859,0.000000,30.153597,44.000000
0.056641,-0.154297,0.005859,0.000000,25.465427,44.000000
1.054688,-0.306641,0.548828,0.000000,25.198280,44.000000
0.382812,-0.082031,-1.250000,0.000000,25.428255,44.000000
2.652344,-0.087891,0.958984,0.000000,28.796692,44.000000
2.675781,-0.089844,1.013672,0.000000,31.934029,44.000000
2.740234,-0.000000,0.960938,0.000000,30.944712,44.000000
4.355469,-0.142578,1.279297,0.000000,27.678976,44.000000
4.431641,-0.142578,1.156250,0.000000,31.405081,44.000000
4.425781,-0.144531,1.328125,0.000000,30.923697,44.000000
4.738281,-0.298828,-0.611328,0.000000,33.036282,44.000000
4.775391,-0.300781,-0.642578,0.000000,33.619167,44.000000
4.802734,-0.152344,-0.777344,0.000000,29.795485,44.000000
4.855469,-0.154297,0.943359,0.000000,31.010593,44.000000
1.000000,-0.298828,-0.205078,-0.614669,25.682016,44.000000
1.041016,-0.310547,-0.193359,-0.614669,31.492191,44.000000
1.080078,-0.322266,-0.207031,-0.614669,32.933624,44.000000
1.089844,-0.296875,-0.363281,-0.614669,29.566486,44.000000
1.205078,-0.316406,0.236328,-0.614669,25.132175,44.000000
0.041016,-0.033203,0.062500,0.000000,30.119930,44.000000
0.044922,-0.046875,0.103516,0.000000,29.036325,44.000000
0.011719,-0.039062,-0.007812,0.000000,30.674429,45.000000
0.017578,-0.080078,-0.007812,0.000000,31.936810,45.000000
0.029297,-0.119141,-0.005859,0.000000,30.157787,45.000000
0.056641,-0.154297,0.007812,0.000000,25.477747,45.000000
0.277344,-0.041016,-1.279297,0.000000,24.548449,45.000000
2.626953,-0.175781,1.015625,0.000000,29.185545,45.000000
2.671875,-0.179688,1.013672,0.000000,32.491985,45.000000
2.746094,-0.181641,0.927734,0.000000,31.592663,45.000000
4.361328,-0.283203,1.234375,0.000000,27.641762,45.000000
4.439453,-0.142578,1.126953,0.000000,31.433271,45.000000
4.435547,-0.144531,1.291016,0.000000,30.874264,45.000000
4.734375,-0.298828,-0.630859,0.000000,33.029800,45.000000
4.781250,-0.150391,-0.646484,0.000000,33.656750,45.000000
4.800781,-0.152344,-0.787109,0.000000,29.907827,45.000000
4.814453,-0.154297,0.941406,0.000000,29.153997,45.000000
4.851562,-0.154297,0.966797,0.000000,31.172712,45.000000
0.951172,-0.351562,-0.128906,-0.614669,20.374266,45.000000
0.994141,-0.365234,-0.097656,-0.614669,28.234743,45.000000
1.048828,-0.345703,-0.044922,-0.614669,32.084415,45.000000
1.097656,-0.322266,0.044922,-0.614669,32.929203,45.000000
1.115234,-0.333984,0.226562,-0.614669,31.003706,45.000000
1.160156,-0.345703,0.199219,-0.614669,28.068581,45.000000
1.189453,-0.435547,0.068359,-0.614669,24.771212,45.000000
0.041016,-0.033203,0.062500,0.000000,30.119930,45.000000
0.044922,-0.046875,0.103516,0.000000,29.030899,45.000000
1.177734,-0.449219,0.355469,0.000000,21.931246,45.000000
0.673828,-0.039062,1.074219,-0.614669,22.528530,45.000000
0.011719,-0.039062,-0.007812,0.000000,30.681858,46.000000
