0.029297,-0.119141,-0.005859,0.000000,30.248960,0.000000
0.056641,-0.154297,0.005859,0.000000,25.526682,0.000000
0.353516,-0.080078,-1.214844,0.000000,21.958996,0.000000
0.275391,-0.041016,1.279297,0.000000,23.304138,0.000000
0.384766,-0.000000,1.294922,0.000000,21.986570,0.000000
1.507812,1.117188,-0.130859,0.000000,28.027737,0.000000
1.537109,1.140625,-0.181641,0.000000,27.067179,0.000000
2.550781,-0.263672,1.177734,0.000000,29.459606,0.000000
2.603516,-0.267578,1.160156,0.000000,32.814880,0.000000
2.658203,-0.271484,1.136719,0.000000,32.027607,0.000000
4.410156,-0.287109,1.207031,0.000000,30.824263,0.000000
4.460938,-0.289062,1.179688,0.000000,30.488300,0.000000
4.687500,-0.445312,-0.589844,0.000000,29.370161,0.000000
4.740234,-0.449219,-0.486328,0.000000,33.230457,0.000000
4.789062,-0.453125,-0.398438,0.000000,33.675423,0.000000
4.845703,-0.457031,-0.117188,0.000000,30.334238,0.000000
4.804688,-0.460938,0.894531,0.000000,29.836264,0.000000
4.867188,-0.308594,0.839844,0.000000,30.674429,0.000000
0.041016,-0.033203,0.062500,0.000000,30.170334,0.000000
0.044922,-0.046875,0.103516,0.000000,29.063351,0.000000
1.117188,-0.515625,0.310547,0.000000,19.084850,0.000000
2.845703,-2.021484,-3.029297,0.000000,27.512791,0.000000
0.011719,-0.039062,-0.007812,0.000000,30.766405,1.000000
0.017578,-0.080078,-0.007812,0.000000,32.008507,1.000000
0.029297,-0.119141,-0.005859,0.000000,30.257154,1.000000
0.056641,-0.154297,0.005859,0.000000,25.538830,1.000000
0.332031,-0.080078,-1.220703,0.000000,21.931246,1.000000
0.316406,-0.041016,1.269531,0.000000,23.283796,1.000000
0.494141,-0.042969,1.255859,0.000000,21.958996,1.000000
2.548828,-0.263672,1.181641,0.000000,29.449759,1.000000
2.603516,-0.267578,1.162109,0.000000,32.808060,1.000000
2.658203,-0.271484,1.136719,0.000000,32.019432,1.000000
4.412109,-0.287109,1.201172,0.000000,30.827854,1.000000
4.462891,-0.289062,1.169922,0.000000,30.484419,1.000000
4.687500,-0.445312,-0.582031,0.000000,29.344984,1.000000
4.740234,-0.449219,-0.490234,0.000000,33.234585,1.000000
4.787109,-0.453125,-0.416016,0.000000,33.688446,1.000000
4.839844,-0.457031,-0.242188,0.000000,30.382227,1.000000
4.845703,-0.460938,0.640625,0.000000,29.735897,1.000000
4.892578,-0.308594,0.679688,0.000000,30.666985,1.000000
0.041016,-0.033203,0.062500,0.000000,30.166155,1.000000
0.044922,-0.046875,0.103516,0.000000,29.063351,1.000000
1.117188,-0.515625,0.306641,0.000000,19.030899,1.000000
0.011719,-0.039062,-0.007812,0.000000,30.766405,2.000000
0.017578,-0.080078,-0.007812,0.000000,32.005768,2.000000
0.041016,-0.115234,-0.007812,0.000000,30.248960,2.000000
0.056641,-0.154297,0.005859,0.000000,25.538830,2.000000
0.347656,-0.080078,-1.216797,0.000000,21.931246,2.000000
0.287109,-0.041016,1.277344,0.000000,23.263359,2.000000
0.466797,-0.042969,1.265625,0.000000,21.931246,2.000000
2.552734,-0.263672,1.173828,0.000000,29.454685,2.000000
2.607422,-0.267578,1.154297,0.000000,32.808060,2.000000
2.662109,-0.271484,1.128906,0.000000,32.027607,2.000000
4.408203,-0.287109,1.214844,0.000000,30.831442,2.000000
4.455078,-0.289062,1.199219,0.000000,30.503798,2.000000
4.689453,-0.445312,-0.578125,0.000000,29.385197,2.000000
4.740234,-0.449219,-0.486328,0.000000,33.240765,2.000000
4.789062,-0.453125,-0.406250,0.000000,33.681007,2.000000
4.843750,-0.457031,-0.177734,0.000000,30.350292,2.000000
4.810547,-0.460938,0.863281,0.000000,29.800034,2.000000
4.824219,-0.464844,1.001953,0.000000,30.666985,2.000000
0.041016,-0.033203,0.062500,0.000000,30.166155,2.000000
0.044922,-0.046875,0.103516,0.000000,29.063351,2.000000
1.115234,-0.474609,0.369141,0.000000,19.084850,2.000000
0.011719,-0.039062,-0.007812,0.000000,30.773680,3.000000
0.017578,-0.080078,-0.007812,0.000000,32.011238,3.000000
0.029297,-0.119141,-0.005859,0.000000,30.257154,3.000000
0.056641,-0.154297,0.005859,0.000000,25.538830,3.000000
0.345703,-0.080078,-1.216797,0.000000,21.931246,3.000000
0.324219,-0.041016,1.267578,0.000000,23.242825,3.000000
0.494141,-0.042969,1.255859,0.000000,21.903316,3.000000
2.544922,-0.263672,1.191406,0.000000,29.474337,3.000000
2.603516,-0.267578,1.160156,0.000000,32.823956,3.000000
2.660156,-0.271484,1.132812,0.000000,32.043915,3.000000
4.408203,-0.287109,1.210938,0.000000,30.827854,3.000000
4.460938,-0.289062,1.179688,0.000000,30.496056,3.000000
4.689453,-0.445312,-0.578125,0.000000,29.344984,3.000000
4.740234,-0.449219,-0.482422,0.000000,33.224262,3.000000
4.789062,-0.453125,-0.392578,0.000000,33.682869,3.000000
4.845703,-0.457031,-0.099609,0.000000,30.413927,3.000000
4.837891,-0.306641,0.769531,0.000000,29.938768,3.000000
4.884766,-0.308594,0.742188,0.000000,30.795429,3.000000
0.041016,-0.033203,0.062500,0.000000,30.170334,3.000000
0.044922,-0.046875,0.103516,0.000000,29.063351,3.000000
1.207031,0.357422,0.152344,0.000000,19.084850,3.000000
2.841797,-2.021484,-3.033203,0.000000,27.512791,3.000000
0.011719,-0.039062,-0.007812,0.000000,30.773680,4.000000
0.017578,-0.080078,-0.007812,0.000000,32.008507,4.000000
0.029297,-0.119141,-0.005859,0.000000,30.253059,4.000000
0.056641,-0.154297,0.007812,0.000000,25.526682,4.000000
0.361328,-0.080078,-1.212891,0.000000,21.903316,4.000000
0.275391,-0.041016,1.279297,0.000000,23.222193,4.000000
0.400391,-0.000000,1.289062,0.000000,21.846914,4.000000
2.552734,-0.263672,1.173828,0.000000,29.459606,4.000000
2.605469,-0.267578,1.158203,0.000000,32.814880,4.000000
2.660156,-0.271484,1.132812,0.000000,32.038486,4.000000
4.412109,-0.287109,1.203125,0.000000,30.806265,4.000000
4.462891,-0.289062,1.169922,0.000000,30.461048,4.000000
4.687500,-0.445312,-0.585938,0.000000,29.375179,4.000000
4.740234,-0.449219,-0.486328,0.000000,33.236645,4.000000
4.789062,-0.453125,-0.398438,0.000000,33.692158,4.000000
4.845703,-0.457031,-0.101562,0.000000,30.437551,4.000000
4.820312,-0.306641,0.876953,0.000000,29.978231,4.000000
4.833984,-0.308594,1.021484,0.000000,30.867157,4.000000
0.041016,-0.033203,0.062500,0.000000,30.170334,4.000000
0.044922,-0.046875,0.103516,0.000000,29.068735,4.000000
1.207031,0.357422,0.148438,0.000000,19.030899,4.000000
2.824219,-2.021484,-3.050781,0.000000,27.497364,4.000000
0.011719,-0.039062,-0.007812,0.000000,30.777311,5.000000
0.017578,-0.080078,-0.007812,0.000000,32.005768,5.000000
0.029297,-0.119141,-0.005859,0.000000,30.248960,5.000000
0.056641,-0.154297,0.005859,0.000000,25.526682,5.000000
0.349609,-0.080078,-1.216797,0.000000,21.846914,5.000000
0.294922,-0.041016,1.275391,0.000000,23.242825,5.000000
0.486328,-0.042969,1.257812,0.000000,21.931246,5.000000
2.548828,-0.263672,1.183594,0.000000,29.474337,5.000000
2.603516,-0.267578,1.160156,0.000000,32.808060,5.000000
2.662109,-0.271484,1.128906,0.000000,32.022160,5.000000
4.414062,-0.287109,1.193359,0.000000,30.820669,5.000000
4.464844,-0.289062,1.160156,0.000000,30.476643,5.000000
4.740234,-0.449219,-0.492188,0.000000,33.232521,5.000000
4.787109,-0.453125,-0.414062,0.000000,33.679146,5.000000
4.841797,-0.457031,-0.216797,0.000000,30.354298,5.000000
4.820312,-0.460938,0.810547,0.000000,29.708117,5.000000
4.830078,-0.464844,0.974609,0.000000,30.549959,5.000000
0.041016,-0.033203,0.062500,0.000000,30.166155,5.000000
0.044922,-0.046875,0.103516,0.000000,29.063351,5.000000
1.117188,-0.515625,0.304688,0.000000,19.138138,5.000000
2.781250,-2.021484,-3.089844,0.000000,27.481880,5.000000
0.011719,-0.039062,-0.007812,0.000000,30.766405,6.000000
0.017578,-0.080078,-0.007812,0.000000,32.005768,6.000000
0.029297,-0.119141,-0.005859,0.000000,30.253059,6.000000
0.056641,-0.154297,0.005859,0.000000,25.538830,6.000000
0.363281,-0.080078,-1.212891,0.000000,21.846914,6.000000
0.267578,-0.041016,1.281250,0.000000,23.222193,6.000000
0.394531,-0.000000,1.291016,0.000000,21.875208,6.000000
2.544922,-0.263672,1.191406,0.000000,29.449759,6.000000
2.601562,-0.267578,1.164062,0.000000,32.810333,6.000000
2.656250,-0.271484,1.140625,0.000000,32.027607,6.000000
4.414062,-0.287109,1.197266,0.000000,30.835026,6.000000
4.462891,-0.289062,1.167969,0.000000,30.496056,6.000000
4.740234,-0.449219,-0.482422,0.000000,33.222195,6.000000
4.789062,-0.453125,-0.408203,0.000000,33.686588,6.000000
4.843750,-0.457031,-0.183594,0.000000,30.437551,6.000000
4.847656,-0.460938,0.623047,0.000000,29.827234,6.000000
4.875000,-0.464844,0.726562,0.000000,30.644581,6.000000
0.041016,-0.033203,0.062500,0.000000,30.170334,6.000000
0.044922,-0.046875,0.105469,0.000000,29.063351,6.000000
1.119141,-0.474609,0.361328,0.000000,18.920946,6.000000
0.011719,-0.039062,-0.007812,0.000000,30.773680,7.000000
0.017578,-0.080078,-0.007812,0.000000,32.008507,7.000000
0.041016,-0.115234,-0.007812,0.000000,30.248960,7.000000
0.056641,-0.154297,0.005859,0.000000,25.526682,7.000000
0.347656,-0.080078,-1.216797,0.000000,21.931246,7.000000
0.285156,-0.041016,1.277344,0.000000,23.263359,7.000000
0.453125,-0.042969,1.271484,0.000000,21.903316,7.000000
1.458984,1.175781,-0.175781,0.000000,28.228216,7.000000
2.546875,-0.263672,1.185547,0.000000,29.444826,7.000000
2.603516,-0.267578,1.162109,0.000000,32.803509,7.000000
2.660156,-0.271484,1.134766,0.000000,32.013969,7.000000
4.414062,-0.287109,1.195312,0.000000,30.838608,7.000000
4.464844,-0.289062,1.162109,0.000000,30.496056,7.000000
4.740234,-0.449219,-0.478516,0.000000,33.232521,7.000000
4.789062,-0.453125,-0.402344,0.000000,33.684727,7.000000
4.843750,-0.457031,-0.183594,0.000000,30.378248,7.000000
4.828125,-0.460938,0.751953,0.000000,29.845274,7.000000
4.878906,-0.308594,0.779297,0.000000,30.726175,7.000000
0.041016,-0.033203,0.062500,0.000000,30.170334,7.000000
0.044922,-0.046875,0.103516,0.000000,29.063351,7.000000
1.117188,-0.515625,0.310547,0.000000,19.084850,7.000000
2.814453,-2.021484,-3.058594,0.000000,27.512791,7.000000
0.011719,-0.039062,-0.007812,0.000000,30.766405,8.000000
0.017578,-0.080078,-0.007812,0.000000,32.005768,8.000000
0.029297,-0.119141,-0.005859,0.000000,30.253059,8.000000
0.056641,-0.154297,0.005859,0.000000,25.538830,8.000000
0.386719,-0.080078,-1.205078,0.000000,21.931246,8.000000
0.250000,-0.041016,1.285156,0.000000,23.283796,8.000000
0.447266,-0.042969,1.273438,0.000000,21.931246,8.000000
2.544922,-0.263672,1.189453,0.000000,29.464523,8.000000
2.603516,-0.267578,1.162109,0.000000,32.812607,8.000000
2.658203,-0.271484,1.138672,0.000000,32.027607,8.000000
4.408203,-0.287109,1.212891,0.000000,30.813473,8.000000
4.460938,-0.289062,1.177734,0.000000,30.464952,8.000000
4.689453,-0.445312,-0.566406,0.000000,29.355072,8.000000
4.742188,-0.449219,-0.474609,0.000000,33.226326,8.000000
4.789062,-0.453125,-0.396484,0.000000,33.675423,8.000000
4.843750,-0.457031,-0.171875,0.000000,30.390173,8.000000
4.832031,-0.460938,0.728516,0.000000,29.831751,8.000000
4.890625,-0.308594,0.699219,0.000000,30.711452,8.000000
0.041016,-0.033203,0.062500,0.000000,30.170334,8.000000
0.052734,-0.042969,0.101562,0.000000,29.068735,8.000000
1.117188,-0.515625,0.306641,0.000000,19.084850,8.000000
2.800781,-2.021484,-3.070312,0.000000,27.481880,8.000000
0.011719,-0.039062,-0.007812,0.000000,30.766405,9.000000
0.017578,-0.080078,-0.007812,0.000000,32.005768,9.000000
0.029297,-0.119141,-0.005859,0.000000,30.253059,9.000000
0.056641,-0.154297,0.005859,0.000000,25.550945,9.000000
0.345703,-0.080078,-1.216797,0.000000,21.903316,9.000000
0.292969,-0.041016,1.275391,0.000000,23.242825,9.000000
0.394531,-0.000000,1.291016,0.000000,21.875208,9.000000
2.550781,-0.263672,1.177734,0.000000,29.464523,9.000000
2.605469,-0.267578,1.158203,0.000000,32.810333,9.000000
2.660156,-0.271484,1.134766,0.000000,32.024883,9.000000
4.414062,-0.287109,1.195312,0.000000,30.835026,9.000000
4.460938,-0.289062,1.173828,0.000000,30.484419,9.000000
4.742188,-0.449219,-0.470703,0.000000,33.211842,9.000000
4.791016,-0.453125,-0.386719,0.000000,33.681007,9.000000
4.843750,-0.457031,-0.156250,0.000000,30.464952,9.000000
4.843750,-0.460938,0.652344,0.000000,29.822712,9.000000
4.886719,-0.308594,0.720703,0.000000,30.633333,9.000000
0.041016,-0.033203,0.062500,0.000000,30.166155,9.000000
0.044922,-0.046875,0.103516,0.000000,29.063351,9.000000
1.208984,0.357422,0.144531,0.000000,19.084850,9.000000
2.767578,-2.021484,-3.101562,0.000000,27.481880,9.000000
0.011719,-0.039062,-0.007812,0.000000,30.777311,10.000000
0.017578,-0.080078,-0.007812,0.000000,32.005768,10.000000
0.041016,-0.115234,-0.007812,0.000000,30.248960,10.000000
0.056641,-0.154297,0.005859,0.000000,25.526682,10.000000
0.347656,-0.080078,-1.216797,0.000000,21.931246,10.000000
0.292969,-0.041016,1.275391,0.000000,23.263359,10.000000
0.480469,-0.042969,1.261719,0.000000,21.931246,10.000000
1.730469,1.107422,0.359375,0.000000,27.752462,10.000000
2.548828,-0.263672,1.181641,0.000000,29.449759,10.000000
2.605469,-0.267578,1.160156,0.000000,32.808060,10.000000
2.660156,-0.271484,1.130859,0.000000,32.022160,10.000000
4.414062,-0.287109,1.195312,0.000000,30.820669,10.000000
4.466797,-0.289062,1.154297,0.000000,30.476643,10.000000
4.689453,-0.445312,-0.570312,0.000000,29.339931,10.000000
4.740234,-0.449219,-0.476562,0.000000,33.230457,10.000000
4.789062,-0.453125,-0.394531,0.000000,33.695869,10.000000
4.843750,-0.457031,-0.187500,0.000000,30.449316,10.000000
4.843750,-0.460938,0.644531,0.000000,29.804579,10.000000
4.894531,-0.308594,0.675781,0.000000,30.748165,10.000000
0.041016,-0.033203,0.062500,0.000000,30.166155,10.000000
0.044922,-0.046875,0.103516,0.000000,29.063351,10.000000
1.208984,0.357422,0.130859,0.000000,19.084850,10.000000
0.011719,-0.039062,-0.007812,0.000000,30.770042,11.000000
0.017578,-0.080078,-0.007812,0.000000,32.008507,11.000000
0.029297,-0.119141,-0.005859,0.000000,30.253059,11.000000
0.056641,-0.154297,0.005859,0.000000,25.526682,11.000000
0.363281,-0.080078,-1.212891,0.000000,21.958996,11.000000
0.287109,-0.041016,1.277344,0.000000,23.263359,11.000000
0.470703,-0.042969,1.265625,0.000000,21.875208,11.000000
2.550781,-0.263672,1.177734,0.000000,29.479237,11.000000
2.605469,-0.267578,1.158203,0.000000,32.817150,11.000000
2.660156,-0.271484,1.132812,0.000000,32.024883,11.000000
4.412109,-0.287109,1.203125,0.000000,30.820669,11.000000
4.460938,-0.289062,1.177734,0.000000,30.480532,11.000000
4.740234,-0.449219,-0.478516,0.000000,33.228394,11.000000
4.789062,-0.453125,-0.402344,0.000000,33.675423,11.000000
4.839844,-0.457031,-0.271484,0.000000,30.429691,11.000000
4.861328,-0.460938,0.507812,0.000000,29.537598,11.000000
4.886719,-0.464844,0.634766,0.000000,30.413927,11.000000
0.041016,-0.033203,0.062500,0.000000,30.170334,11.000000
0.044922,-0.046875,0.103516,0.000000,29.068735,11.000000
1.123047,-0.515625,0.289062,0.000000,19.030899,11.000000
0.011719,-0.039062,-0.007812,0.000000,30.759117,12.000000
0.017578,-0.080078,-0.007812,0.000000,32.000294,12.000000
0.029297,-0.119141,-0.005859,0.000000,30.248960,12.000000
0.056641,-0.154297,0.005859,0.000000,25.538830,12.000000
0.337891,-0.080078,-1.218750,0.000000,21.958996,12.000000
0.308594,-0.041016,1.271484,0.000000,23.242825,12.000000
0.474609,-0.042969,1.263672,0.000000,21.903316,12.000000
1.738281,1.107422,0.322266,0.000000,27.168377,12.000000
2.546875,-0.263672,1.187500,0.000000,29.464523,12.000000
2.603516,-0.267578,1.162109,0.000000,32.817150,12.000000
2.658203,-0.271484,1.138672,0.000000,32.041199,12.000000
4.406250,-0.287109,1.222656,0.000000,30.827854,12.000000
4.457031,-0.289062,1.189453,0.000000,30.484419,12.000000
4.687500,-0.445312,-0.580078,0.000000,29.365137,12.000000
4.740234,-0.449219,-0.480469,0.000000,33.240765,12.000000
4.789062,-0.453125,-0.398438,0.000000,33.694016,12.000000
4.841797,-0.457031,-0.197266,0.000000,30.445398,12.000000
4.859375,-0.460938,0.517578,0.000000,29.858753,12.000000
4.884766,-0.464844,0.646484,0.000000,30.696680,12.000000
0.041016,-0.033203,0.062500,0.000000,30.166155,12.000000
0.044922,-0.046875,0.103516,0.000000,29.057959,12.000000
1.121094,-0.474609,0.353516,0.000000,19.030899,12.000000
2.820312,-2.021484,-3.052734,0.000000,27.489628,12.000000
0.011719,-0.039062,-0.007812,0.000000,30.777311,13.000000
0.017578,-0.080078,-0.007812,0.000000,32.011238,13.000000
0.041016,-0.115234,-0.007812,0.000000,30.253059,13.000000
0.056641,-0.154297,0.005859,0.000000,25.526682,13.000000
0.384766,-0.080078,-1.205078,0.000000,21.903316,13.000000
0.244141,-0.041016,1.285156,0.000000,23.263359,13.000000
0.421875,-0.042969,1.281250,0.000000,21.986570,13.000000
2.558594,-0.263672,1.164062,0.000000,29.444826,13.000000
2.605469,-0.267578,1.154297,0.000000,32.810333,13.000000
2.660156,-0.271484,1.132812,0.000000,32.024883,13.000000
4.414062,-0.287109,1.195312,0.000000,30.842186,13.000000
4.462891,-0.289062,1.171875,0.000000,30.499929,13.000000
4.687500,-0.445312,-0.589844,0.000000,29.355072,13.000000
4.740234,-0.449219,-0.482422,0.000000,33.220123,13.000000
4.789062,-0.453125,-0.396484,0.000000,33.660492,13.000000
4.843750,-0.457031,-0.136719,0.000000,30.318123,13.000000
4.820312,-0.460938,0.808594,0.000000,29.804579,13.000000
4.878906,-0.308594,0.777344,0.000000,30.707766,13.000000
0.041016,-0.033203,0.062500,0.000000,30.170334,13.000000
0.044922,-0.046875,0.103516,0.000000,29.063351,13.000000
1.119141,-0.515625,0.302734,0.000000,19.030899,13.000000
2.843750,-2.021484,-3.031250,0.000000,27.497364,13.000000
0.011719,-0.039062,-0.007812,0.000000,30.773680,14.000000
0.017578,-0.080078,-0.007812,0.000000,32.005768,14.000000
0.041016,-0.115234,-0.007812,0.000000,30.248960,14.000000
0.056641,-0.154297,0.005859,0.000000,25.526682,14.000000
0.345703,-0.080078,-1.216797,0.000000,21.903316,14.000000
0.298828,-0.041016,1.273438,0.000000,23.242825,14.000000
0.484375,-0.042969,1.259766,0.000000,21.903316,14.000000
2.550781,-0.263672,1.177734,0.000000,29.459606,14.000000
2.605469,-0.267578,1.156250,0.000000,32.808060,14.000000
2.662109,-0.271484,1.128906,0.000000,32.013969,14.000000
4.417969,-0.287109,1.179688,0.000000,30.824263,14.000000
4.468750,-0.289062,1.142578,0.000000,30.472748,14.000000
4.742188,-0.449219,-0.468750,0.000000,33.218056,14.000000
4.791016,-0.453125,-0.378906,0.000000,33.681007,14.000000
4.845703,-0.457031,-0.109375,0.000000,30.468851,14.000000
4.875000,-0.306641,0.478516,0.000000,30.119930,14.000000
4.904297,-0.308594,0.601562,0.000000,30.920185,14.000000
0.041016,-0.033203,0.062500,0.000000,30.170334,14.000000
0.044922,-0.046875,0.103516,0.000000,29.057959,14.000000
1.119141,-0.515625,0.302734,0.000000,19.084850,14.000000
2.792969,-2.021484,-3.078125,0.000000,27.489628,14.000000
0.011719,-0.039062,-0.007812,0.000000,30.777311,15.000000
0.017578,-0.080078,-0.007812,0.000000,32.011238,15.000000
0.029297,-0.119141,-0.005859,0.000000,30.257154,15.000000
0.056641,-0.154297,0.005859,0.000000,25.538830,15.000000
0.341797,-0.080078,-1.218750,0.000000,21.903316,15.000000
0.302734,-0.041016,1.273438,0.000000,23.263359,15.000000
0.472656,-0.042969,1.263672,0.000000,21.903316,15.000000
1.787109,1.042969,0.271484,0.000000,27.299744,15.000000
1.777344,1.130859,0.300781,0.000000,27.427252,15.000000
2.548828,-0.263672,1.183594,0.000000,29.459606,15.000000
2.603516,-0.267578,1.162109,0.000000,32.817150,15.000000
2.658203,-0.271484,1.136719,0.000000,32.043915,15.000000
4.414062,-0.287109,1.195312,0.000000,30.827854,15.000000
4.462891,-0.289062,1.166016,0.000000,30.488300,15.000000
4.740234,-0.449219,-0.488281,0.000000,33.255157,15.000000
4.787109,-0.453125,-0.412109,0.000000,33.703281,15.000000
4.843750,-0.457031,-0.187500,0.000000,30.492180,15.000000
4.878906,-0.306641,0.447266,0.000000,30.056095,15.000000
4.910156,-0.308594,0.544922,0.000000,30.877813,15.000000
0.041016,-0.033203,0.062500,0.000000,30.170334,15.000000
0.044922,-0.046875,0.103516,0.000000,29.063351,15.000000
1.115234,-0.515625,0.314453,0.000000,19.084850,15.000000
2.876953,-1.861328,-3.042969,0.000000,27.824726,15.000000
2.773438,-2.021484,-3.095703,0.000000,27.512791,15.000000
0.011719,-0.039062,-0.007812,0.000000,30.770042,16.000000
0.017578,-0.080078,-0.007812,0.000000,32.008507,16.000000
0.041016,-0.115234,-0.007812,0.000000,30.253059,16.000000
0.056641,-0.154297,0.005859,0.000000,25.538830,16.000000
0.361328,-0.080078,-1.212891,0.000000,21.903316,16.000000
0.281250,-0.041016,1.277344,0.000000,23.242825,16.000000
0.392578,-0.000000,1.291016,0.000000,21.903316,16.000000
2.542969,-0.263672,1.195312,0.000000,29.454685,16.000000
2.601562,-0.267578,1.166016,0.000000,32.808060,16.000000
2.656250,-0.271484,1.144531,0.000000,32.033051,16.000000
4.410156,-0.287109,1.207031,0.000000,30.820669,16.000000
4.460938,-0.289062,1.173828,0.000000,30.468851,16.000000
4.740234,-0.449219,-0.486328,0.000000,33.226326,16.000000
4.789062,-0.453125,-0.396484,0.000000,33.654881,16.000000
4.845703,-0.457031,-0.105469,0.000000,30.342272,16.000000
4.869141,-0.306641,0.550781,0.000000,30.064661,16.000000
4.882812,-0.464844,0.671875,0.000000,30.842186,16.000000
0.041016,-0.033203,0.062500,0.000000,30.170334,16.000000
0.044922,-0.046875,0.103516,0.000000,29.063351,16.000000
1.205078,0.357422,0.173828,0.000000,19.084850,16.000000
2.740234,-2.021484,-3.125000,0.000000,27.474117,16.000000
0.011719,-0.039062,-0.007812,0.000000,30.773680,17.000000
0.017578,-0.080078,-0.007812,0.000000,32.005768,17.000000
0.029297,-0.119141,-0.003906,0.000000,30.253059,17.000000
0.056641,-0.154297,0.005859,0.000000,25.526682,17.000000
0.380859,-0.080078,-1.207031,0.000000,21.958996,17.000000
0.257812,-0.041016,1.283203,0.000000,23.283796,17.000000
0.457031,-0.042969,1.269531,0.000000,21.931246,17.000000
1.792969,1.130859,0.185547,0.000000,26.464037,17.000000
2.552734,-0.263672,1.175781,0.000000,29.434946,17.000000
2.603516,-0.267578,1.160156,0.000000,32.794388,17.000000
2.660156,-0.271484,1.134766,0.000000,32.003033,17.000000
4.416016,-0.287109,1.183594,0.000000,30.817072,17.000000
4.466797,-0.289062,1.154297,0.000000,30.468851,17.000000
4.691406,-0.445312,-0.556641,0.000000,29.339931,17.000000
4.742188,-0.449219,-0.464844,0.000000,33.218056,17.000000
4.792969,-0.453125,-0.359375,0.000000,33.651134,17.000000
4.845703,-0.457031,0.019531,0.000000,30.240749,17.000000
4.785156,-0.460938,0.988281,0.000000,29.960737,17.000000
4.851562,-0.308594,0.927734,0.000000,30.614525,17.000000
0.041016,-0.033203,0.062500,0.000000,30.170334,17.000000
0.044922,-0.046875,0.103516,0.000000,29.063351,17.000000
1.115234,-0.515625,0.312500,0.000000,19.138138,17.000000
2.833984,-2.003906,-2.990234,0.000000,27.846172,17.000000
2.742188,-2.021484,-3.123047,0.000000,27.489628,17.000000
0.011719,-0.039062,-0.007812,0.000000,30.770042,18.000000
0.017578,-0.080078,-0.007812,0.000000,32.008507,18.000000
0.041016,-0.115234,-0.007812,0.000000,30.253059,18.000000
0.056641,-0.154297,0.005859,0.000000,25.538830,18.000000
0.382812,-0.080078,-1.207031,0.000000,21.903316,18.000000
0.205078,-0.041016,1.292969,0.000000,23.222193,18.000000
0.404297,-0.042969,1.287109,0.000000,21.846914,18.000000
2.554688,-0.263672,1.171875,0.000000,29.469433,18.000000
2.605469,-0.267578,1.156250,0.000000,32.808060,18.000000
2.660156,-0.271484,1.132812,0.000000,32.013969,18.000000
4.416016,-0.287109,1.187500,0.000000,30.806265,18.000000
4.464844,-0.289062,1.162109,0.000000,30.453230,18.000000
4.742188,-0.449219,-0.458984,0.000000,33.230457,18.000000
4.791016,-0.453125,-0.369141,0.000000,33.694016,18.000000
4.843750,-0.457031,-0.150391,0.000000,30.461048,18.000000
4.855469,-0.464844,0.839844,0.000000,30.496056,18.000000
0.041016,-0.033203,0.062500,0.000000,30.166155,18.000000
0.044922,-0.046875,0.103516,0.000000,29.063351,18.000000
1.207031,0.357422,0.160156,0.000000,19.138138,18.000000
0.011719,-0.039062,-0.007812,0.000000,30.773680,19.000000
0.017578,-0.080078,-0.007812,0.000000,32.008507,19.000000
0.041016,-0.115234,-0.007812,0.000000,30.253059,19.000000
0.056641,-0.154297,0.005859,0.000000,25.550945,19.000000
0.351562,-0.080078,-1.216797,0.000000,21.903316,19.000000
0.273438,-0.041016,1.279297,0.000000,23.242825,19.000000
0.386719,-0.000000,1.292969,0.000000,21.875208,19.000000
1.765625,1.107422,-0.099609,0.000000,26.884199,19.000000
1.802734,1.130859,-0.013672,0.000000,27.411516,19.000000
2.552734,-0.263672,1.173828,0.000000,29.434946,19.000000
2.605469,-0.267578,1.158203,0.000000,32.805782,19.000000
2.660156,-0.271484,1.134766,0.000000,32.030331,19.000000
4.416016,-0.287109,1.183594,0.000000,30.795429,19.000000
4.468750,-0.289062,1.142578,0.000000,30.429691,19.000000
4.740234,-0.449219,-0.494141,0.000000,33.236645,19.000000
4.789062,-0.453125,-0.388672,0.000000,33.658623,19.000000
4.845703,-0.457031,-0.123047,0.000000,30.199467,19.000000
4.763672,-0.619141,1.193359,0.000000,30.338257,19.000000
0.041016,-0.033203,0.062500,0.000000,30.170334,19.000000
0.044922,-0.046875,0.103516,0.000000,29.068735,19.000000
1.207031,0.357422,0.154297,0.000000,19.030899,19.000000
2.705078,-2.021484,-3.154297,0.000000,27.442930,19.000000
0.011719,-0.039062,-0.007812,0.000000,30.773680,20.000000
0.017578,-0.080078,-0.007812,0.000000,32.008507,20.000000
0.029297,-0.119141,-0.005859,0.000000,30.253059,20.000000
0.056641,-0.154297,0.005859,0.000000,25.538830,20.000000
0.359375,-0.080078,-1.212891,0.000000,21.958996,20.000000
0.283203,-0.041016,1.277344,0.000000,23.263359,20.000000
0.394531,-0.000000,1.291016,0.000000,21.875208,20.000000
2.552734,-0.263672,1.173828,0.000000,29.479237,20.000000
2.605469,-0.267578,1.158203,0.000000,32.817150,20.000000
2.660156,-0.271484,1.132812,0.000000,32.030331,20.000000
4.416016,-0.287109,1.187500,0.000000,30.813473,20.000000
4.468750,-0.289062,1.150391,0.000000,30.457140,20.000000
4.738281,-0.449219,-0.498047,0.000000,33.230457,20.000000
4.787109,-0.453125,-0.412109,0.000000,33.705132,20.000000
4.839844,-0.457031,-0.263672,0.000000,30.553783,20.000000
4.869141,-0.464844,0.753906,0.000000,30.640835,20.000000
1.607422,1.189453,0.134766,0.614669,26.263403,20.000000
1.642578,1.214844,0.091797,0.614669,26.085260,20.000000
0.041016,-0.033203,0.062500,0.000000,30.166155,20.000000
0.044922,-0.046875,0.103516,0.000000,29.063351,20.000000
1.207031,0.357422,0.160156,0.000000,19.138138,20.000000
0.011719,-0.039062,-0.007812,0.000000,30.770042,21.000000
0.017578,-0.080078,-0.007812,0.000000,32.008507,21.000000
0.041016,-0.115234,-0.007812,0.000000,30.253059,21.000000
0.056641,-0.154297,0.005859,0.000000,25.550945,21.000000
0.347656,-0.080078,-1.216797,0.000000,21.931246,21.000000
0.300781,-0.041016,1.273438,0.000000,23.283796,21.000000
0.490234,-0.042969,1.257812,0.000000,21.958996,21.000000
2.550781,-0.263672,1.179688,0.000000,29.439888,21.000000
2.603516,-0.267578,1.164062,0.000000,32.808060,21.000000
2.658203,-0.271484,1.140625,0.000000,32.035767,21.000000
4.416016,-0.287109,1.185547,0.000000,30.799046,21.000000
4.466797,-0.289062,1.158203,0.000000,30.449316,21.000000
4.742188,-0.449219,-0.464844,0.000000,33.207691,21.000000
4.789062,-0.453125,-0.398438,0.000000,33.654881,21.000000
4.843750,-0.457031,-0.187500,0.000000,30.293839,21.000000
4.822266,-0.460938,0.796875,0.000000,29.694159,21.000000
4.849609,-0.464844,0.873047,0.000000,30.644581,21.000000
0.041016,-0.033203,0.062500,0.000000,30.174507,21.000000
0.044922,-0.046875,0.103516,0.000000,29.068735,21.000000
1.208984,0.357422,0.132812,0.000000,19.030899,21.000000
0.011719,-0.039062,-0.007812,0.000000,30.770042,22.000000
0.017578,-0.080078,-0.007812,0.000000,32.008507,22.000000
0.041016,-0.115234,-0.007812,0.000000,30.248960,22.000000
0.056641,-0.154297,0.005859,0.000000,25.526682,22.000000
0.351562,-0.080078,-1.216797,0.000000,21.931246,22.000000
0.269531,-0.041016,1.279297,0.000000,23.263359,22.000000
0.455078,-0.042969,1.269531,0.000000,21.958996,22.000000
2.554688,-0.263672,1.171875,0.000000,29.459606,22.000000
2.603516,-0.267578,1.160156,0.000000,32.817150,22.000000
2.658203,-0.271484,1.140625,0.000000,32.038486,22.000000
4.412109,-0.287109,1.197266,0.000000,30.788193,22.000000
4.460938,-0.289062,1.179688,0.000000,30.445398,22.000000
4.744141,-0.449219,-0.451172,0.000000,33.224262,22.000000
4.791016,-0.453125,-0.384766,0.000000,33.681007,22.000000
4.843750,-0.457031,-0.164062,0.000000,30.445398,22.000000
4.841797,-0.460938,0.658203,0.000000,29.934362,22.000000
4.861328,-0.464844,0.802734,0.000000,30.755470,22.000000
0.041016,-0.033203,0.062500,0.000000,30.166155,22.000000
0.044922,-0.046875,0.103516,0.000000,29.063351,22.000000
1.117188,-0.515625,0.304688,0.000000,19.138138,22.000000
0.011719,-0.039062,-0.007812,0.000000,30.773680,23.000000
0.017578,-0.080078,-0.007812,0.000000,32.008507,23.000000
0.029297,-0.119141,-0.005859,0.000000,30.257154,23.000000
0.056641,-0.154297,0.005859,0.000000,25.538830,23.000000
0.357422,-0.080078,-1.214844,0.000000,21.931246,23.000000
0.294922,-0.041016,1.275391,0.000000,23.263359,23.000000
0.388672,-0.000000,1.292969,0.000000,21.875208,23.000000
1.763672,1.107422,-0.115234,0.000000,26.384893,23.000000
1.736328,1.197266,-0.279297,0.000000,26.674530,23.000000
2.556641,-0.263672,1.167969,0.000000,29.459606,23.000000
2.605469,-0.267578,1.154297,0.000000,32.808060,23.000000
2.660156,-0.271484,1.130859,0.000000,32.024883,23.000000
4.412109,-0.287109,1.199219,0.000000,30.817072,23.000000
4.462891,-0.289062,1.169922,0.000000,30.468851,23.000000
4.740234,-0.449219,-0.478516,0.000000,33.228394,23.000000
4.789062,-0.453125,-0.396484,0.000000,33.667965,23.000000
4.843750,-0.457031,-0.156250,0.000000,30.346285,23.000000
4.826172,-0.460938,0.767578,0.000000,29.831751,23.000000
4.849609,-0.464844,0.876953,0.000000,30.681858,23.000000
0.041016,-0.033203,0.062500,0.000000,30.170334,23.000000
0.044922,-0.046875,0.103516,0.000000,29.063351,23.000000
1.113281,-0.515625,0.318359,0.000000,19.138138,23.000000
0.011719,-0.039062,-0.007812,0.000000,30.773680,24.000000
0.017578,-0.080078,-0.007812,0.000000,32.005768,24.000000
0.029297,-0.119141,-0.005859,0.000000,30.253059,24.000000
0.056641,-0.154297,0.005859,0.000000,25.526682,24.000000
0.392578,-0.080078,-1.203125,0.000000,21.958996,24.000000
0.273438,-0.041016,1.279297,0.000000,23.283796,24.000000
0.470703,-0.042969,1.263672,0.000000,21.931246,24.000000
1.714844,1.173828,-0.187500,0.000000,27.092699,24.000000
1.791016,1.130859,-0.193359,0.000000,27.058638,24.000000
2.544922,-0.263672,1.189453,0.000000,29.464523,24.000000
2.605469,-0.267578,1.158203,0.000000,32.798950,24.000000
2.660156,-0.271484,1.134766,0.000000,32.016701,24.000000
4.414062,-0.287109,1.197266,0.000000,30.809870,24.000000
4.462891,-0.289062,1.167969,0.000000,30.461048,24.000000
4.687500,-0.445312,-0.582031,0.000000,29.439888,24.000000
4.740234,-0.449219,-0.494141,0.000000,33.267452,24.000000
4.787109,-0.453125,-0.412109,0.000000,33.690304,24.000000
4.843750,-0.457031,-0.169922,0.000000,30.346285,24.000000
4.826172,-0.460938,0.769531,0.000000,29.813656,24.000000
4.876953,-0.308594,0.785156,0.000000,30.737183,24.000000
0.041016,-0.033203,0.062500,0.000000,30.166155,24.000000
0.044922,-0.046875,0.103516,0.000000,29.063351,24.000000
1.208984,0.357422,0.142578,0.000000,19.190781,24.000000
0.011719,-0.039062,-0.007812,0.000000,30.773680,25.000000
0.017578,-0.080078,-0.007812,0.000000,32.005768,25.000000
0.041016,-0.115234,-0.007812,0.000000,30.248960,25.000000
0.056641,-0.154297,0.005859,0.000000,25.538830,25.000000
0.371094,-0.080078,-1.210938,0.000000,21.903316,25.000000
0.267578,-0.041016,1.281250,0.000000,23.222193,25.000000
0.400391,-0.000000,1.289062,0.000000,21.846914,25.000000
1.806641,1.042969,-0.003906,0.000000,25.575071,25.000000
1.798828,1.130859,-0.097656,0.000000,27.007038,25.000000
2.552734,-0.263672,1.175781,0.000000,29.429996,25.000000
2.605469,-0.267578,1.156250,0.000000,32.801228,25.000000
2.660156,-0.271484,1.132812,0.000000,32.016701,25.000000
4.417969,-0.287109,1.177734,0.000000,30.806265,25.000000
4.474609,-0.289062,1.123047,0.000000,30.461048,25.000000
4.738281,-0.449219,-0.505859,0.000000,33.236645,25.000000
4.791016,-0.453125,-0.380859,0.000000,33.626709,25.000000
4.845703,-0.457031,0.083984,0.000000,30.232525,25.000000
4.816406,-0.306641,0.902344,0.000000,30.326187,25.000000
4.869141,-0.308594,0.830078,0.000000,30.948204,25.000000
0.041016,-0.033203,0.062500,0.000000,30.174507,25.000000
0.044922,-0.046875,0.103516,0.000000,29.063351,25.000000
1.207031,0.357422,0.148438,0.000000,19.084850,25.000000
2.845703,-1.861328,-3.070312,0.000000,27.817554,25.000000
0.011719,-0.039062,-0.007812,0.000000,30.780941,26.000000
0.017578,-0.080078,-0.007812,0.000000,32.008507,26.000000
0.041016,-0.115234,-0.007812,0.000000,30.253059,26.000000
0.056641,-0.154297,0.005859,0.000000,25.538830,26.000000
0.367188,-0.080078,-1.210938,0.000000,21.931246,26.000000
0.285156,-0.041016,1.277344,0.000000,23.242825,26.000000
0.488281,-0.042969,1.257812,0.000000,21.875208,26.000000
2.552734,-0.263672,1.173828,0.000000,29.444826,26.000000
2.603516,-0.267578,1.160156,0.000000,32.805782,26.000000
2.656250,-0.271484,1.140625,0.000000,32.019432,26.000000
4.412109,-0.287109,1.201172,0.000000,30.809870,26.000000
4.462891,-0.289062,1.167969,0.000000,30.464952,26.000000
4.740234,-0.449219,-0.482422,0.000000,33.207691,26.000000
4.787109,-0.453125,-0.429688,0.000000,33.716221,26.000000
4.835938,-0.457031,-0.304688,0.000000,30.572857,26.000000
4.890625,-0.308594,0.693359,0.000000,30.700378,26.000000
1.714844,1.107422,-0.431641,-0.614669,25.010593,26.000000
1.785156,1.130859,-0.246094,-0.614669,24.281347,26.000000
0.041016,-0.033203,0.062500,0.000000,30.166155,26.000000
0.044922,-0.046875,0.103516,0.000000,29.063351,26.000000
1.207031,0.357422,0.152344,0.000000,18.976271,26.000000
0.011719,-0.039062,-0.007812,0.000000,30.773680,27.000000
0.017578,-0.080078,-0.007812,0.000000,32.008507,27.000000
0.029297,-0.119141,-0.005859,0.000000,30.257154,27.000000
0.056641,-0.154297,0.005859,0.000000,25.538830,27.000000
0.386719,-0.080078,-1.205078,0.000000,21.931246,27.000000
0.214844,-0.041016,1.291016,0.000000,23.283796,27.000000
0.414062,-0.042969,1.283203,0.000000,21.958996,27.000000
2.558594,-0.263672,1.160156,0.000000,29.459606,27.000000
2.607422,-0.267578,1.154297,0.000000,32.808060,27.000000
2.660156,-0.271484,1.134766,0.000000,32.038486,27.000000
4.414062,-0.287109,1.191406,0.000000,30.788193,27.000000
4.462891,-0.289062,1.171875,0.000000,30.453230,27.000000
4.740234,-0.449219,-0.482422,0.000000,33.255157,27.000000
4.787109,-0.453125,-0.429688,0.000000,33.706982,27.000000
4.839844,-0.457031,-0.253906,0.000000,30.394140,27.000000
4.826172,-0.460938,0.767578,0.000000,29.666109,27.000000
4.863281,-0.308594,0.863281,0.000000,30.610754,27.000000
1.824219,1.064453,-0.259766,-0.614669,25.587086,27.000000
0.041016,-0.033203,0.062500,0.000000,30.170334,27.000000
0.044922,-0.046875,0.103516,0.000000,29.063351,27.000000
1.113281,-0.515625,0.320312,0.000000,19.138138,27.000000
0.011719,-0.039062,-0.007812,0.000000,30.777311,28.000000
0.017578,-0.080078,-0.007812,0.000000,32.011238,28.000000
0.029297,-0.119141,-0.005859,0.000000,30.257154,28.000000
0.056641,-0.154297,0.005859,0.000000,25.526682,28.000000
0.353516,-0.080078,-1.214844,0.000000,21.931246,28.000000
0.281250,-0.041016,1.277344,0.000000,23.242825,28.000000
0.457031,-0.042969,1.269531,0.000000,21.903316,28.000000
1.650391,1.150391,0.371094,0.000000,28.887409,28.000000
2.542969,-0.263672,1.197266,0.000000,29.493900,28.000000
2.601562,-0.267578,1.166016,0.000000,32.823956,28.000000
2.658203,-0.271484,1.136719,0.000000,32.035767,28.000000
4.419922,-0.287109,1.169922,0.000000,30.806265,28.000000
4.470703,-0.289062,1.136719,0.000000,30.445398,28.000000
4.742188,-0.449219,-0.474609,0.000000,33.209766,28.000000
4.783203,-0.453125,-0.460938,0.000000,33.765770,28.000000
4.820312,-0.457031,-0.501953,0.000000,30.729847,28.000000
4.871094,-0.464844,0.750000,0.000000,30.549959,28.000000
0.041016,-0.033203,0.062500,0.000000,30.170334,28.000000
0.044922,-0.046875,0.103516,0.000000,29.068735,28.000000
1.115234,-0.515625,0.316406,0.000000,19.084850,28.000000
0.011719,-0.039062,-0.007812,0.000000,30.780941,29.000000
0.017578,-0.080078,-0.007812,0.000000,32.008507,29.000000
0.029297,-0.119141,-0.005859,0.000000,30.253059,29.000000
0.056641,-0.154297,0.005859,0.000000,25.526682,29.000000
0.359375,-0.080078,-1.212891,0.000000,21.958996,29.000000
0.263672,-0.041016,1.281250,0.000000,23.283796,29.000000
0.451172,-0.042969,1.271484,0.000000,21.903316,29.000000
1.681641,1.064453,0.240234,0.000000,28.573324,29.000000
1.720703,1.085938,0.205078,0.000000,30.362295,29.000000
1.759766,1.107422,0.164062,0.000000,28.273693,29.000000
2.546875,-0.263672,1.185547,0.000000,29.484129,29.000000
2.603516,-0.267578,1.164062,0.000000,32.828487,29.000000
2.658203,-0.271484,1.138672,0.000000,32.038486,29.000000
4.408203,-0.287109,1.216797,0.000000,30.802656,29.000000
4.462891,-0.289062,1.171875,0.000000,30.476643,29.000000
4.738281,-0.449219,-0.511719,0.000000,33.261311,29.000000
4.783203,-0.453125,-0.458984,0.000000,33.732800,29.000000
4.835938,-0.457031,-0.322266,0.000000,30.542299,29.000000
4.851562,-0.460938,0.582031,0.000000,29.772661,29.000000
4.878906,-0.308594,0.771484,0.000000,30.629578,29.000000
0.041016,-0.033203,0.062500,0.000000,30.166155,29.000000
0.044922,-0.046875,0.103516,0.000000,29.057959,29.000000
1.207031,0.357422,0.160156,0.000000,19.084850,29.000000
0.011719,-0.039062,-0.007812,0.000000,30.777311,30.000000
0.017578,-0.080078,-0.007812,0.000000,32.008507,30.000000
0.029297,-0.119141,-0.003906,0.000000,30.253059,30.000000
0.056641,-0.154297,0.005859,0.000000,25.526682,30.000000
0.392578,-0.080078,-1.203125,0.000000,21.986570,30.000000
0.240234,-0.041016,1.285156,0.000000,23.304138,30.000000
0.345703,-0.000000,1.304688,0.000000,21.903316,30.000000
1.693359,1.001953,0.380859,0.000000,28.337843,30.000000
1.748047,1.023438,0.283203,0.000000,29.390198,30.000000
2.548828,-0.263672,1.181641,0.000000,29.464523,30.000000
2.605469,-0.267578,1.158203,0.000000,32.823956,30.000000
2.660156,-0.271484,1.132812,0.000000,32.046623,30.000000
4.412109,-0.287109,1.197266,0.000000,30.806265,30.000000
4.462891,-0.289062,1.167969,0.000000,30.476643,30.000000
4.746094,-0.449219,-0.414062,0.000000,33.195225,30.000000
4.798828,-0.453125,-0.240234,0.000000,33.586960,30.000000
4.835938,-0.457031,0.320312,0.000000,30.297895,30.000000
4.814453,-0.306641,0.908203,0.000000,30.322157,30.000000
4.859375,-0.308594,0.888672,0.000000,30.799046,30.000000
1.806641,1.042969,-0.007812,-0.614669,27.435097,30.000000
0.041016,-0.033203,0.062500,0.000000,30.170334,30.000000
0.044922,-0.046875,0.103516,0.000000,29.074114,30.000000
1.115234,-0.515625,0.316406,0.000000,19.030899,30.000000
0.011719,-0.039062,-0.007812,0.000000,30.784569,31.000000
0.017578,-0.080078,-0.007812,0.000000,32.011238,31.000000
0.029297,-0.119141,-0.005859,0.000000,30.253059,31.000000
0.056641,-0.154297,0.005859,0.000000,25.526682,31.000000
0.343750,-0.080078,-1.218750,0.000000,21.958996,31.000000
0.304688,-0.041016,1.271484,0.000000,23.263359,31.000000
0.492188,-0.042969,1.255859,0.000000,21.931246,31.000000
2.550781,-0.263672,1.179688,0.000000,29.479237,31.000000
2.603516,-0.267578,1.162109,0.000000,32.821690,31.000000
2.658203,-0.271484,1.138672,0.000000,32.035767,31.000000
4.410156,-0.287109,1.210938,0.000000,30.824263,31.000000
4.460938,-0.289062,1.175781,0.000000,30.472748,31.000000
4.742188,-0.449219,-0.472656,0.000000,33.269501,31.000000
4.789062,-0.453125,-0.410156,0.000000,33.632359,31.000000
4.843750,-0.457031,-0.146484,0.000000,29.995655,31.000000
4.851562,-0.308594,0.927734,0.000000,30.618294,31.000000
2.082031,0.773438,-0.353516,-1.229337,23.463530,31.000000
2.121094,0.787109,-0.357422,-1.229337,24.638929,31.000000
2.134766,0.875000,-0.333984,-1.229337,22.576786,31.000000
1.732422,1.001953,0.121094,-0.614669,29.068735,31.000000
1.732422,1.085938,0.066406,-0.614669,29.175055,31.000000
0.041016,-0.033203,0.062500,0.000000,30.174507,31.000000
0.044922,-0.046875,0.103516,0.000000,29.068735,31.000000
1.119141,-0.515625,0.302734,0.000000,19.030899,31.000000
0.011719,-0.039062,-0.007812,0.000000,30.780941,32.000000
0.017578,-0.080078,-0.007812,0.000000,32.008507,32.000000
0.041016,-0.115234,-0.007812,0.000000,30.248960,32.000000
0.056641,-0.154297,0.005859,0.000000,25.526682,32.000000
0.316406,-0.080078,-1.224609,0.000000,21.903316,32.000000
0.300781,-0.041016,1.273438,0.000000,23.222193,32.000000
0.410156,-0.000000,1.287109,0.000000,21.875208,32.000000
2.552734,-0.263672,1.173828,0.000000,29.459606,32.000000
2.607422,-0.267578,1.152344,0.000000,32.812607,32.000000
2.662109,-0.271484,1.130859,0.000000,32.030331,32.000000
4.419922,-0.287109,1.171875,0.000000,30.806265,32.000000
4.470703,-0.289062,1.136719,0.000000,30.461048,32.000000
4.689453,-0.445312,-0.572266,0.000000,29.400181,32.000000
4.748047,-0.449219,-0.408203,0.000000,33.242825,32.000000
4.800781,-0.453125,-0.224609,0.000000,33.745651,32.000000
4.845703,-0.457031,0.119141,0.000000,30.762762,32.000000
4.847656,-0.460938,0.623047,0.000000,30.132587,32.000000
4.871094,-0.308594,0.820312,0.000000,30.652061,32.000000
2.107422,0.859375,-0.263672,-1.229337,21.583626,32.000000
1.806641,1.042969,0.000000,-0.614669,25.550945,32.000000
0.041016,-0.033203,0.062500,0.000000,30.170334,32.000000
0.044922,-0.046875,0.103516,0.000000,29.068735,32.000000
1.117188,-0.474609,0.365234,0.000000,19.084850,32.000000
0.011719,-0.039062,-0.007812,0.000000,30.777311,33.000000
0.017578,-0.080078,-0.007812,0.000000,32.005768,33.000000
0.029297,-0.119141,-0.005859,0.000000,30.248960,33.000000
0.056641,-0.154297,0.005859,0.000000,25.514500,33.000000
0.333984,-0.080078,-1.220703,0.000000,21.986570,33.000000
0.294922,-0.041016,1.275391,0.000000,23.263359,33.000000
0.478516,-0.042969,1.261719,0.000000,21.931246,33.000000
2.556641,-0.263672,1.167969,0.000000,29.400181,33.000000
2.607422,-0.267578,1.154297,0.000000,32.789822,33.000000
2.660156,-0.271484,1.130859,0.000000,32.013969,33.000000
4.412109,-0.287109,1.199219,0.000000,30.813473,33.000000
4.457031,-0.289062,1.187500,0.000000,30.468851,33.000000
4.671875,-0.445312,-0.703125,0.000000,29.513374,33.000000
4.730469,-0.449219,-0.572266,0.000000,33.348557,33.000000
4.781250,-0.453125,-0.490234,0.000000,33.821972,33.000000
4.832031,-0.457031,-0.361328,0.000000,30.584261,33.000000
4.845703,-0.464844,0.896484,0.000000,30.561422,33.000000
1.689453,0.982422,-0.195312,-0.614669,26.998377,33.000000
1.718750,1.001953,-0.246094,-0.614669,28.686445,33.000000
1.740234,1.023438,-0.333984,-0.614669,26.503075,33.000000
0.041016,-0.033203,0.062500,0.000000,30.166155,33.000000
0.044922,-0.046875,0.103516,0.000000,29.063351,33.000000
1.115234,-0.515625,0.312500,0.000000,19.138138,33.000000
2.826172,-2.003906,-2.998047,0.000000,27.810369,33.000000
0.011719,-0.039062,-0.007812,0.000000,30.777311,34.000000
0.017578,-0.080078,-0.007812,0.000000,32.008507,34.000000
0.029297,-0.119141,-0.005859,0.000000,30.253059,34.000000
0.056641,-0.154297,0.005859,0.000000,25.538830,34.000000
0.382812,-0.080078,-1.207031,0.000000,21.931246,34.000000
0.269531,-0.041016,1.279297,0.000000,23.263359,34.000000
0.474609,-0.042969,1.263672,0.000000,21.903316,34.000000
2.550781,-0.263672,1.177734,0.000000,29.454685,34.000000
2.605469,-0.267578,1.158203,0.000000,32.812607,34.000000
2.658203,-0.271484,1.136719,0.000000,32.035767,34.000000
4.416016,-0.287109,1.185547,0.000000,30.777311,34.000000
4.466797,-0.289062,1.150391,0.000000,30.449316,34.000000
4.740234,-0.449219,-0.492188,0.000000,33.230457,34.000000
4.794922,-0.453125,-0.332031,0.000000,33.662361,34.000000
4.845703,-0.457031,0.064453,0.000000,30.441477,34.000000
4.820312,-0.460938,0.800781,0.000000,30.081741,34.000000
4.853516,-0.308594,0.916016,0.000000,30.748165,34.000000
1.763672,0.939453,-0.150391,-0.614669,25.538830,34.000000
0.041016,-0.033203,0.062500,0.000000,30.166155,34.000000
0.044922,-0.046875,0.103516,0.000000,29.063351,34.000000
1.117188,-0.515625,0.308594,0.000000,19.030899,34.000000
2.830078,-1.861328,-3.083984,0.000000,27.788744,34.000000
0.011719,-0.039062,-0.007812,0.000000,30.777311,35.000000
0.017578,-0.080078,-0.007812,0.000000,32.008507,35.000000
0.029297,-0.119141,-0.005859,0.000000,30.248960,35.000000
0.056641,-0.154297,0.005859,0.000000,25.526682,35.000000
0.361328,-0.080078,-1.212891,0.000000,21.903316,35.000000
0.273438,-0.041016,1.279297,0.000000,23.242825,35.000000
0.417969,-0.000000,1.283203,0.000000,21.903316,35.000000
2.548828,-0.263672,1.183594,0.000000,29.454685,35.000000
2.605469,-0.267578,1.158203,0.000000,32.810333,35.000000
2.660156,-0.271484,1.134766,0.000000,32.035767,35.000000
4.410156,-0.287109,1.205078,0.000000,30.817072,35.000000
4.464844,-0.289062,1.158203,0.000000,30.468851,35.000000
4.738281,-0.449219,-0.501953,0.000000,33.134453,35.000000
4.779297,-0.453125,-0.500000,0.000000,33.607826,35.000000
4.832031,-0.457031,-0.361328,0.000000,30.170334,35.000000
4.853516,-0.308594,0.919922,0.000000,30.689276,35.000000
1.664062,0.960938,-0.066406,-0.614669,27.671558,35.000000
1.732422,0.919922,-0.099609,-0.614669,29.637878,35.000000
1.732422,1.001953,-0.103516,-0.614669,28.149132,35.000000
0.041016,-0.033203,0.062500,0.000000,30.174507,35.000000
0.044922,-0.046875,0.103516,0.000000,29.068735,35.000000
1.207031,0.357422,0.156250,0.000000,19.030899,35.000000
0.011719,-0.039062,-0.007812,0.000000,30.777311,36.000000
0.017578,-0.080078,-0.007812,0.000000,32.008507,36.000000
0.029297,-0.119141,-0.005859,0.000000,30.248960,36.000000
0.056641,-0.154297,0.005859,0.000000,25.526682,36.000000
0.353516,-0.080078,-1.214844,0.000000,21.931246,36.000000
0.251953,-0.041016,1.283203,0.000000,23.242825,36.000000
0.425781,-0.042969,1.279297,0.000000,21.903316,36.000000
2.548828,-0.263672,1.181641,0.000000,29.484129,36.000000
2.603516,-0.267578,1.162109,0.000000,32.823956,36.000000
2.660156,-0.271484,1.134766,0.000000,32.035767,36.000000
4.412109,-0.287109,1.199219,0.000000,30.831442,36.000000
4.466797,-0.289062,1.156250,0.000000,30.480532,36.000000
4.734375,-0.449219,-0.541016,0.000000,33.285835,36.000000
4.789062,-0.453125,-0.398438,0.000000,33.814762,36.000000
4.843750,-0.457031,-0.181641,0.000000,30.795429,36.000000
4.843750,-0.460938,0.646484,0.000000,29.907827,36.000000
4.857422,-0.308594,0.902344,0.000000,30.640835,36.000000
1.699219,0.900391,-0.013672,-0.614669,28.331470,36.000000
1.734375,0.919922,-0.019531,-0.614669,28.273693,36.000000
0.041016,-0.033203,0.062500,0.000000,30.170334,36.000000
0.044922,-0.046875,0.103516,0.000000,29.063351,36.000000
1.205078,0.357422,0.167969,0.000000,19.084850,36.000000
0.011719,-0.039062,-0.007812,0.000000,30.780941,37.000000
0.017578,-0.080078,-0.007812,0.000000,32.011238,37.000000
0.029297,-0.119141,-0.005859,0.000000,30.253059,37.000000
0.056641,-0.154297,0.005859,0.000000,25.538830,37.000000
0.359375,-0.080078,-1.212891,0.000000,21.958996,37.000000
0.281250,-0.041016,1.277344,0.000000,23.263359,37.000000
0.460938,-0.042969,1.267578,0.000000,21.903316,37.000000
2.541016,-0.263672,1.201172,0.000000,29.459606,37.000000
2.599609,-0.267578,1.167969,0.000000,32.814880,37.000000
2.658203,-0.271484,1.138672,0.000000,32.030331,37.000000
4.416016,-0.287109,1.183594,0.000000,30.773680,37.000000
4.470703,-0.289062,1.140625,0.000000,30.413927,37.000000
4.726562,-0.449219,-0.601562,0.000000,33.293980,37.000000
4.767578,-0.453125,-0.607422,0.000000,33.699577,37.000000
4.826172,-0.457031,-0.431641,0.000000,30.199467,37.000000
4.841797,-0.464844,0.916016,0.000000,30.711452,37.000000
1.568359,1.189453,-0.376953,-1.229337,23.010300,37.000000
1.699219,1.085938,-0.337891,-1.229337,22.095150,37.000000
0.041016,-0.033203,0.062500,0.000000,30.166155,37.000000
0.052734,-0.042969,0.101562,0.000000,29.063351,37.000000
1.208984,0.357422,0.146484,0.000000,19.030899,37.000000
2.869141,-1.861328,-3.048828,0.000000,27.788744,37.000000
0.011719,-0.039062,-0.007812,0.000000,30.773680,38.000000
0.017578,-0.080078,-0.007812,0.000000,32.005768,38.000000
0.029297,-0.119141,-0.005859,0.000000,30.248960,38.000000
0.056641,-0.154297,0.005859,0.000000,25.538830,38.000000
0.359375,-0.080078,-1.212891,0.000000,21.903316,38.000000
0.300781,-0.041016,1.273438,0.000000,23.263359,38.000000
0.404297,-0.000000,1.289062,0.000000,21.903316,38.000000
2.558594,-0.263672,1.162109,0.000000,29.410143,38.000000
2.609375,-0.267578,1.150391,0.000000,32.789822,38.000000
2.662109,-0.271484,1.128906,0.000000,32.022160,38.000000
4.412109,-0.287109,1.201172,0.000000,30.802656,38.000000
4.460938,-0.289062,1.173828,0.000000,30.468851,38.000000
4.673828,-0.445312,-0.693359,0.000000,29.459606,38.000000
4.744141,-0.449219,-0.449219,0.000000,33.224262,38.000000
4.796875,-0.453125,-0.294922,0.000000,33.677284,38.000000
4.845703,-0.457031,-0.027344,0.000000,30.499929,38.000000
4.837891,-0.460938,0.693359,0.000000,29.813656,38.000000
4.855469,-0.464844,0.845703,0.000000,30.546131,38.000000
1.619141,1.103516,-0.125000,-1.229337,22.405493,38.000000
1.673828,1.064453,-0.283203,-1.229337,24.727564,38.000000
1.740234,1.023438,-0.335938,-1.229337,23.304138,38.000000
0.041016,-0.033203,0.062500,0.000000,30.170334,38.000000
0.044922,-0.046875,0.103516,0.000000,29.063351,38.000000
1.115234,-0.515625,0.314453,0.000000,19.030899,38.000000
0.011719,-0.039062,-0.007812,0.000000,30.777311,39.000000
0.017578,-0.080078,-0.007812,0.000000,32.008507,39.000000
0.029297,-0.119141,-0.003906,0.000000,30.253059,39.000000
0.056641,-0.154297,0.005859,0.000000,25.538830,39.000000
0.369141,-0.080078,-1.210938,0.000000,21.931246,39.000000
0.292969,-0.041016,1.275391,0.000000,23.283796,39.000000
0.414062,-0.000000,1.285156,0.000000,21.931246,39.000000
2.550781,-0.263672,1.181641,0.000000,29.489017,39.000000
2.601562,-0.267578,1.166016,0.000000,32.835274,39.000000
2.652344,-0.271484,1.150391,0.000000,32.052044,39.000000
4.414062,-0.287109,1.191406,0.000000,30.795429,39.000000
4.468750,-0.289062,1.146484,0.000000,30.453230,39.000000
4.736328,-0.449219,-0.525391,0.000000,33.316296,39.000000
4.779297,-0.453125,-0.505859,0.000000,33.754807,39.000000
4.832031,-0.457031,-0.365234,0.000000,30.370279,39.000000
4.865234,-0.308594,0.855469,0.000000,30.507664,39.000000
1.664062,0.960938,-0.066406,-0.614669,26.304279,39.000000
1.701172,0.982422,-0.027344,-0.614669,27.450748,39.000000
1.734375,1.001953,-0.076172,-0.614669,25.763414,39.000000
0.041016,-0.033203,0.062500,0.000000,30.174507,39.000000
0.044922,-0.046875,0.103516,0.000000,29.068735,39.000000
1.207031,0.357422,0.150391,0.000000,19.138138,39.000000
2.802734,-2.003906,-3.019531,0.000000,27.803173,39.000000
0.011719,-0.039062,-0.007812,0.000000,30.773680,40.000000
0.017578,-0.080078,-0.007812,0.000000,32.008507,40.000000
0.041016,-0.115234,-0.007812,0.000000,30.253059,40.000000
0.056641,-0.154297,0.005859,0.000000,25.550945,40.000000
0.353516,-0.080078,-1.214844,0.000000,21.958996,40.000000
0.271484,-0.041016,1.279297,0.000000,23.242825,40.000000
0.443359,-0.042969,1.275391,0.000000,21.875208,40.000000
2.554688,-0.263672,1.171875,0.000000,29.395193,40.000000
2.607422,-0.267578,1.154297,0.000000,32.776093,40.000000
2.662109,-0.271484,1.128906,0.000000,31.997551,40.000000
4.412109,-0.287109,1.199219,0.000000,30.809870,40.000000
4.468750,-0.289062,1.144531,0.000000,30.484419,40.000000
4.669922,-0.445312,-0.710938,0.000000,29.444826,40.000000
4.740234,-0.449219,-0.482422,0.000000,33.289909,40.000000
4.794922,-0.453125,-0.306641,0.000000,33.703281,40.000000
4.845703,-0.457031,-0.021484,0.000000,30.507664,40.000000
4.845703,-0.460938,0.638672,0.000000,29.863237,40.000000
4.878906,-0.308594,0.773438,0.000000,30.622059,40.000000
1.546875,0.978516,-0.199219,-1.229337,28.020893,40.000000
1.578125,1.000000,-0.226562,-1.229337,28.773714,40.000000
1.611328,1.021484,-0.240234,-1.229337,27.299744,40.000000
1.734375,0.919922,0.013672,-0.614669,26.665180,40.000000
0.041016,-0.033203,0.062500,0.000000,30.166155,40.000000
0.044922,-0.046875,0.103516,0.000000,29.063351,40.000000
1.115234,-0.474609,0.371094,0.000000,19.138138,40.000000
2.853516,-2.003906,-2.972656,0.000000,27.824726,40.000000
0.011719,-0.039062,-0.007812,0.000000,30.777311,41.000000
0.017578,-0.080078,-0.007812,0.000000,32.005768,41.000000
0.041016,-0.115234,-0.007812,0.000000,30.248960,41.000000
0.056641,-0.154297,0.005859,0.000000,25.526682,41.000000
0.373047,-0.080078,-1.208984,0.000000,21.986570,41.000000
0.253906,-0.041016,1.283203,0.000000,23.283796,41.000000
0.439453,-0.042969,1.275391,0.000000,21.958996,41.000000
2.546875,-0.263672,1.185547,0.000000,29.454685,41.000000
2.603516,-0.267578,1.160156,0.000000,32.814880,41.000000
2.658203,-0.271484,1.136719,0.000000,32.041199,41.000000
4.417969,-0.287109,1.181641,0.000000,30.791813,41.000000
4.468750,-0.289062,1.146484,0.000000,30.480532,41.000000
4.634766,-0.445312,-0.912109,0.000000,29.642597,41.000000
4.712891,-0.449219,-0.707031,0.000000,33.400475,41.000000
4.767578,-0.453125,-0.603516,0.000000,33.811150,41.000000
4.833984,-0.457031,-0.349609,0.000000,30.526939,41.000000
4.833984,-0.460938,0.722656,0.000000,29.934362,41.000000
4.853516,-0.308594,0.917969,0.000000,30.740847,41.000000
1.587891,0.843750,0.097656,-0.614669,29.429996,41.000000
1.623047,0.863281,0.093750,-0.614669,31.461281,41.000000
1.658203,0.882812,0.101562,-0.614669,30.526939,41.000000
1.695312,0.900391,0.095703,-0.614669,27.118073,41.000000
0.041016,-0.033203,0.062500,0.000000,30.170334,41.000000
0.044922,-0.046875,0.103516,0.000000,29.063351,41.000000
1.115234,-0.515625,0.316406,0.000000,19.030899,41.000000
2.810547,-2.003906,-3.011719,0.000000,27.788744,41.000000
0.011719,-0.039062,-0.007812,0.000000,30.770042,42.000000
0.017578,-0.080078,-0.007812,0.000000,32.008507,42.000000
0.029297,-0.119141,-0.005859,0.000000,30.253059,42.000000
0.056641,-0.154297,0.005859,0.000000,25.538830,42.000000
0.394531,-0.080078,-1.203125,0.000000,21.931246,42.000000
0.230469,-0.041016,1.287109,0.000000,23.242825,42.000000
0.443359,-0.042969,1.275391,0.000000,21.875208,42.000000
2.546875,-0.263672,1.187500,0.000000,29.493900,42.000000
2.599609,-0.267578,1.171875,0.000000,32.819420,42.000000
2.652344,-0.271484,1.152344,0.000000,32.013969,42.000000
4.416016,-0.287109,1.187500,0.000000,30.795429,42.000000
4.460938,-0.289062,1.175781,0.000000,30.445398,42.000000
4.751953,-0.449219,-0.361328,0.000000,33.151302,42.000000
4.798828,-0.453125,-0.273438,0.000000,33.624825,42.000000
4.845703,-0.457031,0.007812,0.000000,30.433622,42.000000
4.832031,-0.460938,0.732422,0.000000,29.916691,42.000000
4.869141,-0.308594,0.828125,0.000000,30.648323,42.000000
1.621094,0.730469,0.277344,-0.614669,26.972294,42.000000
1.654297,0.748047,0.300781,-0.614669,27.853298,42.000000
0.041016,-0.033203,0.062500,0.000000,30.166155,42.000000
0.044922,-0.046875,0.103516,0.000000,29.063351,42.000000
1.207031,0.357422,0.162109,0.000000,19.030899,42.000000
2.806641,-2.003906,-3.015625,0.000000,27.831886,42.000000
0.011719,-0.039062,-0.007812,0.000000,30.777311,43.000000
0.017578,-0.080078,-0.007812,0.000000,32.008507,43.000000
0.041016,-0.115234,-0.007812,0.000000,30.248960,43.000000
0.056641,-0.154297,0.005859,0.000000,25.526682,43.000000
0.320312,-0.080078,-1.224609,0.000000,21.931246,43.000000
0.316406,-0.041016,1.269531,0.000000,23.242825,43.000000
0.419922,-0.000000,1.283203,0.000000,21.903316,43.000000
2.550781,-0.263672,1.179688,0.000000,29.439888,43.000000
2.605469,-0.267578,1.158203,0.000000,32.812607,43.000000
2.660156,-0.271484,1.134766,0.000000,32.038486,43.000000
4.417969,-0.287109,1.181641,0.000000,30.806265,43.000000
4.474609,-0.289062,1.126953,0.000000,30.441477,43.000000
4.736328,-0.449219,-0.521484,0.000000,33.322365,43.000000
4.781250,-0.453125,-0.478516,0.000000,33.760292,43.000000
4.841797,-0.457031,-0.189453,0.000000,30.526939,43.000000
4.859375,-0.308594,0.884766,0.000000,30.860037,43.000000
1.488281,0.933594,-0.076172,-0.614669,28.779470,43.000000
1.525391,0.957031,-0.005859,-0.614669,29.449759,43.000000
0.041016,-0.033203,0.062500,0.000000,30.170334,43.000000
0.044922,-0.046875,0.103516,0.000000,29.068735,43.000000
1.117188,-0.515625,0.308594,0.000000,19.030899,43.000000
0.011719,-0.039062,-0.007812,0.000000,30.777311,44.000000
0.017578,-0.080078,-0.007812,0.000000,32.008507,44.000000
0.041016,-0.115234,-0.007812,0.000000,30.253059,44.000000
0.056641,-0.154297,0.005859,0.000000,25.538830,44.000000
0.357422,-0.080078,-1.214844,0.000000,21.931246,44.000000
0.304688,-0.041016,1.271484,0.000000,23.283796,44.000000
0.492188,-0.042969,1.255859,0.000000,21.931246,44.000000
2.550781,-0.263672,1.179688,0.000000,29.420080,44.000000
2.605469,-0.267578,1.156250,0.000000,32.787537,44.000000
2.662109,-0.271484,1.126953,0.000000,31.997551,44.000000
4.419922,-0.287109,1.171875,0.000000,30.788193,44.000000
4.488281,-0.289062,1.070312,0.000000,30.449316,44.000000
4.761719,-0.449219,-0.197266,0.000000,33.261311,44.000000
4.798828,-0.453125,-0.248047,0.000000,33.793056,44.000000
4.843750,-0.457031,-0.166016,0.000000,30.718821,44.000000
4.865234,-0.460938,0.458984,0.000000,30.000000,44.000000
4.863281,-0.464844,0.789062,0.000000,30.799046,44.000000
1.599609,0.714844,0.156250,-0.614669,28.876173,44.000000
1.617188,0.787109,0.066406,-0.614669,29.836264,44.000000
1.654297,0.804688,-0.054688,-0.614669,28.267225,44.000000
1.654297,0.882812,-0.167969,-0.614669,25.378191,44.000000
0.041016,-0.033203,0.062500,0.000000,30.170334,44.000000
0.044922,-0.046875,0.103516,0.000000,29.063351,44.000000
1.117188,-0.474609,0.367188,0.000000,19.138138,44.000000
2.882812,-2.003906,-2.943359,0.000000,27.817554,44.000000
0.011719,-0.039062,-0.007812,0.000000,30.780941,45.000000
0.017578,-0.080078,-0.007812,0.000000,32.011238,45.000000
0.029297,-0.119141,-0.005859,0.000000,30.253059,45.000000
0.056641,-0.154297,0.005859,0.000000,25.526682,45.000000
0.345703,-0.080078,-1.216797,0.000000,21.903316,45.000000
0.289062,-0.041016,1.275391,0.000000,23.222193,45.000000
0.472656,-0.042969,1.263672,0.000000,21.903316,45.000000
2.556641,-0.263672,1.167969,0.000000,29.420080,45.000000
2.609375,-0.267578,1.148438,0.000000,32.782963,45.000000
2.667969,-0.271484,1.113281,0.000000,32.008507,45.000000
4.414062,-0.287109,1.191406,0.000000,30.802656,45.000000
4.478516,-0.289062,1.111328,0.000000,30.488300,45.000000
4.728516,-0.449219,-0.587891,0.000000,33.014641,45.000000
4.785156,-0.453125,-0.439453,0.000000,33.552601,45.000000
4.839844,-0.457031,-0.257812,0.000000,30.174507,45.000000
4.792969,-0.460938,0.951172,0.000000,29.314579,45.000000
4.835938,-0.308594,1.007812,0.000000,30.350292,45.000000
1.482422,0.900391,-0.480469,-0.614669,26.031445,45.000000
0.041016,-0.033203,0.062500,0.000000,30.170334,45.000000
0.044922,-0.046875,0.103516,0.000000,29.063351,45.000000
1.208984,0.357422,0.146484,0.000000,19.030899,45.000000
2.832031,-2.003906,-2.992188,0.000000,27.810369,45.000000
1.416016,0.281250,1.074219,-0.614669,23.926970,45.000000
0.011719,-0.039062,-0.007812,0.000000,30.773680,46.000000
0.017578,-0.080078,-0.007812,0.000000,32.005768,46.000000
0.029297,-0.119141,-0.005859,0.000000,30.248960,46.000000
0.056641,-0.154297,0.005859,0.000000,25.526682,46.000000
0.375000,-0.080078,-1.208984,0.000000,21.903316,46.000000
