2.615234,-0.175781,1.048828,0.000000,29.025467,0.000000
2.660156,-0.179688,1.046875,0.000000,32.273724,0.000000
2.753906,-0.089844,0.917969,0.000000,31.316187,0.000000
4.416016,-0.142578,1.210938,0.000000,31.451963,0.000000
4.443359,-0.144531,1.269531,0.000000,31.319393,0.000000
4.746094,-0.298828,-0.542969,0.000000,33.428173,0.000000
4.781250,-0.300781,-0.585938,0.000000,34.131321,0.000000
4.791016,-0.152344,-0.847656,0.000000,31.132748,0.000000
4.902344,-0.308594,0.607422,0.000000,31.010593,0.000000
4.951172,-0.623047,0.099609,0.000000,29.867718,0.000000
0.011719,0.031250,0.025391,0.000000,29.400181,0.000000
0.041016,-0.033203,0.062500,0.000000,30.153597,0.000000
0.052734,-0.042969,0.103516,0.000000,29.020029,0.000000
0.011719,-0.039062,-0.007812,0.000000,30.762762,1.000000
0.017578,-0.080078,-0.009766,0.000000,31.992065,1.000000
0.029297,-0.119141,-0.005859,0.000000,30.253059,1.000000
0.056641,-0.154297,0.005859,0.000000,25.502283,1.000000
0.140625,-0.080078,1.257812,0.000000,23.138672,1.000000
0.427734,-0.083984,-1.277344,0.000000,22.988531,1.000000
0.556641,-0.042969,-1.273438,0.000000,21.673174,1.000000
2.609375,-0.175781,1.060547,0.000000,29.030899,1.000000
2.658203,-0.179688,1.048828,0.000000,32.268578,1.000000
2.753906,-0.089844,0.919922,0.000000,31.303337,1.000000
4.414062,-0.142578,1.220703,0.000000,31.445742,1.000000
4.441406,-0.144531,1.275391,0.000000,31.312979,1.000000
4.736328,-0.298828,-0.625000,0.000000,33.334473,1.000000
4.769531,-0.300781,-0.681641,0.000000,34.010559,1.000000
4.785156,-0.152344,-0.882812,0.000000,30.718821,1.000000
4.892578,-0.308594,0.677734,0.000000,31.024338,1.000000
4.951172,-0.623047,0.111328,0.000000,29.786369,1.000000
0.011719,0.031250,0.025391,0.000000,29.400181,1.000000
0.041016,-0.033203,0.062500,0.000000,30.149403,1.000000
0.052734,-0.042969,0.103516,0.000000,29.020029,1.000000
0.011719,-0.039062,-0.007812,0.000000,30.766405,2.000000
0.017578,-0.080078,-0.009766,0.000000,31.992065,2.000000
0.029297,-0.119141,-0.005859,0.000000,30.253059,2.000000
0.056641,-0.154297,0.005859,0.000000,25.514500,2.000000
0.171875,-0.080078,1.253906,0.000000,23.180634,2.000000
0.058594,-0.082031,1.304688,0.000000,24.638929,2.000000
0.429688,-0.083984,-1.277344,0.000000,23.031961,2.000000
0.564453,-0.042969,-1.269531,0.000000,21.673174,2.000000
2.607422,-0.175781,1.066406,0.000000,29.052561,2.000000
2.656250,-0.179688,1.054688,0.000000,32.278866,2.000000
2.751953,-0.089844,0.921875,0.000000,31.309767,2.000000
4.416016,-0.142578,1.214844,0.000000,31.417633,2.000000
4.441406,-0.144531,1.273438,0.000000,31.303337,2.000000
4.738281,-0.298828,-0.609375,0.000000,33.378586,2.000000
4.769531,-0.300781,-0.671875,0.000000,34.046627,2.000000
4.777344,-0.152344,-0.925781,0.000000,30.744507,2.000000
4.892578,-0.308594,0.685547,0.000000,31.082266,2.000000
4.951172,-0.623047,0.097656,0.000000,29.881128,2.000000
0.011719,0.031250,0.025391,0.000000,29.405165,2.000000
0.041016,-0.033203,0.062500,0.000000,30.149403,2.000000
0.052734,-0.042969,0.103516,0.000000,29.020029,2.000000
0.011719,-0.039062,-0.007812,0.000000,30.759117,3.000000
0.017578,-0.080078,-0.009766,0.000000,31.994808,3.000000
0.029297,-0.119141,-0.005859,0.000000,30.261246,3.000000
0.056641,-0.154297,0.005859,0.000000,25.526682,3.000000
0.142578,-0.080078,1.257812,0.000000,23.159704,3.000000
0.414062,-0.083984,-1.283203,0.000000,23.053514,3.000000
0.548828,-0.042969,-1.277344,0.000000,21.702618,3.000000
2.613281,-0.175781,1.052734,0.000000,29.047155,3.000000
2.656250,-0.179688,1.052734,0.000000,32.281437,3.000000
2.751953,-0.089844,0.923828,0.000000,31.303337,3.000000
4.410156,-0.142578,1.232422,0.000000,31.433271,3.000000
4.435547,-0.144531,1.292969,0.000000,31.309767,3.000000
4.730469,-0.298828,-0.662109,0.000000,33.388546,3.000000
4.763672,-0.300781,-0.720703,0.000000,34.003654,3.000000
4.781250,-0.152344,-0.902344,0.000000,30.546131,3.000000
4.894531,-0.308594,0.671875,0.000000,31.072100,3.000000
4.951172,-0.623047,0.105469,0.000000,29.876663,3.000000
4.904297,1.437500,0.146484,0.000000,28.727388,3.000000
0.011719,0.031250,0.025391,0.000000,29.400181,3.000000
0.041016,-0.033203,0.062500,0.000000,30.149403,3.000000
0.052734,-0.042969,0.103516,0.000000,29.025467,3.000000
0.011719,-0.039062,-0.007812,0.000000,30.766405,4.000000
0.017578,-0.080078,-0.009766,0.000000,31.994808,4.000000
0.029297,-0.119141,-0.005859,0.000000,30.253059,4.000000
0.056641,-0.154297,0.005859,0.000000,25.514500,4.000000
0.126953,-0.080078,1.259766,0.000000,23.138672,4.000000
0.044922,-0.082031,-1.306641,0.000000,24.623980,4.000000
0.433594,-0.083984,-1.275391,0.000000,23.031961,4.000000
0.562500,-0.042969,-1.271484,0.000000,21.702618,4.000000
2.619141,-0.175781,1.035156,0.000000,28.992731,4.000000
2.662109,-0.179688,1.039062,0.000000,32.271152,4.000000
2.757812,-0.089844,0.906250,0.000000,31.322598,4.000000
4.412109,-0.142578,1.226562,0.000000,31.445742,4.000000
4.439453,-0.144531,1.281250,0.000000,31.319393,4.000000
4.738281,-0.298828,-0.611328,0.000000,33.287872,4.000000
4.775391,-0.300781,-0.636719,0.000000,33.891663,4.000000
4.810547,-0.152344,-0.724609,0.000000,30.437551,4.000000
4.892578,-0.308594,0.679688,0.000000,31.055101,4.000000
4.951172,-0.623047,0.078125,0.000000,29.790930,4.000000
0.011719,0.031250,0.025391,0.000000,29.395193,4.000000
0.041016,-0.033203,0.062500,0.000000,30.149403,4.000000
0.052734,-0.042969,0.103516,0.000000,29.020029,4.000000
0.011719,-0.039062,-0.007812,0.000000,30.762762,5.000000
0.017578,-0.080078,-0.009766,0.000000,31.994808,5.000000
0.029297,-0.119141,-0.005859,0.000000,30.261246,5.000000
0.056641,-0.154297,0.005859,0.000000,25.526682,5.000000
0.136719,-0.080078,1.257812,0.000000,23.138672,5.000000
0.406250,-0.083984,-1.285156,0.000000,23.031961,5.000000
0.550781,-0.042969,-1.277344,0.000000,21.702618,5.000000
2.605469,-0.175781,1.070312,0.000000,29.068735,5.000000
2.654297,-0.179688,1.058594,0.000000,32.281437,5.000000
2.748047,-0.089844,0.933594,0.000000,31.312979,5.000000
4.414062,-0.142578,1.218750,0.000000,31.455072,5.000000
4.443359,-0.144531,1.269531,0.000000,31.322598,5.000000
4.732422,-0.298828,-0.650391,0.000000,33.394516,5.000000
4.763672,-0.300781,-0.714844,0.000000,34.032921,5.000000
4.777344,-0.152344,-0.917969,0.000000,30.655798,5.000000
4.898438,-0.308594,0.638672,0.000000,31.082266,5.000000
4.951172,-0.623047,0.095703,0.000000,29.854265,5.000000
0.011719,0.031250,0.025391,0.000000,29.400181,5.000000
0.041016,-0.033203,0.062500,0.000000,30.145205,5.000000
0.052734,-0.042969,0.103516,0.000000,29.014584,5.000000
0.011719,-0.039062,-0.007812,0.000000,30.766405,6.000000
0.017578,-0.080078,-0.009766,0.000000,31.994808,6.000000
0.029297,-0.119141,-0.005859,0.000000,30.261246,6.000000
0.056641,-0.154297,0.005859,0.000000,25.514500,6.000000
0.177734,-0.080078,1.253906,0.000000,23.159704,6.000000
0.041016,-0.082031,1.306641,0.000000,24.638929,6.000000
0.396484,-0.083984,-1.287109,0.000000,23.053514,6.000000
0.539062,-0.042969,-1.281250,0.000000,21.702618,6.000000
2.611328,-0.175781,1.056641,0.000000,29.025467,6.000000
2.660156,-0.179688,1.042969,0.000000,32.265999,6.000000
2.755859,-0.089844,0.910156,0.000000,31.306553,6.000000
4.414062,-0.142578,1.218750,0.000000,31.455072,6.000000
4.439453,-0.144531,1.279297,0.000000,31.322598,6.000000
4.742188,-0.298828,-0.580078,0.000000,33.523754,6.000000
4.773438,-0.300781,-0.648438,0.000000,34.207806,6.000000
4.775391,-0.152344,-0.931641,0.000000,30.993353,6.000000
4.904297,-0.308594,0.597656,0.000000,31.115986,6.000000
4.951172,-0.623047,0.056641,0.000000,29.973864,6.000000
0.011719,0.031250,0.025391,0.000000,29.400181,6.000000
0.041016,-0.033203,0.062500,0.000000,30.141003,6.000000
0.052734,-0.042969,0.103516,0.000000,29.014584,6.000000
0.011719,-0.039062,-0.007812,0.000000,30.766405,7.000000
0.017578,-0.080078,-0.009766,0.000000,31.994808,7.000000
0.029297,-0.119141,-0.005859,0.000000,30.257154,7.000000
0.056641,-0.154297,0.005859,0.000000,25.526682,7.000000
0.142578,-0.080078,1.257812,0.000000,23.117538,7.000000
0.435547,-0.083984,-1.275391,0.000000,23.010300,7.000000
0.558594,-0.042969,-1.273438,0.000000,21.643528,7.000000
2.611328,-0.175781,1.054688,0.000000,28.981766,7.000000
2.660156,-0.179688,1.044922,0.000000,32.242741,7.000000
2.755859,-0.089844,0.910156,0.000000,31.277525,7.000000
4.412109,-0.142578,1.228516,0.000000,31.479853,7.000000
4.439453,-0.144531,1.279297,0.000000,31.328999,7.000000
4.716797,-0.298828,-0.751953,0.000000,33.465485,7.000000
4.740234,-0.300781,-0.861328,0.000000,34.191292,7.000000
4.722656,-0.152344,-1.173828,0.000000,30.906107,7.000000
4.900391,-0.308594,0.623047,0.000000,31.072100,7.000000
4.951172,-0.623047,0.052734,0.000000,29.849771,7.000000
0.011719,0.031250,0.025391,0.000000,29.400181,7.000000
0.041016,-0.033203,0.062500,0.000000,30.145205,7.000000
0.052734,-0.042969,0.103516,0.000000,29.020029,7.000000
0.011719,-0.039062,-0.007812,0.000000,30.762762,8.000000
0.017578,-0.080078,-0.009766,0.000000,31.994808,8.000000
0.029297,-0.119141,-0.005859,0.000000,30.257154,8.000000
0.056641,-0.154297,0.005859,0.000000,25.514500,8.000000
0.115234,-0.080078,1.259766,0.000000,23.159704,8.000000
0.437500,-0.083984,-1.275391,0.000000,23.031961,8.000000
0.574219,-0.042969,-1.265625,0.000000,21.673174,8.000000
2.625000,-0.175781,1.025391,0.000000,28.959747,8.000000
2.664062,-0.179688,1.033203,0.000000,32.245331,8.000000
2.759766,-0.089844,0.900391,0.000000,31.293676,8.000000
4.417969,-0.142578,1.207031,0.000000,31.427023,8.000000
4.443359,-0.144531,1.269531,0.000000,31.316187,8.000000
4.736328,-0.298828,-0.613281,0.000000,33.304138,8.000000
4.771484,-0.300781,-0.669922,0.000000,33.909351,8.000000
4.794922,-0.152344,-0.826172,0.000000,30.480532,8.000000
4.894531,-0.308594,0.673828,0.000000,31.003706,8.000000
4.951172,-0.623047,0.082031,0.000000,29.758911,8.000000
0.011719,0.031250,0.025391,0.000000,29.405165,8.000000
0.041016,-0.033203,0.062500,0.000000,30.145205,8.000000
0.052734,-0.042969,0.103516,0.000000,29.014584,8.000000
0.011719,-0.039062,-0.007812,0.000000,30.759117,9.000000
0.017578,-0.080078,-0.009766,0.000000,31.989319,9.000000
0.029297,-0.119141,-0.005859,0.000000,30.253059,9.000000
0.056641,-0.154297,0.005859,0.000000,25.514500,9.000000
0.160156,-0.080078,1.255859,0.000000,23.180634,9.000000
0.041016,-0.082031,1.306641,0.000000,24.638929,9.000000
0.406250,-0.083984,-1.285156,0.000000,23.031961,9.000000
0.531250,-0.042969,-1.285156,0.000000,21.673174,9.000000
2.617188,-0.175781,1.042969,0.000000,29.074114,9.000000
2.660156,-0.179688,1.044922,0.000000,32.299377,9.000000
2.755859,-0.089844,0.910156,0.000000,31.312979,9.000000
4.410156,-0.142578,1.230469,0.000000,31.455072,9.000000
4.439453,-0.144531,1.283203,0.000000,31.312979,9.000000
4.738281,-0.298828,-0.599609,0.000000,33.298046,9.000000
4.779297,-0.300781,-0.611328,0.000000,33.914642,9.000000
4.810547,-0.152344,-0.724609,0.000000,30.565237,9.000000
4.882812,-0.308594,0.750000,0.000000,31.109262,9.000000
4.947266,-0.623047,0.197266,0.000000,29.804579,9.000000
0.011719,0.031250,0.025391,0.000000,29.400181,9.000000
0.041016,-0.033203,0.062500,0.000000,30.145205,9.000000
0.052734,-0.042969,0.103516,0.000000,29.014584,9.000000
0.011719,-0.039062,-0.007812,0.000000,30.762762,10.000000
0.017578,-0.080078,-0.009766,0.000000,31.994808,10.000000
0.029297,-0.119141,-0.005859,0.000000,30.257154,10.000000
0.056641,-0.154297,0.005859,0.000000,25.502283,10.000000
0.166016,-0.080078,1.253906,0.000000,23.159704,10.000000
0.421875,-0.083984,-1.279297,0.000000,23.031961,10.000000
0.556641,-0.042969,-1.273438,0.000000,21.673174,10.000000
1.833984,0.894531,-0.130859,0.000000,27.307823,10.000000
2.603516,-0.175781,1.076172,0.000000,29.095560,10.000000
2.654297,-0.179688,1.056641,0.000000,32.291698,10.000000
2.751953,-0.089844,0.923828,0.000000,31.306553,10.000000
4.410156,-0.142578,1.234375,0.000000,31.458178,10.000000
4.437500,-0.144531,1.285156,0.000000,31.319393,10.000000
4.736328,-0.298828,-0.619141,0.000000,33.451775,10.000000
4.773438,-0.300781,-0.648438,0.000000,34.079006,10.000000
4.794922,-0.152344,-0.824219,0.000000,30.685570,10.000000
4.888672,-0.308594,0.707031,0.000000,31.031193,10.000000
4.951172,-0.623047,0.085938,0.000000,29.731279,10.000000
0.011719,0.031250,0.025391,0.000000,29.405165,10.000000
0.041016,-0.033203,0.062500,0.000000,30.153597,10.000000
0.052734,-0.042969,0.103516,0.000000,29.020029,10.000000
0.011719,-0.039062,-0.007812,0.000000,30.759117,11.000000
0.017578,-0.080078,-0.009766,0.000000,31.994808,11.000000
0.029297,-0.119141,-0.005859,0.000000,30.257154,11.000000
0.056641,-0.154297,0.003906,0.000000,25.502283,11.000000
0.107422,-0.080078,1.261719,0.000000,23.138672,11.000000
0.429688,-0.083984,-1.277344,0.000000,23.010300,11.000000
0.562500,-0.042969,-1.271484,0.000000,21.673174,11.000000
1.828125,0.894531,-0.201172,0.000000,27.520485,11.000000
2.609375,-0.175781,1.060547,0.000000,29.030899,11.000000
2.658203,-0.179688,1.048828,0.000000,32.271152,11.000000
2.753906,-0.089844,0.916016,0.000000,31.296900,11.000000
4.408203,-0.142578,1.240234,0.000000,31.445742,11.000000
4.437500,-0.144531,1.285156,0.000000,31.306553,11.000000
4.738281,-0.298828,-0.607422,0.000000,33.396503,11.000000
4.775391,-0.300781,-0.640625,0.000000,34.027771,11.000000
4.800781,-0.152344,-0.792969,0.000000,30.622059,11.000000
4.884766,-0.308594,0.732422,0.000000,31.058506,11.000000
4.949219,-0.623047,0.167969,0.000000,29.804579,11.000000
0.011719,0.031250,0.025391,0.000000,29.400181,11.000000
0.041016,-0.033203,0.062500,0.000000,30.149403,11.000000
0.052734,-0.042969,0.103516,0.000000,29.014584,11.000000
0.011719,-0.039062,-0.007812,0.000000,30.759117,12.000000
0.017578,-0.080078,-0.009766,0.000000,31.994808,12.000000
0.029297,-0.119141,-0.005859,0.000000,30.253059,12.000000
0.056641,-0.154297,0.005859,0.000000,25.514500,12.000000
0.083984,-0.080078,1.263672,0.000000,23.117538,12.000000
0.404297,-0.083984,-1.285156,0.000000,23.010300,12.000000
0.509766,-0.042969,-1.292969,0.000000,21.673174,12.000000
1.820312,0.894531,-0.259766,0.000000,27.307823,12.000000
2.613281,-0.175781,1.050781,0.000000,29.036325,12.000000
2.658203,-0.179688,1.048828,0.000000,32.263420,12.000000
2.753906,-0.089844,0.917969,0.000000,31.296900,12.000000
4.416016,-0.142578,1.214844,0.000000,31.401937,12.000000
4.439453,-0.144531,1.279297,0.000000,31.267805,12.000000
4.742188,-0.298828,-0.566406,0.000000,33.463531,12.000000
4.781250,-0.300781,-0.587891,0.000000,34.061993,12.000000
4.814453,-0.152344,-0.703125,0.000000,30.674429,12.000000
4.888672,-0.308594,0.708984,0.000000,31.156105,12.000000
4.949219,-0.623047,0.121094,0.000000,29.925535,12.000000
0.011719,0.031250,0.025391,0.000000,29.405165,12.000000
0.041016,-0.033203,0.062500,0.000000,30.149403,12.000000
0.052734,-0.042969,0.103516,0.000000,29.020029,12.000000
0.011719,-0.039062,-0.007812,0.000000,30.755470,13.000000
0.017578,-0.080078,-0.009766,0.000000,31.989319,13.000000
0.029297,-0.119141,-0.005859,0.000000,30.253059,13.000000
0.056641,-0.154297,0.005859,0.000000,25.490032,13.000000
0.152344,-0.080078,1.255859,0.000000,23.138672,13.000000
0.423828,-0.083984,-1.279297,0.000000,22.988531,13.000000
0.562500,-0.042969,-1.271484,0.000000,21.613680,13.000000
2.617188,-0.175781,1.044922,0.000000,29.009130,13.000000
2.662109,-0.179688,1.039062,0.000000,32.268578,13.000000
2.759766,-0.089844,0.902344,0.000000,31.306553,13.000000
4.408203,-0.142578,1.240234,0.000000,31.482941,13.000000
4.437500,-0.144531,1.285156,0.000000,31.328999,13.000000
4.732422,-0.298828,-0.650391,0.000000,33.477203,13.000000
4.765625,-0.300781,-0.703125,0.000000,34.138023,13.000000
4.781250,-0.152344,-0.898438,0.000000,30.788193,13.000000
4.888672,-0.308594,0.703125,0.000000,31.251558,13.000000
4.949219,-0.623047,0.169922,0.000000,30.064661,13.000000
0.011719,0.031250,0.025391,0.000000,29.400181,13.000000
0.041016,-0.033203,0.062500,0.000000,30.149403,13.000000
0.052734,-0.042969,0.103516,0.000000,29.014584,13.000000
0.011719,-0.039062,-0.007812,0.000000,30.755470,14.000000
0.017578,-0.080078,-0.009766,0.000000,31.989319,14.000000
0.029297,-0.119141,-0.005859,0.000000,30.248960,14.000000
0.056641,-0.154297,0.005859,0.000000,25.502283,14.000000
0.125000,-0.080078,1.259766,0.000000,23.138672,14.000000
0.072266,-0.082031,-1.304688,0.000000,24.608978,14.000000
0.427734,-0.083984,-1.277344,0.000000,23.010300,14.000000
0.537109,-0.042969,-1.281250,0.000000,21.702618,14.000000
1.865234,0.830078,-0.128906,0.000000,28.603380,14.000000
2.613281,-0.175781,1.050781,0.000000,29.036325,14.000000
2.658203,-0.179688,1.050781,0.000000,32.291698,14.000000
2.750000,-0.089844,0.927734,0.000000,31.325798,14.000000
4.414062,-0.142578,1.216797,0.000000,31.448854,14.000000
4.441406,-0.144531,1.273438,0.000000,31.312979,14.000000
4.726562,-0.298828,-0.687500,0.000000,33.279716,14.000000
4.767578,-0.300781,-0.699219,0.000000,33.886341,14.000000
4.804688,-0.152344,-0.763672,0.000000,30.476643,14.000000
4.888672,-0.308594,0.714844,0.000000,31.212315,14.000000
4.949219,-0.623047,0.158203,0.000000,30.030294,14.000000
0.011719,0.031250,0.025391,0.000000,29.405165,14.000000
0.041016,-0.033203,0.062500,0.000000,30.157787,14.000000
0.052734,-0.042969,0.103516,0.000000,29.020029,14.000000
0.011719,-0.039062,-0.007812,0.000000,30.751818,15.000000
0.017578,-0.080078,-0.009766,0.000000,31.992065,15.000000
0.029297,-0.119141,-0.005859,0.000000,30.257154,15.000000
0.056641,-0.154297,0.005859,0.000000,25.514500,15.000000
0.144531,-0.080078,1.257812,0.000000,23.201464,15.000000
0.404297,-0.083984,-1.285156,0.000000,23.053514,15.000000
0.550781,-0.042969,-1.277344,0.000000,21.702618,15.000000
2.609375,-0.175781,1.062500,0.000000,29.041744,15.000000
2.658203,-0.179688,1.050781,0.000000,32.271152,15.000000
2.753906,-0.089844,0.919922,0.000000,31.309767,15.000000
4.414062,-0.142578,1.218750,0.000000,31.417633,15.000000
4.439453,-0.144531,1.281250,0.000000,31.287222,15.000000
4.742188,-0.298828,-0.574219,0.000000,33.438023,15.000000
4.775391,-0.300781,-0.632812,0.000000,34.067104,15.000000
4.800781,-0.152344,-0.792969,0.000000,30.692980,15.000000
4.894531,-0.308594,0.664062,0.000000,31.115986,15.000000
4.951172,-0.623047,0.107422,0.000000,29.800034,15.000000
0.011719,0.031250,0.025391,0.000000,29.400181,15.000000
0.041016,-0.033203,0.062500,0.000000,30.149403,15.000000
0.052734,-0.042969,0.103516,0.000000,29.020029,15.000000
0.011719,-0.039062,-0.007812,0.000000,30.762762,16.000000
0.017578,-0.080078,-0.009766,0.000000,31.992065,16.000000
0.029297,-0.119141,-0.005859,0.000000,30.253059,16.000000
0.056641,-0.154297,0.005859,0.000000,25.502283,16.000000
0.107422,-0.080078,1.261719,0.000000,23.138672,16.000000
0.427734,-0.083984,-1.277344,0.000000,23.010300,16.000000
1.863281,0.830078,-0.144531,0.000000,28.337843,16.000000
2.613281,-0.175781,1.054688,0.000000,29.041744,16.000000
2.660156,-0.179688,1.042969,0.000000,32.276295,16.000000
2.757812,-0.089844,0.908203,0.000000,31.322598,16.000000
4.410156,-0.142578,1.230469,0.000000,31.414497,16.000000
4.435547,-0.144531,1.291016,0.000000,31.283993,16.000000
4.738281,-0.298828,-0.599609,0.000000,33.251049,16.000000
4.777344,-0.300781,-0.617188,0.000000,33.866772,16.000000
4.820312,-0.152344,-0.666016,0.000000,30.515385,16.000000
4.890625,-0.308594,0.695312,0.000000,31.261314,16.000000
4.949219,-0.623047,0.136719,0.000000,30.017338,16.000000
0.011719,0.031250,0.025391,0.000000,29.400181,16.000000
0.041016,-0.033203,0.062500,0.000000,30.153597,16.000000
0.052734,-0.042969,0.103516,0.000000,29.020029,16.000000
0.011719,-0.039062,-0.007812,0.000000,30.762762,17.000000
0.017578,-0.080078,-0.009766,0.000000,31.994808,17.000000
0.029297,-0.119141,-0.005859,0.000000,30.261246,17.000000
0.056641,-0.154297,0.005859,0.000000,25.514500,17.000000
0.152344,-0.080078,1.255859,0.000000,23.138672,17.000000
0.425781,-0.083984,-1.277344,0.000000,23.053514,17.000000
0.558594,-0.042969,-1.273438,0.000000,21.702618,17.000000
2.605469,-0.175781,1.072266,0.000000,29.030899,17.000000
2.660156,-0.179688,1.046875,0.000000,32.258259,17.000000
2.757812,-0.089844,0.904297,0.000000,31.283993,17.000000
4.408203,-0.142578,1.236328,0.000000,31.448854,17.000000
4.435547,-0.144531,1.292969,0.000000,31.312979,17.000000
4.742188,-0.298828,-0.574219,0.000000,33.402458,17.000000
4.779297,-0.300781,-0.603516,0.000000,34.029488,17.000000
4.812500,-0.152344,-0.710938,0.000000,30.678144,17.000000
4.892578,-0.308594,0.677734,0.000000,31.185953,17.000000
4.951172,-0.623047,0.015625,0.000000,29.938768,17.000000
0.011719,0.031250,0.025391,0.000000,29.405165,17.000000
0.041016,-0.033203,0.062500,0.000000,30.153597,17.000000
0.052734,-0.042969,0.103516,0.000000,29.025467,17.000000
0.011719,-0.039062,-0.007812,0.000000,30.762762,18.000000
0.017578,-0.080078,-0.009766,0.000000,31.992065,18.000000
0.029297,-0.119141,-0.005859,0.000000,30.253059,18.000000
0.056641,-0.154297,0.005859,0.000000,25.502283,18.000000
0.083984,-0.080078,1.263672,0.000000,23.180634,18.000000
0.408203,-0.083984,-1.283203,0.000000,23.010300,18.000000
0.537109,-0.042969,-1.283203,0.000000,21.673174,18.000000
1.849609,0.830078,-0.273438,0.000000,28.149132,18.000000
2.615234,-0.175781,1.046875,0.000000,29.014584,18.000000
2.658203,-0.179688,1.048828,0.000000,32.273724,18.000000
2.753906,-0.089844,0.919922,0.000000,31.328999,18.000000
4.408203,-0.142578,1.238281,0.000000,31.455072,18.000000
4.437500,-0.144531,1.289062,0.000000,31.328999,18.000000
4.730469,-0.298828,-0.666016,0.000000,33.394516,18.000000
4.769531,-0.300781,-0.677734,0.000000,34.031204,18.000000
4.802734,-0.152344,-0.783203,0.000000,30.715137,18.000000
4.892578,-0.308594,0.683594,0.000000,31.099159,18.000000
4.949219,-0.623047,0.111328,0.000000,29.790930,18.000000
0.011719,0.031250,0.025391,0.000000,29.395193,18.000000
0.041016,-0.033203,0.062500,0.000000,30.149403,18.000000
0.052734,-0.042969,0.103516,0.000000,29.020029,18.000000
0.011719,-0.039062,-0.007812,0.000000,30.762762,19.000000
0.017578,-0.080078,-0.009766,0.000000,31.992065,19.000000
0.029297,-0.119141,-0.005859,0.000000,30.257154,19.000000
0.056641,-0.154297,0.005859,0.000000,25.514500,19.000000
0.150391,-0.080078,1.255859,0.000000,23.138672,19.000000
0.429688,-0.083984,-1.277344,0.000000,23.053514,19.000000
0.562500,-0.042969,-1.271484,0.000000,21.731863,19.000000
1.851562,0.830078,-0.259766,0.000000,26.937269,19.000000
2.609375,-0.175781,1.060547,0.000000,29.052561,19.000000
2.656250,-0.179688,1.056641,0.000000,32.284004,19.000000
2.751953,-0.089844,0.925781,0.000000,31.322598,19.000000
4.408203,-0.142578,1.240234,0.000000,31.448854,19.000000
4.433594,-0.144531,1.298828,0.000000,31.319393,19.000000
4.732422,-0.298828,-0.646484,0.000000,33.300076,19.000000
4.771484,-0.300781,-0.658203,0.000000,33.961994,19.000000
4.804688,-0.152344,-0.765625,0.000000,30.689276,19.000000
4.912109,-0.308594,0.517578,0.000000,31.055101,19.000000
4.951172,-0.623047,-0.054688,0.000000,29.890047,19.000000
0.011719,0.031250,0.025391,0.000000,29.400181,19.000000
0.041016,-0.033203,0.062500,0.000000,30.153597,19.000000
0.052734,-0.042969,0.103516,0.000000,29.025467,19.000000
0.011719,-0.039062,-0.007812,0.000000,30.759117,20.000000
0.017578,-0.080078,-0.009766,0.000000,31.992065,20.000000
0.029297,-0.119141,-0.005859,0.000000,30.253059,20.000000
0.056641,-0.154297,0.003906,0.000000,25.502283,20.000000
0.167969,-0.080078,1.253906,0.000000,23.159704,20.000000
0.035156,-0.082031,1.306641,0.000000,24.623980,20.000000
0.402344,-0.083984,-1.285156,0.000000,23.031961,20.000000
0.527344,-0.042969,-1.285156,0.000000,21.673174,20.000000
2.615234,-0.175781,1.044922,0.000000,29.014584,20.000000
2.662109,-0.179688,1.037109,0.000000,32.253094,20.000000
2.759766,-0.089844,0.902344,0.000000,31.290451,20.000000
4.414062,-0.142578,1.220703,0.000000,31.423895,20.000000
4.439453,-0.144531,1.283203,0.000000,31.290451,20.000000
4.728516,-0.298828,-0.679688,0.000000,33.370598,20.000000
4.767578,-0.300781,-0.687500,0.000000,34.010559,20.000000
4.802734,-0.152344,-0.775391,0.000000,30.678144,20.000000
4.898438,-0.308594,0.642578,0.000000,31.245043,20.000000
4.951172,-0.623047,0.074219,0.000000,30.068937,20.000000
0.009766,0.031250,0.025391,0.000000,29.400181,20.000000
0.041016,-0.033203,0.062500,0.000000,30.153597,20.000000
0.052734,-0.042969,0.103516,0.000000,29.025467,20.000000
0.011719,-0.039062,-0.007812,0.000000,30.762762,21.000000
0.017578,-0.080078,-0.009766,0.000000,31.994808,21.000000
0.029297,-0.119141,-0.005859,0.000000,30.257154,21.000000
0.056641,-0.154297,0.005859,0.000000,25.502283,21.000000
0.144531,-0.080078,1.257812,0.000000,23.159704,21.000000
0.423828,-0.083984,-1.279297,0.000000,23.010300,21.000000
2.037109,0.759766,0.386719,0.000000,26.304279,21.000000
2.074219,0.773438,0.396484,0.000000,27.937904,21.000000
2.611328,-0.175781,1.058594,0.000000,29.047155,21.000000
2.658203,-0.179688,1.050781,0.000000,32.278866,21.000000
2.755859,-0.089844,0.914062,0.000000,31.332195,21.000000
4.414062,-0.142578,1.216797,0.000000,31.442627,21.000000
4.441406,-0.144531,1.273438,0.000000,31.309767,21.000000
4.740234,-0.298828,-0.589844,0.000000,33.502480,21.000000
4.777344,-0.300781,-0.617188,0.000000,34.050045,21.000000
4.808594,-0.152344,-0.746094,0.000000,30.700378,21.000000
4.892578,-0.308594,0.677734,0.000000,30.944712,21.000000
4.949219,-0.623047,0.121094,0.000000,29.623693,21.000000
0.011719,0.031250,0.025391,0.000000,29.400181,21.000000
0.041016,-0.033203,0.062500,0.000000,30.149403,21.000000
0.052734,-0.042969,0.103516,0.000000,29.025467,21.000000
0.011719,-0.039062,-0.007812,0.000000,30.759117,22.000000
0.017578,-0.080078,-0.009766,0.000000,31.992065,22.000000
0.029297,-0.119141,-0.005859,0.000000,30.257154,22.000000
0.056641,-0.154297,0.005859,0.000000,25.514500,22.000000
0.125000,-0.080078,1.259766,0.000000,23.138672,22.000000
0.009766,-0.082031,-1.306641,0.000000,24.608978,22.000000
0.425781,-0.083984,-1.277344,0.000000,22.988531,22.000000
0.560547,-0.042969,-1.271484,0.000000,21.643528,22.000000
2.033203,0.759766,0.414062,0.000000,25.987906,22.000000
2.087891,0.773438,0.318359,0.000000,27.810369,22.000000
2.611328,-0.175781,1.054688,0.000000,29.025467,22.000000
2.658203,-0.179688,1.048828,0.000000,32.268578,22.000000
2.750000,-0.089844,0.927734,0.000000,31.300119,22.000000
4.412109,-0.142578,1.226562,0.000000,31.439510,22.000000
4.441406,-0.144531,1.275391,0.000000,31.309767,22.000000
4.720703,-0.298828,-0.728516,0.000000,33.434086,22.000000
4.767578,-0.300781,-0.689453,0.000000,34.034637,22.000000
4.806641,-0.152344,-0.757812,0.000000,30.640835,22.000000
4.896484,-0.308594,0.662109,0.000000,31.235250,22.000000
4.951172,-0.623047,0.082031,0.000000,30.102999,22.000000
0.011719,0.031250,0.025391,0.000000,29.395193,22.000000
0.041016,-0.033203,0.062500,0.000000,30.149403,22.000000
0.050781,-0.042969,0.103516,0.000000,29.020029,22.000000
0.011719,-0.039062,-0.007812,0.000000,30.755470,23.000000
0.017578,-0.080078,-0.009766,0.000000,31.992065,23.000000
0.029297,-0.119141,-0.005859,0.000000,30.257154,23.000000
0.056641,-0.154297,0.005859,0.000000,25.526682,23.000000
0.152344,-0.080078,1.255859,0.000000,23.138672,23.000000
0.429688,-0.083984,-1.277344,0.000000,22.988531,23.000000
0.568359,-0.042969,-1.267578,0.000000,21.673174,23.000000
2.617188,-0.175781,1.044922,0.000000,29.030899,23.000000
2.660156,-0.179688,1.046875,0.000000,32.276295,23.000000
2.751953,-0.089844,0.925781,0.000000,31.322598,23.000000
4.416016,-0.142578,1.208984,0.000000,31.411362,23.000000
4.447266,-0.144531,1.250000,0.000000,31.254812,23.000000
4.734375,-0.298828,-0.630859,0.000000,33.287872,23.000000
4.775391,-0.300781,-0.632812,0.000000,33.948017,23.000000
4.808594,-0.152344,-0.744141,0.000000,30.614525,23.000000
4.906250,-0.308594,0.578125,0.000000,31.078880,23.000000
4.968750,-0.468750,-0.007812,0.000000,29.845274,23.000000
0.011719,0.031250,0.025391,0.000000,29.400181,23.000000
0.041016,-0.033203,0.062500,0.000000,30.145205,23.000000
0.052734,-0.042969,0.103516,0.000000,29.014584,23.000000
0.011719,-0.039062,-0.007812,0.000000,30.762762,24.000000
0.017578,-0.080078,-0.009766,0.000000,31.992065,24.000000
0.029297,-0.119141,-0.005859,0.000000,30.253059,24.000000
0.056641,-0.154297,0.005859,0.000000,25.502283,24.000000
0.173828,-0.080078,1.253906,0.000000,23.138672,24.000000
0.396484,-0.083984,-1.287109,0.000000,23.010300,24.000000
0.517578,-0.042969,-1.289062,0.000000,21.643528,24.000000
2.048828,0.759766,0.320312,0.000000,29.390198,24.000000
2.115234,0.703125,0.308594,0.000000,29.925535,24.000000
2.619141,-0.175781,1.037109,0.000000,29.036325,24.000000
2.664062,-0.179688,1.037109,0.000000,32.265999,24.000000
2.759766,-0.089844,0.900391,0.000000,31.312979,24.000000
4.412109,-0.142578,1.222656,0.000000,31.445742,24.000000
4.441406,-0.144531,1.269531,0.000000,31.328999,24.000000
4.732422,-0.298828,-0.644531,0.000000,33.344536,24.000000
4.775391,-0.300781,-0.636719,0.000000,33.975925,24.000000
4.808594,-0.152344,-0.738281,0.000000,30.584261,24.000000
4.830078,-0.306641,0.822266,0.000000,28.943161,24.000000
4.896484,-0.308594,0.656250,0.000000,31.172712,24.000000
4.951172,-0.623047,0.021484,0.000000,29.956352,24.000000
0.011719,0.031250,0.025391,0.000000,29.395193,24.000000
0.041016,-0.033203,0.062500,0.000000,30.153597,24.000000
0.052734,-0.042969,0.103516,0.000000,29.020029,24.000000
0.011719,-0.039062,-0.007812,0.000000,30.759117,25.000000
0.017578,-0.080078,-0.009766,0.000000,31.992065,25.000000
0.041016,-0.115234,-0.007812,0.000000,30.253059,25.000000
0.056641,-0.154297,0.005859,0.000000,25.514500,25.000000
0.107422,-0.080078,1.261719,0.000000,23.138672,25.000000
0.082031,-0.082031,-1.304688,0.000000,24.623980,25.000000
0.439453,-0.083984,-1.273438,0.000000,23.010300,25.000000
0.556641,-0.042969,-1.273438,0.000000,21.673174,25.000000
2.058594,0.689453,0.404297,0.000000,26.848454,25.000000
2.615234,-0.175781,1.046875,0.000000,29.030899,25.000000
2.660156,-0.179688,1.042969,0.000000,32.268578,25.000000
2.759766,-0.089844,0.902344,0.000000,31.300119,25.000000
4.410156,-0.142578,1.232422,0.000000,31.439510,25.000000
4.437500,-0.144531,1.285156,0.000000,31.303337,25.000000
4.732422,-0.298828,-0.654297,0.000000,33.410385,25.000000
4.775391,-0.300781,-0.640625,0.000000,34.015728,25.000000
4.808594,-0.152344,-0.736328,0.000000,30.670708,25.000000
4.869141,-0.308594,0.830078,0.000000,31.092409,25.000000
4.945312,-0.623047,0.253906,0.000000,29.745117,25.000000
0.011719,0.031250,0.025391,0.000000,29.400181,25.000000
0.041016,-0.033203,0.062500,0.000000,30.153597,25.000000
0.052734,-0.042969,0.103516,0.000000,29.025467,25.000000
0.011719,-0.039062,-0.007812,0.000000,30.762762,26.000000
0.017578,-0.080078,-0.009766,0.000000,31.994808,26.000000
0.029297,-0.119141,-0.005859,0.000000,30.257154,26.000000
0.056641,-0.154297,0.003906,0.000000,25.502283,26.000000
0.177734,-0.080078,1.253906,0.000000,23.159704,26.000000
0.437500,-0.083984,-1.275391,0.000000,23.053514,26.000000
0.554688,-0.042969,-1.275391,0.000000,21.673174,26.000000
2.615234,-0.175781,1.046875,0.000000,29.025467,26.000000
2.658203,-0.179688,1.050781,0.000000,32.278866,26.000000
2.751953,-0.089844,0.921875,0.000000,31.306553,26.000000
4.416016,-0.142578,1.208984,0.000000,31.427023,26.000000
4.443359,-0.144531,1.265625,0.000000,31.264561,26.000000
4.744141,-0.298828,-0.558594,0.000000,33.406425,26.000000
4.779297,-0.300781,-0.605469,0.000000,33.974186,26.000000
4.808594,-0.152344,-0.746094,0.000000,30.692980,26.000000
4.871094,-0.154297,0.585938,0.000000,28.830935,26.000000
4.908203,-0.308594,0.558594,0.000000,30.948204,26.000000
4.968750,-0.468750,0.046875,0.000000,29.831751,26.000000
0.011719,0.031250,0.025391,0.000000,29.400181,26.000000
0.041016,-0.033203,0.062500,0.000000,30.149403,26.000000
0.052734,-0.042969,0.103516,0.000000,29.020029,26.000000
0.011719,-0.039062,-0.007812,0.000000,30.770042,27.000000
0.017578,-0.080078,-0.009766,0.000000,31.994808,27.000000
0.029297,-0.119141,-0.005859,0.000000,30.261246,27.000000
0.056641,-0.154297,0.005859,0.000000,25.526682,27.000000
0.136719,-0.080078,1.257812,0.000000,23.159704,27.000000
0.427734,-0.083984,-1.277344,0.000000,23.031961,27.000000
0.558594,-0.042969,-1.273438,0.000000,21.702618,27.000000
2.615234,-0.175781,1.044922,0.000000,28.959747,27.000000
2.664062,-0.179688,1.037109,0.000000,32.232361,27.000000
2.761719,-0.089844,0.890625,0.000000,31.264561,27.000000
4.412109,-0.142578,1.228516,0.000000,31.427023,27.000000
4.437500,-0.144531,1.287109,0.000000,31.300119,27.000000
4.738281,-0.298828,-0.607422,0.000000,33.251049,27.000000
4.777344,-0.300781,-0.621094,0.000000,33.961994,27.000000
4.812500,-0.152344,-0.712891,0.000000,30.655798,27.000000
4.857422,-0.306641,0.642578,0.000000,29.138138,27.000000
4.906250,-0.308594,0.583984,0.000000,31.225435,27.000000
4.968750,-0.468750,0.033203,0.000000,29.916691,27.000000
0.011719,0.031250,0.025391,0.000000,29.400181,27.000000
0.041016,-0.033203,0.062500,0.000000,30.153597,27.000000
0.052734,-0.042969,0.103516,0.000000,29.025467,27.000000
0.011719,-0.039062,-0.007812,0.000000,30.762762,28.000000
0.017578,-0.080078,-0.009766,0.000000,31.992065,28.000000
0.029297,-0.119141,-0.005859,0.000000,30.253059,28.000000
0.056641,-0.154297,0.005859,0.000000,25.514500,28.000000
0.152344,-0.080078,1.255859,0.000000,23.138672,28.000000
0.052734,-0.082031,1.304688,0.000000,24.608978,28.000000
0.417969,-0.083984,-1.281250,0.000000,23.010300,28.000000
0.546875,-0.042969,-1.277344,0.000000,21.673174,28.000000
2.607422,-0.175781,1.064453,0.000000,29.074114,28.000000
2.656250,-0.179688,1.054688,0.000000,32.281437,28.000000
2.751953,-0.089844,0.923828,0.000000,31.312979,28.000000
4.412109,-0.142578,1.226562,0.000000,31.458178,28.000000
4.441406,-0.144531,1.273438,0.000000,31.316187,28.000000
4.736328,-0.298828,-0.613281,0.000000,33.471348,28.000000
4.775391,-0.300781,-0.632812,0.000000,34.029488,28.000000
4.816406,-0.152344,-0.683594,0.000000,30.610754,28.000000
4.832031,-0.306641,0.806641,0.000000,29.041744,28.000000
4.886719,-0.308594,0.726562,0.000000,31.146111,28.000000
4.949219,-0.623047,0.138672,0.000000,29.881128,28.000000
0.011719,0.031250,0.025391,0.000000,29.400181,28.000000
0.041016,-0.033203,0.062500,0.000000,30.149403,28.000000
0.052734,-0.042969,0.103516,0.000000,29.020029,28.000000
0.011719,-0.039062,-0.007812,0.000000,30.759117,29.000000
0.017578,-0.080078,-0.009766,0.000000,31.994808,29.000000
0.041016,-0.115234,-0.009766,0.000000,30.253059,29.000000
0.056641,-0.154297,0.005859,0.000000,25.514500,29.000000
0.132812,-0.080078,1.257812,0.000000,23.159704,29.000000
0.431641,-0.083984,-1.277344,0.000000,23.031961,29.000000
0.568359,-0.042969,-1.269531,0.000000,21.673174,29.000000
2.609375,-0.175781,1.062500,0.000000,29.074114,29.000000
2.658203,-0.179688,1.046875,0.000000,32.281437,29.000000
2.755859,-0.089844,0.910156,0.000000,31.306553,29.000000
4.414062,-0.142578,1.218750,0.000000,31.455072,29.000000
4.441406,-0.144531,1.273438,0.000000,31.328999,29.000000
4.746094,-0.298828,-0.544922,0.000000,33.316296,29.000000
4.777344,-0.300781,-0.615234,0.000000,33.968964,29.000000
4.806641,-0.152344,-0.753906,0.000000,30.633333,29.000000
4.859375,-0.306641,0.619141,0.000000,29.047155,29.000000
4.910156,-0.308594,0.544922,0.000000,31.185953,29.000000
4.951172,-0.623047,-0.017578,0.000000,29.943172,29.000000
0.009766,0.031250,0.025391,0.000000,29.405165,29.000000
0.041016,-0.033203,0.062500,0.000000,30.153597,29.000000
0.052734,-0.042969,0.103516,0.000000,29.020029,29.000000
0.011719,-0.039062,-0.007812,0.000000,30.759117,30.000000
0.017578,-0.080078,-0.009766,0.000000,31.992065,30.000000
0.029297,-0.119141,-0.005859,0.000000,30.257154,30.000000
0.056641,-0.154297,0.005859,0.000000,25.514500,30.000000
0.166016,-0.080078,1.253906,0.000000,23.180634,30.000000
0.041016,-0.082031,1.306641,0.000000,24.638929,30.000000
0.412109,-0.083984,-1.283203,0.000000,23.010300,30.000000
2.609375,-0.175781,1.060547,0.000000,29.009130,30.000000
2.658203,-0.179688,1.050781,0.000000,32.265999,30.000000
2.755859,-0.089844,0.912109,0.000000,31.306553,30.000000
4.412109,-0.142578,1.226562,0.000000,31.442627,30.000000
4.437500,-0.144531,1.285156,0.000000,31.316187,30.000000
4.734375,-0.298828,-0.628906,0.000000,33.316296,30.000000
4.773438,-0.300781,-0.648438,0.000000,33.988079,30.000000
4.794922,-0.152344,-0.822266,0.000000,30.659531,30.000000
4.865234,-0.308594,0.859375,0.000000,30.895519,30.000000
4.949219,-0.623047,0.164062,0.000000,29.781805,30.000000
0.009766,0.031250,0.025391,0.000000,29.400181,30.000000
0.041016,-0.033203,0.062500,0.000000,30.149403,30.000000
0.052734,-0.042969,0.103516,0.000000,29.020029,30.000000
0.011719,-0.039062,-0.007812,0.000000,30.759117,31.000000
0.017578,-0.080078,-0.009766,0.000000,31.992065,31.000000
0.029297,-0.119141,-0.005859,0.000000,30.257154,31.000000
0.056641,-0.154297,0.005859,0.000000,25.514500,31.000000
0.171875,-0.080078,1.253906,0.000000,23.138672,31.000000
0.421875,-0.083984,-1.279297,0.000000,23.031961,31.000000
0.556641,-0.042969,-1.273438,0.000000,21.702618,31.000000
2.158203,0.632812,0.046875,0.000000,28.388491,31.000000
2.197266,0.644531,0.058594,0.000000,27.619278,31.000000
2.609375,-0.175781,1.064453,0.000000,29.079485,31.000000
2.656250,-0.179688,1.054688,0.000000,32.294258,31.000000
2.751953,-0.089844,0.925781,0.000000,31.338581,31.000000
4.414062,-0.142578,1.218750,0.000000,31.442627,31.000000
4.443359,-0.144531,1.263672,0.000000,31.300119,31.000000
4.656250,-0.296875,-0.863281,0.000000,29.493900,31.000000
4.728516,-0.298828,-0.671875,0.000000,33.510227,31.000000
4.773438,-0.300781,-0.644531,0.000000,34.020893,31.000000
4.810547,-0.152344,-0.732422,0.000000,30.610754,31.000000
4.855469,-0.306641,0.658203,0.000000,29.216866,31.000000
4.906250,-0.308594,0.580078,0.000000,31.264561,31.000000
4.968750,-0.468750,0.005859,0.000000,29.912260,31.000000
0.011719,0.031250,0.025391,0.000000,29.400181,31.000000
0.041016,-0.033203,0.062500,0.000000,30.145205,31.000000
0.052734,-0.042969,0.103516,0.000000,29.009130,31.000000
0.011719,-0.039062,-0.007812,0.000000,30.770042,32.000000
0.017578,-0.080078,-0.009766,0.000000,31.994808,32.000000
0.029297,-0.119141,-0.005859,0.000000,30.257154,32.000000
0.056641,-0.154297,0.005859,0.000000,25.514500,32.000000
0.136719,-0.080078,1.257812,0.000000,23.138672,32.000000
0.052734,-0.082031,1.304688,0.000000,24.608978,32.000000
0.417969,-0.083984,-1.281250,0.000000,23.031961,32.000000
0.544922,-0.042969,-1.279297,0.000000,21.702618,32.000000
2.148438,0.572266,0.548828,0.000000,26.839472,32.000000
2.611328,-0.175781,1.054688,0.000000,29.020029,32.000000
2.660156,-0.179688,1.046875,0.000000,32.253094,32.000000
2.757812,-0.089844,0.908203,0.000000,31.280760,32.000000
4.416016,-0.142578,1.212891,0.000000,31.445742,32.000000
4.443359,-0.144531,1.263672,0.000000,31.325798,32.000000
4.744141,-0.298828,-0.564453,0.000000,33.400475,32.000000
4.777344,-0.300781,-0.619141,0.000000,33.963737,32.000000
4.806641,-0.152344,-0.759766,0.000000,30.461048,32.000000
4.873047,-0.308594,0.810547,0.000000,31.139433,32.000000
4.949219,-0.623047,0.148438,0.000000,29.885590,32.000000
2.025391,0.562500,0.800781,0.614669,26.009729,32.000000
0.011719,0.031250,0.025391,0.000000,29.400181,32.000000
0.041016,-0.033203,0.062500,0.000000,30.149403,32.000000
0.052734,-0.042969,0.103516,0.000000,29.020029,32.000000
0.011719,-0.039062,-0.007812,0.000000,30.762762,33.000000
0.017578,-0.080078,-0.009766,0.000000,31.992065,33.000000
0.029297,-0.119141,-0.005859,0.000000,30.257154,33.000000
0.056641,-0.154297,0.005859,0.000000,25.502283,33.000000
0.125000,-0.080078,1.259766,0.000000,23.096302,33.000000
0.423828,-0.083984,-1.279297,0.000000,23.010300,33.000000
0.556641,-0.042969,-1.273438,0.000000,21.702618,33.000000
2.242188,0.582031,0.255859,0.000000,26.599161,33.000000
2.613281,-0.175781,1.052734,0.000000,29.030899,33.000000
2.658203,-0.179688,1.048828,0.000000,32.286568,33.000000
2.751953,-0.089844,0.923828,0.000000,31.332195,33.000000
4.412109,-0.142578,1.226562,0.000000,31.448854,33.000000
4.441406,-0.144531,1.271484,0.000000,31.296900,33.000000
4.744141,-0.298828,-0.558594,0.000000,33.287872,33.000000
4.775391,-0.300781,-0.632812,0.000000,33.979401,33.000000
4.802734,-0.152344,-0.779297,0.000000,30.718821,33.000000
4.900391,-0.308594,0.623047,0.000000,31.129400,33.000000
4.951172,-0.623047,0.046875,0.000000,29.903389,33.000000
2.166016,0.572266,0.476562,0.614669,27.520485,33.000000
0.011719,0.031250,0.025391,0.000000,29.400181,33.000000
0.041016,-0.033203,0.062500,0.000000,30.145205,33.000000
0.052734,-0.042969,0.103516,0.000000,29.014584,33.000000
0.011719,-0.039062,-0.007812,0.000000,30.759117,34.000000
0.017578,-0.080078,-0.009766,0.000000,31.992065,34.000000
0.029297,-0.119141,-0.005859,0.000000,30.253059,34.000000
0.056641,-0.154297,0.005859,0.000000,25.490032,34.000000
0.109375,-0.080078,1.261719,0.000000,23.180634,34.000000
0.421875,-0.083984,-1.279297,0.000000,23.074961,34.000000
0.558594,-0.042969,-1.273438,0.000000,21.702618,34.000000
2.615234,-0.175781,1.046875,0.000000,29.036325,34.000000
2.658203,-0.179688,1.048828,0.000000,32.273724,34.000000
2.751953,-0.089844,0.921875,0.000000,31.312979,34.000000
4.414062,-0.142578,1.218750,0.000000,31.423895,34.000000
4.443359,-0.144531,1.269531,0.000000,31.293676,34.000000
4.740234,-0.298828,-0.587891,0.000000,33.255157,34.000000
4.775391,-0.300781,-0.632812,0.000000,33.941013,34.000000
4.800781,-0.152344,-0.789062,0.000000,30.526939,34.000000
4.878906,-0.308594,0.775391,0.000000,31.051695,34.000000
4.949219,-0.623047,0.148438,0.000000,29.777237,34.000000
2.158203,0.492188,0.402344,0.614669,24.814426,34.000000
2.189453,0.572266,0.357422,0.614669,27.267273,34.000000
2.232422,0.582031,0.335938,0.614669,26.364880,34.000000
0.009766,0.031250,0.025391,0.000000,29.400181,34.000000
0.041016,-0.033203,0.062500,0.000000,30.149403,34.000000
0.052734,-0.042969,0.103516,0.000000,29.020029,34.000000
0.011719,-0.039062,-0.007812,0.000000,30.759117,35.000000
0.017578,-0.080078,-0.009766,0.000000,31.992065,35.000000
0.029297,-0.119141,-0.005859,0.000000,30.257154,35.000000
0.056641,-0.154297,0.005859,0.000000,25.526682,35.000000
0.107422,-0.080078,1.261719,0.000000,23.138672,35.000000
0.417969,-0.083984,-1.281250,0.000000,23.010300,35.000000
0.554688,-0.042969,-1.273438,0.000000,21.673174,35.000000
2.613281,-0.175781,1.052734,0.000000,29.047155,35.000000
2.660156,-0.179688,1.042969,0.000000,32.276295,35.000000
2.757812,-0.089844,0.906250,0.000000,31.306553,35.000000
4.412109,-0.142578,1.226562,0.000000,31.442627,35.000000
4.441406,-0.144531,1.271484,0.000000,31.303337,35.000000
4.736328,-0.298828,-0.621094,0.000000,33.438023,35.000000
4.777344,-0.300781,-0.625000,0.000000,33.986343,35.000000
4.812500,-0.152344,-0.710938,0.000000,30.461048,35.000000
4.812500,-0.306641,0.919922,0.000000,29.211660,35.000000
4.880859,-0.308594,0.767578,0.000000,31.328999,35.000000
4.949219,-0.623047,0.138672,0.000000,29.986952,35.000000
0.011719,0.031250,0.025391,0.000000,29.405165,35.000000
0.041016,-0.033203,0.062500,0.000000,30.149403,35.000000
0.052734,-0.042969,0.103516,0.000000,29.020029,35.000000
0.011719,-0.039062,-0.007812,0.000000,30.766405,36.000000
0.017578,-0.080078,-0.009766,0.000000,31.992065,36.000000
0.029297,-0.119141,-0.005859,0.000000,30.253059,36.000000
0.056641,-0.154297,0.005859,0.000000,25.514500,36.000000
0.171875,-0.080078,1.253906,0.000000,23.138672,36.000000
0.089844,-0.082031,1.302734,0.000000,24.623980,36.000000
0.392578,-0.083984,-1.289062,0.000000,23.053514,36.000000
0.544922,-0.042969,-1.279297,0.000000,21.731863,36.000000
2.658203,-0.179688,1.050781,0.000000,32.265999,36.000000
2.755859,-0.089844,0.912109,0.000000,31.306553,36.000000
4.412109,-0.142578,1.226562,0.000000,31.439510,36.000000
4.441406,-0.144531,1.271484,0.000000,31.287222,36.000000
4.742188,-0.298828,-0.576172,0.000000,33.360592,36.000000
4.775391,-0.300781,-0.638672,0.000000,34.027771,36.000000
4.802734,-0.152344,-0.781250,0.000000,30.784569,36.000000
4.896484,-0.308594,0.660156,0.000000,31.132748,36.000000
4.951172,-0.623047,0.099609,0.000000,29.898945,36.000000
2.193359,0.429688,0.500000,0.614669,26.483601,36.000000
2.246094,0.509766,0.357422,0.614669,28.500332,36.000000
2.296875,0.519531,0.289062,0.614669,26.063814,36.000000
0.011719,0.031250,0.025391,0.000000,29.405165,36.000000
0.041016,-0.033203,0.062500,0.000000,30.149403,36.000000
0.052734,-0.042969,0.103516,0.000000,29.020029,36.000000
0.011719,-0.039062,-0.007812,0.000000,30.762762,37.000000
0.017578,-0.080078,-0.009766,0.000000,31.992065,37.000000
0.029297,-0.119141,-0.005859,0.000000,30.257154,37.000000
0.056641,-0.154297,0.005859,0.000000,25.526682,37.000000
0.142578,-0.080078,1.257812,0.000000,23.159704,37.000000
0.041016,-0.082031,-1.306641,0.000000,24.623980,37.000000
0.437500,-0.083984,-1.273438,0.000000,23.010300,37.000000
0.556641,-0.042969,-1.273438,0.000000,21.643528,37.000000
2.617188,-0.175781,1.042969,0.000000,28.992731,37.000000
2.662109,-0.179688,1.041016,0.000000,32.253094,37.000000
2.757812,-0.089844,0.908203,0.000000,31.290451,37.000000
4.416016,-0.142578,1.214844,0.000000,31.427023,37.000000
4.445312,-0.144531,1.259766,0.000000,31.296900,37.000000
4.738281,-0.298828,-0.597656,0.000000,33.362595,37.000000
4.777344,-0.300781,-0.621094,0.000000,33.993275,37.000000
4.808594,-0.152344,-0.736328,0.000000,30.652061,37.000000
4.839844,-0.306641,0.761719,0.000000,28.926510,37.000000
4.892578,-0.308594,0.687500,0.000000,31.132748,37.000000
4.951172,-0.623047,0.089844,0.000000,29.872192,37.000000
0.011719,0.031250,0.025391,0.000000,29.405165,37.000000
0.041016,-0.033203,0.062500,0.000000,30.149403,37.000000
0.052734,-0.042969,0.103516,0.000000,29.025467,37.000000
0.011719,-0.039062,-0.007812,0.000000,30.770042,38.000000
0.017578,-0.080078,-0.009766,0.000000,31.992065,38.000000
0.029297,-0.119141,-0.005859,0.000000,30.257154,38.000000
0.056641,-0.154297,0.005859,0.000000,25.502283,38.000000
0.142578,-0.080078,1.257812,0.000000,23.159704,38.000000
0.419922,-0.083984,-1.281250,0.000000,23.053514,38.000000
0.550781,-0.042969,-1.277344,0.000000,21.731863,38.000000
2.615234,-0.175781,1.048828,0.000000,29.063351,38.000000
2.660156,-0.179688,1.042969,0.000000,32.273724,38.000000
2.757812,-0.089844,0.906250,0.000000,31.293676,38.000000
4.410156,-0.142578,1.232422,0.000000,31.436392,38.000000
4.441406,-0.144531,1.273438,0.000000,31.316187,38.000000
4.738281,-0.298828,-0.603516,0.000000,33.398487,38.000000
4.775391,-0.300781,-0.636719,0.000000,33.984608,38.000000
4.810547,-0.152344,-0.732422,0.000000,30.553783,38.000000
4.892578,-0.308594,0.687500,0.000000,31.238516,38.000000
4.951172,-0.623047,0.101562,0.000000,29.943172,38.000000
0.011719,0.031250,0.025391,0.000000,29.400181,38.000000
0.041016,-0.033203,0.062500,0.000000,30.149403,38.000000
0.052734,-0.042969,0.103516,0.000000,29.014584,38.000000
0.011719,-0.039062,-0.007812,0.000000,30.762762,39.000000
0.017578,-0.080078,-0.009766,0.000000,31.989319,39.000000
0.029297,-0.119141,-0.005859,0.000000,30.253059,39.000000
0.056641,-0.154297,0.005859,0.000000,25.514500,39.000000
0.082031,-0.080078,1.263672,0.000000,23.159704,39.000000
0.437500,-0.083984,-1.275391,0.000000,23.010300,39.000000
0.576172,-0.042969,-1.265625,0.000000,21.673174,39.000000
2.609375,-0.175781,1.060547,0.000000,29.020029,39.000000
2.658203,-0.179688,1.050781,0.000000,32.268578,39.000000
2.755859,-0.089844,0.916016,0.000000,31.306553,39.000000
4.412109,-0.142578,1.224609,0.000000,31.448854,39.000000
4.445312,-0.144531,1.255859,0.000000,31.303337,39.000000
4.738281,-0.298828,-0.611328,0.000000,33.314274,39.000000
4.773438,-0.300781,-0.652344,0.000000,33.974186,39.000000
4.796875,-0.152344,-0.818359,0.000000,30.614525,39.000000
4.888672,-0.308594,0.708984,0.000000,31.051695,39.000000
4.951172,-0.623047,0.078125,0.000000,29.840771,39.000000
2.144531,0.562500,-0.388672,0.614669,25.415792,39.000000
2.207031,0.572266,-0.222656,0.614669,26.434526,39.000000
2.271484,0.509766,0.140625,0.614669,27.234556,39.000000
2.291016,0.519531,0.326172,0.614669,27.323938,39.000000
0.011719,0.031250,0.025391,0.000000,29.405165,39.000000
0.041016,-0.033203,0.062500,0.000000,30.145205,39.000000
0.052734,-0.042969,0.103516,0.000000,29.020029,39.000000
0.011719,-0.039062,-0.007812,0.000000,30.762762,40.000000
0.017578,-0.080078,-0.009766,0.000000,31.994808,40.000000
0.029297,-0.119141,-0.005859,0.000000,30.253059,40.000000
0.056641,-0.154297,0.005859,0.000000,25.502283,40.000000
0.097656,-0.080078,1.261719,0.000000,23.159704,40.000000
0.074219,-0.082031,-1.304688,0.000000,24.608978,40.000000
0.425781,-0.083984,-1.279297,0.000000,23.031961,40.000000
0.542969,-0.042969,-1.279297,0.000000,21.702618,40.000000
2.658203,-0.179688,1.048828,0.000000,32.268578,40.000000
2.753906,-0.089844,0.919922,0.000000,31.296900,40.000000
4.416016,-0.142578,1.208984,0.000000,31.439510,40.000000
4.447266,-0.144531,1.253906,0.000000,31.293676,40.000000
4.736328,-0.298828,-0.619141,0.000000,33.368599,40.000000
4.773438,-0.300781,-0.648438,0.000000,33.967224,40.000000
4.804688,-0.152344,-0.761719,0.000000,30.526939,40.000000
4.882812,-0.308594,0.750000,0.000000,31.185953,40.000000
4.949219,-0.623047,0.115234,0.000000,29.925535,40.000000
2.072266,0.398438,-0.269531,0.614669,25.211380,40.000000
2.111328,0.406250,-0.283203,0.614669,26.493349,40.000000
0.009766,0.031250,0.025391,0.000000,29.405165,40.000000
0.041016,-0.033203,0.062500,0.000000,30.145205,40.000000
0.052734,-0.042969,0.103516,0.000000,29.020029,40.000000
0.011719,-0.039062,-0.007812,0.000000,30.759117,41.000000
0.017578,-0.080078,-0.009766,0.000000,31.994808,41.000000
0.029297,-0.119141,-0.005859,0.000000,30.257154,41.000000
0.056641,-0.154297,0.005859,0.000000,25.514500,41.000000
0.285156,-0.041016,-1.277344,0.000000,24.593925,41.000000
0.437500,-0.083984,-1.273438,0.000000,23.031961,41.000000
0.568359,-0.042969,-1.267578,0.000000,21.673174,41.000000
2.611328,-0.175781,1.056641,0.000000,29.047155,41.000000
2.658203,-0.179688,1.052734,0.000000,32.268578,41.000000
2.753906,-0.089844,0.917969,0.000000,31.296900,41.000000
4.414062,-0.142578,1.220703,0.000000,31.442627,41.000000
4.441406,-0.144531,1.273438,0.000000,31.287222,41.000000
4.738281,-0.298828,-0.601562,0.000000,33.376591,41.000000
4.773438,-0.300781,-0.652344,0.000000,33.989811,41.000000
4.796875,-0.152344,-0.812500,0.000000,30.644581,41.000000
4.886719,-0.308594,0.720703,0.000000,31.129400,41.000000
4.949219,-0.623047,0.142578,0.000000,29.934362,41.000000
0.011719,0.031250,0.025391,0.000000,29.405165,41.000000
0.041016,-0.033203,0.062500,0.000000,30.145205,41.000000
0.052734,-0.042969,0.103516,0.000000,29.014584,41.000000
0.011719,-0.039062,-0.007812,0.000000,30.755470,42.000000
0.017578,-0.080078,-0.007812,0.000000,31.989319,42.000000
0.029297,-0.119141,-0.005859,0.000000,30.257154,42.000000
0.056641,-0.154297,0.005859,0.000000,25.514500,42.000000
0.126953,-0.080078,1.259766,0.000000,23.138672,42.000000
0.421875,-0.083984,-1.279297,0.000000,23.010300,42.000000
0.560547,-0.042969,-1.271484,0.000000,21.673174,42.000000
2.083984,0.406250,-0.435547,0.000000,26.253124,42.000000
2.611328,-0.175781,1.054688,0.000000,28.987251,42.000000
2.658203,-0.179688,1.048828,0.000000,32.253094,42.000000
2.755859,-0.089844,0.914062,0.000000,31.296900,42.000000
4.414062,-0.142578,1.220703,0.000000,31.442627,42.000000
4.443359,-0.144531,1.265625,0.000000,31.319393,42.000000
4.740234,-0.298828,-0.582031,0.000000,33.378586,42.000000
4.773438,-0.300781,-0.646484,0.000000,33.986343,42.000000
4.800781,-0.152344,-0.794922,0.000000,30.606977,42.000000
4.878906,-0.308594,0.777344,0.000000,31.122698,42.000000
4.949219,-0.623047,0.138672,0.000000,29.903389,42.000000
2.150391,0.414062,-0.287109,0.614669,25.693739,42.000000
0.011719,0.031250,0.025391,0.000000,29.400181,42.000000
0.041016,-0.033203,0.062500,0.000000,30.149403,42.000000
0.052734,-0.042969,0.103516,0.000000,29.020029,42.000000
0.011719,-0.039062,-0.007812,0.000000,30.762762,43.000000
0.017578,-0.080078,-0.009766,0.000000,31.992065,43.000000
0.029297,-0.119141,-0.005859,0.000000,30.257154,43.000000
0.056641,-0.154297,0.005859,0.000000,25.514500,43.000000
0.158203,-0.080078,1.255859,0.000000,23.117538,43.000000
0.423828,-0.083984,-1.279297,0.000000,23.031961,43.000000
0.554688,-0.042969,-1.273438,0.000000,21.731863,43.000000
2.097656,0.406250,-0.373047,0.000000,28.075350,43.000000
2.138672,0.414062,-0.369141,0.000000,28.318697,43.000000
2.660156,-0.179688,1.046875,0.000000,32.260841,43.000000
2.753906,-0.089844,0.917969,0.000000,31.293676,43.000000
4.414062,-0.142578,1.218750,0.000000,31.436392,43.000000
4.445312,-0.144531,1.257812,0.000000,31.274288,43.000000
4.734375,-0.298828,-0.632812,0.000000,33.350567,43.000000
4.773438,-0.300781,-0.650391,0.000000,34.010559,43.000000
4.798828,-0.152344,-0.804688,0.000000,30.685570,43.000000
4.880859,-0.308594,0.761719,0.000000,31.048285,43.000000
4.949219,-0.623047,0.142578,0.000000,29.890047,43.000000
2.371094,0.376953,0.240234,0.614669,27.275414,43.000000
2.406250,0.382812,0.289062,0.614669,28.142475,43.000000
0.011719,0.031250,0.025391,0.000000,29.400181,43.000000
0.041016,-0.033203,0.062500,0.000000,30.149403,43.000000
0.052734,-0.042969,0.103516,0.000000,29.025467,43.000000
0.011719,-0.039062,-0.007812,0.000000,30.759117,44.000000
0.017578,-0.080078,-0.009766,0.000000,31.989319,44.000000
0.029297,-0.119141,-0.005859,0.000000,30.253059,44.000000
0.056641,-0.154297,0.005859,0.000000,25.502283,44.000000
0.046875,-0.080078,1.265625,0.000000,23.138672,44.000000
0.292969,-0.041016,-1.275391,0.000000,24.608978,44.000000
0.439453,-0.083984,-1.273438,0.000000,23.031961,44.000000
0.556641,-0.042969,-1.273438,0.000000,21.702618,44.000000
2.105469,0.337891,-0.386719,0.000000,26.946053,44.000000
2.134766,0.414062,-0.386719,0.000000,27.853298,44.000000
2.615234,-0.175781,1.044922,0.000000,29.052561,44.000000
2.660156,-0.179688,1.044922,0.000000,32.281437,44.000000
2.753906,-0.089844,0.919922,0.000000,31.296900,44.000000
4.414062,-0.142578,1.222656,0.000000,31.455072,44.000000
4.443359,-0.144531,1.265625,0.000000,31.319393,44.000000
4.742188,-0.298828,-0.576172,0.000000,33.336487,44.000000
4.777344,-0.300781,-0.626953,0.000000,33.995007,44.000000
4.804688,-0.152344,-0.763672,0.000000,30.696680,44.000000
4.884766,-0.308594,0.742188,0.000000,31.149445,44.000000
4.949219,-0.623047,0.134766,0.000000,29.986952,44.000000
0.011719,0.031250,0.025391,0.000000,29.410143,44.000000
0.041016,-0.033203,0.062500,0.000000,30.145205,44.000000
0.052734,-0.042969,0.103516,0.000000,29.014584,44.000000
0.011719,-0.039062,-0.007812,0.000000,30.762762,45.000000
0.017578,-0.080078,-0.009766,0.000000,31.994808,45.000000
0.029297,-0.119141,-0.005859,0.000000,30.253059,45.000000
0.056641,-0.154297,0.005859,0.000000,25.502283,45.000000
0.125000,-0.080078,1.259766,0.000000,23.096302,45.000000
0.417969,-0.083984,-1.281250,0.000000,23.010300,45.000000
0.552734,-0.042969,-1.275391,0.000000,21.643528,45.000000
2.611328,-0.175781,1.054688,0.000000,29.074114,45.000000
2.656250,-0.179688,1.052734,0.000000,32.291698,45.000000
2.753906,-0.089844,0.917969,0.000000,31.322598,45.000000
4.410156,-0.142578,1.230469,0.000000,31.448854,45.000000
4.439453,-0.144531,1.277344,0.000000,31.341770,45.000000
4.638672,-0.000000,0.482422,0.000000,29.703468,45.000000
4.738281,-0.298828,-0.605469,0.000000,33.404442,45.000000
4.775391,-0.300781,-0.636719,0.000000,34.007107,45.000000
4.806641,-0.152344,-0.750000,0.000000,30.726175,45.000000
4.880859,-0.308594,0.763672,0.000000,31.231981,45.000000
4.947266,-0.623047,0.207031,0.000000,29.921114,45.000000
0.011719,0.031250,0.025391,0.000000,29.400181,45.000000
0.041016,-0.033203,0.062500,0.000000,30.149403,45.000000
0.052734,-0.042969,0.103516,0.000000,29.014584,45.000000
0.011719,-0.039062,-0.007812,0.000000,30.770042,46.000000
0.017578,-0.080078,-0.009766,0.000000,31.997551,46.000000
0.029297,-0.119141,-0.005859,0.000000,30.257154,46.000000
0.056641,-0.154297,0.005859,0.000000,25.526682,46.000000
0.142578,-0.080078,1.257812,0.000000,23.159704,46.000000
0.041016,-0.082031,1.306641,0.000000,24.638929,46.000000
0.400391,-0.083984,-1.287109,0.000000,23.053514,46.000000
0.537109,-0.042969,-1.283203,0.000000,21.673174,46.000000
2.611328,-0.175781,1.058594,0.000000,29.057959,46.000000
2.658203,-0.179688,1.048828,0.000000,32.291698,46.000000
2.753906,-0.089844,0.919922,0.000000,31.319393,46.000000
4.410156,-0.142578,1.232422,0.000000,31.433271,46.000000
4.439453,-0.144531,1.281250,0.000000,31.261314,46.000000
4.736328,-0.298828,-0.625000,0.000000,33.318321,46.000000
4.771484,-0.300781,-0.671875,0.000000,33.955009,46.000000
4.796875,-0.152344,-0.808594,0.000000,30.449316,46.000000
4.878906,-0.308594,0.769531,0.000000,31.248301,46.000000
4.947266,-0.623047,0.181641,0.000000,29.934362,46.000000
0.011719,0.031250,0.025391,0.000000,29.395193,46.000000
0.041016,-0.033203,0.062500,0.000000,30.153597,46.000000
0.052734,-0.042969,0.103516,0.000000,29.020029,46.000000
0.011719,-0.039062,-0.007812,0.000000,30.766405,47.000000
0.017578,-0.080078,-0.009766,0.000000,31.992065,47.000000
0.029297,-0.119141,-0.005859,0.000000,30.248960,47.000000
0.056641,-0.154297,0.005859,0.000000,25.502283,47.000000
0.107422,-0.080078,1.261719,0.000000,23.138672,47.000000
0.425781,-0.083984,-1.277344,0.000000,22.988531,47.000000
0.558594,-0.042969,-1.273438,0.000000,21.643528,47.000000
2.658203,-0.179688,1.050781,0.000000,32.301933,47.000000
2.753906,-0.089844,0.919922,0.000000,31.351326,47.000000
4.412109,-0.142578,1.224609,0.000000,31.455072,47.000000
4.437500,-0.144531,1.287109,0.000000,31.293676,47.000000
4.738281,-0.298828,-0.607422,0.000000,33.306168,47.000000
4.771484,-0.300781,-0.667969,0.000000,33.981136,47.000000
4.779297,-0.152344,-0.914062,0.000000,30.663260,47.000000
4.878906,-0.308594,0.777344,0.000000,31.089031,47.000000
4.947266,-0.623047,0.185547,0.000000,29.867718,47.000000
0.011719,0.031250,0.025391,0.000000,29.405165,47.000000
0.041016,-0.033203,0.062500,0.000000,30.145205,47.000000
0.052734,-0.042969,0.103516,0.000000,29.014584,47.000000
0.011719,-0.039062,-0.007812,0.000000,30.766405,48.000000
0.017578,-0.080078,-0.009766,0.000000,31.992065,48.000000
0.029297,-0.119141,-0.005859,0.000000,30.257154,48.000000
0.056641,-0.154297,0.005859,0.000000,25.514500,48.000000
0.132812,-0.080078,1.257812,0.000000,23.159704,48.000000
0.417969,-0.083984,-1.281250,0.000000,23.031961,48.000000
0.556641,-0.042969,-1.273438,0.000000,21.731863,48.000000
2.464844,0.234375,0.316406,0.000000,27.528164,48.000000
2.664062,-0.179688,1.037109,0.000000,32.255676,48.000000
2.761719,-0.089844,0.894531,0.000000,31.287222,48.000000
4.416016,-0.142578,1.212891,0.000000,31.448854,48.000000
