1.230469,-0.464844,0.308594,0.000000,19.684830,0.000000
0.011719,-0.039062,-0.007812,0.000000,30.652061,1.000000
0.027344,-0.076172,-0.009766,0.000000,31.858253,1.000000
0.029297,-0.119141,-0.005859,0.000000,30.073210,1.000000
0.056641,-0.154297,0.007812,0.000000,25.352942,1.000000
0.246094,0.039062,-1.244141,0.000000,23.521826,1.000000
0.189453,0.041016,-1.294922,0.000000,24.361626,1.000000
0.464844,0.042969,1.265625,0.000000,22.455126,1.000000
2.572266,-0.175781,1.148438,0.000000,29.237619,1.000000
2.632812,-0.179688,1.111328,0.000000,32.576786,1.000000
2.736328,-0.089844,0.968750,0.000000,31.869564,1.000000
4.296875,-0.142578,1.462891,0.000000,27.860413,1.000000
4.388672,-0.142578,1.304688,0.000000,31.398790,1.000000
4.468750,-0.000000,1.179688,0.000000,31.075491,1.000000
4.830078,-0.308594,1.039062,0.000000,30.394140,1.000000
4.917969,-0.779297,0.343750,0.000000,29.268568,1.000000
0.037109,-0.035156,0.064453,0.000000,30.081741,1.000000
0.044922,-0.046875,0.103516,0.000000,28.992731,1.000000
1.179688,-0.449219,0.345703,0.000000,21.430147,1.000000
1.240234,-0.464844,0.265625,0.000000,19.684830,1.000000
0.011719,-0.039062,-0.007812,0.000000,30.652061,2.000000
0.027344,-0.076172,-0.009766,0.000000,31.858253,2.000000
0.029297,-0.119141,-0.005859,0.000000,30.073210,2.000000
0.056641,-0.154297,0.007812,0.000000,25.352942,2.000000
0.263672,0.039062,-1.240234,0.000000,23.502480,2.000000
0.179688,0.041016,-1.296875,0.000000,24.329693,2.000000
0.482422,0.042969,1.259766,0.000000,22.430380,2.000000
2.191406,-0.068359,-0.273438,0.000000,28.202015,2.000000
2.236328,-0.000000,-0.250000,0.000000,27.634279,2.000000
2.636719,-0.175781,0.994141,0.000000,29.385197,2.000000
2.679688,-0.179688,0.992188,0.000000,32.607868,2.000000
2.775391,-0.089844,0.851562,0.000000,32.003033,2.000000
4.306641,-0.142578,1.433594,0.000000,27.788744,2.000000
4.398438,-0.142578,1.275391,0.000000,31.348145,2.000000
4.472656,-0.000000,1.164062,0.000000,30.989897,2.000000
4.835938,-0.308594,1.009766,0.000000,30.503798,2.000000
4.917969,-0.779297,0.324219,0.000000,29.304396,2.000000
0.037109,-0.035156,0.064453,0.000000,30.081741,2.000000
0.044922,-0.046875,0.103516,0.000000,28.992731,2.000000
1.179688,-0.449219,0.341797,0.000000,21.367207,2.000000
1.238281,-0.464844,0.267578,0.000000,19.637878,2.000000
0.011719,-0.039062,-0.007812,0.000000,30.652061,3.000000
0.027344,-0.076172,-0.009766,0.000000,31.855421,3.000000
0.029297,-0.119141,-0.005859,0.000000,30.068937,3.000000
0.056641,-0.154297,0.007812,0.000000,25.340261,3.000000
0.275391,0.039062,-1.236328,0.000000,23.502480,3.000000
0.216797,0.041016,-1.291016,0.000000,24.345690,3.000000
0.451172,0.042969,1.271484,0.000000,22.479733,3.000000
2.632812,-0.175781,1.003906,0.000000,29.222063,3.000000
2.714844,-0.089844,0.908203,0.000000,32.588768,3.000000
2.789062,-0.089844,0.804688,0.000000,31.945143,3.000000
4.300781,-0.142578,1.447266,0.000000,27.965744,3.000000
4.398438,-0.142578,1.273438,0.000000,31.451963,3.000000
4.480469,-0.000000,1.136719,0.000000,31.099159,3.000000
4.865234,-0.464844,0.789062,0.000000,30.124153,3.000000
4.902344,-0.935547,0.046875,0.000000,29.576073,3.000000
0.037109,-0.035156,0.064453,0.000000,30.086002,3.000000
0.046875,-0.046875,0.103516,0.000000,28.992731,3.000000
1.177734,-0.449219,0.349609,0.000000,21.398790,3.000000
1.236328,-0.464844,0.281250,0.000000,19.637878,3.000000
0.011719,-0.039062,-0.007812,0.000000,30.652061,4.000000
0.027344,-0.076172,-0.009766,0.000000,31.861084,4.000000
0.029297,-0.119141,-0.003906,0.000000,30.073210,4.000000
0.056641,-0.154297,0.007812,0.000000,25.340261,4.000000
0.275391,0.039062,-1.236328,0.000000,23.502480,4.000000
0.214844,0.041016,-1.291016,0.000000,24.313637,4.000000
0.466797,0.042969,1.265625,0.000000,22.405493,4.000000
2.609375,-0.175781,1.060547,0.000000,29.273705,4.000000
2.654297,-0.179688,1.060547,0.000000,32.547897,4.000000
2.759766,-0.089844,0.900391,0.000000,31.821293,4.000000
4.298828,-0.142578,1.457031,0.000000,27.686380,4.000000
4.384766,-0.142578,1.322266,0.000000,31.251558,4.000000
4.460938,-0.000000,1.212891,0.000000,30.989897,4.000000
4.900391,-0.935547,0.097656,0.000000,28.915375,4.000000
0.037109,-0.035156,0.064453,0.000000,30.086002,4.000000
0.044922,-0.046875,0.103516,0.000000,28.998205,4.000000
1.175781,-0.449219,0.355469,0.000000,21.335388,4.000000
1.236328,-0.464844,0.279297,0.000000,19.542425,4.000000
0.011719,-0.039062,-0.007812,0.000000,30.648323,5.000000
0.027344,-0.076172,-0.009766,0.000000,31.858253,5.000000
0.029297,-0.119141,-0.005859,0.000000,30.073210,5.000000
0.056641,-0.154297,0.007812,0.000000,25.352942,5.000000
0.261719,0.039062,-1.240234,0.000000,23.521826,5.000000
0.224609,0.041016,-1.289062,0.000000,24.345690,5.000000
0.453125,0.042969,1.271484,0.000000,22.455126,5.000000
2.626953,-0.175781,1.017578,0.000000,29.237619,5.000000
2.660156,-0.179688,1.042969,0.000000,32.494431,5.000000
2.751953,-0.089844,0.921875,0.000000,31.755117,5.000000
4.289062,-0.142578,1.482422,0.000000,27.634279,5.000000
4.386719,-0.142578,1.310547,0.000000,31.241781,5.000000
4.468750,-0.000000,1.179688,0.000000,30.982975,5.000000
4.833984,-0.464844,0.957031,0.000000,29.542425,5.000000
0.037109,-0.035156,0.064453,0.000000,30.077478,5.000000
0.044922,-0.046875,0.103516,0.000000,28.992731,5.000000
1.177734,-0.449219,0.353516,0.000000,21.430147,5.000000
1.232422,-0.464844,0.298828,0.000000,19.684830,5.000000
0.011719,-0.039062,-0.007812,0.000000,30.637085,6.000000
0.027344,-0.076172,-0.009766,0.000000,31.855421,6.000000
0.029297,-0.119141,-0.005859,0.000000,30.068937,6.000000
0.056641,-0.154297,0.007812,0.000000,25.340261,6.000000
0.269531,0.039062,-1.238281,0.000000,23.521826,6.000000
0.228516,0.041016,-1.289062,0.000000,24.361626,6.000000
0.441406,0.042969,1.275391,0.000000,22.479733,6.000000
2.634766,-0.175781,0.996094,0.000000,29.344984,6.000000
2.705078,-0.089844,0.933594,0.000000,32.569580,6.000000
2.753906,-0.089844,0.919922,0.000000,31.970047,6.000000
4.310547,-0.000000,1.425781,0.000000,27.860413,6.000000
4.400391,-0.142578,1.263672,0.000000,31.445742,6.000000
4.478516,-0.000000,1.142578,0.000000,31.192558,6.000000
0.037109,-0.035156,0.064453,0.000000,30.081741,6.000000
0.046875,-0.046875,0.103516,0.000000,28.998205,6.000000
1.179688,-0.449219,0.345703,0.000000,21.398790,6.000000
1.236328,-0.464844,0.281250,0.000000,19.684830,6.000000
0.011719,-0.039062,-0.007812,0.000000,30.648323,7.000000
0.027344,-0.076172,-0.009766,0.000000,31.861084,7.000000
0.029297,-0.119141,-0.003906,0.000000,30.077478,7.000000
0.056641,-0.154297,0.007812,0.000000,25.352942,7.000000
0.259766,0.039062,-1.240234,0.000000,23.483049,7.000000
0.179688,0.041016,-1.296875,0.000000,24.329693,7.000000
0.472656,0.042969,1.263672,0.000000,22.430380,7.000000
2.607422,-0.175781,1.068359,0.000000,29.365137,7.000000
2.652344,-0.179688,1.066406,0.000000,32.622135,7.000000
2.748047,-0.089844,0.935547,0.000000,31.975563,7.000000
4.316406,-0.142578,1.398438,0.000000,28.007172,7.000000
4.404297,-0.142578,1.253906,0.000000,31.519823,7.000000
4.474609,-0.144531,1.150391,0.000000,31.169397,7.000000
4.824219,-0.308594,1.066406,0.000000,29.960737,7.000000
0.037109,-0.035156,0.064453,0.000000,30.081741,7.000000
0.044922,-0.046875,0.103516,0.000000,28.998205,7.000000
1.181641,-0.449219,0.341797,0.000000,21.367207,7.000000
1.236328,-0.464844,0.275391,0.000000,19.684830,7.000000
0.011719,-0.039062,-0.007812,0.000000,30.648323,8.000000
0.027344,-0.076172,-0.009766,0.000000,31.858253,8.000000
0.029297,-0.119141,-0.005859,0.000000,30.073210,8.000000
0.056641,-0.154297,0.007812,0.000000,25.352942,8.000000
0.265625,0.039062,-1.240234,0.000000,23.483049,8.000000
0.212891,0.041016,-1.291016,0.000000,24.313637,8.000000
0.466797,0.042969,1.265625,0.000000,22.430380,8.000000
2.181641,-0.068359,-0.333984,0.000000,27.902851,8.000000
2.226562,-0.070312,-0.322266,0.000000,27.474117,8.000000
2.607422,-0.175781,1.064453,0.000000,29.395193,8.000000
2.658203,-0.179688,1.050781,0.000000,32.631626,8.000000
2.759766,-0.089844,0.902344,0.000000,31.846914,8.000000
4.312500,-0.142578,1.412109,0.000000,27.874605,8.000000
4.398438,-0.142578,1.273438,0.000000,31.408222,8.000000
4.464844,-0.000000,1.197266,0.000000,30.920185,8.000000
4.830078,-0.308594,1.037109,0.000000,30.569048,8.000000
4.919922,-0.779297,0.294922,0.000000,29.566486,8.000000
0.037109,-0.035156,0.064453,0.000000,30.077478,8.000000
0.044922,-0.046875,0.103516,0.000000,28.992731,8.000000
1.179688,-0.449219,0.345703,0.000000,21.367207,8.000000
1.240234,-0.464844,0.261719,0.000000,19.637878,8.000000
0.011719,-0.039062,-0.007812,0.000000,30.648323,9.000000
0.027344,-0.076172,-0.009766,0.000000,31.858253,9.000000
0.029297,-0.119141,-0.003906,0.000000,30.073210,9.000000
0.056641,-0.154297,0.007812,0.000000,25.352942,9.000000
0.240234,0.039062,-1.244141,0.000000,23.502480,9.000000
0.199219,0.041016,-1.292969,0.000000,24.361626,9.000000
0.451172,0.042969,1.271484,0.000000,22.455126,9.000000
2.173828,-0.000000,-0.392578,0.000000,28.469553,9.000000
2.218750,-0.000000,-0.369141,0.000000,28.808136,9.000000
2.273438,-0.000000,-0.285156,0.000000,27.671558,9.000000
2.599609,-0.175781,1.085938,0.000000,29.355072,9.000000
2.654297,-0.179688,1.058594,0.000000,32.579185,9.000000
2.761719,-0.089844,0.894531,0.000000,31.866739,9.000000
4.308594,-0.142578,1.427734,0.000000,27.902851,9.000000
4.394531,-0.142578,1.287109,0.000000,31.436392,9.000000
4.462891,-0.000000,1.205078,0.000000,30.979511,9.000000
4.839844,-0.308594,0.986328,0.000000,30.748165,9.000000
4.906250,-0.779297,0.468750,0.000000,29.717396,9.000000
0.037109,-0.035156,0.064453,0.000000,30.081741,9.000000
0.044922,-0.046875,0.103516,0.000000,28.992731,9.000000
1.179688,-0.449219,0.343750,0.000000,21.398790,9.000000
1.232422,-0.464844,0.292969,0.000000,19.637878,9.000000
0.011719,-0.039062,-0.007812,0.000000,30.655798,10.000000
0.027344,-0.076172,-0.009766,0.000000,31.858253,10.000000
0.029297,-0.119141,-0.003906,0.000000,30.073210,10.000000
0.056641,-0.154297,0.007812,0.000000,25.352942,10.000000
0.242188,0.039062,-1.244141,0.000000,23.502480,10.000000
0.164062,0.041016,-1.298828,0.000000,24.361626,10.000000
0.472656,0.042969,1.263672,0.000000,22.455126,10.000000
2.232422,-0.070312,-0.273438,0.000000,27.656685,10.000000
2.273438,-0.000000,-0.289062,0.000000,26.354837,10.000000
2.626953,-0.175781,1.015625,0.000000,29.052561,10.000000
2.708984,-0.089844,0.919922,0.000000,32.467445,10.000000
2.777344,-0.089844,0.845703,0.000000,31.746412,10.000000
4.302734,-0.142578,1.441406,0.000000,27.867514,10.000000
4.396484,-0.142578,1.279297,0.000000,31.430147,10.000000
4.478516,-0.000000,1.148438,0.000000,31.126051,10.000000
4.835938,-0.308594,1.005859,0.000000,31.172712,10.000000
4.933594,-0.623047,0.427734,0.000000,29.822712,10.000000
0.037109,-0.035156,0.064453,0.000000,30.086002,10.000000
0.046875,-0.046875,0.103516,0.000000,28.998205,10.000000
1.238281,-0.464844,0.271484,0.000000,19.684830,10.000000
0.011719,-0.039062,-0.007812,0.000000,30.652061,11.000000
0.027344,-0.076172,-0.009766,0.000000,31.858253,11.000000
0.029297,-0.119141,-0.005859,0.000000,30.077478,11.000000
0.056641,-0.154297,0.007812,0.000000,25.352942,11.000000
0.265625,0.039062,-1.240234,0.000000,23.483049,11.000000
0.220703,0.041016,-1.289062,0.000000,24.313637,11.000000
0.453125,0.042969,1.271484,0.000000,22.430380,11.000000
2.220703,-0.070312,-0.351562,0.000000,27.730547,11.000000
2.289062,-0.000000,-0.068359,0.000000,26.946053,11.000000
2.628906,-0.175781,1.009766,0.000000,29.153997,11.000000
2.679688,-0.179688,0.996094,0.000000,32.494431,11.000000
2.773438,-0.089844,0.855469,0.000000,31.778250,11.000000
4.294922,-0.142578,1.466797,0.000000,27.708521,11.000000
4.386719,-0.142578,1.312500,0.000000,31.231981,11.000000
4.449219,-0.144531,1.248047,0.000000,30.663260,11.000000
4.646484,0.146484,0.724609,0.000000,29.986952,11.000000
4.855469,-0.308594,0.914062,0.000000,30.318123,11.000000
0.037109,-0.035156,0.064453,0.000000,30.081741,11.000000
0.044922,-0.046875,0.103516,0.000000,28.992731,11.000000
1.179688,-0.449219,0.347656,0.000000,21.430147,11.000000
1.240234,-0.464844,0.257812,0.000000,19.777237,11.000000
0.011719,-0.039062,-0.007812,0.000000,30.652061,12.000000
0.027344,-0.076172,-0.009766,0.000000,31.855421,12.000000
0.029297,-0.119141,-0.005859,0.000000,30.068937,12.000000
0.056641,-0.154297,0.007812,0.000000,25.352942,12.000000
0.291016,0.039062,-1.234375,0.000000,23.502480,12.000000
0.240234,0.041016,-1.285156,0.000000,24.329693,12.000000
0.431641,0.042969,1.277344,0.000000,22.455126,12.000000
2.283203,-0.000000,-0.175781,0.000000,26.830471,12.000000
2.326172,-0.000000,0.169922,0.000000,27.619278,12.000000
2.367188,-0.148438,0.085938,0.000000,27.626785,12.000000
2.320312,0.226562,0.623047,0.000000,27.937904,12.000000
2.646484,-0.179688,1.080078,0.000000,32.702129,12.000000
2.742188,-0.089844,0.951172,0.000000,31.892096,12.000000
4.294922,-0.142578,1.466797,0.000000,27.902851,12.000000
4.392578,-0.142578,1.292969,0.000000,31.458178,12.000000
4.449219,-0.144531,1.246094,0.000000,30.770042,12.000000
4.849609,-0.308594,0.941406,0.000000,29.912260,12.000000
4.902344,-0.935547,-0.054688,0.000000,28.976271,12.000000
0.037109,-0.035156,0.064453,0.000000,30.086002,12.000000
0.046875,-0.046875,0.103516,0.000000,28.992731,12.000000
1.171875,-0.449219,0.369141,0.000000,21.367207,12.000000
1.216797,-0.464844,0.353516,0.000000,19.637878,12.000000
2.349609,0.074219,0.326172,0.000000,27.520485,12.000000
2.343750,-0.453125,-0.361328,0.000000,26.785183,12.000000
0.011719,-0.039062,-0.007812,0.000000,30.652061,13.000000
0.027344,-0.076172,-0.009766,0.000000,31.858253,13.000000
0.029297,-0.119141,-0.005859,0.000000,30.073210,13.000000
0.056641,-0.154297,0.007812,0.000000,25.352942,13.000000
0.224609,0.039062,-1.248047,0.000000,23.521826,13.000000
0.173828,0.041016,-1.296875,0.000000,24.361626,13.000000
0.472656,0.042969,1.263672,0.000000,22.455126,13.000000
2.171875,-0.068359,-0.398438,0.000000,29.809120,13.000000
2.212891,-0.070312,-0.396484,0.000000,31.325798,13.000000
2.248047,-0.072266,-0.439453,0.000000,28.859262,13.000000
2.347656,0.222656,0.253906,0.000000,28.007172,13.000000
2.386719,0.226562,0.285156,0.000000,29.206450,13.000000
2.605469,-0.175781,1.070312,0.000000,29.190781,13.000000
2.664062,-0.179688,1.033203,0.000000,32.440296,13.000000
2.761719,-0.089844,0.892578,0.000000,31.758017,13.000000
4.294922,-0.142578,1.466797,0.000000,27.803173,13.000000
4.390625,-0.142578,1.300781,0.000000,31.357685,13.000000
