1.230469,-0.464844,0.302734,0.000000,19.684830,0.000000
0.011719,-0.039062,-0.007812,0.000000,30.655798,1.000000
0.027344,-0.076172,-0.009766,0.000000,31.861084,1.000000
0.029297,-0.119141,-0.005859,0.000000,30.081741,1.000000
0.056641,-0.154297,0.007812,0.000000,25.378191,1.000000
0.238281,0.039062,-1.244141,0.000000,23.541084,1.000000
0.154297,0.041016,-1.298828,0.000000,24.345690,1.000000
0.509766,0.042969,1.250000,0.000000,22.455126,1.000000
2.623047,-0.175781,1.027344,0.000000,29.289078,1.000000
2.671875,-0.179688,1.013672,0.000000,32.564774,1.000000
2.771484,-0.089844,0.865234,0.000000,31.958996,1.000000
4.322266,-0.142578,1.380859,0.000000,27.958799,1.000000
4.392578,-0.142578,1.292969,0.000000,31.436392,1.000000
4.466797,-0.000000,1.193359,0.000000,31.092409,1.000000
4.839844,-0.308594,0.986328,0.000000,30.729847,1.000000
4.917969,-0.779297,0.326172,0.000000,29.689497,1.000000
0.037109,-0.035156,0.064453,0.000000,30.081741,1.000000
0.044922,-0.046875,0.103516,0.000000,28.992731,1.000000
1.181641,-0.449219,0.337891,0.000000,21.367207,1.000000
1.242188,-0.464844,0.253906,0.000000,19.637878,1.000000
0.011719,-0.039062,-0.007812,0.000000,30.655798,2.000000
0.027344,-0.076172,-0.009766,0.000000,31.861084,2.000000
0.029297,-0.119141,-0.003906,0.000000,30.077478,2.000000
0.056641,-0.154297,0.007812,0.000000,25.352942,2.000000
0.250000,0.039062,-1.242188,0.000000,23.463530,2.000000
0.187500,0.041016,-1.294922,0.000000,24.297523,2.000000
0.470703,0.042969,1.263672,0.000000,22.380461,2.000000
2.271484,-0.000000,-0.294922,0.000000,27.752462,2.000000
2.314453,-0.000000,-0.277344,0.000000,28.864906,2.000000
2.615234,-0.175781,1.046875,0.000000,29.425041,2.000000
2.664062,-0.179688,1.035156,0.000000,32.626884,2.000000
2.767578,-0.089844,0.875000,0.000000,31.950689,2.000000
4.298828,-0.142578,1.453125,0.000000,27.853298,2.000000
4.392578,-0.142578,1.292969,0.000000,31.383026,2.000000
4.468750,-0.000000,1.183594,0.000000,31.027765,2.000000
4.835938,-0.308594,1.005859,0.000000,30.417873,2.000000
4.917969,-0.779297,0.326172,0.000000,29.395193,2.000000
0.037109,-0.035156,0.064453,0.000000,30.086002,2.000000
0.044922,-0.046875,0.103516,0.000000,29.003672,2.000000
1.179688,-0.449219,0.347656,0.000000,21.335388,2.000000
1.234375,-0.464844,0.291016,0.000000,19.590414,2.000000
0.011719,-0.039062,-0.007812,0.000000,30.670708,3.000000
0.027344,-0.076172,-0.009766,0.000000,31.863913,3.000000
0.029297,-0.119141,-0.003906,0.000000,30.077478,3.000000
0.056641,-0.154297,0.007812,0.000000,25.340261,3.000000
0.275391,0.039062,-1.236328,0.000000,23.502480,3.000000
0.222656,0.041016,-1.289062,0.000000,24.329693,3.000000
0.447266,0.042969,1.273438,0.000000,22.455126,3.000000
2.289062,-0.000000,-0.101562,0.000000,26.454224,3.000000
2.324219,-0.000000,-0.191406,0.000000,27.581547,3.000000
2.617188,-0.175781,1.041016,0.000000,29.258276,3.000000
2.697266,-0.089844,0.957031,0.000000,32.567177,3.000000
2.753906,-0.089844,0.917969,0.000000,31.880844,3.000000
4.312500,-0.142578,1.412109,0.000000,27.895807,3.000000
4.400391,-0.142578,1.263672,0.000000,31.464382,3.000000
4.480469,-0.000000,1.140625,0.000000,31.202448,3.000000
4.833984,-0.308594,1.015625,0.000000,31.078880,3.000000
4.921875,-0.623047,0.542969,0.000000,29.604708,3.000000
0.037109,-0.035156,0.064453,0.000000,30.081741,3.000000
0.044922,-0.046875,0.103516,0.000000,28.998205,3.000000
1.173828,-0.449219,0.365234,0.000000,21.398790,3.000000
1.226562,-0.464844,0.322266,0.000000,19.684830,3.000000
0.011719,-0.039062,-0.007812,0.000000,30.659531,4.000000
0.027344,-0.076172,-0.009766,0.000000,31.861084,4.000000
0.029297,-0.119141,-0.005859,0.000000,30.077478,4.000000
0.056641,-0.154297,0.007812,0.000000,25.352942,4.000000
0.283203,0.039062,-1.236328,0.000000,23.521826,4.000000
0.208984,0.041016,-1.291016,0.000000,24.345690,4.000000
0.458984,0.042969,1.269531,0.000000,22.455126,4.000000
2.623047,-0.175781,1.027344,0.000000,29.454685,4.000000
2.666016,-0.179688,1.027344,0.000000,32.622135,4.000000
2.765625,-0.089844,0.882812,0.000000,31.934029,4.000000
4.302734,-0.142578,1.443359,0.000000,27.895807,4.000000
4.396484,-0.142578,1.279297,0.000000,31.442627,4.000000
4.476562,-0.000000,1.152344,0.000000,31.105898,4.000000
4.839844,-0.308594,0.992188,0.000000,30.799046,4.000000
4.919922,-0.779297,0.289062,0.000000,29.350031,4.000000
0.037109,-0.035156,0.064453,0.000000,30.086002,4.000000
0.046875,-0.046875,0.103516,0.000000,28.998205,4.000000
1.230469,-0.464844,0.302734,0.000000,19.637878,4.000000
0.011719,-0.039062,-0.007812,0.000000,30.663260,5.000000
0.027344,-0.076172,-0.009766,0.000000,31.861084,5.000000
0.029297,-0.119141,-0.003906,0.000000,30.077478,5.000000
0.056641,-0.154297,0.007812,0.000000,25.352942,5.000000
0.271484,0.039062,-1.238281,0.000000,23.502480,5.000000
0.220703,0.041016,-1.289062,0.000000,24.345690,5.000000
0.472656,0.042969,1.263672,0.000000,22.479733,5.000000
2.248047,-0.072266,-0.431641,0.000000,26.730209,5.000000
2.300781,-0.072266,-0.367188,0.000000,27.558748,5.000000
2.626953,-0.175781,1.015625,0.000000,29.247959,5.000000
2.660156,-0.179688,1.044922,0.000000,32.569580,5.000000
2.744141,-0.089844,0.945312,0.000000,31.911715,5.000000
4.308594,-0.142578,1.427734,0.000000,27.909885,5.000000
4.398438,-0.142578,1.273438,0.000000,31.436392,5.000000
4.468750,-0.144531,1.171875,0.000000,31.031193,5.000000
4.845703,-0.308594,0.960938,0.000000,30.637085,5.000000
4.921875,-0.779297,0.263672,0.000000,29.380192,5.000000
0.037109,-0.035156,0.064453,0.000000,30.081741,5.000000
0.044922,-0.046875,0.103516,0.000000,28.992731,5.000000
1.177734,-0.449219,0.353516,0.000000,21.398790,5.000000
1.232422,-0.464844,0.292969,0.000000,19.684830,5.000000
0.011719,-0.039062,-0.007812,0.000000,30.655798,6.000000
0.027344,-0.076172,-0.009766,0.000000,31.858253,6.000000
0.029297,-0.119141,-0.003906,0.000000,30.073210,6.000000
0.056641,-0.154297,0.007812,0.000000,25.352942,6.000000
0.259766,0.039062,-1.240234,0.000000,23.502480,6.000000
0.195312,0.041016,-1.292969,0.000000,24.361626,6.000000
0.460938,0.042969,1.267578,0.000000,22.455126,6.000000
2.306641,-0.000000,-0.337891,0.000000,27.604225,6.000000
2.638672,-0.175781,0.988281,0.000000,29.365137,6.000000
2.705078,-0.089844,0.937500,0.000000,32.624512,6.000000
2.763672,-0.089844,0.886719,0.000000,31.942368,6.000000
4.308594,-0.142578,1.427734,0.000000,27.881683,6.000000
4.396484,-0.142578,1.283203,0.000000,31.417633,6.000000
4.466797,-0.000000,1.189453,0.000000,30.982975,6.000000
4.841797,-0.308594,0.976562,0.000000,30.523090,6.000000
4.919922,-0.779297,0.289062,0.000000,29.190781,6.000000
0.037109,-0.035156,0.064453,0.000000,30.086002,6.000000
0.044922,-0.046875,0.103516,0.000000,28.992731,6.000000
1.177734,-0.449219,0.349609,0.000000,21.430147,6.000000
1.238281,-0.464844,0.273438,0.000000,19.731279,6.000000
0.011719,-0.039062,-0.007812,0.000000,30.655798,7.000000
0.027344,-0.076172,-0.009766,0.000000,31.858253,7.000000
0.029297,-0.119141,-0.005859,0.000000,30.073210,7.000000
0.056641,-0.154297,0.007812,0.000000,25.340261,7.000000
0.283203,0.039062,-1.234375,0.000000,23.483049,7.000000
0.224609,0.041016,-1.289062,0.000000,24.329693,7.000000
0.449219,0.042969,1.273438,0.000000,22.455126,7.000000
2.279297,-0.072266,-0.486328,0.000000,26.972294,7.000000
2.320312,-0.074219,-0.492188,0.000000,27.347998,7.000000
2.658203,-0.179688,1.050781,0.000000,32.581581,7.000000
2.750000,-0.089844,0.929688,0.000000,31.925674,7.000000
4.314453,-0.142578,1.406250,0.000000,27.951845,7.000000
4.404297,-0.142578,1.253906,0.000000,31.489109,7.000000
4.484375,-0.000000,1.123047,0.000000,31.254812,7.000000
4.837891,-0.308594,0.994141,0.000000,31.055101,7.000000
4.929688,-0.623047,0.460938,0.000000,29.652018,7.000000
0.037109,-0.035156,0.064453,0.000000,30.090258,7.000000
0.046875,-0.046875,0.103516,0.000000,28.998205,7.000000
1.177734,-0.449219,0.349609,0.000000,21.398790,7.000000
1.228516,-0.464844,0.310547,0.000000,19.731279,7.000000
0.011719,-0.039062,-0.007812,0.000000,30.655798,8.000000
0.027344,-0.076172,-0.009766,0.000000,31.861084,8.000000
0.029297,-0.119141,-0.003906,0.000000,30.073210,8.000000
0.056641,-0.154297,0.007812,0.000000,25.352942,8.000000
0.253906,0.039062,-1.242188,0.000000,23.502480,8.000000
0.205078,0.041016,-1.292969,0.000000,24.313637,8.000000
0.480469,0.042969,1.261719,0.000000,22.430380,8.000000
2.605469,-0.175781,1.072266,0.000000,29.344984,8.000000
2.662109,-0.179688,1.039062,0.000000,32.600716,8.000000
2.763672,-0.089844,0.888672,0.000000,31.925674,8.000000
4.304688,-0.142578,1.435547,0.000000,27.916906,8.000000
4.398438,-0.142578,1.271484,0.000000,31.405081,8.000000
4.476562,-0.000000,1.152344,0.000000,31.061909,8.000000
4.839844,-0.308594,0.988281,0.000000,31.007151,8.000000
4.931641,-0.623047,0.439453,0.000000,29.881128,8.000000
0.037109,-0.035156,0.064453,0.000000,30.081741,8.000000
0.044922,-0.046875,0.103516,0.000000,28.992731,8.000000
1.173828,-0.449219,0.365234,0.000000,21.398790,8.000000
1.234375,-0.464844,0.292969,0.000000,19.684830,8.000000
0.011719,-0.039062,-0.007812,0.000000,30.648323,9.000000
0.027344,-0.076172,-0.009766,0.000000,31.861084,9.000000
0.029297,-0.119141,-0.005859,0.000000,30.077478,9.000000
0.056641,-0.154297,0.007812,0.000000,25.340261,9.000000
0.283203,0.039062,-1.236328,0.000000,23.521826,9.000000
0.226562,0.041016,-1.289062,0.000000,24.329693,9.000000
0.447266,0.042969,1.273438,0.000000,22.430380,9.000000
2.632812,-0.175781,1.003906,0.000000,29.360107,9.000000
2.708984,-0.089844,0.925781,0.000000,32.583977,9.000000
2.769531,-0.089844,0.873047,0.000000,31.878027,9.000000
4.314453,-0.142578,1.406250,0.000000,27.916906,9.000000
4.404297,-0.142578,1.255859,0.000000,31.464382,9.000000
4.476562,-0.000000,1.148438,0.000000,31.099159,9.000000
4.830078,-0.308594,1.039062,0.000000,30.314085,9.000000
4.923828,-0.779297,0.236328,0.000000,29.566486,9.000000
0.037109,-0.035156,0.064453,0.000000,30.086002,9.000000
0.044922,-0.046875,0.103516,0.000000,28.998205,9.000000
1.175781,-0.449219,0.357422,0.000000,21.367207,9.000000
1.232422,-0.464844,0.292969,0.000000,19.637878,9.000000
0.011719,-0.039062,-0.007812,0.000000,30.655798,10.000000
0.027344,-0.076172,-0.009766,0.000000,31.861084,10.000000
0.029297,-0.119141,-0.003906,0.000000,30.077478,10.000000
0.056641,-0.154297,0.007812,0.000000,25.352942,10.000000
0.287109,0.039062,-1.234375,0.000000,23.463530,10.000000
0.214844,0.041016,-1.291016,0.000000,24.313637,10.000000
0.455078,0.042969,1.269531,0.000000,22.430380,10.000000
2.349609,-0.076172,-0.548828,0.000000,26.884199,10.000000
2.611328,-0.175781,1.058594,0.000000,29.444826,10.000000
2.697266,-0.089844,0.958984,0.000000,32.636360,10.000000
2.753906,-0.089844,0.921875,0.000000,31.914511,10.000000
4.310547,-0.142578,1.419922,0.000000,27.846172,10.000000
4.394531,-0.142578,1.285156,0.000000,31.370375,10.000000
4.470703,-0.000000,1.171875,0.000000,31.082266,10.000000
4.857422,-0.308594,0.900391,0.000000,30.759117,10.000000
4.927734,-0.779297,0.142578,0.000000,30.115704,10.000000
0.037109,-0.035156,0.064453,0.000000,30.081741,10.000000
0.044922,-0.046875,0.103516,0.000000,28.992731,10.000000
1.177734,-0.449219,0.351562,0.000000,21.367207,10.000000
1.232422,-0.464844,0.294922,0.000000,19.637878,10.000000
0.011719,-0.039062,-0.007812,0.000000,30.652061,11.000000
0.027344,-0.076172,-0.009766,0.000000,31.861084,11.000000
0.029297,-0.119141,-0.005859,0.000000,30.077478,11.000000
0.056641,-0.154297,0.007812,0.000000,25.352942,11.000000
0.283203,0.039062,-1.236328,0.000000,23.521826,11.000000
0.214844,0.041016,-1.291016,0.000000,24.361626,11.000000
0.453125,0.042969,1.271484,0.000000,22.455126,11.000000
2.621094,-0.175781,1.033203,0.000000,29.459606,11.000000
2.664062,-0.179688,1.035156,0.000000,32.610249,11.000000
2.759766,-0.089844,0.898438,0.000000,31.875208,11.000000
4.302734,-0.142578,1.443359,0.000000,27.923918,11.000000
4.398438,-0.142578,1.273438,0.000000,31.448854,11.000000
4.478516,-0.000000,1.142578,0.000000,31.146111,11.000000
4.822266,-0.308594,1.076172,0.000000,30.441477,11.000000
0.037109,-0.035156,0.064453,0.000000,30.081741,11.000000
0.046875,-0.046875,0.103516,0.000000,28.992731,11.000000
1.236328,-0.464844,0.277344,0.000000,19.637878,11.000000
0.011719,-0.039062,-0.007812,0.000000,30.648323,12.000000
0.027344,-0.076172,-0.009766,0.000000,31.858253,12.000000
0.029297,-0.119141,-0.005859,0.000000,30.077478,12.000000
0.056641,-0.154297,0.007812,0.000000,25.365585,12.000000
0.267578,0.039062,-1.238281,0.000000,23.502480,12.000000
0.222656,0.041016,-1.289062,0.000000,24.329693,12.000000
0.453125,0.042969,1.271484,0.000000,22.430380,12.000000
2.361328,-0.148438,-0.173828,0.000000,26.483601,12.000000
2.363281,-0.076172,-0.482422,0.000000,26.493349,12.000000
2.625000,-0.175781,1.025391,0.000000,29.216866,12.000000
2.705078,-0.089844,0.935547,0.000000,32.547897,12.000000
2.765625,-0.089844,0.884766,0.000000,31.863913,12.000000
4.312500,-0.142578,1.414062,0.000000,27.909885,12.000000
4.400391,-0.142578,1.265625,0.000000,31.430147,12.000000
4.476562,-0.000000,1.152344,0.000000,31.119343,12.000000
4.824219,-0.308594,1.062500,0.000000,30.468851,12.000000
0.037109,-0.035156,0.064453,0.000000,30.086002,12.000000
0.044922,-0.046875,0.103516,0.000000,29.003672,12.000000
1.179688,-0.449219,0.345703,0.000000,21.430147,12.000000
1.240234,-0.464844,0.261719,0.000000,19.684830,12.000000
0.011719,-0.039062,-0.007812,0.000000,30.655798,13.000000
0.027344,-0.076172,-0.009766,0.000000,31.858253,13.000000
0.029297,-0.119141,-0.005859,0.000000,30.073210,13.000000
0.056641,-0.154297,0.007812,0.000000,25.352942,13.000000
0.292969,0.039062,-1.232422,0.000000,23.521826,13.000000
0.232422,0.041016,-1.287109,0.000000,24.361626,13.000000
0.441406,0.042969,1.275391,0.000000,22.479733,13.000000
2.306641,-0.072266,-0.332031,0.000000,28.413595,13.000000
2.363281,-0.074219,-0.197266,0.000000,28.388491,13.000000
2.414062,-0.000000,0.009766,0.000000,27.109631,13.000000
2.619141,-0.175781,1.035156,0.000000,29.365137,13.000000
2.703125,-0.089844,0.941406,0.000000,32.671719,13.000000
2.771484,-0.089844,0.863281,0.000000,32.027607,13.000000
4.314453,-0.000000,1.416016,0.000000,27.846172,13.000000
4.400391,-0.142578,1.267578,0.000000,31.401937,13.000000
4.482422,-0.000000,1.128906,0.000000,31.189257,13.000000
4.843750,-0.308594,0.968750,0.000000,30.633333,13.000000
4.925781,-0.779297,0.189453,0.000000,29.800034,13.000000
0.037109,-0.035156,0.064453,0.000000,30.081741,13.000000
0.046875,-0.046875,0.103516,0.000000,28.992731,13.000000
