0.046875,-0.046875,0.103516,0.000000,28.987251,0.000000
1.236328,-0.464844,0.283203,0.000000,19.731279,0.000000
4.566406,1.871094,-0.740234,0.000000,26.344772,0.000000
0.011719,-0.039062,-0.007812,0.000000,30.648323,1.000000
0.027344,-0.076172,-0.009766,0.000000,31.846914,1.000000
0.029297,-0.119141,-0.003906,0.000000,30.060379,1.000000
0.056641,-0.154297,0.007812,0.000000,25.327543,1.000000
0.220703,0.039062,-1.248047,0.000000,23.443922,1.000000
0.177734,0.041016,-1.296875,0.000000,24.297523,1.000000
0.468750,0.042969,1.265625,0.000000,22.430380,1.000000
2.289062,0.072266,-0.052734,0.000000,25.786392,1.000000
2.332031,-0.000000,-0.025391,0.000000,27.226339,1.000000
2.619141,-0.175781,1.039062,0.000000,29.294189,1.000000
2.669922,-0.179688,1.019531,0.000000,32.538223,1.000000
2.767578,-0.089844,0.876953,0.000000,31.818436,1.000000
4.386719,-0.142578,1.316406,0.000000,31.065308,1.000000
4.474609,-0.144531,1.154297,0.000000,31.274288,1.000000
4.580078,-0.000000,0.878906,0.000000,29.350031,1.000000
0.037109,-0.035156,0.064453,0.000000,30.081741,1.000000
0.046875,-0.046875,0.103516,0.000000,28.981766,1.000000
1.236328,-0.464844,0.279297,0.000000,19.542425,1.000000
0.011719,-0.039062,-0.007812,0.000000,30.648323,2.000000
0.027344,-0.076172,-0.009766,0.000000,31.846914,2.000000
0.029297,-0.119141,-0.003906,0.000000,30.064661,2.000000
0.056641,-0.154297,0.007812,0.000000,25.327543,2.000000
0.214844,0.039062,-1.250000,0.000000,23.502480,2.000000
0.189453,0.041016,-1.294922,0.000000,24.361626,2.000000
0.458984,0.042969,1.269531,0.000000,22.479733,2.000000
2.224609,-0.140625,-0.298828,0.000000,28.407331,2.000000
2.273438,-0.142578,-0.242188,0.000000,31.655411,2.000000
2.320312,-0.146484,-0.171875,0.000000,31.676126,2.000000
2.367188,-0.074219,-0.150391,0.000000,29.444826,2.000000
2.625000,-0.175781,1.021484,0.000000,29.068735,2.000000
2.671875,-0.179688,1.011719,0.000000,32.380463,2.000000
2.765625,-0.089844,0.884766,0.000000,31.687920,2.000000
4.304688,-0.142578,1.439453,0.000000,28.068581,2.000000
4.396484,-0.142578,1.283203,0.000000,31.676126,2.000000
4.460938,-0.144531,1.205078,0.000000,31.344959,2.000000
0.037109,-0.035156,0.064453,0.000000,30.081741,2.000000
0.044922,-0.046875,0.103516,0.000000,28.987251,2.000000
1.240234,-0.464844,0.259766,0.000000,19.731279,2.000000
0.011719,-0.039062,-0.007812,0.000000,30.652061,3.000000
0.027344,-0.076172,-0.009766,0.000000,31.849752,3.000000
0.029297,-0.119141,-0.003906,0.000000,30.064661,3.000000
0.056641,-0.154297,0.007812,0.000000,25.340261,3.000000
0.224609,0.039062,-1.248047,0.000000,23.483049,3.000000
0.201172,0.041016,-1.292969,0.000000,24.361626,3.000000
0.472656,0.042969,1.263672,0.000000,22.504200,3.000000
2.267578,-0.146484,-0.519531,0.000000,26.981005,3.000000
2.632812,-0.175781,1.003906,0.000000,29.304396,3.000000
2.679688,-0.179688,0.994141,0.000000,32.491985,3.000000
2.783203,-0.089844,0.828125,0.000000,31.801258,3.000000
4.308594,-0.142578,1.425781,0.000000,27.839035,3.000000
4.394531,-0.142578,1.287109,0.000000,31.427023,3.000000
4.472656,-0.144531,1.160156,0.000000,31.218880,3.000000
4.839844,-0.308594,0.994141,0.000000,30.584261,3.000000
4.927734,-0.623047,0.482422,0.000000,29.201233,3.000000
2.257812,-0.072266,-0.378906,0.614669,25.477747,3.000000
0.037109,-0.035156,0.064453,0.000000,30.081741,3.000000
0.046875,-0.046875,0.103516,0.000000,28.992731,3.000000
1.179688,-0.449219,0.343750,0.000000,21.398790,3.000000
1.236328,-0.464844,0.281250,0.000000,19.731279,3.000000
0.011719,-0.039062,-0.007812,0.000000,30.648323,4.000000
0.027344,-0.076172,-0.009766,0.000000,31.849752,4.000000
0.041016,-0.115234,-0.007812,0.000000,30.064661,4.000000
0.056641,-0.154297,0.007812,0.000000,25.340261,4.000000
0.246094,0.039062,-1.244141,0.000000,23.502480,4.000000
0.210938,0.041016,-1.291016,0.000000,24.361626,4.000000
0.466797,0.042969,1.265625,0.000000,22.430380,4.000000
2.277344,-0.142578,-0.197266,0.000000,28.129133,4.000000
2.310547,-0.072266,-0.298828,0.000000,28.524799,4.000000
2.613281,-0.175781,1.052734,0.000000,29.400181,4.000000
2.658203,-0.179688,1.050781,0.000000,32.619762,4.000000
2.750000,-0.089844,0.927734,0.000000,31.914511,4.000000
4.283203,-0.142578,1.503906,0.000000,27.723217,4.000000
4.373047,-0.142578,1.359375,0.000000,31.376705,4.000000
4.460938,-0.144531,1.205078,0.000000,31.241781,4.000000
4.609375,-0.000000,0.708984,0.000000,29.247959,4.000000
4.812500,-0.308594,1.117188,0.000000,30.153597,4.000000
4.912109,-0.779297,0.408203,0.000000,28.512583,4.000000
0.037109,-0.035156,0.064453,0.000000,30.077478,4.000000
0.044922,-0.046875,0.103516,0.000000,28.987251,4.000000
1.181641,-0.449219,0.335938,0.000000,21.398790,4.000000
1.240234,-0.464844,0.265625,0.000000,19.684830,4.000000
4.414062,1.714844,-1.576172,0.000000,25.550945,4.000000
0.011719,-0.039062,-0.007812,0.000000,30.652061,5.000000
0.027344,-0.076172,-0.009766,0.000000,31.849752,5.000000
0.029297,-0.119141,-0.005859,0.000000,30.064661,5.000000
0.056641,-0.154297,0.007812,0.000000,25.340261,5.000000
0.238281,0.039062,-1.244141,0.000000,23.483049,5.000000
0.185547,0.041016,-1.294922,0.000000,24.361626,5.000000
0.474609,0.042969,1.263672,0.000000,22.455126,5.000000
2.287109,-0.072266,-0.093750,0.000000,27.611757,5.000000
2.328125,-0.072266,-0.113281,0.000000,27.708521,5.000000
2.611328,-0.175781,1.056641,0.000000,29.253120,5.000000
2.669922,-0.179688,1.019531,0.000000,32.506638,5.000000
2.773438,-0.089844,0.855469,0.000000,31.889284,5.000000
4.306641,-0.142578,1.431641,0.000000,27.923918,5.000000
4.390625,-0.142578,1.302734,0.000000,31.495270,5.000000
4.476562,-0.144531,1.144531,0.000000,31.367207,5.000000
4.611328,-0.000000,0.701172,0.000000,29.390198,5.000000
4.820312,-0.308594,1.080078,0.000000,29.982594,5.000000
4.914062,-0.779297,0.382812,0.000000,28.444771,5.000000
0.037109,-0.035156,0.064453,0.000000,30.081741,5.000000
0.046875,-0.046875,0.103516,0.000000,28.987251,5.000000
1.177734,-0.449219,0.355469,0.000000,21.398790,5.000000
1.232422,-0.464844,0.300781,0.000000,19.684830,5.000000
4.412109,1.714844,-1.578125,0.000000,25.563025,5.000000
0.011719,-0.039062,-0.007812,0.000000,30.644581,6.000000
0.027344,-0.076172,-0.009766,0.000000,31.846914,6.000000
0.029297,-0.119141,-0.003906,0.000000,30.064661,6.000000
0.056641,-0.154297,0.007812,0.000000,25.340261,6.000000
0.244141,0.039062,-1.244141,0.000000,23.502480,6.000000
0.238281,0.041016,-1.287109,0.000000,24.361626,6.000000
0.449219,0.042969,1.271484,0.000000,22.504200,6.000000
2.267578,-0.142578,-0.285156,0.000000,26.599161,6.000000
2.314453,-0.072266,-0.275391,0.000000,27.458551,6.000000
2.636719,-0.175781,0.990234,0.000000,29.449759,6.000000
2.669922,-0.179688,1.017578,0.000000,32.692795,6.000000
2.759766,-0.089844,0.902344,0.000000,32.054749,6.000000
4.308594,-0.142578,1.425781,0.000000,27.745171,6.000000
4.394531,-0.142578,1.285156,0.000000,31.401937,6.000000
4.476562,-0.144531,1.144531,0.000000,31.303337,6.000000
4.597656,-0.000000,0.785156,0.000000,29.090208,6.000000
4.833984,-0.308594,1.015625,0.000000,30.941216,6.000000
4.923828,-0.623047,0.531250,0.000000,29.614210,6.000000
0.037109,-0.035156,0.064453,0.000000,30.081741,6.000000
0.046875,-0.046875,0.103516,0.000000,28.992731,6.000000
1.238281,-0.464844,0.273438,0.000000,19.731279,6.000000
0.011719,-0.039062,-0.007812,0.000000,30.648323,7.000000
0.027344,-0.076172,-0.009766,0.000000,31.849752,7.000000
0.029297,-0.119141,-0.003906,0.000000,30.068937,7.000000
0.056641,-0.154297,0.007812,0.000000,25.340261,7.000000
0.269531,0.039062,-1.238281,0.000000,23.483049,7.000000
0.240234,0.041016,-1.287109,0.000000,24.313637,7.000000
0.462891,0.042969,1.267578,0.000000,22.455126,7.000000
2.240234,-0.140625,-0.138672,0.000000,26.665180,7.000000
2.285156,-0.072266,-0.146484,0.000000,29.781805,7.000000
2.324219,-0.072266,-0.164062,0.000000,29.299295,7.000000
2.361328,-0.074219,-0.210938,0.000000,26.085260,7.000000
2.628906,-0.175781,1.013672,0.000000,29.206450,7.000000
2.691406,-0.179688,0.958984,0.000000,32.382969,7.000000
2.800781,-0.089844,0.763672,0.000000,31.679077,7.000000
4.376953,-0.142578,1.345703,0.000000,31.162756,7.000000
4.443359,-0.000000,1.271484,0.000000,30.835026,7.000000
0.037109,-0.035156,0.064453,0.000000,30.081741,7.000000
0.046875,-0.046875,0.103516,0.000000,28.987251,7.000000
1.177734,-0.449219,0.349609,0.000000,21.367207,7.000000
1.234375,-0.464844,0.289062,0.000000,19.684830,7.000000
0.011719,-0.039062,-0.007812,0.000000,30.648323,8.000000
0.027344,-0.076172,-0.009766,0.000000,31.852587,8.000000
0.029297,-0.119141,-0.003906,0.000000,30.064661,8.000000
0.056641,-0.154297,0.007812,0.000000,25.340261,8.000000
0.261719,0.039062,-1.240234,0.000000,23.502480,8.000000
0.214844,0.041016,-1.291016,0.000000,24.361626,8.000000
0.439453,0.042969,1.275391,0.000000,22.528530,8.000000
2.232422,-0.140625,-0.242188,0.000000,27.489628,8.000000
2.285156,-0.072266,-0.156250,0.000000,30.625820,8.000000
2.328125,-0.072266,-0.105469,0.000000,30.538464,8.000000
2.365234,-0.074219,-0.164062,0.000000,26.989700,8.000000
2.621094,-0.175781,1.033203,0.000000,29.370161,8.000000
2.662109,-0.179688,1.037109,0.000000,32.676411,8.000000
2.750000,-0.089844,0.931641,0.000000,32.024883,8.000000
4.378906,-0.142578,1.341797,0.000000,31.119343,8.000000
4.447266,-0.000000,1.259766,0.000000,30.766405,8.000000
0.037109,-0.035156,0.064453,0.000000,30.081741,8.000000
0.044922,-0.046875,0.103516,0.000000,28.992731,8.000000
1.234375,-0.464844,0.291016,0.000000,19.637878,8.000000
0.011719,-0.039062,-0.007812,0.000000,30.644581,9.000000
0.027344,-0.076172,-0.009766,0.000000,31.849752,9.000000
0.041016,-0.115234,-0.007812,0.000000,30.064661,9.000000
0.056641,-0.154297,0.007812,0.000000,25.352942,9.000000
0.253906,0.039062,-1.242188,0.000000,23.463530,9.000000
0.216797,0.041016,-1.291016,0.000000,24.329693,9.000000
0.474609,0.042969,1.263672,0.000000,22.455126,9.000000
2.289062,-0.072266,0.035156,0.000000,29.025467,9.000000
2.330078,-0.072266,0.009766,0.000000,28.175653,9.000000
2.628906,-0.175781,1.011719,0.000000,29.299295,9.000000
2.671875,-0.179688,1.013672,0.000000,32.540646,9.000000
2.773438,-0.089844,0.859375,0.000000,31.775366,9.000000
4.351562,-0.142578,1.425781,0.000000,29.978231,9.000000
4.412109,-0.144531,1.373047,0.000000,30.111473,9.000000
0.037109,-0.035156,0.064453,0.000000,30.081741,9.000000
0.046875,-0.046875,0.103516,0.000000,28.992731,9.000000
1.181641,-0.449219,0.341797,0.000000,21.367207,9.000000
1.236328,-0.464844,0.279297,0.000000,19.684830,9.000000
0.011719,-0.039062,-0.007812,0.000000,30.652061,10.000000
0.027344,-0.076172,-0.009766,0.000000,31.852587,10.000000
0.029297,-0.119141,-0.003906,0.000000,30.068937,10.000000
0.056641,-0.154297,0.007812,0.000000,25.340261,10.000000
0.216797,0.039062,-1.248047,0.000000,23.424227,10.000000
0.193359,0.041016,-1.294922,0.000000,24.345690,10.000000
0.464844,0.042969,1.267578,0.000000,22.528530,10.000000
2.244141,-0.140625,-0.087891,0.000000,30.285713,10.000000
2.285156,-0.142578,-0.066406,0.000000,32.801228,10.000000
2.326172,-0.146484,-0.066406,0.000000,32.415466,10.000000
2.371094,-0.074219,-0.027344,0.000000,29.795485,10.000000
2.611328,-0.175781,1.056641,0.000000,29.319662,10.000000
2.658203,-0.179688,1.050781,0.000000,32.581581,10.000000
2.755859,-0.089844,0.914062,0.000000,31.908916,10.000000
0.037109,-0.035156,0.064453,0.000000,30.081741,10.000000
0.046875,-0.046875,0.103516,0.000000,28.992731,10.000000
1.177734,-0.449219,0.351562,0.000000,21.367207,10.000000
1.234375,-0.464844,0.291016,0.000000,19.731279,10.000000
0.011719,-0.039062,-0.007812,0.000000,30.644581,11.000000
0.027344,-0.076172,-0.009766,0.000000,31.849752,11.000000
0.029297,-0.119141,-0.003906,0.000000,30.064661,11.000000
0.056641,-0.154297,0.007812,0.000000,25.327543,11.000000
0.210938,0.039062,-1.250000,0.000000,23.502480,11.000000
0.203125,0.041016,-1.292969,0.000000,24.345690,11.000000
0.474609,0.042969,1.263672,0.000000,22.455126,11.000000
2.244141,-0.140625,-0.044922,0.000000,27.427252,11.000000
2.285156,-0.142578,-0.052734,0.000000,30.013010,11.000000
2.326172,-0.146484,0.001953,0.000000,29.618956,11.000000
2.363281,-0.074219,0.205078,0.000000,26.794279,11.000000
2.619141,-0.175781,1.037109,0.000000,29.508514,11.000000
2.658203,-0.179688,1.050781,0.000000,32.796669,11.000000
2.748047,-0.089844,0.933594,0.000000,32.174839,11.000000
4.775391,-1.404297,-0.375000,0.000000,28.898617,11.000000
0.037109,-0.035156,0.064453,0.000000,30.081741,11.000000
0.046875,-0.046875,0.103516,0.000000,28.992731,11.000000
1.238281,-0.464844,0.271484,0.000000,19.637878,11.000000
4.515625,1.714844,-1.250000,0.000000,26.106602,11.000000
0.011719,-0.039062,-0.007812,0.000000,30.640835,12.000000
0.027344,-0.076172,-0.009766,0.000000,31.846914,12.000000
0.029297,-0.119141,-0.005859,0.000000,30.060379,12.000000
0.056641,-0.154297,0.005859,0.000000,25.327543,12.000000
0.279297,0.039062,-1.236328,0.000000,23.502480,12.000000
0.238281,0.041016,-1.287109,0.000000,24.361626,12.000000
0.455078,0.042969,1.269531,0.000000,22.504200,12.000000
2.273438,-0.142578,-0.238281,0.000000,26.785183,12.000000
2.625000,-0.175781,1.019531,0.000000,29.324738,12.000000
2.669922,-0.179688,1.019531,0.000000,32.528530,12.000000
2.761719,-0.089844,0.892578,0.000000,31.863913,12.000000
0.037109,-0.035156,0.064453,0.000000,30.081741,12.000000
0.046875,-0.046875,0.103516,0.000000,28.987251,12.000000
1.183594,-0.449219,0.332031,0.000000,21.461281,12.000000
1.240234,-0.464844,0.257812,0.000000,19.822712,12.000000
0.011719,-0.039062,-0.007812,0.000000,30.644581,13.000000
0.027344,-0.076172,-0.009766,0.000000,31.849752,13.000000
0.029297,-0.119141,-0.003906,0.000000,30.068937,13.000000
0.056641,-0.154297,0.007812,0.000000,25.340261,13.000000
0.230469,0.039062,-1.246094,0.000000,23.483049,13.000000
0.207031,0.041016,-1.291016,0.000000,24.345690,13.000000
0.472656,0.042969,1.263672,0.000000,22.479733,13.000000
2.248047,-0.070312,-0.017578,0.000000,27.810369,13.000000
2.285156,-0.142578,-0.093750,0.000000,28.847954,13.000000
2.322266,-0.146484,-0.142578,0.000000,26.711729,13.000000
2.605469,-0.175781,1.070312,0.000000,29.410143,13.000000
2.654297,-0.179688,1.060547,0.000000,32.720737,13.000000
2.750000,-0.089844,0.927734,0.000000,32.095150,13.000000
0.037109,-0.035156,0.064453,0.000000,30.081741,13.000000
0.046875,-0.046875,0.103516,0.000000,28.992731,13.000000
1.181641,-0.449219,0.337891,0.000000,21.398790,13.000000
1.240234,-0.464844,0.259766,0.000000,19.731279,13.000000
0.011719,-0.039062,-0.007812,0.000000,30.648323,14.000000
