0.076172,-0.082031,1.304688,0.000000,24.608978,0.000000
0.402344,-0.083984,-1.285156,0.000000,23.074961,0.000000
0.552734,-0.042969,-1.275391,0.000000,21.731863,0.000000
1.705078,-0.000000,-0.214844,0.000000,29.030899,0.000000
1.744141,-0.000000,-0.230469,0.000000,31.309767,0.000000
1.769531,0.056641,-0.320312,0.000000,30.979511,0.000000
1.724609,0.171875,-0.623047,0.000000,27.024305,0.000000
0.583984,-2.457031,-0.236328,0.000000,25.774918,0.000000
2.628906,-0.175781,1.013672,0.000000,29.090208,0.000000
2.662109,-0.179688,1.037109,0.000000,32.253094,0.000000
2.755859,-0.089844,0.914062,0.000000,31.383026,0.000000
0.041016,-0.033203,0.062500,0.000000,30.090258,0.000000
0.044922,-0.046875,0.103516,0.000000,29.009130,0.000000
2.529297,0.158203,0.115234,0.000000,25.198280,0.000000
0.011719,-0.039062,-0.007812,0.000000,30.640835,1.000000
0.017578,-0.080078,-0.007812,0.000000,31.900515,1.000000
0.029297,-0.119141,-0.005859,0.000000,30.115704,1.000000
0.056641,-0.154297,0.005859,0.000000,25.440680,1.000000
0.037109,-0.080078,1.265625,0.000000,23.117538,1.000000
0.414062,-0.083984,-1.281250,0.000000,23.096302,1.000000
0.570312,-0.042969,-1.267578,0.000000,21.702618,1.000000
1.703125,-0.000000,-0.218750,0.000000,30.429691,1.000000
1.748047,-0.000000,-0.197266,0.000000,32.823956,1.000000
1.791016,-0.000000,-0.177734,0.000000,33.226326,1.000000
1.835938,0.056641,-0.111328,0.000000,31.967287,1.000000
1.873047,-0.058594,0.175781,0.000000,28.662874,1.000000
1.880859,-0.300781,0.259766,0.000000,27.781513,1.000000
2.648438,-0.179688,1.074219,0.000000,32.195847,1.000000
2.736328,-0.089844,0.968750,0.000000,31.149445,1.000000
0.041016,-0.033203,0.062500,0.000000,30.090258,1.000000
0.044922,-0.046875,0.103516,0.000000,29.009130,1.000000
0.011719,-0.039062,-0.007812,0.000000,30.640835,2.000000
0.017578,-0.080078,-0.007812,0.000000,31.900515,2.000000
0.029297,-0.119141,-0.005859,0.000000,30.115704,2.000000
0.056641,-0.154297,0.005859,0.000000,25.440680,2.000000
0.080078,-0.080078,1.263672,0.000000,23.117538,2.000000
0.410156,-0.083984,-1.283203,0.000000,23.053514,2.000000
0.548828,-0.042969,-1.277344,0.000000,21.643528,2.000000
1.839844,-0.000000,-0.013672,0.000000,27.795965,2.000000
2.613281,-0.175781,1.052734,0.000000,29.116901,2.000000
2.695312,-0.089844,0.962891,0.000000,32.247921,2.000000
2.757812,-0.089844,0.908203,0.000000,31.179338,2.000000
0.041016,-0.033203,0.062500,0.000000,30.090258,2.000000
0.044922,-0.046875,0.103516,0.000000,29.003672,2.000000
0.011719,-0.039062,-0.007812,0.000000,30.633333,3.000000
0.017578,-0.080078,-0.007812,0.000000,31.894903,3.000000
0.029297,-0.119141,-0.005859,0.000000,30.111473,3.000000
0.056641,-0.154297,0.007812,0.000000,25.440680,3.000000
0.156250,-0.080078,1.255859,0.000000,23.117538,3.000000
0.033203,-0.082031,1.306641,0.000000,24.653828,3.000000
0.414062,-0.083984,-1.281250,0.000000,23.138672,3.000000
0.556641,-0.042969,-1.273438,0.000000,21.760912,3.000000
1.789062,0.056641,-0.189453,0.000000,28.426092,3.000000
1.837891,-0.000000,0.099609,0.000000,29.890047,3.000000
1.845703,-0.000000,0.365234,0.000000,28.859262,3.000000
2.634766,-0.175781,0.994141,0.000000,29.454685,3.000000
2.658203,-0.179688,1.050781,0.000000,32.352760,3.000000
2.746094,-0.089844,0.943359,0.000000,31.303337,3.000000
0.041016,-0.033203,0.062500,0.000000,30.094509,3.000000
0.044922,-0.046875,0.103516,0.000000,29.014584,3.000000
0.011719,-0.039062,-0.007812,0.000000,30.640835,4.000000
0.017578,-0.080078,-0.007812,0.000000,31.900515,4.000000
0.029297,-0.119141,-0.005859,0.000000,30.115704,4.000000
0.056641,-0.154297,0.007812,0.000000,25.440680,4.000000
0.138672,-0.080078,1.257812,0.000000,23.159704,4.000000
0.419922,-0.083984,-1.279297,0.000000,23.138672,4.000000
0.568359,-0.042969,-1.267578,0.000000,21.760912,4.000000
1.753906,-0.054688,-0.130859,0.000000,28.859262,4.000000
2.619141,-0.175781,1.037109,0.000000,28.881796,4.000000
2.652344,-0.179688,1.062500,0.000000,32.070957,4.000000
2.740234,-0.089844,0.958984,0.000000,31.115986,4.000000
0.041016,-0.033203,0.062500,0.000000,30.090258,4.000000
0.044922,-0.046875,0.103516,0.000000,29.009130,4.000000
0.011719,-0.039062,-0.007812,0.000000,30.644581,5.000000
0.017578,-0.080078,-0.007812,0.000000,31.897709,5.000000
0.029297,-0.119141,-0.005859,0.000000,30.115704,5.000000
0.056641,-0.154297,0.005859,0.000000,25.453072,5.000000
0.142578,-0.080078,1.257812,0.000000,23.117538,5.000000
0.042969,-0.082031,-1.306641,0.000000,24.623980,5.000000
0.453125,-0.083984,-1.267578,0.000000,23.053514,5.000000
0.583984,-0.042969,-1.261719,0.000000,21.643528,5.000000
1.757812,-0.000000,-0.031250,0.000000,30.588055,5.000000
1.798828,-0.000000,0.060547,0.000000,31.473671,5.000000
1.832031,-0.000000,0.177734,0.000000,30.534626,5.000000
1.865234,-0.000000,0.250000,0.000000,27.965744,5.000000
2.617188,-0.175781,1.044922,0.000000,28.943161,5.000000
2.658203,-0.179688,1.048828,0.000000,32.103184,5.000000
2.755859,-0.089844,0.912109,0.000000,31.112625,5.000000
0.041016,-0.033203,0.062500,0.000000,30.090258,5.000000
0.044922,-0.046875,0.103516,0.000000,29.009130,5.000000
0.011719,-0.039062,-0.007812,0.000000,30.644581,6.000000
0.017578,-0.080078,-0.007812,0.000000,31.900515,6.000000
0.029297,-0.119141,-0.005859,0.000000,30.115704,6.000000
0.056641,-0.154297,0.007812,0.000000,25.453072,6.000000
0.154297,-0.080078,1.255859,0.000000,23.138672,6.000000
0.083984,-0.082031,1.304688,0.000000,24.653828,6.000000
0.421875,-0.083984,-1.279297,0.000000,23.117538,6.000000
1.705078,0.052734,-0.201172,0.000000,28.068581,6.000000
1.755859,-0.000000,-0.113281,0.000000,31.661339,6.000000
1.798828,-0.000000,-0.027344,0.000000,31.801258,6.000000
1.837891,0.056641,0.097656,0.000000,29.116901,6.000000
2.617188,-0.175781,1.041016,0.000000,29.079485,6.000000
2.667969,-0.179688,1.027344,0.000000,32.190605,6.000000
2.765625,-0.089844,0.882812,0.000000,31.277525,6.000000
0.041016,-0.033203,0.062500,0.000000,30.090258,6.000000
0.044922,-0.046875,0.103516,0.000000,29.009130,6.000000
0.011719,-0.039062,-0.007812,0.000000,30.637085,7.000000
0.017578,-0.080078,-0.007812,0.000000,31.900515,7.000000
0.029297,-0.119141,-0.005859,0.000000,30.111473,7.000000
0.056641,-0.154297,0.005859,0.000000,25.453072,7.000000
0.134766,-0.080078,1.257812,0.000000,23.074961,7.000000
0.408203,-0.083984,-1.283203,0.000000,23.074961,7.000000
1.736328,0.054688,-0.281250,0.000000,30.663260,7.000000
1.789062,0.056641,-0.181641,0.000000,31.395643,7.000000
1.839844,0.056641,-0.015625,0.000000,29.804579,7.000000
1.880859,0.058594,-0.042969,0.000000,26.830471,7.000000
2.625000,-0.175781,1.021484,0.000000,28.998205,7.000000
2.664062,-0.179688,1.035156,0.000000,32.193226,7.000000
2.753906,-0.089844,0.917969,0.000000,31.202448,7.000000
0.041016,-0.033203,0.062500,0.000000,30.086002,7.000000
0.044922,-0.046875,0.103516,0.000000,29.003672,7.000000
0.011719,-0.039062,-0.007812,0.000000,30.637085,8.000000
0.017578,-0.080078,-0.007812,0.000000,31.900515,8.000000
0.029297,-0.119141,-0.005859,0.000000,30.111473,8.000000
0.056641,-0.154297,0.007812,0.000000,25.428255,8.000000
0.179688,-0.080078,1.251953,0.000000,23.138672,8.000000
0.066406,-0.082031,1.304688,0.000000,24.653828,8.000000
0.406250,-0.083984,-1.285156,0.000000,23.117538,8.000000
2.636719,-0.175781,0.992188,0.000000,29.095560,8.000000
2.669922,-0.179688,1.017578,0.000000,32.193226,8.000000
2.761719,-0.089844,0.892578,0.000000,31.231981,8.000000
0.041016,-0.033203,0.062500,0.000000,30.090258,8.000000
0.044922,-0.046875,0.103516,0.000000,29.003672,8.000000
0.011719,-0.039062,-0.007812,0.000000,30.640835,9.000000
0.017578,-0.080078,-0.007812,0.000000,31.903316,9.000000
0.029297,-0.119141,-0.005859,0.000000,30.119930,9.000000
0.056641,-0.154297,0.005859,0.000000,25.453072,9.000000
0.130859,-0.080078,1.259766,0.000000,23.138672,9.000000
0.410156,-0.083984,-1.283203,0.000000,23.096302,9.000000
0.556641,-0.042969,-1.273438,0.000000,21.731863,9.000000
2.615234,-0.175781,1.044922,0.000000,29.074114,9.000000
2.662109,-0.179688,1.041016,0.000000,32.177471,9.000000
2.761719,-0.089844,0.896484,0.000000,31.176027,9.000000
0.041016,-0.033203,0.062500,0.000000,30.094509,9.000000
0.044922,-0.046875,0.103516,0.000000,29.009130,9.000000
0.011719,-0.039062,-0.007812,0.000000,30.644581,10.000000
0.017578,-0.080078,-0.007812,0.000000,31.900515,10.000000
0.029297,-0.119141,-0.005859,0.000000,30.115704,10.000000
0.056641,-0.154297,0.005859,0.000000,25.440680,10.000000
0.160156,-0.080078,1.255859,0.000000,23.096302,10.000000
0.046875,-0.082031,1.304688,0.000000,24.623980,10.000000
0.396484,-0.083984,-1.287109,0.000000,23.074961,10.000000
1.746094,-0.000000,-0.212891,0.000000,30.021660,10.000000
1.791016,-0.000000,-0.171875,0.000000,31.212315,10.000000
1.837891,-0.000000,-0.101562,0.000000,29.395193,10.000000
2.601562,-0.175781,1.080078,0.000000,28.959747,10.000000
2.652344,-0.179688,1.064453,0.000000,32.097832,10.000000
2.750000,-0.089844,0.927734,0.000000,31.136091,10.000000
0.041016,-0.033203,0.062500,0.000000,30.086002,10.000000
0.044922,-0.046875,0.103516,0.000000,29.003672,10.000000
0.011719,-0.039062,-0.007812,0.000000,30.640835,11.000000
0.017578,-0.080078,-0.007812,0.000000,31.897709,11.000000
0.029297,-0.119141,-0.005859,0.000000,30.115704,11.000000
0.056641,-0.154297,0.007812,0.000000,25.453072,11.000000
0.142578,-0.080078,1.257812,0.000000,23.117538,11.000000
0.031250,-0.082031,1.306641,0.000000,24.638929,11.000000
0.396484,-0.083984,-1.287109,0.000000,23.096302,11.000000
0.537109,-0.042969,-1.281250,0.000000,21.702618,11.000000
1.751953,0.056641,-0.562500,0.000000,25.921768,11.000000
2.609375,-0.175781,1.062500,0.000000,29.063351,11.000000
2.652344,-0.179688,1.064453,0.000000,32.153732,11.000000
2.746094,-0.089844,0.941406,0.000000,31.126051,11.000000
0.041016,-0.033203,0.062500,0.000000,30.086002,11.000000
0.044922,-0.046875,0.103516,0.000000,29.003672,11.000000
0.011719,-0.039062,-0.007812,0.000000,30.637085,12.000000
0.017578,-0.080078,-0.007812,0.000000,31.900515,12.000000
0.029297,-0.119141,-0.005859,0.000000,30.119930,12.000000
0.056641,-0.154297,0.005859,0.000000,25.453072,12.000000
0.158203,-0.080078,1.255859,0.000000,23.117538,12.000000
0.423828,-0.083984,-1.279297,0.000000,23.074961,12.000000
0.568359,-0.042969,-1.267578,0.000000,21.673174,12.000000
1.708984,-0.000000,-0.177734,0.000000,27.323938,12.000000
1.751953,0.054688,-0.144531,0.000000,30.561422,12.000000
1.792969,0.056641,-0.150391,0.000000,29.661417,12.000000
2.613281,-0.175781,1.052734,0.000000,28.909796,12.000000
2.658203,-0.179688,1.048828,0.000000,32.145790,12.000000
2.751953,-0.089844,0.921875,0.000000,31.215599,12.000000
0.041016,-0.033203,0.062500,0.000000,30.090258,12.000000
0.044922,-0.046875,0.103516,0.000000,29.014584,12.000000
0.011719,-0.039062,-0.007812,0.000000,30.644581,13.000000
0.017578,-0.080078,-0.007812,0.000000,31.900515,13.000000
0.029297,-0.119141,-0.005859,0.000000,30.115704,13.000000
0.056641,-0.154297,0.005859,0.000000,25.440680,13.000000
0.125000,-0.080078,1.259766,0.000000,23.117538,13.000000
0.419922,-0.083984,-1.279297,0.000000,23.053514,13.000000
0.556641,-0.042969,-1.273438,0.000000,21.673174,13.000000
1.757812,0.054688,0.044922,0.000000,28.041395,13.000000
1.798828,0.056641,0.017578,0.000000,27.604225,13.000000
2.621094,-0.175781,1.033203,0.000000,29.047155,13.000000
2.693359,-0.089844,0.966797,0.000000,32.153732,13.000000
2.755859,-0.089844,0.914062,0.000000,31.199154,13.000000
0.041016,-0.033203,0.062500,0.000000,30.090258,13.000000
0.044922,-0.046875,0.103516,0.000000,29.009130,13.000000
0.011719,-0.039062,-0.007812,0.000000,30.640835,14.000000
0.017578,-0.080078,-0.007812,0.000000,31.900515,14.000000
0.029297,-0.119141,-0.005859,0.000000,30.119930,14.000000
0.056641,-0.154297,0.007812,0.000000,25.453072,14.000000
0.119141,-0.080078,1.259766,0.000000,23.138672,14.000000
0.414062,-0.083984,-1.281250,0.000000,23.138672,14.000000
0.546875,-0.042969,-1.279297,0.000000,21.789770,14.000000
1.746094,-0.000000,-0.214844,0.000000,28.068581,14.000000
1.820312,0.171875,-0.207031,0.000000,27.626785,14.000000
2.617188,-0.175781,1.039062,0.000000,29.095560,14.000000
2.662109,-0.179688,1.039062,0.000000,32.260841,14.000000
2.753906,-0.089844,0.917969,0.000000,31.296900,14.000000
0.041016,-0.033203,0.062500,0.000000,30.090258,14.000000
0.044922,-0.046875,0.103516,0.000000,29.003672,14.000000
0.988281,-0.517578,1.464844,0.000000,24.969297,14.000000
0.011719,-0.039062,-0.007812,0.000000,30.637085,15.000000
0.017578,-0.080078,-0.007812,0.000000,31.900515,15.000000
0.029297,-0.119141,-0.005859,0.000000,30.115704,15.000000
0.056641,-0.154297,0.007812,0.000000,25.440680,15.000000
0.146484,-0.080078,1.257812,0.000000,23.138672,15.000000
0.431641,-0.083984,-1.275391,0.000000,23.096302,15.000000
1.748047,-0.054688,-0.193359,0.000000,29.273705,15.000000
1.775391,-0.056641,-0.292969,0.000000,29.867718,15.000000
2.623047,-0.175781,1.029297,0.000000,28.645111,15.000000
2.689453,-0.089844,0.982422,0.000000,31.832699,15.000000
2.746094,-0.089844,0.939453,0.000000,30.856472,15.000000
1.781250,0.720703,0.019531,1.229337,22.718416,15.000000
0.041016,-0.033203,0.062500,0.000000,30.090258,15.000000
0.044922,-0.046875,0.103516,0.000000,29.009130,15.000000
0.011719,-0.039062,-0.007812,0.000000,30.637085,16.000000
0.017578,-0.080078,-0.007812,0.000000,31.897709,16.000000
0.029297,-0.119141,-0.005859,0.000000,30.111473,16.000000
0.056641,-0.154297,0.005859,0.000000,25.440680,16.000000
0.173828,-0.080078,1.253906,0.000000,23.096302,16.000000
0.052734,-0.082031,1.304688,0.000000,24.638929,16.000000
0.412109,-0.083984,-1.283203,0.000000,23.096302,16.000000
1.710938,-0.000000,-0.162109,0.000000,31.166077,16.000000
1.751953,-0.000000,-0.160156,0.000000,32.805782,16.000000
1.787109,0.056641,-0.203125,0.000000,31.544239,16.000000
1.824219,0.115234,-0.226562,0.000000,28.853613,16.000000
2.615234,-0.175781,1.044922,0.000000,28.645111,16.000000
2.662109,-0.179688,1.041016,0.000000,31.931246,16.000000
2.759766,-0.089844,0.898438,0.000000,30.986437,16.000000
0.041016,-0.033203,0.062500,0.000000,30.081741,16.000000
0.044922,-0.046875,0.103516,0.000000,28.998205,16.000000
0.011719,-0.039062,-0.007812,0.000000,30.640835,17.000000
0.017578,-0.080078,-0.007812,0.000000,31.900515,17.000000
0.029297,-0.119141,-0.005859,0.000000,30.115704,17.000000
0.056641,-0.154297,0.005859,0.000000,25.440680,17.000000
0.169922,-0.080078,1.253906,0.000000,23.096302,17.000000
0.117188,-0.082031,1.300781,0.000000,24.623980,17.000000
0.388672,-0.083984,-1.289062,0.000000,23.117538,17.000000
1.710938,-0.000000,-0.160156,0.000000,29.041744,17.000000
