4.859375,-0.308594,0.890625,0.000000,30.166155,0.000000
4.923828,-0.779297,0.242188,0.000000,29.068735,0.000000
0.037109,-0.035156,0.064453,0.000000,30.081741,0.000000
0.046875,-0.046875,0.103516,0.000000,28.992731,0.000000
1.177734,-0.449219,0.349609,0.000000,21.398790,0.000000
1.232422,-0.464844,0.300781,0.000000,19.684830,0.000000
0.011719,-0.039062,-0.007812,0.000000,30.659531,1.000000
0.027344,-0.076172,-0.009766,0.000000,31.861084,1.000000
0.029297,-0.119141,-0.005859,0.000000,30.077478,1.000000
0.056641,-0.154297,0.007812,0.000000,25.352942,1.000000
0.261719,0.039062,-1.240234,0.000000,23.502480,1.000000
0.212891,0.041016,-1.291016,0.000000,24.329693,1.000000
0.449219,0.042969,1.273438,0.000000,22.455126,1.000000
2.613281,-0.175781,1.048828,0.000000,29.201233,1.000000
2.664062,-0.179688,1.035156,0.000000,32.526104,1.000000
2.769531,-0.089844,0.869141,0.000000,31.880844,1.000000
4.330078,-0.142578,1.355469,0.000000,28.034571,1.000000
4.408203,-0.142578,1.242188,0.000000,31.442627,1.000000
4.478516,-0.000000,1.148438,0.000000,31.034616,1.000000
4.843750,-0.308594,0.974609,0.000000,30.561422,1.000000
4.937500,-0.623047,0.367188,0.000000,28.981766,1.000000
0.037109,-0.035156,0.064453,0.000000,30.077478,1.000000
0.044922,-0.046875,0.103516,0.000000,28.992731,1.000000
1.175781,-0.449219,0.357422,0.000000,21.398790,1.000000
1.228516,-0.464844,0.312500,0.000000,19.637878,1.000000
0.011719,-0.039062,-0.007812,0.000000,30.659531,2.000000
0.027344,-0.076172,-0.009766,0.000000,31.861084,2.000000
0.029297,-0.119141,-0.003906,0.000000,30.077478,2.000000
0.056641,-0.154297,0.007812,0.000000,25.352942,2.000000
0.296875,0.039062,-1.232422,0.000000,23.502480,2.000000
0.210938,0.041016,-1.291016,0.000000,24.297523,2.000000
0.468750,0.042969,1.265625,0.000000,22.405493,2.000000
2.226562,-0.070312,-0.308594,0.000000,26.946053,2.000000
2.269531,-0.000000,-0.310547,0.000000,30.358297,2.000000
2.310547,-0.072266,-0.310547,0.000000,30.021660,2.000000
2.341797,-0.000000,-0.382812,0.000000,26.589649,2.000000
2.623047,-0.175781,1.025391,0.000000,29.268568,2.000000
2.667969,-0.179688,1.025391,0.000000,32.564774,2.000000
2.773438,-0.089844,0.861328,0.000000,31.914511,2.000000
4.320312,-0.142578,1.390625,0.000000,27.944880,2.000000
4.406250,-0.142578,1.244141,0.000000,31.507565,2.000000
4.474609,-0.000000,1.162109,0.000000,31.048285,2.000000
4.835938,-0.308594,1.011719,0.000000,30.433622,2.000000
0.037109,-0.035156,0.064453,0.000000,30.081741,2.000000
0.046875,-0.046875,0.103516,0.000000,28.992731,2.000000
1.173828,-0.449219,0.365234,0.000000,21.398790,2.000000
1.232422,-0.464844,0.296875,0.000000,19.637878,2.000000
0.011719,-0.039062,-0.007812,0.000000,30.655798,3.000000
0.027344,-0.076172,-0.009766,0.000000,31.861084,3.000000
0.029297,-0.119141,-0.005859,0.000000,30.077478,3.000000
0.056641,-0.154297,0.007812,0.000000,25.352942,3.000000
0.261719,0.039062,-1.240234,0.000000,23.483049,3.000000
0.162109,0.041016,-1.298828,0.000000,24.313637,3.000000
0.476562,0.042969,1.261719,0.000000,22.430380,3.000000
2.267578,-0.072266,-0.320312,0.000000,29.694159,3.000000
2.316406,-0.146484,-0.214844,0.000000,29.633156,3.000000
2.367188,-0.148438,0.048828,0.000000,27.395723,3.000000
2.632812,-0.175781,1.000000,0.000000,29.263424,3.000000
2.701172,-0.089844,0.945312,0.000000,32.571983,3.000000
2.753906,-0.089844,0.921875,0.000000,31.818436,3.000000
4.300781,-0.142578,1.451172,0.000000,27.902851,3.000000
4.396484,-0.142578,1.277344,0.000000,31.507565,3.000000
4.470703,-0.000000,1.175781,0.000000,31.169397,3.000000
4.833984,-0.308594,1.017578,0.000000,30.064661,3.000000
4.939453,-0.623047,0.339844,0.000000,29.289078,3.000000
0.037109,-0.035156,0.064453,0.000000,30.081741,3.000000
0.046875,-0.046875,0.103516,0.000000,28.998205,3.000000
1.177734,-0.449219,0.351562,0.000000,21.335388,3.000000
1.230469,-0.464844,0.306641,0.000000,19.590414,3.000000
0.011719,-0.039062,-0.007812,0.000000,30.652061,4.000000
0.027344,-0.076172,-0.009766,0.000000,31.855421,4.000000
0.029297,-0.119141,-0.005859,0.000000,30.073210,4.000000
0.056641,-0.154297,0.007812,0.000000,25.352942,4.000000
0.265625,0.039062,-1.240234,0.000000,23.483049,4.000000
0.195312,0.041016,-1.292969,0.000000,24.345690,4.000000
0.476562,0.042969,1.261719,0.000000,22.430380,4.000000
2.628906,-0.175781,1.011719,0.000000,29.304396,4.000000
2.703125,-0.089844,0.939453,0.000000,32.535805,4.000000
2.761719,-0.089844,0.892578,0.000000,31.743505,4.000000
4.316406,-0.142578,1.404297,0.000000,27.860413,4.000000
4.402344,-0.142578,1.257812,0.000000,31.470577,4.000000
4.470703,-0.000000,1.177734,0.000000,31.146111,4.000000
4.851562,-0.464844,0.869141,0.000000,30.216026,4.000000
4.908203,-0.779297,0.445312,0.000000,29.074114,4.000000
0.037109,-0.035156,0.064453,0.000000,30.081741,4.000000
0.044922,-0.046875,0.103516,0.000000,28.998205,4.000000
1.179688,-0.449219,0.347656,0.000000,21.430147,4.000000
1.240234,-0.464844,0.261719,0.000000,19.684830,4.000000
0.011719,-0.039062,-0.007812,0.000000,30.663260,5.000000
0.027344,-0.076172,-0.009766,0.000000,31.861084,5.000000
0.029297,-0.119141,-0.003906,0.000000,30.073210,5.000000
0.056641,-0.154297,0.007812,0.000000,25.352942,5.000000
0.232422,0.039062,-1.246094,0.000000,23.463530,5.000000
0.185547,0.041016,-1.294922,0.000000,24.329693,5.000000
0.449219,0.042969,1.271484,0.000000,22.430380,5.000000
2.291016,-0.000000,0.052734,0.000000,27.442930,5.000000
2.332031,-0.000000,-0.003906,0.000000,27.781513,5.000000
2.361328,-0.074219,-0.226562,0.000000,26.434526,5.000000
2.609375,-0.175781,1.060547,0.000000,29.227255,5.000000
2.660156,-0.179688,1.042969,0.000000,32.564774,5.000000
2.757812,-0.089844,0.904297,0.000000,31.911715,5.000000
4.326172,-0.142578,1.371094,0.000000,28.007172,5.000000
4.406250,-0.142578,1.250000,0.000000,31.476763,5.000000
4.472656,-0.000000,1.164062,0.000000,31.072100,5.000000
4.794922,-0.308594,1.187500,0.000000,30.273497,5.000000
4.787109,-0.156250,1.400391,0.000000,28.286598,5.000000
0.037109,-0.035156,0.064453,0.000000,30.081741,5.000000
0.046875,-0.046875,0.103516,0.000000,28.992731,5.000000
1.175781,-0.449219,0.355469,0.000000,21.367207,5.000000
1.230469,-0.464844,0.302734,0.000000,19.637878,5.000000
0.011719,-0.039062,-0.007812,0.000000,30.652061,6.000000
0.027344,-0.076172,-0.009766,0.000000,31.861084,6.000000
0.029297,-0.119141,-0.003906,0.000000,30.077478,6.000000
0.056641,-0.154297,0.007812,0.000000,25.352942,6.000000
0.255859,0.039062,-1.242188,0.000000,23.463530,6.000000
0.167969,0.041016,-1.296875,0.000000,24.329693,6.000000
0.468750,0.042969,1.265625,0.000000,22.479733,6.000000
2.230469,-0.070312,-0.287109,0.000000,27.573959,6.000000
2.265625,-0.072266,-0.330078,0.000000,28.932068,6.000000
2.306641,-0.072266,-0.337891,0.000000,26.483601,6.000000
2.638672,-0.175781,0.986328,0.000000,29.278833,6.000000
2.720703,-0.089844,0.890625,0.000000,32.559956,6.000000
2.791016,-0.089844,0.800781,0.000000,31.925674,6.000000
4.320312,-0.142578,1.386719,0.000000,27.958799,6.000000
4.400391,-0.142578,1.271484,0.000000,31.423895,6.000000
4.474609,-0.000000,1.162109,0.000000,31.085649,6.000000
4.845703,-0.308594,0.958984,0.000000,30.740847,6.000000
4.923828,-0.779297,0.212891,0.000000,29.754318,6.000000
0.037109,-0.035156,0.064453,0.000000,30.081741,6.000000
0.044922,-0.046875,0.103516,0.000000,28.998205,6.000000
1.232422,-0.464844,0.296875,0.000000,19.684830,6.000000
0.011719,-0.039062,-0.007812,0.000000,30.659531,7.000000
0.027344,-0.076172,-0.009766,0.000000,31.858253,7.000000
0.029297,-0.119141,-0.005859,0.000000,30.073210,7.000000
0.056641,-0.154297,0.007812,0.000000,25.340261,7.000000
0.269531,0.039062,-1.238281,0.000000,23.560259,7.000000
0.216797,0.041016,-1.291016,0.000000,24.361626,7.000000
0.460938,0.042969,1.267578,0.000000,22.430380,7.000000
2.291016,-0.000000,-0.007812,0.000000,26.324574,7.000000
2.468750,0.312500,-0.195312,0.000000,29.758911,7.000000
2.507812,0.316406,-0.210938,0.000000,29.925535,7.000000
2.615234,-0.175781,1.048828,0.000000,29.355072,7.000000
2.664062,-0.179688,1.031250,0.000000,32.591160,7.000000
2.759766,-0.089844,0.898438,0.000000,31.942368,7.000000
4.306641,-0.142578,1.431641,0.000000,27.930916,7.000000
4.394531,-0.142578,1.287109,0.000000,31.392492,7.000000
4.470703,-0.000000,1.175781,0.000000,31.075491,7.000000
4.845703,-0.308594,0.964844,0.000000,30.523090,7.000000
4.914062,-0.779297,0.380859,0.000000,29.344984,7.000000
2.330078,-0.072266,-0.058594,-0.614669,25.717089,7.000000
0.037109,-0.035156,0.064453,0.000000,30.086002,7.000000
0.044922,-0.046875,0.103516,0.000000,28.998205,7.000000
1.230469,-0.464844,0.306641,0.000000,19.590414,7.000000
0.011719,-0.039062,-0.007812,0.000000,30.659531,8.000000
0.027344,-0.076172,-0.009766,0.000000,31.861084,8.000000
0.029297,-0.119141,-0.003906,0.000000,30.073210,8.000000
0.056641,-0.154297,0.007812,0.000000,25.352942,8.000000
0.283203,0.039062,-1.236328,0.000000,23.521826,8.000000
0.224609,0.041016,-1.289062,0.000000,24.345690,8.000000
0.447266,0.042969,1.273438,0.000000,22.479733,8.000000
2.281250,-0.000000,-0.207031,0.000000,27.497364,8.000000
2.443359,0.390625,-0.318359,0.000000,27.160034,8.000000
2.625000,-0.175781,1.021484,0.000000,29.444826,8.000000
2.699219,-0.089844,0.949219,0.000000,32.638725,8.000000
2.757812,-0.089844,0.904297,0.000000,31.950689,8.000000
4.314453,-0.142578,1.408203,0.000000,28.007172,8.000000
4.400391,-0.142578,1.267578,0.000000,31.479853,8.000000
4.472656,-0.000000,1.166016,0.000000,31.139433,8.000000
4.851562,-0.308594,0.931641,0.000000,30.802656,8.000000
4.939453,-0.623047,0.333984,0.000000,29.454685,8.000000
0.037109,-0.035156,0.064453,0.000000,30.081741,8.000000
0.046875,-0.046875,0.103516,0.000000,28.992731,8.000000
1.177734,-0.449219,0.353516,0.000000,21.367207,8.000000
1.230469,-0.464844,0.302734,0.000000,19.637878,8.000000
0.011719,-0.039062,-0.007812,0.000000,30.655798,9.000000
0.027344,-0.076172,-0.009766,0.000000,31.858253,9.000000
0.029297,-0.119141,-0.005859,0.000000,30.068937,9.000000
0.056641,-0.154297,0.005859,0.000000,25.340261,9.000000
0.273438,0.039062,-1.238281,0.000000,23.502480,9.000000
0.199219,0.041016,-1.292969,0.000000,24.329693,9.000000
0.464844,0.042969,1.265625,0.000000,22.430380,9.000000
2.628906,-0.175781,1.011719,0.000000,29.242792,9.000000
2.673828,-0.179688,1.009766,0.000000,32.521244,9.000000
2.767578,-0.089844,0.878906,0.000000,31.849752,9.000000
4.314453,-0.142578,1.406250,0.000000,27.916906,9.000000
4.400391,-0.142578,1.269531,0.000000,31.445742,9.000000
4.472656,-0.000000,1.167969,0.000000,31.105898,9.000000
4.835938,-0.308594,1.005859,0.000000,30.780941,9.000000
4.921875,-0.779297,0.269531,0.000000,29.434946,9.000000
0.037109,-0.035156,0.064453,0.000000,30.081741,9.000000
0.046875,-0.046875,0.103516,0.000000,28.987251,9.000000
1.175781,-0.449219,0.355469,0.000000,21.367207,9.000000
1.232422,-0.464844,0.296875,0.000000,19.542425,9.000000
0.011719,-0.039062,-0.007812,0.000000,30.655798,10.000000
0.027344,-0.076172,-0.009766,0.000000,31.858253,10.000000
0.029297,-0.119141,-0.005859,0.000000,30.073210,10.000000
0.056641,-0.154297,0.007812,0.000000,25.352942,10.000000
0.261719,0.039062,-1.240234,0.000000,23.502480,10.000000
0.207031,0.041016,-1.291016,0.000000,24.345690,10.000000
0.462891,0.042969,1.267578,0.000000,22.479733,10.000000
2.617188,-0.175781,1.039062,0.000000,29.479237,10.000000
2.652344,-0.179688,1.066406,0.000000,32.643456,10.000000
2.738281,-0.089844,0.966797,0.000000,31.942368,10.000000
4.320312,-0.142578,1.392578,0.000000,27.951845,10.000000
4.398438,-0.142578,1.271484,0.000000,31.451963,10.000000
4.468750,-0.000000,1.179688,0.000000,31.085649,10.000000
4.845703,-0.308594,0.964844,0.000000,30.860037,10.000000
4.935547,-0.623047,0.388672,0.000000,29.360107,10.000000
2.343750,0.234375,-0.824219,-0.614669,25.658478,10.000000
0.037109,-0.035156,0.064453,0.000000,30.081741,10.000000
0.044922,-0.046875,0.103516,0.000000,28.998205,10.000000
1.175781,-0.449219,0.355469,0.000000,21.430147,10.000000
1.234375,-0.464844,0.287109,0.000000,19.731279,10.000000
0.011719,-0.039062,-0.007812,0.000000,30.655798,11.000000
0.027344,-0.076172,-0.009766,0.000000,31.861084,11.000000
0.029297,-0.119141,-0.005859,0.000000,30.077478,11.000000
0.056641,-0.154297,0.007812,0.000000,25.365585,11.000000
0.294922,0.039062,-1.232422,0.000000,23.521826,11.000000
0.232422,0.041016,-1.287109,0.000000,24.345690,11.000000
0.466797,0.042969,1.265625,0.000000,22.504200,11.000000
2.623047,-0.175781,1.025391,0.000000,29.237619,11.000000
2.703125,-0.089844,0.937500,0.000000,32.484638,11.000000
2.769531,-0.089844,0.871094,0.000000,31.801258,11.000000
4.318359,-0.142578,1.394531,0.000000,27.958799,11.000000
4.402344,-0.142578,1.263672,0.000000,31.486027,11.000000
4.478516,-0.000000,1.146484,0.000000,31.222158,11.000000
4.837891,-0.308594,0.996094,0.000000,30.913151,11.000000
4.931641,-0.623047,0.439453,0.000000,29.523081,11.000000
0.037109,-0.035156,0.064453,0.000000,30.086002,11.000000
0.044922,-0.046875,0.103516,0.000000,28.998205,11.000000
1.175781,-0.449219,0.357422,0.000000,21.398790,11.000000
1.234375,-0.464844,0.287109,0.000000,19.637878,11.000000
0.011719,-0.039062,-0.007812,0.000000,30.666985,12.000000
0.027344,-0.076172,-0.009766,0.000000,31.861084,12.000000
0.029297,-0.119141,-0.005859,0.000000,30.073210,12.000000
0.056641,-0.154297,0.007812,0.000000,25.352942,12.000000
0.273438,0.039062,-1.238281,0.000000,23.502480,12.000000
0.173828,0.041016,-1.296875,0.000000,24.313637,12.000000
0.490234,0.042969,1.257812,0.000000,22.455126,12.000000
2.238281,-0.070312,-0.220703,0.000000,26.954817,12.000000
2.279297,-0.000000,-0.230469,0.000000,27.067179,12.000000
2.632812,-0.175781,1.001953,0.000000,29.339931,12.000000
2.675781,-0.179688,1.005859,0.000000,32.617386,12.000000
2.785156,-0.089844,0.820312,0.000000,31.978317,12.000000
4.308594,-0.142578,1.423828,0.000000,27.923918,12.000000
4.400391,-0.142578,1.263672,0.000000,31.442627,12.000000
4.480469,-0.000000,1.136719,0.000000,31.162756,12.000000
4.843750,-0.308594,0.970703,0.000000,30.314085,12.000000
4.921875,-0.779297,0.277344,0.000000,29.299295,12.000000
0.037109,-0.035156,0.064453,0.000000,30.086002,12.000000
0.046875,-0.046875,0.103516,0.000000,28.998205,12.000000
1.173828,-0.449219,0.361328,0.000000,21.430147,12.000000
1.232422,-0.464844,0.294922,0.000000,19.684830,12.000000
0.011719,-0.039062,-0.007812,0.000000,30.659531,13.000000
0.027344,-0.076172,-0.009766,0.000000,31.861084,13.000000
0.029297,-0.119141,-0.003906,0.000000,30.077478,13.000000
