0.041016,-0.033203,0.062500,0.000000,30.098757,0.000000
0.046875,-0.046875,0.103516,0.000000,29.014584,0.000000
0.011719,-0.039062,-0.007812,0.000000,30.640835,1.000000
0.017578,-0.080078,-0.007812,0.000000,31.897709,1.000000
0.029297,-0.119141,-0.005859,0.000000,30.111473,1.000000
0.056641,-0.154297,0.007812,0.000000,25.440680,1.000000
0.191406,-0.080078,1.251953,0.000000,23.096302,1.000000
0.095703,-0.082031,1.302734,0.000000,24.638929,1.000000
0.402344,-0.083984,-1.285156,0.000000,23.117538,1.000000
0.558594,-0.042969,-1.273438,0.000000,21.702618,1.000000
2.613281,-0.175781,1.052734,0.000000,29.030899,1.000000
2.648438,-0.179688,1.074219,0.000000,32.208923,1.000000
2.732422,-0.089844,0.978516,0.000000,31.245043,1.000000
4.396484,-0.142578,1.123047,0.000000,29.380192,1.000000
4.416016,-0.142578,1.210938,0.000000,32.953472,1.000000
4.455078,-0.144531,1.224609,0.000000,32.574387,1.000000
4.902344,-0.308594,0.615234,0.000000,31.344959,1.000000
4.966797,-0.468750,-0.105469,0.000000,30.297895,1.000000
1.804688,-0.000000,-0.365234,-0.614669,26.655809,1.000000
0.041016,-0.033203,0.062500,0.000000,30.102999,1.000000
0.044922,-0.046875,0.103516,0.000000,29.014584,1.000000
0.011719,-0.039062,-0.007812,0.000000,30.644581,2.000000
0.017578,-0.080078,-0.007812,0.000000,31.897709,2.000000
0.029297,-0.119141,-0.005859,0.000000,30.111473,2.000000
0.056641,-0.154297,0.005859,0.000000,25.440680,2.000000
0.115234,-0.080078,1.259766,0.000000,23.117538,2.000000
0.408203,-0.083984,-1.283203,0.000000,23.117538,2.000000
0.550781,-0.042969,-1.277344,0.000000,21.731863,2.000000
1.750000,0.054688,-0.162109,0.000000,28.549129,2.000000
1.792969,0.056641,-0.150391,0.000000,31.328999,2.000000
1.828125,-0.000000,-0.208984,0.000000,30.951693,2.000000
1.818359,-0.058594,-0.476562,0.000000,28.088860,2.000000
2.625000,-0.175781,1.023438,0.000000,28.954226,2.000000
2.687500,-0.089844,0.986328,0.000000,32.092468,2.000000
2.736328,-0.089844,0.966797,0.000000,31.003706,2.000000
4.386719,-0.142578,1.166016,0.000000,28.115749,2.000000
4.408203,-0.142578,1.238281,0.000000,31.498346,2.000000
4.457031,-0.000000,1.226562,0.000000,30.845762,2.000000
4.900391,-0.308594,0.623047,0.000000,31.251558,2.000000
4.951172,-0.623047,-0.093750,0.000000,29.469433,2.000000
0.041016,-0.033203,0.062500,0.000000,30.094509,2.000000
0.044922,-0.046875,0.103516,0.000000,29.014584,2.000000
4.431641,-0.289062,1.283203,0.000000,30.770042,2.000000
4.978516,-0.312500,-0.154297,0.000000,29.415113,2.000000
0.011719,-0.039062,-0.007812,0.000000,30.648323,3.000000
0.017578,-0.080078,-0.007812,0.000000,31.900515,3.000000
0.029297,-0.119141,-0.005859,0.000000,30.115704,3.000000
0.056641,-0.154297,0.005859,0.000000,25.453072,3.000000
0.164062,-0.080078,1.253906,0.000000,23.117538,3.000000
0.062500,-0.082031,1.304688,0.000000,24.653828,3.000000
0.369141,-0.083984,-1.294922,0.000000,23.159704,3.000000
0.542969,-0.042969,-1.279297,0.000000,21.818436,3.000000
1.742188,0.054688,-0.230469,0.000000,29.390198,3.000000
1.787109,0.056641,-0.199219,0.000000,31.731863,3.000000
1.833984,-0.000000,-0.148438,0.000000,31.538149,3.000000
1.880859,-0.000000,-0.046875,0.000000,29.415113,3.000000
2.609375,-0.175781,1.060547,0.000000,28.970770,3.000000
2.683594,-0.089844,0.994141,0.000000,32.180099,3.000000
2.750000,-0.089844,0.929688,0.000000,31.283993,3.000000
4.451172,-0.142578,1.080078,0.000000,31.241781,3.000000
4.492188,-0.000000,1.089844,0.000000,30.542299,3.000000
4.900391,-0.308594,0.617188,0.000000,30.788193,3.000000
1.818359,0.501953,0.677734,-1.844006,22.405493,3.000000
0.041016,-0.033203,0.062500,0.000000,30.090258,3.000000
0.044922,-0.046875,0.103516,0.000000,29.009130,3.000000
1.845703,-0.751953,-0.210938,-1.844006,19.777237,3.000000
0.011719,-0.039062,-0.007812,0.000000,30.644581,4.000000
0.017578,-0.080078,-0.007812,0.000000,31.900515,4.000000
0.029297,-0.119141,-0.005859,0.000000,30.111473,4.000000
0.056641,-0.154297,0.005859,0.000000,25.440680,4.000000
0.187500,-0.080078,1.251953,0.000000,23.159704,4.000000
0.080078,-0.082031,1.304688,0.000000,24.668676,4.000000
0.369141,-0.083984,-1.296875,0.000000,23.138672,4.000000
0.546875,-0.042969,-1.279297,0.000000,21.760912,4.000000
1.835938,-0.000000,-0.125000,0.000000,27.355989,4.000000
1.871094,0.058594,-0.183594,0.000000,28.591383,4.000000
2.615234,-0.175781,1.048828,0.000000,29.052561,4.000000
2.656250,-0.179688,1.052734,0.000000,32.143139,4.000000
2.751953,-0.089844,0.921875,0.000000,31.017471,4.000000
4.400391,-0.287109,1.244141,0.000000,30.648323,4.000000
4.447266,-0.144531,1.251953,0.000000,30.199467,4.000000
4.896484,-0.464844,0.558594,0.000000,30.220158,4.000000
4.929688,-0.779297,-0.044922,0.000000,29.925535,4.000000
1.855469,-0.751953,0.082031,-1.844006,21.492191,4.000000
1.812500,-0.736328,0.166016,-1.229337,22.201080,4.000000
0.041016,-0.033203,0.062500,0.000000,30.094509,4.000000
0.046875,-0.046875,0.103516,0.000000,29.014584,4.000000
1.828125,0.115234,-0.175781,0.000000,27.339993,4.000000
0.011719,-0.039062,-0.007812,0.000000,30.644581,5.000000
0.017578,-0.080078,-0.007812,0.000000,31.897709,5.000000
0.029297,-0.119141,-0.005859,0.000000,30.111473,5.000000
0.056641,-0.154297,0.005859,0.000000,25.453072,5.000000
0.164062,-0.080078,1.255859,0.000000,23.159704,5.000000
0.125000,-0.082031,1.300781,0.000000,24.668676,5.000000
0.378906,-0.083984,-1.292969,0.000000,23.138672,5.000000
0.541016,-0.042969,-1.281250,0.000000,21.760912,5.000000
1.792969,-0.000000,-0.158203,0.000000,28.149132,5.000000
2.597656,-0.175781,1.089844,0.000000,28.898617,5.000000
2.654297,-0.179688,1.060547,0.000000,32.119209,5.000000
2.753906,-0.089844,0.919922,0.000000,31.142773,5.000000
4.417969,-0.142578,1.207031,0.000000,30.338257,5.000000
4.455078,-0.144531,1.226562,0.000000,29.907827,5.000000
4.904297,-0.308594,0.593750,0.000000,30.370279,5.000000
1.781250,-0.720703,-0.060547,-1.844006,22.095150,5.000000
1.816406,-0.736328,-0.103516,-1.844006,20.374266,5.000000
1.757812,-0.646484,0.187500,-1.229337,20.934217,5.000000
0.041016,-0.033203,0.062500,0.000000,30.094509,5.000000
0.044922,-0.046875,0.103516,0.000000,29.014584,5.000000
1.787109,0.587891,-0.027344,-1.229337,20.453230,5.000000
0.011719,-0.039062,-0.007812,0.000000,30.659531,6.000000
0.017578,-0.080078,-0.007812,0.000000,31.900515,6.000000
0.029297,-0.119141,-0.005859,0.000000,30.115704,6.000000
0.056641,-0.154297,0.005859,0.000000,25.453072,6.000000
0.167969,-0.080078,1.253906,0.000000,23.138672,6.000000
0.093750,-0.082031,1.302734,0.000000,24.668676,6.000000
0.404297,-0.083984,-1.285156,0.000000,23.096302,6.000000
0.558594,-0.042969,-1.273438,0.000000,21.702618,6.000000
1.867188,-0.000000,0.226562,0.000000,28.662874,6.000000
1.908203,0.060547,0.222656,0.000000,28.512583,6.000000
2.605469,-0.175781,1.072266,0.000000,28.909796,6.000000
2.681641,-0.089844,0.998047,0.000000,32.111206,6.000000
2.742188,-0.089844,0.955078,0.000000,31.102530,6.000000
4.414062,-0.142578,1.216797,0.000000,29.991306,6.000000
4.457031,-0.000000,1.222656,0.000000,29.360107,6.000000
0.041016,-0.033203,0.062500,0.000000,30.094509,6.000000
0.044922,-0.046875,0.103516,0.000000,29.009130,6.000000
4.439453,-0.289062,1.255859,0.000000,29.339931,6.000000
0.011719,-0.039062,-0.007812,0.000000,30.637085,7.000000
0.017578,-0.080078,-0.007812,0.000000,31.897709,7.000000
0.029297,-0.119141,-0.005859,0.000000,30.111473,7.000000
0.056641,-0.154297,0.005859,0.000000,25.440680,7.000000
0.150391,-0.080078,1.255859,0.000000,23.159704,7.000000
0.048828,-0.082031,1.304688,0.000000,24.668676,7.000000
0.388672,-0.083984,-1.289062,0.000000,23.138672,7.000000
0.556641,-0.042969,-1.273438,0.000000,21.760912,7.000000
1.798828,-0.000000,-0.082031,0.000000,29.790930,7.000000
1.839844,-0.000000,0.017578,0.000000,29.758911,7.000000
1.871094,-0.000000,0.195312,0.000000,27.143297,7.000000
2.621094,-0.175781,1.031250,0.000000,28.959747,7.000000
2.691406,-0.089844,0.974609,0.000000,32.153732,7.000000
2.750000,-0.089844,0.931641,0.000000,31.254812,7.000000
4.406250,-0.142578,1.244141,0.000000,29.527924,7.000000
4.433594,-0.144531,1.298828,0.000000,28.987251,7.000000
4.900391,-0.464844,0.519531,0.000000,30.358297,7.000000
4.947266,-0.623047,-0.224609,0.000000,29.822712,7.000000
0.041016,-0.033203,0.062500,0.000000,30.098757,7.000000
0.044922,-0.046875,0.103516,0.000000,29.014584,7.000000
0.011719,-0.039062,-0.007812,0.000000,30.637085,8.000000
0.017578,-0.080078,-0.007812,0.000000,31.894903,8.000000
0.029297,-0.119141,-0.005859,0.000000,30.111473,8.000000
0.056641,-0.154297,0.005859,0.000000,25.440680,8.000000
0.158203,-0.080078,1.255859,0.000000,23.138672,8.000000
0.083984,-0.082031,1.304688,0.000000,24.638929,8.000000
0.394531,-0.083984,-1.287109,0.000000,23.096302,8.000000
0.562500,-0.042969,-1.271484,0.000000,21.760912,8.000000
1.808594,0.115234,0.322266,0.000000,27.874605,8.000000
1.875000,0.117188,0.105469,0.000000,28.175653,8.000000
2.623047,-0.175781,1.029297,0.000000,28.898617,8.000000
2.662109,-0.179688,1.039062,0.000000,32.166935,8.000000
2.755859,-0.089844,0.914062,0.000000,31.169397,8.000000
4.416016,-0.142578,1.212891,0.000000,28.981766,8.000000
0.041016,-0.033203,0.062500,0.000000,30.090258,8.000000
0.044922,-0.046875,0.103516,0.000000,29.003672,8.000000
0.011719,-0.039062,-0.007812,0.000000,30.640835,9.000000
0.017578,-0.080078,-0.007812,0.000000,31.897709,9.000000
0.029297,-0.119141,-0.005859,0.000000,30.111473,9.000000
0.056641,-0.154297,0.005859,0.000000,25.440680,9.000000
0.166016,-0.080078,1.253906,0.000000,23.117538,9.000000
0.025391,-0.082031,1.306641,0.000000,24.638929,9.000000
0.404297,-0.083984,-1.285156,0.000000,23.117538,9.000000
0.558594,-0.042969,-1.273438,0.000000,21.702618,9.000000
2.615234,-0.175781,1.048828,0.000000,29.030899,9.000000
2.691406,-0.089844,0.970703,0.000000,32.137833,9.000000
2.765625,-0.089844,0.880859,0.000000,31.182648,9.000000
4.425781,-0.142578,1.175781,0.000000,28.864906,9.000000
0.041016,-0.033203,0.062500,0.000000,30.090258,9.000000
0.044922,-0.046875,0.103516,0.000000,29.009130,9.000000
0.011719,-0.039062,-0.007812,0.000000,30.644581,10.000000
0.017578,-0.080078,-0.007812,0.000000,31.900515,10.000000
0.029297,-0.119141,-0.005859,0.000000,30.111473,10.000000
0.056641,-0.154297,0.005859,0.000000,25.428255,10.000000
0.148438,-0.080078,1.257812,0.000000,23.159704,10.000000
0.414062,-0.083984,-1.281250,0.000000,23.159704,10.000000
1.781250,-0.000000,-0.261719,0.000000,30.094509,10.000000
1.826172,0.056641,-0.228516,0.000000,32.390491,10.000000
1.869141,0.058594,-0.210938,0.000000,31.522884,10.000000
1.902344,-0.000000,-0.281250,0.000000,28.369568,10.000000
2.613281,-0.175781,1.052734,0.000000,29.052561,10.000000
2.689453,-0.089844,0.978516,0.000000,32.203697,10.000000
2.750000,-0.089844,0.929688,0.000000,31.235250,10.000000
4.427734,-0.142578,1.171875,0.000000,28.926510,10.000000
1.904297,-0.123047,-0.458984,-0.614669,26.857418,10.000000
1.919922,-0.062500,-0.574219,-0.614669,25.237465,10.000000
0.041016,-0.033203,0.062500,0.000000,30.094509,10.000000
0.044922,-0.046875,0.103516,0.000000,29.009130,10.000000
0.011719,-0.039062,-0.007812,0.000000,30.648323,11.000000
0.017578,-0.080078,-0.007812,0.000000,31.897709,11.000000
0.029297,-0.119141,-0.005859,0.000000,30.111473,11.000000
0.056641,-0.154297,0.005859,0.000000,25.440680,11.000000
0.181641,-0.080078,1.251953,0.000000,23.117538,11.000000
0.126953,-0.082031,1.300781,0.000000,24.653828,11.000000
0.363281,-0.083984,-1.296875,0.000000,23.138672,11.000000
0.558594,-0.042969,-1.273438,0.000000,21.760912,11.000000
2.609375,-0.175781,1.060547,0.000000,28.904211,11.000000
2.656250,-0.179688,1.054688,0.000000,32.156376,11.000000
2.755859,-0.089844,0.916016,0.000000,31.132748,11.000000
4.425781,-0.142578,1.177734,0.000000,31.679077,11.000000
4.476562,-0.000000,1.154297,0.000000,31.271048,11.000000
0.041016,-0.033203,0.062500,0.000000,30.094509,11.000000
0.044922,-0.046875,0.103516,0.000000,29.014584,11.000000
0.011719,-0.039062,-0.007812,0.000000,30.648323,12.000000
0.017578,-0.080078,-0.007812,0.000000,31.900515,12.000000
0.029297,-0.119141,-0.005859,0.000000,30.115704,12.000000
0.056641,-0.154297,0.007812,0.000000,25.453072,12.000000
0.183594,-0.080078,1.251953,0.000000,23.159704,12.000000
0.064453,-0.082031,1.304688,0.000000,24.683474,12.000000
0.404297,-0.083984,-1.285156,0.000000,23.159704,12.000000
0.566406,-0.042969,-1.269531,0.000000,21.760912,12.000000
1.839844,0.056641,-0.013672,0.000000,28.068581,12.000000
1.880859,-0.000000,0.015625,0.000000,27.275414,12.000000
2.619141,-0.175781,1.037109,0.000000,29.025467,12.000000
2.656250,-0.179688,1.054688,0.000000,32.129864,12.000000
2.751953,-0.089844,0.925781,0.000000,31.020905,12.000000
4.390625,-0.283203,1.123047,0.000000,29.143431,12.000000
4.417969,-0.142578,1.207031,0.000000,32.938046,12.000000
4.458984,-0.144531,1.212891,0.000000,32.773800,12.000000
4.494141,-0.000000,1.244141,0.000000,29.201233,12.000000
0.041016,-0.033203,0.062500,0.000000,30.094509,12.000000
0.044922,-0.046875,0.103516,0.000000,29.009130,12.000000
4.404297,-0.000000,1.105469,0.000000,29.138138,12.000000
0.011719,-0.039062,-0.007812,0.000000,30.655798,13.000000
0.017578,-0.080078,-0.007812,0.000000,31.903316,13.000000
0.029297,-0.119141,-0.005859,0.000000,30.119930,13.000000
0.056641,-0.154297,0.007812,0.000000,25.440680,13.000000
0.132812,-0.080078,1.257812,0.000000,23.138672,13.000000
0.423828,-0.083984,-1.279297,0.000000,23.138672,13.000000
0.578125,-0.042969,-1.263672,0.000000,21.702618,13.000000
1.833984,-0.000000,-0.167969,0.000000,27.528164,13.000000
1.876953,-0.000000,-0.123047,0.000000,28.034571,13.000000
1.916016,0.060547,-0.156250,0.000000,26.560982,13.000000
2.617188,-0.175781,1.044922,0.000000,29.063351,13.000000
2.656250,-0.179688,1.054688,0.000000,32.180099,13.000000
2.750000,-0.089844,0.929688,0.000000,31.222158,13.000000
4.396484,-0.142578,1.123047,0.000000,29.258276,13.000000
4.419922,-0.142578,1.197266,0.000000,32.864563,13.000000
4.462891,-0.144531,1.197266,0.000000,32.695129,13.000000
4.503906,-0.000000,1.207031,0.000000,28.876173,13.000000
0.041016,-0.033203,0.062500,0.000000,30.090258,13.000000
0.044922,-0.046875,0.103516,0.000000,29.003672,13.000000
0.011719,-0.039062,-0.007812,0.000000,30.644581,14.000000
0.017578,-0.080078,-0.007812,0.000000,31.897709,14.000000
0.029297,-0.119141,-0.005859,0.000000,30.107239,14.000000
0.056641,-0.154297,0.005859,0.000000,25.440680,14.000000
0.187500,-0.080078,1.251953,0.000000,23.117538,14.000000
0.070312,-0.082031,1.304688,0.000000,24.638929,14.000000
0.398438,-0.083984,-1.287109,0.000000,23.096302,14.000000
