1.386719,-0.000000,0.109375,0.000000,26.464037,0.000000
2.611328,-0.175781,1.054688,0.000000,29.132839,0.000000
2.685547,-0.089844,0.986328,0.000000,32.304489,0.000000
2.722656,-0.181641,0.996094,0.000000,31.280760,0.000000
1.308594,-0.041016,-0.003906,0.614669,30.718821,0.000000
0.009766,0.031250,0.025391,0.000000,29.294189,0.000000
0.041016,-0.033203,0.062500,0.000000,30.090258,0.000000
0.046875,-0.046875,0.103516,0.000000,28.981766,0.000000
0.976562,-0.478516,-0.867188,0.000000,23.944517,0.000000
0.011719,-0.039062,-0.007812,0.000000,30.644581,1.000000
0.017578,-0.080078,-0.007812,0.000000,31.900515,1.000000
0.029297,-0.119141,-0.005859,0.000000,30.136797,1.000000
0.056641,-0.154297,0.005859,0.000000,25.428255,1.000000
1.210938,0.076172,0.181641,0.000000,23.483049,1.000000
1.263672,0.080078,-0.054688,0.000000,27.323938,1.000000
1.287109,-0.000000,-0.234375,0.000000,28.555191,1.000000
1.349609,-0.000000,-0.050781,0.000000,29.222063,1.000000
1.386719,-0.000000,-0.099609,0.000000,28.109043,1.000000
1.074219,-0.044922,0.945312,0.000000,25.514500,1.000000
2.621094,-0.175781,1.033203,0.000000,29.190781,1.000000
2.689453,-0.089844,0.980469,0.000000,32.268578,1.000000
2.765625,-0.000000,0.886719,0.000000,31.159431,1.000000
1.341797,-0.089844,0.492188,-0.614669,24.533184,1.000000
0.009766,0.031250,0.025391,0.000000,29.304396,1.000000
0.041016,-0.033203,0.062500,0.000000,30.090258,1.000000
0.044922,-0.046875,0.103516,0.000000,28.987251,1.000000
2.722656,-0.181641,0.992188,0.000000,31.146111,1.000000
0.011719,-0.039062,-0.007812,0.000000,30.652061,2.000000
0.017578,-0.080078,-0.007812,0.000000,31.906118,2.000000
0.029297,-0.119141,-0.005859,0.000000,30.141003,2.000000
0.056641,-0.154297,0.005859,0.000000,25.453072,2.000000
1.119141,-0.000000,-0.394531,0.000000,20.791813,2.000000
1.220703,-0.039062,-0.126953,0.000000,27.551123,2.000000
1.263672,-0.080078,-0.058594,0.000000,30.849337,2.000000
1.302734,-0.041016,-0.111328,0.000000,30.034605,2.000000
1.367188,0.087891,-0.240234,0.000000,24.393328,2.000000
1.308594,-0.134766,-0.564453,0.000000,24.941545,2.000000
2.613281,-0.175781,1.052734,0.000000,28.998205,2.000000
2.689453,-0.089844,0.980469,0.000000,32.296818,2.000000
2.769531,-0.000000,0.876953,0.000000,31.370375,2.000000
1.281250,0.042969,-0.421875,0.614669,25.340261,2.000000
0.009766,0.031250,0.025391,0.000000,29.299295,2.000000
0.041016,-0.033203,0.062500,0.000000,30.094509,2.000000
0.044922,-0.046875,0.103516,0.000000,28.987251,2.000000
0.908203,-0.390625,0.978516,0.000000,21.846914,2.000000
0.011719,-0.039062,-0.007812,0.000000,30.644581,3.000000
0.017578,-0.080078,-0.007812,0.000000,31.903316,3.000000
0.029297,-0.119141,-0.005859,0.000000,30.141003,3.000000
0.056641,-0.154297,0.005859,0.000000,25.453072,3.000000
1.222656,0.076172,-0.064453,0.000000,23.502480,3.000000
1.253906,0.080078,-0.169922,0.000000,26.766935,3.000000
1.294922,0.082031,-0.167969,0.000000,27.551123,3.000000
1.347656,0.042969,-0.068359,0.000000,25.831987,3.000000
1.253906,0.216797,0.560547,0.000000,22.380461,3.000000
1.345703,0.179688,0.455078,0.000000,24.487062,3.000000
2.623047,-0.175781,1.029297,0.000000,29.068735,3.000000
2.693359,-0.089844,0.966797,0.000000,32.247921,3.000000
2.775391,-0.000000,0.855469,0.000000,31.218880,3.000000
0.009766,0.031250,0.025391,0.000000,29.304396,3.000000
0.041016,-0.033203,0.062500,0.000000,30.086002,3.000000
0.046875,-0.046875,0.103516,0.000000,28.987251,3.000000
0.322266,-0.345703,1.132812,0.000000,20.791813,3.000000
1.339844,-0.261719,-0.261719,0.000000,20.718821,3.000000
1.291016,-0.312500,-0.533203,0.000000,22.764618,3.000000
2.734375,-0.181641,0.960938,0.000000,31.218880,3.000000
0.011719,-0.039062,-0.007812,0.000000,30.652061,4.000000
0.017578,-0.080078,-0.007812,0.000000,31.906118,4.000000
0.029297,-0.119141,-0.005859,0.000000,30.141003,4.000000
0.056641,-0.154297,0.005859,0.000000,25.453072,4.000000
1.224609,0.076172,-0.050781,0.000000,21.038036,4.000000
1.261719,-0.000000,0.126953,0.000000,26.693169,4.000000
1.306641,-0.000000,0.089844,0.000000,28.779470,4.000000
1.349609,-0.000000,-0.023438,0.000000,28.870544,4.000000
1.369141,-0.042969,-0.240234,0.000000,27.656685,4.000000
0.857422,-0.089844,-1.142578,0.000000,23.838154,4.000000
2.611328,-0.175781,1.056641,0.000000,28.981766,4.000000
2.687500,-0.089844,0.986328,0.000000,32.164299,4.000000
2.720703,-0.181641,0.998047,0.000000,31.139433,4.000000
4.386719,-0.287109,1.287109,0.000000,28.020893,4.000000
0.011719,0.031250,0.025391,0.000000,29.304396,4.000000
0.041016,-0.033203,0.062500,0.000000,30.090258,4.000000
0.046875,-0.046875,0.103516,0.000000,28.987251,4.000000
1.386719,0.357422,-0.011719,0.000000,22.304489,4.000000
2.765625,-0.000000,0.888672,0.000000,31.119343,4.000000
0.011719,-0.039062,-0.007812,0.000000,30.644581,5.000000
0.017578,-0.080078,-0.007812,0.000000,31.903316,5.000000
0.029297,-0.119141,-0.005859,0.000000,30.136797,5.000000
0.056641,-0.154297,0.005859,0.000000,25.440680,5.000000
1.212891,0.076172,-0.169922,0.000000,21.271048,5.000000
1.242188,0.197266,-0.158203,0.000000,24.082399,5.000000
0.425781,-0.205078,-1.220703,0.000000,24.623980,5.000000
1.363281,-0.000000,-0.277344,0.000000,26.766935,5.000000
1.253906,-0.000000,-0.689453,0.000000,24.232458,5.000000
2.617188,-0.175781,1.042969,0.000000,29.025467,5.000000
2.691406,-0.089844,0.972656,0.000000,32.187981,5.000000
2.728516,-0.181641,0.978516,0.000000,31.112625,5.000000
1.345703,-0.042969,-0.093750,0.614669,26.618126,5.000000
0.009766,0.031250,0.025391,0.000000,29.304396,5.000000
0.041016,-0.033203,0.062500,0.000000,30.094509,5.000000
0.044922,-0.046875,0.103516,0.000000,28.992731,5.000000
0.826172,-0.191406,-0.886719,0.000000,20.755470,5.000000
0.111328,-0.277344,1.232422,0.000000,23.617279,5.000000
1.277344,0.246094,-0.142578,0.000000,23.673559,5.000000
2.769531,-0.000000,0.875000,0.000000,31.099159,5.000000
0.011719,-0.039062,-0.007812,0.000000,30.652061,6.000000
0.017578,-0.080078,-0.007812,0.000000,31.906118,6.000000
0.029297,-0.119141,-0.005859,0.000000,30.141003,6.000000
0.056641,-0.154297,0.005859,0.000000,25.440680,6.000000
1.224609,-0.000000,-0.066406,0.000000,23.463530,6.000000
1.267578,-0.000000,-0.039062,0.000000,29.216866,6.000000
1.304688,-0.000000,-0.107422,0.000000,30.965624,6.000000
1.337891,-0.000000,-0.181641,0.000000,29.580858,6.000000
1.310547,0.042969,-0.462891,0.000000,25.477747,6.000000
1.406250,0.332031,-0.453125,0.000000,27.403627,6.000000
1.470703,0.291016,-0.406250,0.000000,27.589119,6.000000
2.615234,-0.175781,1.046875,0.000000,28.948696,6.000000
2.687500,-0.089844,0.984375,0.000000,32.127201,6.000000
2.724609,-0.181641,0.990234,0.000000,31.078880,6.000000
0.009766,0.031250,0.025391,0.000000,29.299295,6.000000
0.041016,-0.033203,0.062500,0.000000,30.094509,6.000000
0.044922,-0.046875,0.103516,0.000000,28.987251,6.000000
0.402344,-0.236328,1.439453,0.000000,25.340261,6.000000
0.183594,-0.291016,1.515625,0.000000,25.611013,6.000000
0.011719,-0.039062,-0.007812,0.000000,30.640835,7.000000
0.017578,-0.080078,-0.007812,0.000000,31.900515,7.000000
0.029297,-0.119141,-0.005859,0.000000,30.136797,7.000000
0.056641,-0.154297,0.007812,0.000000,25.453072,7.000000
1.128906,-0.000000,-0.363281,0.000000,20.569048,7.000000
1.220703,-0.039062,-0.128906,0.000000,27.795965,7.000000
1.265625,-0.039062,-0.066406,0.000000,31.089031,7.000000
1.308594,-0.041016,0.000000,0.000000,30.704073,7.000000
1.314453,-0.083984,0.292969,0.000000,26.242821,7.000000
1.353516,-0.304688,0.101562,0.000000,20.606977,7.000000
1.351562,-0.357422,-0.308594,0.000000,22.741579,7.000000
2.613281,-0.175781,1.052734,0.000000,28.870544,7.000000
2.685547,-0.089844,0.990234,0.000000,32.100510,7.000000
2.716797,-0.181641,1.011719,0.000000,31.044870,7.000000
1.255859,-0.000000,0.597656,1.229337,20.606977,7.000000
0.009766,0.031250,0.025391,0.000000,29.294189,7.000000
0.041016,-0.033203,0.062500,0.000000,30.090258,7.000000
0.046875,-0.046875,0.103516,0.000000,28.987251,7.000000
0.542969,1.259766,0.226562,0.000000,17.781513,7.000000
2.761719,-0.000000,0.900391,0.000000,31.041456,7.000000
0.011719,-0.039062,-0.007812,0.000000,30.640835,8.000000
0.017578,-0.080078,-0.007812,0.000000,31.903316,8.000000
0.029297,-0.119141,-0.005859,0.000000,30.141003,8.000000
0.056641,-0.154297,0.005859,0.000000,25.453072,8.000000
1.271484,-0.082031,0.298828,0.000000,28.419847,8.000000
1.228516,-0.083984,0.552734,0.000000,23.996737,8.000000
1.386719,-0.087891,0.072266,0.000000,24.800070,8.000000
1.431641,0.044922,0.009766,0.000000,26.551384,8.000000
1.468750,0.091797,0.058594,0.000000,25.797836,8.000000
2.625000,-0.175781,1.021484,0.000000,29.148718,8.000000
2.693359,-0.089844,0.970703,0.000000,32.296818,8.000000
2.728516,-0.181641,0.976562,0.000000,31.293676,8.000000
4.800781,-1.248047,-0.552734,0.000000,29.242792,8.000000
1.222656,-0.076172,0.060547,0.614669,24.941545,8.000000
1.257812,-0.080078,0.138672,0.614669,28.260748,8.000000
0.009766,0.031250,0.025391,0.000000,29.304396,8.000000
0.041016,-0.033203,0.062500,0.000000,30.094509,8.000000
0.044922,-0.046875,0.103516,0.000000,28.987251,8.000000
1.429688,-0.044922,0.054688,0.000000,26.503075,8.000000
2.771484,-0.000000,0.867188,0.000000,31.277525,8.000000
0.011719,-0.039062,-0.007812,0.000000,30.640835,9.000000
0.017578,-0.080078,-0.007812,0.000000,31.900515,9.000000
0.029297,-0.119141,-0.005859,0.000000,30.136797,9.000000
0.056641,-0.154297,0.005859,0.000000,25.440680,9.000000
1.142578,-0.037109,-0.316406,0.000000,21.673174,9.000000
1.203125,-0.000000,-0.246094,0.000000,23.617279,9.000000
1.218750,0.119141,0.333984,0.000000,25.092026,9.000000
1.220703,0.041016,0.472656,0.000000,28.055008,9.000000
1.400391,-0.267578,-0.138672,0.000000,25.037907,9.000000
1.412109,0.322266,-0.269531,0.000000,24.623980,9.000000
1.431641,0.425781,-0.248047,0.000000,26.464037,9.000000
2.591797,-0.175781,1.105469,0.000000,28.836615,9.000000
2.679688,-0.089844,1.005859,0.000000,32.124538,9.000000
2.746094,-0.089844,0.943359,0.000000,31.218880,9.000000
1.009766,0.126953,0.886719,0.614669,24.533184,9.000000
1.347656,-0.087891,0.330078,0.614669,23.344538,9.000000
1.412109,-0.134766,0.197266,0.614669,25.185139,9.000000
0.009766,0.031250,0.025391,0.000000,29.304396,9.000000
0.041016,-0.033203,0.062500,0.000000,30.090258,9.000000
0.044922,-0.046875,0.103516,0.000000,28.987251,9.000000
1.230469,0.267578,0.681641,0.000000,22.966652,9.000000
1.453125,-0.183594,-0.152344,0.000000,24.502491,9.000000
1.234375,-0.093750,0.871094,0.000000,23.502480,9.000000
0.011719,-0.039062,-0.007812,0.000000,30.644581,10.000000
0.017578,-0.080078,-0.007812,0.000000,31.900515,10.000000
0.029297,-0.119141,-0.005859,0.000000,30.136797,10.000000
0.056641,-0.154297,0.005859,0.000000,25.440680,10.000000
0.212891,-0.076172,-1.205078,0.000000,22.121876,10.000000
1.232422,-0.039062,0.294922,0.000000,28.621313,10.000000
1.308594,-0.000000,0.027344,0.000000,30.030294,10.000000
1.330078,0.042969,-0.230469,0.000000,26.444386,10.000000
1.414062,-0.224609,-0.001953,0.000000,26.222139,10.000000
1.425781,0.230469,0.287109,0.000000,26.364880,10.000000
2.615234,-0.175781,1.046875,0.000000,28.870544,10.000000
2.691406,-0.089844,0.972656,0.000000,32.092468,10.000000
2.767578,-0.000000,0.876953,0.000000,30.976044,10.000000
1.376953,-0.042969,0.187500,0.614669,25.998831,10.000000
0.009766,0.031250,0.025391,0.000000,29.304396,10.000000
0.041016,-0.033203,0.062500,0.000000,30.094509,10.000000
0.044922,-0.046875,0.103516,0.000000,28.992731,10.000000
0.898438,0.312500,1.068359,0.000000,24.281347,10.000000
1.279297,-0.275391,-0.675781,0.000000,25.211380,10.000000
2.726562,-0.181641,0.986328,0.000000,30.976044,10.000000
0.011719,-0.039062,-0.007812,0.000000,30.648323,11.000000
0.017578,-0.080078,-0.007812,0.000000,31.903316,11.000000
0.029297,-0.119141,-0.005859,0.000000,30.141003,11.000000
0.056641,-0.154297,0.005859,0.000000,25.453072,11.000000
1.226562,-0.039062,-0.048828,0.000000,26.794279,11.000000
1.261719,-0.039062,0.115234,0.000000,30.663260,11.000000
1.300781,-0.041016,0.148438,0.000000,31.486027,11.000000
1.337891,-0.042969,0.179688,0.000000,29.745117,11.000000
0.994141,0.042969,0.970703,0.000000,26.159500,11.000000
1.324219,-0.312500,-0.443359,0.000000,27.774269,11.000000
1.443359,-0.275391,-0.085938,0.000000,27.874605,11.000000
1.453125,0.425781,-0.027344,0.000000,28.401060,11.000000
1.503906,0.388672,0.042969,0.000000,28.457180,11.000000
2.597656,-0.175781,1.087891,0.000000,28.976271,11.000000
2.685547,-0.089844,0.988281,0.000000,32.103184,11.000000
2.767578,-0.000000,0.878906,0.000000,30.986437,11.000000
0.009766,0.031250,0.025391,0.000000,29.299295,11.000000
0.041016,-0.033203,0.062500,0.000000,30.090258,11.000000
0.044922,-0.046875,0.103516,0.000000,28.992731,11.000000
1.232422,0.179688,0.707031,0.000000,25.314789,11.000000
0.339844,0.923828,-1.203125,0.000000,25.820633,11.000000
2.724609,-0.181641,0.986328,0.000000,30.982975,11.000000
0.011719,-0.039062,-0.007812,0.000000,30.652061,12.000000
0.017578,-0.080078,-0.007812,0.000000,31.906118,12.000000
0.029297,-0.119141,-0.005859,0.000000,30.141003,12.000000
0.056641,-0.154297,0.005859,0.000000,25.453072,12.000000
1.203125,-0.039062,-0.238281,0.000000,25.526682,12.000000
1.259766,-0.039062,0.148438,0.000000,29.903389,12.000000
1.291016,-0.041016,0.214844,0.000000,31.189257,12.000000
1.332031,-0.000000,0.220703,0.000000,29.350031,12.000000
0.984375,0.042969,-0.980469,0.000000,26.910814,12.000000
0.945312,0.044922,1.074219,0.000000,26.454224,12.000000
1.388672,0.046875,0.484375,0.000000,24.698219,12.000000
2.617188,-0.175781,1.041016,0.000000,28.981766,12.000000
2.693359,-0.089844,0.966797,0.000000,32.190605,12.000000
2.732422,-0.181641,0.964844,0.000000,31.195858,12.000000
1.378906,0.568359,0.257812,0.614669,26.954817,12.000000
1.449219,0.535156,0.179688,0.614669,27.379873,12.000000
1.195312,-0.695312,0.140625,1.229337,24.668676,12.000000
1.232422,-0.716797,0.136719,1.229337,26.170004,12.000000
1.269531,-0.736328,0.125000,1.229337,24.969297,12.000000
0.009766,0.031250,0.025391,0.000000,29.304396,12.000000
0.041016,-0.033203,0.062500,0.000000,30.090258,12.000000
0.046875,-0.046875,0.103516,0.000000,28.987251,12.000000
1.373047,-0.402344,-0.011719,0.000000,25.078558,12.000000
1.369141,-0.505859,-0.189453,0.000000,23.096302,12.000000
2.775391,-0.000000,0.857422,0.000000,31.182648,12.000000
0.011719,-0.039062,-0.007812,0.000000,30.648323,13.000000
0.017578,-0.080078,-0.007812,0.000000,31.903316,13.000000
0.029297,-0.119141,-0.005859,0.000000,30.141003,13.000000
