0.044922,-0.046875,0.103516,0.000000,28.992731,0.000000
2.767578,-0.000000,0.880859,0.000000,31.020905,0.000000
0.011719,-0.039062,-0.007812,0.000000,30.640835,1.000000
0.017578,-0.080078,-0.007812,0.000000,31.903316,1.000000
0.029297,-0.119141,-0.005859,0.000000,30.136797,1.000000
0.056641,-0.154297,0.005859,0.000000,25.453072,1.000000
0.148438,-0.080078,1.255859,0.000000,23.074961,1.000000
0.095703,-0.082031,1.302734,0.000000,24.638929,1.000000
0.402344,-0.083984,-1.285156,0.000000,23.096302,1.000000
0.552734,-0.042969,-1.275391,0.000000,21.702618,1.000000
1.484375,0.093750,-0.279297,0.000000,27.543484,1.000000
1.531250,0.097656,-0.244141,0.000000,29.872192,1.000000
1.578125,0.150391,-0.177734,0.000000,29.395193,1.000000
1.625000,0.154297,-0.103516,0.000000,28.388491,1.000000
1.675781,0.052734,-0.005859,0.000000,27.767012,1.000000
2.611328,-0.175781,1.054688,0.000000,28.965261,1.000000
2.691406,-0.089844,0.974609,0.000000,32.132519,1.000000
2.773438,-0.000000,0.859375,0.000000,31.014034,1.000000
4.412109,-0.142578,1.066406,0.000000,28.549129,1.000000
4.416016,-0.142578,1.210938,0.000000,31.806992,1.000000
4.455078,-0.144531,1.220703,0.000000,31.489109,1.000000
4.720703,-0.296875,-0.388672,0.000000,30.629578,1.000000
4.742188,-0.449219,-0.458984,0.000000,34.892551,1.000000
4.791016,-0.300781,-0.498047,0.000000,35.395779,1.000000
4.814453,-0.304688,-0.650391,0.000000,31.953461,1.000000
4.865234,-0.308594,0.853516,0.000000,31.464382,1.000000
4.957031,-0.468750,0.353516,0.000000,30.289778,1.000000
0.009766,0.031250,0.025391,0.000000,29.294189,1.000000
0.041016,-0.033203,0.062500,0.000000,30.090258,1.000000
0.046875,-0.046875,0.103516,0.000000,28.987251,1.000000
2.734375,-0.181641,0.962891,0.000000,31.010593,1.000000
0.011719,-0.039062,-0.007812,0.000000,30.644581,2.000000
0.017578,-0.080078,-0.007812,0.000000,31.903316,2.000000
0.029297,-0.119141,-0.005859,0.000000,30.136797,2.000000
0.056641,-0.154297,0.005859,0.000000,25.453072,2.000000
0.148438,-0.080078,1.257812,0.000000,23.096302,2.000000
0.037109,-0.082031,1.306641,0.000000,24.638929,2.000000
0.416016,-0.083984,-1.281250,0.000000,23.074961,2.000000
0.539062,-0.042969,-1.281250,0.000000,21.702618,2.000000
1.503906,0.046875,-0.158203,0.000000,27.678976,2.000000
1.550781,0.048828,-0.097656,0.000000,31.222158,2.000000
1.591797,0.099609,-0.017578,0.000000,31.364035,2.000000
1.625000,0.154297,0.126953,0.000000,28.299467,2.000000
2.609375,-0.175781,1.060547,0.000000,28.876173,2.000000
2.689453,-0.089844,0.978516,0.000000,32.079037,2.000000
2.736328,-0.181641,0.957031,0.000000,31.027765,2.000000
4.421875,-0.142578,1.023438,0.000000,28.344208,2.000000
4.421875,-0.142578,1.191406,0.000000,31.670218,2.000000
4.470703,-0.144531,1.169922,0.000000,31.501421,2.000000
4.708984,-0.296875,-0.505859,0.000000,30.240749,2.000000
4.748047,-0.298828,-0.521484,0.000000,34.426365,2.000000
4.787109,-0.300781,-0.546875,0.000000,34.698219,2.000000
4.791016,-0.152344,-0.847656,0.000000,30.659531,2.000000
4.878906,-0.308594,0.779297,0.000000,31.072100,2.000000
1.654297,0.804688,0.023438,-0.614669,25.327543,2.000000
0.009766,0.031250,0.025391,0.000000,29.299295,2.000000
0.041016,-0.033203,0.062500,0.000000,30.098757,2.000000
0.044922,-0.046875,0.103516,0.000000,28.992731,2.000000
0.011719,-0.039062,-0.007812,0.000000,30.640835,3.000000
0.017578,-0.080078,-0.007812,0.000000,31.903316,3.000000
0.029297,-0.119141,-0.005859,0.000000,30.136797,3.000000
0.056641,-0.154297,0.005859,0.000000,25.453072,3.000000
0.148438,-0.080078,1.255859,0.000000,23.096302,3.000000
0.402344,-0.083984,-1.285156,0.000000,23.010300,3.000000
0.566406,-0.042969,-1.269531,0.000000,21.583626,3.000000
1.505859,0.142578,0.021484,0.000000,26.560982,3.000000
1.546875,0.146484,-0.007812,0.000000,31.065308,3.000000
1.587891,0.150391,-0.011719,0.000000,31.708483,3.000000
1.630859,0.101562,0.083984,0.000000,29.429996,3.000000
1.654297,0.105469,0.253906,0.000000,27.259117,3.000000
2.605469,-0.175781,1.072266,0.000000,28.976271,3.000000
2.687500,-0.089844,0.986328,0.000000,32.081726,3.000000
2.730469,-0.181641,0.970703,0.000000,30.951693,3.000000
4.421875,-0.142578,1.021484,0.000000,28.241259,3.000000
4.425781,-0.142578,1.177734,0.000000,31.486027,3.000000
4.460938,-0.144531,1.201172,0.000000,31.024338,3.000000
4.873047,-0.308594,0.812500,0.000000,31.129400,3.000000
4.916016,-0.468750,0.726562,0.000000,29.339931,3.000000
0.041016,-0.033203,0.062500,0.000000,30.098757,3.000000
0.044922,-0.046875,0.103516,0.000000,28.998205,3.000000
2.771484,-0.000000,0.869141,0.000000,30.927206,3.000000
0.011719,-0.039062,-0.007812,0.000000,30.648323,4.000000
0.017578,-0.080078,-0.007812,0.000000,31.903316,4.000000
0.029297,-0.119141,-0.005859,0.000000,30.132587,4.000000
0.056641,-0.154297,0.005859,0.000000,25.440680,4.000000
0.177734,-0.080078,1.253906,0.000000,23.117538,4.000000
0.103516,-0.082031,1.302734,0.000000,24.638929,4.000000
0.394531,-0.083984,-1.287109,0.000000,23.096302,4.000000
0.558594,-0.042969,-1.273438,0.000000,21.673174,4.000000
1.541016,0.048828,-0.191406,0.000000,24.941545,4.000000
2.623047,-0.175781,1.027344,0.000000,29.009130,4.000000
2.693359,-0.089844,0.970703,0.000000,32.135178,4.000000
2.771484,-0.000000,0.865234,0.000000,31.020905,4.000000
4.425781,-0.142578,1.003906,0.000000,28.382193,4.000000
4.427734,-0.142578,1.171875,0.000000,31.684975,4.000000
4.468750,-0.144531,1.173828,0.000000,31.364035,4.000000
4.857422,-0.306641,0.644531,0.000000,30.228407,4.000000
4.888672,-0.308594,0.710938,0.000000,31.078880,4.000000
0.009766,0.031250,0.025391,0.000000,29.299295,4.000000
0.041016,-0.033203,0.062500,0.000000,30.094509,4.000000
0.044922,-0.046875,0.103516,0.000000,28.992731,4.000000
0.369141,0.630859,1.371094,0.000000,24.653828,4.000000
0.011719,-0.039062,-0.007812,0.000000,30.644581,5.000000
0.017578,-0.080078,-0.007812,0.000000,31.906118,5.000000
0.029297,-0.119141,-0.005859,0.000000,30.141003,5.000000
0.056641,-0.154297,0.005859,0.000000,25.453072,5.000000
0.125000,-0.080078,1.259766,0.000000,23.117538,5.000000
0.425781,-0.083984,-1.277344,0.000000,23.053514,5.000000
0.564453,-0.042969,-1.269531,0.000000,21.702618,5.000000
1.484375,0.046875,-0.289062,0.000000,25.453072,5.000000
1.523438,0.097656,-0.294922,0.000000,30.916670,5.000000
1.566406,0.099609,-0.281250,0.000000,32.435341,5.000000
1.617188,0.101562,-0.220703,0.000000,31.105898,5.000000
1.671875,0.105469,-0.095703,0.000000,29.464523,5.000000
1.712891,0.107422,-0.060547,0.000000,27.824726,5.000000
2.613281,-0.175781,1.050781,0.000000,29.025467,5.000000
2.689453,-0.089844,0.978516,0.000000,32.182728,5.000000
2.771484,-0.000000,0.871094,0.000000,31.099159,5.000000
4.414062,-0.142578,1.052734,0.000000,28.356905,5.000000
4.414062,-0.142578,1.216797,0.000000,31.598679,5.000000
4.449219,-0.144531,1.248047,0.000000,31.182648,5.000000
4.894531,-0.308594,0.673828,0.000000,30.813473,5.000000
0.041016,-0.033203,0.062500,0.000000,30.098757,5.000000
0.046875,-0.046875,0.103516,0.000000,28.998205,5.000000
2.726562,-0.181641,0.980469,0.000000,31.089031,5.000000
0.011719,-0.039062,-0.007812,0.000000,30.640835,6.000000
0.017578,-0.080078,-0.007812,0.000000,31.903316,6.000000
0.029297,-0.119141,-0.005859,0.000000,30.136797,6.000000
0.056641,-0.154297,0.005859,0.000000,25.440680,6.000000
0.126953,-0.080078,1.259766,0.000000,23.096302,6.000000
0.117188,-0.082031,1.300781,0.000000,24.623980,6.000000
0.402344,-0.083984,-1.285156,0.000000,23.074961,6.000000
0.541016,-0.042969,-1.281250,0.000000,21.673174,6.000000
1.490234,0.046875,-0.263672,0.000000,24.941545,6.000000
1.527344,0.097656,-0.271484,0.000000,29.822712,6.000000
1.564453,0.099609,-0.292969,0.000000,31.072100,6.000000
1.601562,0.101562,-0.314453,0.000000,29.947569,6.000000
1.634766,0.105469,-0.359375,0.000000,27.965744,6.000000
2.621094,-0.175781,1.033203,0.000000,28.976271,6.000000
2.693359,-0.089844,0.968750,0.000000,32.174839,6.000000
2.773438,-0.000000,0.863281,0.000000,31.034616,6.000000
4.402344,-0.142578,1.105469,0.000000,28.014036,6.000000
4.398438,-0.287109,1.251953,0.000000,31.152777,6.000000
4.443359,-0.144531,1.265625,0.000000,30.576660,6.000000
4.892578,-0.308594,0.687500,0.000000,31.031193,6.000000
4.951172,-0.623047,0.109375,0.000000,29.912260,6.000000
0.009766,0.031250,0.025391,0.000000,29.299295,6.000000
0.041016,-0.033203,0.062500,0.000000,30.098757,6.000000
0.044922,-0.046875,0.103516,0.000000,28.998205,6.000000
2.730469,-0.181641,0.972656,0.000000,31.014034,6.000000
0.011719,-0.039062,-0.007812,0.000000,30.640835,7.000000
0.017578,-0.080078,-0.007812,0.000000,31.903316,7.000000
0.029297,-0.119141,-0.005859,0.000000,30.141003,7.000000
0.056641,-0.154297,0.005859,0.000000,25.453072,7.000000
0.150391,-0.080078,1.255859,0.000000,23.117538,7.000000
0.060547,-0.082031,1.304688,0.000000,24.608978,7.000000
0.414062,-0.083984,-1.281250,0.000000,23.053514,7.000000
0.570312,-0.042969,-1.267578,0.000000,21.702618,7.000000
2.621094,-0.175781,1.031250,0.000000,29.003672,7.000000
2.691406,-0.089844,0.972656,0.000000,32.174839,7.000000
2.730469,-0.181641,0.970703,0.000000,31.119343,7.000000
4.416016,-0.142578,1.042969,0.000000,28.195440,7.000000
4.419922,-0.142578,1.201172,0.000000,31.427023,7.000000
4.455078,-0.144531,1.222656,0.000000,31.031193,7.000000
4.890625,-0.308594,0.701172,0.000000,31.085649,7.000000
4.978516,-0.312500,0.117188,0.000000,29.712759,7.000000
0.009766,0.031250,0.025391,0.000000,29.304396,7.000000
0.041016,-0.033203,0.062500,0.000000,30.094509,7.000000
0.044922,-0.046875,0.103516,0.000000,28.998205,7.000000
2.773438,-0.000000,0.861328,0.000000,31.112625,7.000000
0.011719,-0.039062,-0.007812,0.000000,30.644581,8.000000
0.017578,-0.080078,-0.007812,0.000000,31.903316,8.000000
0.029297,-0.119141,-0.005859,0.000000,30.136797,8.000000
0.056641,-0.154297,0.005859,0.000000,25.440680,8.000000
0.152344,-0.080078,1.255859,0.000000,23.053514,8.000000
0.421875,-0.083984,-1.279297,0.000000,23.074961,8.000000
1.556641,0.199219,-0.287109,0.000000,27.242758,8.000000
2.626953,-0.175781,1.017578,0.000000,28.965261,8.000000
2.689453,-0.089844,0.978516,0.000000,32.148438,8.000000
2.771484,-0.000000,0.871094,0.000000,31.075491,8.000000
4.416016,-0.142578,1.208984,0.000000,31.122698,8.000000
4.449219,-0.144531,1.242188,0.000000,30.644581,8.000000
4.886719,-0.308594,0.718750,0.000000,31.142773,8.000000
4.951172,-0.623047,0.109375,0.000000,29.876663,8.000000
0.009766,0.031250,0.025391,0.000000,29.299295,8.000000
0.041016,-0.033203,0.062500,0.000000,30.094509,8.000000
0.044922,-0.046875,0.103516,0.000000,28.992731,8.000000
0.585938,-0.398438,1.429688,0.000000,25.105450,8.000000
2.728516,-0.181641,0.978516,0.000000,31.075491,8.000000
0.011719,-0.039062,-0.007812,0.000000,30.652061,9.000000
0.017578,-0.080078,-0.007812,0.000000,31.906118,9.000000
0.029297,-0.119141,-0.005859,0.000000,30.141003,9.000000
0.056641,-0.154297,0.005859,0.000000,25.453072,9.000000
0.207031,-0.080078,1.248047,0.000000,23.117538,9.000000
0.101562,-0.082031,1.302734,0.000000,24.638929,9.000000
0.398438,-0.083984,-1.287109,0.000000,23.053514,9.000000
0.558594,-0.042969,-1.273438,0.000000,21.673174,9.000000
1.632812,0.101562,0.015625,0.000000,28.312298,9.000000
1.671875,0.105469,0.074219,0.000000,28.506462,9.000000
2.615234,-0.175781,1.046875,0.000000,29.036325,9.000000
2.689453,-0.089844,0.978516,0.000000,32.187981,9.000000
2.728516,-0.181641,0.976562,0.000000,31.129400,9.000000
4.416016,-0.142578,1.208984,0.000000,31.354507,9.000000
4.453125,-0.144531,1.228516,0.000000,30.976044,9.000000
4.886719,-0.308594,0.724609,0.000000,30.909630,9.000000
4.949219,-0.623047,0.115234,0.000000,29.642597,9.000000
0.009766,0.031250,0.025391,0.000000,29.304396,9.000000
0.041016,-0.033203,0.062500,0.000000,30.094509,9.000000
0.046875,-0.046875,0.103516,0.000000,28.992731,9.000000
2.769531,-0.000000,0.873047,0.000000,31.109262,9.000000
0.011719,-0.039062,-0.007812,0.000000,30.648323,10.000000
0.017578,-0.080078,-0.007812,0.000000,31.908916,10.000000
0.029297,-0.119141,-0.005859,0.000000,30.141003,10.000000
0.056641,-0.154297,0.005859,0.000000,25.453072,10.000000
0.140625,-0.080078,1.257812,0.000000,23.117538,10.000000
0.431641,-0.083984,-1.275391,0.000000,23.031961,10.000000
0.593750,-0.042969,-1.257812,0.000000,21.613680,10.000000
1.523438,0.193359,-0.238281,0.000000,27.435097,10.000000
1.568359,0.199219,-0.220703,0.000000,29.518230,10.000000
1.626953,0.154297,-0.085938,0.000000,28.915375,10.000000
2.617188,-0.175781,1.039062,0.000000,29.030899,10.000000
2.689453,-0.089844,0.976562,0.000000,32.174839,10.000000
2.728516,-0.181641,0.976562,0.000000,31.085649,10.000000
4.406250,-0.287109,1.224609,0.000000,31.099159,10.000000
4.451172,-0.144531,1.234375,0.000000,30.511526,10.000000
4.898438,-0.308594,0.642578,0.000000,30.553783,10.000000
4.951172,-0.623047,-0.074219,0.000000,29.474337,10.000000
0.009766,0.031250,0.025391,0.000000,29.304396,10.000000
0.041016,-0.033203,0.062500,0.000000,30.094509,10.000000
0.044922,-0.046875,0.103516,0.000000,28.998205,10.000000
2.771484,-0.000000,0.869141,0.000000,31.078880,10.000000
0.011719,-0.039062,-0.007812,0.000000,30.644581,11.000000
0.017578,-0.080078,-0.007812,0.000000,31.906118,11.000000
0.029297,-0.119141,-0.005859,0.000000,30.136797,11.000000
0.056641,-0.154297,0.005859,0.000000,25.453072,11.000000
0.138672,-0.080078,1.257812,0.000000,23.138672,11.000000
0.410156,-0.083984,-1.283203,0.000000,23.117538,11.000000
0.568359,-0.042969,-1.269531,0.000000,21.643528,11.000000
1.541016,0.146484,-0.136719,0.000000,29.680157,11.000000
1.582031,0.150391,-0.136719,0.000000,30.902580,11.000000
1.628906,0.154297,-0.052734,0.000000,29.749720,11.000000
1.673828,0.105469,0.042969,0.000000,29.095560,11.000000
2.605469,-0.175781,1.070312,0.000000,29.052561,11.000000
2.687500,-0.089844,0.986328,0.000000,32.169571,11.000000
2.767578,-0.000000,0.880859,0.000000,31.051695,11.000000
4.417969,-0.142578,1.035156,0.000000,28.350561,11.000000
4.417969,-0.142578,1.207031,0.000000,31.544239,11.000000
4.453125,-0.144531,1.232422,0.000000,31.149445,11.000000
4.902344,-0.308594,0.615234,0.000000,30.314085,11.000000
0.009766,0.031250,0.025391,0.000000,29.299295,11.000000
0.041016,-0.033203,0.062500,0.000000,30.090258,11.000000
0.044922,-0.046875,0.103516,0.000000,28.992731,11.000000
2.724609,-0.181641,0.990234,0.000000,31.051695,11.000000
0.011719,-0.039062,-0.007812,0.000000,30.644581,12.000000
0.017578,-0.080078,-0.007812,0.000000,31.903316,12.000000
0.029297,-0.119141,-0.005859,0.000000,30.136797,12.000000
