0.041016,-0.033203,0.062500,0.000000,30.145205,0.000000
0.044922,-0.046875,0.103516,0.000000,29.052561,0.000000
1.216797,0.357422,0.003906,0.000000,19.294189,0.000000
0.011719,-0.039062,-0.007812,0.000000,30.737183,1.000000
0.017578,-0.080078,-0.007812,0.000000,31.978317,1.000000
0.029297,-0.119141,-0.003906,0.000000,30.207754,1.000000
0.056641,-0.154297,0.005859,0.000000,25.502283,1.000000
0.339844,-0.080078,-1.218750,0.000000,21.958996,1.000000
0.326172,-0.041016,1.267578,0.000000,23.263359,1.000000
0.513672,-0.042969,1.248047,0.000000,21.986570,1.000000
1.906250,0.246094,0.398438,0.000000,26.354837,1.000000
2.544922,-0.263672,1.193359,0.000000,29.390198,1.000000
2.601562,-0.267578,1.166016,0.000000,32.762321,1.000000
2.664062,-0.181641,1.142578,0.000000,32.073650,1.000000
1.890625,0.437500,0.498047,0.614669,28.998205,1.000000
1.943359,0.447266,0.453125,0.614669,28.779470,1.000000
0.041016,-0.033203,0.062500,0.000000,30.145205,1.000000
0.044922,-0.046875,0.103516,0.000000,29.052561,1.000000
1.216797,0.357422,0.050781,0.000000,19.294189,1.000000
1.957031,-0.123047,-0.105469,0.000000,26.324574,1.000000
0.011719,-0.039062,-0.007812,0.000000,30.737183,2.000000
0.017578,-0.080078,-0.007812,0.000000,31.972805,2.000000
0.029297,-0.119141,-0.003906,0.000000,30.203613,2.000000
0.056641,-0.154297,0.007812,0.000000,25.502283,2.000000
0.333984,-0.080078,-1.220703,0.000000,22.013971,2.000000
0.318359,-0.041016,1.269531,0.000000,23.263359,2.000000
0.425781,-0.000000,1.281250,0.000000,21.958996,2.000000
1.828125,-0.056641,-0.199219,0.000000,32.153732,2.000000
1.867188,-0.058594,-0.226562,0.000000,32.140488,2.000000
1.646484,-0.060547,-0.992188,0.000000,26.998377,2.000000
1.841797,-0.367188,0.572266,0.000000,28.627275,2.000000
1.982422,0.250000,0.150391,0.000000,29.237619,2.000000
1.982422,0.382812,0.324219,0.000000,28.915375,2.000000
2.542969,-0.263672,1.197266,0.000000,29.390198,2.000000
2.603516,-0.267578,1.160156,0.000000,32.730011,2.000000
2.658203,-0.181641,1.156250,0.000000,31.972805,2.000000
4.367188,-0.287109,1.355469,0.000000,29.268568,2.000000
0.041016,-0.033203,0.062500,0.000000,30.145205,2.000000
0.044922,-0.046875,0.103516,0.000000,29.052561,2.000000
1.216797,0.357422,0.044922,0.000000,19.294189,2.000000
1.839844,-0.541016,0.136719,0.000000,26.085260,2.000000
1.947266,0.246094,-0.062500,0.000000,26.839472,2.000000
1.726562,-0.375000,0.947266,0.000000,27.419392,2.000000
3.496094,-2.003906,-2.179688,0.000000,26.414742,2.000000
0.011719,-0.039062,-0.007812,0.000000,30.733517,3.000000
0.017578,-0.080078,-0.007812,0.000000,31.975563,3.000000
0.029297,-0.119141,-0.003906,0.000000,30.207754,3.000000
0.056641,-0.154297,0.007812,0.000000,25.514500,3.000000
0.333984,-0.080078,-1.220703,0.000000,21.958996,3.000000
0.312500,-0.041016,1.269531,0.000000,23.222193,3.000000
0.517578,-0.042969,1.246094,0.000000,21.875208,3.000000
1.880859,-0.058594,0.056641,0.000000,29.237619,3.000000
1.957031,0.255859,0.539062,0.000000,26.702459,3.000000
2.556641,-0.263672,1.166016,0.000000,29.498777,3.000000
2.609375,-0.267578,1.150391,0.000000,32.773800,3.000000
2.662109,-0.181641,1.146484,0.000000,31.978317,3.000000
4.341797,-0.142578,1.324219,0.000000,27.846172,3.000000
4.416016,-0.287109,1.183594,0.000000,31.889284,3.000000
4.474609,-0.289062,1.126953,0.000000,31.804127,3.000000
1.873047,-0.429688,0.408203,0.614669,27.466343,3.000000
1.908203,-0.437500,0.427734,0.614669,26.812412,3.000000
1.796875,-0.113281,0.031250,-0.614669,27.543484,3.000000
1.835938,-0.115234,-0.058594,-0.614669,29.712759,3.000000
0.041016,-0.033203,0.062500,0.000000,30.145205,3.000000
0.044922,-0.046875,0.103516,0.000000,29.057959,3.000000
1.216797,0.357422,0.044922,0.000000,19.294189,3.000000
3.519531,-1.843750,-2.197266,0.000000,25.263393,3.000000
0.011719,-0.039062,-0.007812,0.000000,30.726175,4.000000
0.017578,-0.080078,-0.007812,0.000000,31.972805,4.000000
0.029297,-0.119141,-0.003906,0.000000,30.207754,4.000000
0.056641,-0.154297,0.005859,0.000000,25.514500,4.000000
0.314453,-0.080078,-1.226562,0.000000,22.013971,4.000000
0.351562,-0.041016,1.259766,0.000000,23.263359,4.000000
0.544922,-0.042969,1.234375,0.000000,21.958996,4.000000
1.810547,-0.056641,-0.330078,0.000000,27.168377,4.000000
1.826172,-0.000000,-0.455078,0.000000,27.041506,4.000000
2.558594,-0.263672,1.162109,0.000000,29.334873,4.000000
2.623047,-0.179688,1.136719,0.000000,32.734642,4.000000
2.664062,-0.181641,1.144531,0.000000,32.057457,4.000000
4.417969,-0.287109,1.179688,0.000000,28.773714,4.000000
0.041016,-0.033203,0.062500,0.000000,30.149403,4.000000
0.044922,-0.046875,0.103516,0.000000,29.057959,4.000000
1.216797,0.357422,0.007812,0.000000,19.444826,4.000000
3.269531,-2.003906,-2.505859,0.000000,26.294096,4.000000
0.011719,-0.039062,-0.007812,0.000000,30.726175,5.000000
0.017578,-0.080078,-0.007812,0.000000,31.975563,5.000000
0.029297,-0.119141,-0.003906,0.000000,30.211893,5.000000
0.056641,-0.154297,0.005859,0.000000,25.514500,5.000000
0.349609,-0.080078,-1.216797,0.000000,21.958996,5.000000
0.312500,-0.041016,1.269531,0.000000,23.222193,5.000000
0.509766,-0.042969,1.250000,0.000000,21.958996,5.000000
1.779297,-0.056641,-0.466797,0.000000,30.136797,5.000000
1.855469,-0.058594,-0.308594,0.000000,30.526939,5.000000
1.906250,-0.000000,-0.253906,0.000000,26.404814,5.000000
2.511719,-0.263672,1.261719,0.000000,29.370161,5.000000
2.593750,-0.267578,1.183594,0.000000,32.764618,5.000000
2.656250,-0.181641,1.158203,0.000000,31.967287,5.000000
0.041016,-0.033203,0.062500,0.000000,30.149403,5.000000
0.044922,-0.046875,0.103516,0.000000,29.052561,5.000000
1.216797,0.357422,0.027344,0.000000,19.344984,5.000000
0.011719,-0.039062,-0.007812,0.000000,30.740847,6.000000
0.017578,-0.080078,-0.007812,0.000000,31.978317,6.000000
0.029297,-0.119141,-0.003906,0.000000,30.207754,6.000000
0.056641,-0.154297,0.005859,0.000000,25.514500,6.000000
0.335938,-0.080078,-1.220703,0.000000,21.986570,6.000000
0.333984,-0.041016,1.265625,0.000000,23.263359,6.000000
0.507812,-0.042969,1.250000,0.000000,21.986570,6.000000
1.828125,-0.115234,-0.187500,0.000000,29.493900,6.000000
1.863281,-0.058594,-0.250000,0.000000,28.325089,6.000000
2.541016,-0.263672,1.201172,0.000000,29.434946,6.000000
2.599609,-0.267578,1.169922,0.000000,32.771507,6.000000
2.656250,-0.271484,1.140625,0.000000,32.030331,6.000000
1.908203,0.250000,0.558594,0.614669,26.821451,6.000000
1.966797,0.255859,0.496094,0.614669,29.106243,6.000000
2.021484,0.261719,0.447266,0.614669,27.160034,6.000000
0.041016,-0.033203,0.062500,0.000000,30.153597,6.000000
0.044922,-0.046875,0.103516,0.000000,29.057959,6.000000
1.216797,0.357422,0.044922,0.000000,19.190781,6.000000
0.011719,-0.039062,-0.007812,0.000000,30.737183,7.000000
0.017578,-0.080078,-0.007812,0.000000,31.975563,7.000000
0.029297,-0.119141,-0.003906,0.000000,30.203613,7.000000
0.056641,-0.154297,0.005859,0.000000,25.502283,7.000000
0.324219,-0.080078,-1.222656,0.000000,21.958996,7.000000
0.328125,-0.041016,1.265625,0.000000,23.263359,7.000000
0.503906,-0.042969,1.251953,0.000000,22.013971,7.000000
1.798828,-0.000000,-0.080078,0.000000,27.752462,7.000000
1.839844,-0.000000,-0.058594,0.000000,29.122221,7.000000
2.539062,-0.263672,1.205078,0.000000,29.355072,7.000000
2.603516,-0.267578,1.162109,0.000000,32.762321,7.000000
2.658203,-0.181641,1.156250,0.000000,32.016701,7.000000
1.857422,-0.000000,-0.304688,-0.614669,27.024305,7.000000
0.041016,-0.033203,0.062500,0.000000,30.153597,7.000000
0.044922,-0.046875,0.103516,0.000000,29.057959,7.000000
1.216797,0.357422,0.021484,0.000000,19.138138,7.000000
0.011719,-0.039062,-0.007812,0.000000,30.740847,8.000000
0.017578,-0.080078,-0.007812,0.000000,31.975563,8.000000
0.029297,-0.119141,-0.003906,0.000000,30.207754,8.000000
0.056641,-0.154297,0.005859,0.000000,25.502283,8.000000
0.361328,-0.080078,-1.212891,0.000000,22.013971,8.000000
0.302734,-0.041016,1.273438,0.000000,23.242825,8.000000
0.505859,-0.042969,1.250000,0.000000,21.958996,8.000000
1.835938,-0.000000,-0.136719,0.000000,28.382193,8.000000
2.544922,-0.263672,1.191406,0.000000,29.439888,8.000000
2.603516,-0.267578,1.160156,0.000000,32.823956,8.000000
2.658203,-0.271484,1.138672,0.000000,32.076344,8.000000
0.041016,-0.033203,0.062500,0.000000,30.149403,8.000000
0.044922,-0.046875,0.103516,0.000000,29.057959,8.000000
1.216797,0.357422,0.050781,0.000000,19.344984,8.000000
0.011719,-0.039062,-0.007812,0.000000,30.733517,9.000000
0.017578,-0.080078,-0.007812,0.000000,31.972805,9.000000
0.029297,-0.119141,-0.003906,0.000000,30.199467,9.000000
0.056641,-0.154297,0.005859,0.000000,25.502283,9.000000
0.353516,-0.080078,-1.214844,0.000000,21.986570,9.000000
0.316406,-0.041016,1.269531,0.000000,23.242825,9.000000
0.503906,-0.042969,1.251953,0.000000,21.958996,9.000000
1.794922,-0.056641,-0.126953,0.000000,30.021660,9.000000
1.833984,-0.056641,-0.150391,0.000000,31.085649,9.000000
1.865234,-0.117188,-0.216797,0.000000,28.615345,9.000000
2.552734,-0.263672,1.175781,0.000000,29.469433,9.000000
2.595703,-0.267578,1.177734,0.000000,32.780674,9.000000
2.646484,-0.181641,1.181641,0.000000,32.030331,9.000000
0.041016,-0.033203,0.062500,0.000000,30.149403,9.000000
0.044922,-0.046875,0.103516,0.000000,29.057959,9.000000
1.216797,0.357422,0.042969,0.000000,19.344984,9.000000
0.011719,-0.039062,-0.007812,0.000000,30.729847,10.000000
0.017578,-0.080078,-0.007812,0.000000,31.972805,10.000000
0.029297,-0.119141,-0.003906,0.000000,30.199467,10.000000
0.056641,-0.154297,0.005859,0.000000,25.502283,10.000000
0.345703,-0.080078,-1.216797,0.000000,21.986570,10.000000
0.300781,-0.041016,1.273438,0.000000,23.263359,10.000000
0.503906,-0.042969,1.251953,0.000000,21.986570,10.000000
1.779297,-0.056641,-0.271484,0.000000,29.232441,10.000000
2.541016,-0.263672,1.199219,0.000000,29.498777,10.000000
2.621094,-0.179688,1.138672,0.000000,32.828487,10.000000
2.669922,-0.181641,1.128906,0.000000,32.105862,10.000000
0.041016,-0.033203,0.062500,0.000000,30.145205,10.000000
0.044922,-0.046875,0.103516,0.000000,29.052561,10.000000
1.214844,0.357422,0.056641,0.000000,19.344984,10.000000
0.011719,-0.039062,-0.007812,0.000000,30.729847,11.000000
0.017578,-0.080078,-0.007812,0.000000,31.975563,11.000000
0.029297,-0.119141,-0.003906,0.000000,30.203613,11.000000
0.056641,-0.154297,0.005859,0.000000,25.502283,11.000000
0.328125,-0.080078,-1.222656,0.000000,22.013971,11.000000
0.330078,-0.041016,1.265625,0.000000,23.222193,11.000000
0.519531,-0.042969,1.246094,0.000000,21.931246,11.000000
1.783203,-0.113281,-0.220703,0.000000,28.469553,11.000000
1.800781,-0.056641,-0.375000,0.000000,28.228216,11.000000
1.855469,-0.117188,-0.287109,0.000000,27.596678,11.000000
2.531250,-0.263672,1.220703,0.000000,29.273705,11.000000
2.607422,-0.267578,1.152344,0.000000,32.671719,11.000000
2.671875,-0.181641,1.125000,0.000000,31.934029,11.000000
0.041016,-0.033203,0.062500,0.000000,30.153597,11.000000
0.044922,-0.046875,0.103516,0.000000,29.057959,11.000000
1.216797,0.357422,0.042969,0.000000,19.294189,11.000000
0.011719,-0.039062,-0.007812,0.000000,30.744507,12.000000
0.017578,-0.080078,-0.007812,0.000000,31.978317,12.000000
0.029297,-0.119141,-0.003906,0.000000,30.207754,12.000000
0.056641,-0.154297,0.007812,0.000000,25.514500,12.000000
0.353516,-0.080078,-1.214844,0.000000,21.986570,12.000000
0.302734,-0.041016,1.273438,0.000000,23.242825,12.000000
0.496094,-0.042969,1.255859,0.000000,21.986570,12.000000
1.796875,-0.113281,0.000000,0.000000,28.847954,12.000000
1.837891,-0.056641,0.076172,0.000000,29.960737,12.000000
1.869141,-0.117188,0.177734,0.000000,28.715729,12.000000
2.548828,-0.263672,1.185547,0.000000,29.405165,12.000000
2.621094,-0.179688,1.140625,0.000000,32.723057,12.000000
2.666016,-0.181641,1.138672,0.000000,32.046623,12.000000
0.041016,-0.033203,0.062500,0.000000,30.145205,12.000000
0.044922,-0.046875,0.103516,0.000000,29.047155,12.000000
1.214844,0.357422,0.064453,0.000000,19.242792,12.000000
0.011719,-0.039062,-0.007812,0.000000,30.733517,13.000000
0.017578,-0.080078,-0.007812,0.000000,31.978317,13.000000
0.029297,-0.119141,-0.003906,0.000000,30.203613,13.000000
0.056641,-0.154297,0.005859,0.000000,25.502283,13.000000
0.376953,-0.080078,-1.208984,0.000000,21.986570,13.000000
0.292969,-0.041016,1.275391,0.000000,23.263359,13.000000
0.417969,-0.000000,1.283203,0.000000,21.958996,13.000000
1.837891,-0.056641,0.080078,0.000000,28.680563,13.000000
1.865234,-0.058594,0.244141,0.000000,28.221682,13.000000
1.884766,-0.060547,0.373047,0.000000,26.384893,13.000000
2.531250,-0.263672,1.222656,0.000000,29.410143,13.000000
2.609375,-0.179688,1.166016,0.000000,32.769211,13.000000
2.658203,-0.181641,1.158203,0.000000,32.065559,13.000000
0.041016,-0.033203,0.062500,0.000000,30.149403,13.000000
0.044922,-0.046875,0.103516,0.000000,29.052561,13.000000
1.216797,0.357422,0.041016,0.000000,19.294189,13.000000
0.011719,-0.039062,-0.007812,0.000000,30.729847,14.000000
0.017578,-0.080078,-0.007812,0.000000,31.975563,14.000000
0.029297,-0.119141,-0.003906,0.000000,30.207754,14.000000
0.056641,-0.154297,0.005859,0.000000,25.502283,14.000000
0.306641,-0.080078,-1.228516,0.000000,21.903316,14.000000
0.347656,-0.041016,1.261719,0.000000,23.159704,14.000000
0.521484,-0.042969,1.244141,0.000000,21.903316,14.000000
1.763672,-0.056641,-0.357422,0.000000,29.057959,14.000000
1.777344,-0.056641,-0.476562,0.000000,29.429996,14.000000
2.552734,-0.263672,1.175781,0.000000,29.350031,14.000000
2.609375,-0.267578,1.150391,0.000000,32.720737,14.000000
2.671875,-0.181641,1.123047,0.000000,32.033051,14.000000
0.041016,-0.033203,0.062500,0.000000,30.149403,14.000000
0.044922,-0.046875,0.103516,0.000000,29.052561,14.000000
1.216797,0.357422,0.017578,0.000000,19.294189,14.000000
0.011719,-0.039062,-0.007812,0.000000,30.729847,15.000000
0.017578,-0.080078,-0.007812,0.000000,31.972805,15.000000
0.029297,-0.119141,-0.003906,0.000000,30.203613,15.000000
0.056641,-0.154297,0.005859,0.000000,25.502283,15.000000
0.353516,-0.080078,-1.214844,0.000000,22.068258,15.000000
0.306641,-0.041016,1.271484,0.000000,23.304138,15.000000
0.425781,-0.000000,1.281250,0.000000,21.958996,15.000000
1.773438,-0.113281,-0.285156,0.000000,28.645111,15.000000
1.779297,-0.171875,-0.437500,0.000000,28.981766,15.000000
1.873047,-0.060547,0.427734,0.000000,26.981005,15.000000
2.558594,-0.263672,1.160156,0.000000,29.375179,15.000000
2.626953,-0.179688,1.125000,0.000000,32.702129,15.000000
2.673828,-0.181641,1.117188,0.000000,31.911715,15.000000
0.041016,-0.033203,0.062500,0.000000,30.149403,15.000000
0.044922,-0.046875,0.103516,0.000000,29.052561,15.000000
