0.041016,-0.115234,-0.007812,0.000000,30.216026,0.000000
0.056641,-0.154297,0.005859,0.000000,25.490032,0.000000
0.349609,-0.080078,-1.216797,0.000000,21.875208,0.000000
0.283203,-0.041016,1.277344,0.000000,23.263359,0.000000
0.453125,-0.042969,1.271484,0.000000,21.958996,0.000000
1.210938,-0.000000,-0.685547,0.000000,22.671717,0.000000
1.412109,-0.044922,-0.236328,0.000000,30.655798,0.000000
1.460938,-0.046875,-0.179688,0.000000,34.446693,0.000000
1.505859,-0.000000,-0.158203,0.000000,34.405941,0.000000
1.546875,-0.000000,-0.152344,0.000000,30.425755,0.000000
1.570312,-0.199219,0.199219,0.000000,26.085260,0.000000
1.591797,-0.255859,0.275391,0.000000,26.434526,0.000000
2.560547,-0.263672,1.158203,0.000000,29.508514,0.000000
2.607422,-0.267578,1.154297,0.000000,32.826221,0.000000
2.662109,-0.181641,1.146484,0.000000,31.994808,0.000000
0.041016,-0.033203,0.062500,0.000000,30.132587,0.000000
0.052734,-0.042969,0.101562,0.000000,29.003672,0.000000
1.119141,-0.515625,0.300781,0.000000,19.030899,0.000000
0.994141,-0.919922,-0.917969,0.000000,23.502480,0.000000
0.011719,-0.039062,-0.007812,0.000000,30.744507,1.000000
0.017578,-0.080078,-0.007812,0.000000,31.967287,1.000000
0.029297,-0.119141,-0.005859,0.000000,30.216026,1.000000
0.056641,-0.154297,0.005859,0.000000,25.477747,1.000000
0.373047,-0.080078,-1.208984,0.000000,21.875208,1.000000
0.330078,-0.041016,1.265625,0.000000,23.201464,1.000000
0.541016,-0.042969,1.236328,0.000000,21.903316,1.000000
1.419922,-0.044922,-0.183594,0.000000,29.041744,1.000000
1.466797,-0.046875,-0.121094,0.000000,32.121876,1.000000
1.511719,-0.000000,-0.087891,0.000000,31.684975,1.000000
1.554688,-0.000000,-0.046875,0.000000,27.218105,1.000000
1.375000,-0.548828,0.595703,0.000000,26.159500,1.000000
2.556641,-0.263672,1.164062,0.000000,29.527924,1.000000
2.603516,-0.267578,1.160156,0.000000,32.808060,1.000000
2.658203,-0.271484,1.138672,0.000000,31.975563,1.000000
0.041016,-0.033203,0.062500,0.000000,30.132587,1.000000
0.044922,-0.046875,0.103516,0.000000,29.014584,1.000000
1.111328,-0.515625,0.326172,0.000000,19.030899,1.000000
1.039062,-0.582031,1.000000,0.000000,25.327543,1.000000
1.585938,-0.000000,-0.175781,0.000000,25.740313,1.000000
0.011719,-0.039062,-0.007812,0.000000,30.737183,2.000000
0.017578,-0.080078,-0.007812,0.000000,31.964525,2.000000
0.041016,-0.115234,-0.007812,0.000000,30.211893,2.000000
0.056641,-0.154297,0.005859,0.000000,25.477747,2.000000
0.339844,-0.080078,-1.218750,0.000000,21.875208,2.000000
0.298828,-0.041016,1.273438,0.000000,23.242825,2.000000
0.509766,-0.042969,1.250000,0.000000,21.875208,2.000000
1.427734,-0.089844,0.035156,0.000000,26.493349,2.000000
1.470703,-0.046875,-0.064453,0.000000,31.132748,2.000000
1.509766,-0.046875,-0.083984,0.000000,31.423895,2.000000
1.546875,-0.000000,-0.158203,0.000000,27.993406,2.000000
2.535156,-0.263672,1.210938,0.000000,29.474337,2.000000
2.603516,-0.267578,1.162109,0.000000,32.792107,2.000000
2.666016,-0.181641,1.136719,0.000000,31.970047,2.000000
0.041016,-0.033203,0.062500,0.000000,30.132587,2.000000
0.044922,-0.046875,0.103516,0.000000,29.009130,2.000000
1.208984,0.357422,0.142578,0.000000,19.190781,2.000000
0.224609,0.679688,1.378906,0.000000,25.682016,2.000000
0.011719,-0.039062,-0.007812,0.000000,30.737183,3.000000
0.017578,-0.080078,-0.007812,0.000000,31.967287,3.000000
0.029297,-0.119141,-0.005859,0.000000,30.220158,3.000000
0.056641,-0.154297,0.005859,0.000000,25.477747,3.000000
0.359375,-0.080078,-1.212891,0.000000,21.875208,3.000000
0.298828,-0.041016,1.273438,0.000000,23.201464,3.000000
0.431641,-0.000000,1.279297,0.000000,21.903316,3.000000
1.410156,-0.044922,-0.238281,0.000000,25.786392,3.000000
1.460938,-0.000000,-0.183594,0.000000,28.234743,3.000000
1.507812,-0.046875,-0.117188,0.000000,29.532763,3.000000
1.552734,-0.048828,-0.019531,0.000000,29.786369,3.000000
1.593750,-0.050781,0.052734,0.000000,28.432327,3.000000
2.527344,-0.263672,1.230469,0.000000,29.385197,3.000000
2.599609,-0.267578,1.169922,0.000000,32.771507,3.000000
2.666016,-0.271484,1.121094,0.000000,32.011238,3.000000
1.630859,-0.000000,0.142578,-0.614669,25.365585,3.000000
0.041016,-0.033203,0.062500,0.000000,30.128372,3.000000
0.044922,-0.046875,0.103516,0.000000,29.014584,3.000000
1.210938,0.357422,0.125000,0.000000,19.138138,3.000000
0.011719,-0.039062,-0.007812,0.000000,30.737183,4.000000
0.017578,-0.080078,-0.007812,0.000000,31.964525,4.000000
0.029297,-0.119141,-0.005859,0.000000,30.220158,4.000000
0.056641,-0.154297,0.005859,0.000000,25.477747,4.000000
0.382812,-0.080078,-1.207031,0.000000,21.818436,4.000000
0.287109,-0.041016,1.275391,0.000000,23.180634,4.000000
0.472656,-0.000000,1.265625,0.000000,21.958996,4.000000
1.404297,-0.044922,-0.277344,0.000000,28.122446,4.000000
1.462891,-0.046875,-0.164062,0.000000,30.993353,4.000000
1.509766,-0.046875,-0.103516,0.000000,31.195858,4.000000
1.554688,-0.000000,-0.031250,0.000000,28.948696,4.000000
2.546875,-0.263672,1.187500,0.000000,29.454685,4.000000
2.603516,-0.267578,1.162109,0.000000,32.808060,4.000000
2.660156,-0.271484,1.132812,0.000000,32.024883,4.000000
4.390625,-0.287109,1.277344,0.000000,30.025980,4.000000
4.429688,-0.289062,1.289062,0.000000,29.827234,4.000000
0.041016,-0.033203,0.062500,0.000000,30.128372,4.000000
0.044922,-0.046875,0.103516,0.000000,29.009130,4.000000
1.207031,0.357422,0.146484,0.000000,19.190781,4.000000
0.250000,0.535156,1.437500,0.000000,26.020599,4.000000
3.253906,-2.003906,-2.525391,0.000000,27.024305,4.000000
0.011719,-0.039062,-0.007812,0.000000,30.740847,5.000000
0.017578,-0.080078,-0.007812,0.000000,31.964525,5.000000
0.041016,-0.115234,-0.007812,0.000000,30.216026,5.000000
0.056641,-0.154297,0.005859,0.000000,25.477747,5.000000
0.376953,-0.080078,-1.207031,0.000000,21.903316,5.000000
0.267578,-0.041016,1.281250,0.000000,23.180634,5.000000
0.363281,-0.000000,1.300781,0.000000,21.760912,5.000000
1.425781,-0.089844,-0.107422,0.000000,27.234556,5.000000
1.455078,-0.000000,-0.222656,0.000000,30.406023,5.000000
1.498047,-0.000000,-0.222656,0.000000,30.503798,5.000000
1.548828,-0.048828,-0.125000,0.000000,28.668777,5.000000
1.593750,-0.000000,0.066406,0.000000,25.634811,5.000000
2.550781,-0.263672,1.177734,0.000000,29.429996,5.000000
2.605469,-0.267578,1.158203,0.000000,32.766914,5.000000
2.664062,-0.181641,1.140625,0.000000,31.939590,5.000000
4.423828,-0.287109,1.156250,0.000000,31.430147,5.000000
4.480469,-0.289062,1.099609,0.000000,30.909630,5.000000
0.041016,-0.033203,0.062500,0.000000,30.132587,5.000000
0.046875,-0.046875,0.103516,0.000000,29.014584,5.000000
1.208984,0.357422,0.142578,0.000000,19.242792,5.000000
0.011719,-0.039062,-0.007812,0.000000,30.740847,6.000000
0.017578,-0.080078,-0.007812,0.000000,31.970047,6.000000
0.041016,-0.115234,-0.007812,0.000000,30.220158,6.000000
0.056641,-0.154297,0.005859,0.000000,25.490032,6.000000
0.332031,-0.080078,-1.220703,0.000000,21.875208,6.000000
0.312500,-0.041016,1.269531,0.000000,23.201464,6.000000
0.470703,-0.042969,1.265625,0.000000,21.958996,6.000000
1.429688,-0.044922,0.062500,0.000000,24.727564,6.000000
1.466797,-0.000000,-0.123047,0.000000,27.824726,6.000000
1.507812,-0.000000,-0.123047,0.000000,28.992731,6.000000
1.552734,-0.000000,-0.083984,0.000000,27.126497,6.000000
2.537109,-0.263672,1.207031,0.000000,29.508514,6.000000
2.597656,-0.267578,1.173828,0.000000,32.794388,6.000000
2.658203,-0.271484,1.138672,0.000000,31.967287,6.000000
4.414062,-0.287109,1.195312,0.000000,30.884905,6.000000
4.466797,-0.289062,1.156250,0.000000,30.004341,6.000000
0.041016,-0.033203,0.062500,0.000000,30.124153,6.000000
0.052734,-0.042969,0.101562,0.000000,28.998205,6.000000
1.208984,0.357422,0.138672,0.000000,19.084850,6.000000
0.417969,0.970703,-1.138672,0.000000,24.969297,6.000000
2.933594,-2.021484,-2.943359,0.000000,27.209858,6.000000
0.011719,-0.039062,-0.007812,0.000000,30.737183,7.000000
0.017578,-0.080078,-0.007812,0.000000,31.967287,7.000000
0.029297,-0.119141,-0.005859,0.000000,30.220158,7.000000
0.056641,-0.154297,0.005859,0.000000,25.477747,7.000000
0.363281,-0.080078,-1.212891,0.000000,21.875208,7.000000
0.312500,-0.041016,1.269531,0.000000,23.242825,7.000000
0.513672,-0.042969,1.248047,0.000000,21.903316,7.000000
1.472656,-0.000000,-0.037109,0.000000,24.698219,7.000000
1.509766,-0.046875,-0.080078,0.000000,28.041395,7.000000
1.546875,-0.146484,0.041016,0.000000,26.201361,7.000000
2.550781,-0.263672,1.177734,0.000000,29.390198,7.000000
2.605469,-0.267578,1.158203,0.000000,32.748505,7.000000
2.664062,-0.271484,1.126953,0.000000,31.953461,7.000000
4.414062,-0.287109,1.191406,0.000000,30.902580,7.000000
4.466797,-0.289062,1.156250,0.000000,30.077478,7.000000
0.041016,-0.033203,0.062500,0.000000,30.132587,7.000000
0.044922,-0.046875,0.103516,0.000000,29.009130,7.000000
1.207031,0.357422,0.152344,0.000000,19.084850,7.000000
2.919922,-2.021484,-2.957031,0.000000,27.259117,7.000000
0.011719,-0.039062,-0.007812,0.000000,30.740847,8.000000
0.017578,-0.080078,-0.007812,0.000000,31.967287,8.000000
0.029297,-0.119141,-0.005859,0.000000,30.220158,8.000000
0.056641,-0.154297,0.005859,0.000000,25.490032,8.000000
0.382812,-0.080078,-1.207031,0.000000,21.903316,8.000000
0.255859,-0.041016,1.283203,0.000000,23.222193,8.000000
0.433594,-0.000000,1.279297,0.000000,21.931246,8.000000
1.335938,-0.089844,-0.507812,0.000000,27.015680,8.000000
1.429688,-0.046875,-0.351562,0.000000,29.400181,8.000000
1.480469,-0.046875,-0.308594,0.000000,28.692318,8.000000
2.544922,-0.263672,1.189453,0.000000,29.464523,8.000000
2.605469,-0.267578,1.156250,0.000000,32.785248,8.000000
2.664062,-0.181641,1.140625,0.000000,31.981070,8.000000
4.421875,-0.287109,1.166016,0.000000,31.277525,8.000000
4.478516,-0.289062,1.107422,0.000000,30.751818,8.000000
0.041016,-0.033203,0.062500,0.000000,30.132587,8.000000
0.044922,-0.046875,0.103516,0.000000,29.009130,8.000000
1.208984,0.357422,0.130859,0.000000,19.138138,8.000000
0.011719,-0.039062,-0.007812,0.000000,30.729847,9.000000
0.017578,-0.080078,-0.007812,0.000000,31.964525,9.000000
0.041016,-0.115234,-0.007812,0.000000,30.216026,9.000000
0.056641,-0.154297,0.005859,0.000000,25.490032,9.000000
0.396484,-0.080078,-1.201172,0.000000,21.958996,9.000000
0.265625,-0.041016,1.281250,0.000000,23.242825,9.000000
0.521484,-0.042969,1.244141,0.000000,21.903316,9.000000
1.359375,-0.089844,-0.443359,0.000000,26.919651,9.000000
1.451172,-0.046875,-0.250000,0.000000,30.073210,9.000000
1.503906,-0.000000,-0.171875,0.000000,30.744507,9.000000
1.546875,0.048828,-0.150391,0.000000,27.427252,9.000000
2.552734,-0.263672,1.173828,0.000000,29.459606,9.000000
2.605469,-0.267578,1.160156,0.000000,32.764618,9.000000
2.666016,-0.271484,1.119141,0.000000,31.986570,9.000000
4.394531,-0.287109,1.265625,0.000000,30.476643,9.000000
4.431641,-0.289062,1.285156,0.000000,30.310043,9.000000
0.041016,-0.033203,0.062500,0.000000,30.136797,9.000000
0.044922,-0.046875,0.103516,0.000000,29.014584,9.000000
1.203125,0.357422,0.183594,0.000000,19.138138,9.000000
0.490234,0.630859,1.333984,0.000000,26.273659,9.000000
0.011719,-0.039062,-0.007812,0.000000,30.729847,10.000000
0.017578,-0.080078,-0.007812,0.000000,31.964525,10.000000
0.029297,-0.119141,-0.005859,0.000000,30.220158,10.000000
0.056641,-0.154297,0.005859,0.000000,25.502283,10.000000
0.330078,-0.080078,-1.222656,0.000000,21.846914,10.000000
0.306641,-0.041016,1.271484,0.000000,23.180634,10.000000
0.468750,-0.042969,1.265625,0.000000,21.875208,10.000000
1.406250,-0.267578,-0.023438,0.000000,21.673174,10.000000
2.562500,-0.263672,1.152344,0.000000,29.493900,10.000000
2.609375,-0.267578,1.148438,0.000000,32.782963,10.000000
2.667969,-0.181641,1.134766,0.000000,31.972805,10.000000
1.458984,-0.183594,0.072266,0.614669,24.517864,10.000000
1.496094,-0.142578,0.187500,0.614669,25.010593,10.000000
0.041016,-0.033203,0.062500,0.000000,30.136797,10.000000
0.044922,-0.046875,0.103516,0.000000,29.009130,10.000000
1.208984,0.357422,0.146484,0.000000,19.084850,10.000000
0.011719,-0.039062,-0.007812,0.000000,30.733517,11.000000
0.017578,-0.080078,-0.007812,0.000000,31.964525,11.000000
0.029297,-0.119141,-0.005859,0.000000,30.216026,11.000000
0.056641,-0.154297,0.005859,0.000000,25.490032,11.000000
0.326172,-0.080078,-1.222656,0.000000,21.958996,11.000000
0.275391,-0.041016,1.279297,0.000000,23.242825,11.000000
0.388672,-0.000000,1.292969,0.000000,21.903316,11.000000
1.431641,-0.044922,0.023438,0.000000,27.759743,11.000000
1.468750,-0.046875,-0.109375,0.000000,32.011238,11.000000
1.507812,-0.046875,-0.121094,0.000000,32.911469,11.000000
1.548828,-0.097656,-0.074219,0.000000,31.547281,11.000000
1.587891,-0.150391,0.042969,0.000000,29.079485,11.000000
2.554688,-0.263672,1.171875,0.000000,29.425041,11.000000
2.609375,-0.267578,1.148438,0.000000,32.778385,11.000000
2.667969,-0.181641,1.132812,0.000000,31.967287,11.000000
0.041016,-0.033203,0.062500,0.000000,30.132587,11.000000
0.052734,-0.042969,0.101562,0.000000,29.003672,11.000000
0.011719,-0.039062,-0.007812,0.000000,30.737183,12.000000
0.017578,-0.080078,-0.007812,0.000000,31.964525,12.000000
0.041016,-0.115234,-0.007812,0.000000,30.211893,12.000000
0.056641,-0.154297,0.005859,0.000000,25.490032,12.000000
0.341797,-0.080078,-1.218750,0.000000,21.875208,12.000000
0.242188,-0.041016,1.285156,0.000000,23.180634,12.000000
0.406250,-0.000000,1.287109,0.000000,21.846914,12.000000
1.197266,-0.087891,0.703125,0.000000,21.583626,12.000000
1.431641,-0.044922,0.015625,0.000000,28.656961,12.000000
1.468750,-0.046875,-0.087891,0.000000,32.523674,12.000000
1.509766,-0.046875,-0.093750,0.000000,33.106934,12.000000
1.554688,-0.000000,-0.021484,0.000000,30.318123,12.000000
1.566406,-0.298828,-0.007812,0.000000,28.149132,12.000000
1.628906,-0.050781,-0.154297,0.000000,26.998377,12.000000
1.658203,0.105469,-0.220703,0.000000,26.839472,12.000000
2.541016,-0.263672,1.201172,0.000000,29.410143,12.000000
2.601562,-0.267578,1.167969,0.000000,32.741577,12.000000
2.666016,-0.181641,1.136719,0.000000,31.945143,12.000000
0.041016,-0.033203,0.062500,0.000000,30.132587,12.000000
0.046875,-0.046875,0.103516,0.000000,29.003672,12.000000
1.117188,-0.515625,0.306641,0.000000,19.030899,12.000000
0.011719,-0.039062,-0.007812,0.000000,30.737183,13.000000
0.017578,-0.080078,-0.007812,0.000000,31.964525,13.000000
0.029297,-0.119141,-0.005859,0.000000,30.216026,13.000000
0.056641,-0.154297,0.005859,0.000000,25.502283,13.000000
0.382812,-0.080078,-1.207031,0.000000,21.875208,13.000000
0.314453,-0.041016,1.269531,0.000000,23.242825,13.000000
0.492188,-0.042969,1.255859,0.000000,21.931246,13.000000
