4.898438,-0.464844,0.529297,0.000000,30.305998,0.000000
0.041016,-0.033203,0.062500,0.000000,30.098757,0.000000
0.044922,-0.046875,0.103516,0.000000,29.014584,0.000000
0.011719,-0.039062,-0.007812,0.000000,30.652061,1.000000
0.017578,-0.080078,-0.007812,0.000000,31.903316,1.000000
0.029297,-0.119141,-0.005859,0.000000,30.119930,1.000000
0.056641,-0.154297,0.005859,0.000000,25.453072,1.000000
0.080078,-0.080078,1.263672,0.000000,23.138672,1.000000
0.435547,-0.083984,-1.275391,0.000000,23.053514,1.000000
0.582031,-0.042969,-1.263672,0.000000,21.643528,1.000000
1.798828,-0.000000,-0.027344,0.000000,29.299295,1.000000
1.839844,-0.000000,0.005859,0.000000,31.322598,1.000000
1.880859,0.058594,-0.029297,0.000000,30.453230,1.000000
1.910156,0.121094,-0.185547,0.000000,28.027737,1.000000
2.625000,-0.175781,1.021484,0.000000,29.025467,1.000000
2.693359,-0.089844,0.966797,0.000000,32.145790,1.000000
2.759766,-0.089844,0.900391,0.000000,31.115986,1.000000
4.416016,-0.142578,1.208984,0.000000,29.090208,1.000000
4.917969,-0.308594,0.457031,0.000000,30.017338,1.000000
0.041016,-0.033203,0.062500,0.000000,30.098757,1.000000
0.044922,-0.046875,0.103516,0.000000,29.014584,1.000000
0.011719,-0.039062,-0.007812,0.000000,30.652061,2.000000
0.017578,-0.080078,-0.007812,0.000000,31.906118,2.000000
0.029297,-0.119141,-0.005859,0.000000,30.119930,2.000000
0.056641,-0.154297,0.005859,0.000000,25.440680,2.000000
0.048828,-0.080078,1.265625,0.000000,23.159704,2.000000
0.423828,-0.083984,-1.279297,0.000000,23.117538,2.000000
0.568359,-0.042969,-1.269531,0.000000,21.731863,2.000000
1.794922,-0.000000,-0.136719,0.000000,31.866739,2.000000
1.837891,-0.000000,-0.087891,0.000000,32.826221,2.000000
1.880859,-0.000000,0.056641,0.000000,30.906107,2.000000
2.615234,-0.175781,1.048828,0.000000,29.036325,2.000000
2.654297,-0.179688,1.060547,0.000000,32.159019,2.000000
2.744141,-0.089844,0.945312,0.000000,31.136091,2.000000
4.404297,-0.142578,1.251953,0.000000,28.813847,2.000000
1.896484,-0.000000,0.314453,0.614669,28.407331,2.000000
0.041016,-0.033203,0.062500,0.000000,30.098757,2.000000
0.044922,-0.046875,0.103516,0.000000,29.014584,2.000000
0.011719,-0.039062,-0.007812,0.000000,30.655798,3.000000
0.017578,-0.080078,-0.007812,0.000000,31.903316,3.000000
0.029297,-0.119141,-0.005859,0.000000,30.111473,3.000000
0.056641,-0.154297,0.005859,0.000000,25.428255,3.000000
0.158203,-0.080078,1.255859,0.000000,23.138672,3.000000
0.083984,-0.082031,1.304688,0.000000,24.638929,3.000000
0.410156,-0.083984,-1.283203,0.000000,23.096302,3.000000
0.556641,-0.042969,-1.273438,0.000000,21.673174,3.000000
2.599609,-0.175781,1.085938,0.000000,28.842287,3.000000
2.685547,-0.089844,0.988281,0.000000,32.108532,3.000000
2.751953,-0.089844,0.923828,0.000000,31.179338,3.000000
4.392578,-0.142578,1.292969,0.000000,28.413595,3.000000
1.773438,0.601562,0.437500,-1.229337,22.988531,3.000000
0.041016,-0.033203,0.062500,0.000000,30.094509,3.000000
0.044922,-0.046875,0.103516,0.000000,29.009130,3.000000
0.011719,-0.039062,-0.007812,0.000000,30.648323,4.000000
0.017578,-0.080078,-0.007812,0.000000,31.900515,4.000000
0.029297,-0.119141,-0.005859,0.000000,30.115704,4.000000
0.056641,-0.154297,0.007812,0.000000,25.440680,4.000000
0.144531,-0.080078,1.257812,0.000000,23.138672,4.000000
0.046875,-0.082031,1.304688,0.000000,24.638929,4.000000
0.410156,-0.083984,-1.283203,0.000000,23.117538,4.000000
0.552734,-0.042969,-1.275391,0.000000,21.731863,4.000000
1.835938,0.056641,-0.117188,0.000000,28.870544,4.000000
1.878906,-0.000000,-0.103516,0.000000,31.112625,4.000000
1.921875,-0.000000,0.001953,0.000000,30.718821,4.000000
2.601562,-0.175781,1.082031,0.000000,28.998205,4.000000
2.697266,-0.089844,0.958984,0.000000,32.121876,4.000000
2.769531,-0.089844,0.871094,0.000000,31.152777,4.000000
4.455078,-0.287109,1.029297,0.000000,28.438555,4.000000
0.041016,-0.033203,0.062500,0.000000,30.094509,4.000000
0.044922,-0.046875,0.103516,0.000000,29.014584,4.000000
0.011719,-0.039062,-0.007812,0.000000,30.648323,5.000000
0.017578,-0.080078,-0.007812,0.000000,31.903316,5.000000
0.029297,-0.119141,-0.005859,0.000000,30.115704,5.000000
0.056641,-0.154297,0.005859,0.000000,25.440680,5.000000
0.099609,-0.080078,1.261719,0.000000,23.117538,5.000000
0.435547,-0.083984,-1.275391,0.000000,23.053514,5.000000
0.572266,-0.042969,-1.265625,0.000000,21.613680,5.000000
1.783203,-0.000000,-0.248047,0.000000,27.411516,5.000000
1.818359,-0.056641,-0.275391,0.000000,27.275414,5.000000
2.621094,-0.175781,1.033203,0.000000,29.074114,5.000000
2.656250,-0.179688,1.054688,0.000000,32.187981,5.000000
2.744141,-0.089844,0.949219,0.000000,31.159431,5.000000
4.361328,-0.287109,1.376953,0.000000,28.488047,5.000000
0.041016,-0.033203,0.062500,0.000000,30.094509,5.000000
0.044922,-0.046875,0.103516,0.000000,29.009130,5.000000
0.011719,-0.039062,-0.007812,0.000000,30.652061,6.000000
0.017578,-0.080078,-0.007812,0.000000,31.900515,6.000000
0.029297,-0.119141,-0.005859,0.000000,30.115704,6.000000
0.056641,-0.154297,0.005859,0.000000,25.440680,6.000000
0.123047,-0.080078,1.259766,0.000000,23.138672,6.000000
0.062500,-0.082031,1.304688,0.000000,24.638929,6.000000
0.417969,-0.083984,-1.281250,0.000000,23.117538,6.000000
0.591797,-0.042969,-1.257812,0.000000,21.702618,6.000000
1.787109,0.056641,-0.199219,0.000000,28.937618,6.000000
1.822266,0.056641,-0.250000,0.000000,28.394781,6.000000
2.605469,-0.175781,1.072266,0.000000,28.915375,6.000000
2.689453,-0.089844,0.980469,0.000000,32.097832,6.000000
2.753906,-0.089844,0.919922,0.000000,31.017471,6.000000
4.386719,-0.142578,1.316406,0.000000,28.426092,6.000000
0.041016,-0.033203,0.062500,0.000000,30.090258,6.000000
0.044922,-0.046875,0.103516,0.000000,29.009130,6.000000
0.011719,-0.039062,-0.007812,0.000000,30.659531,7.000000
0.017578,-0.080078,-0.007812,0.000000,31.906118,7.000000
0.029297,-0.119141,-0.005859,0.000000,30.119930,7.000000
0.056641,-0.154297,0.005859,0.000000,25.440680,7.000000
0.134766,-0.080078,1.257812,0.000000,23.138672,7.000000
0.062500,-0.082031,1.304688,0.000000,24.653828,7.000000
0.412109,-0.083984,-1.283203,0.000000,23.096302,7.000000
0.572266,-0.042969,-1.265625,0.000000,21.673174,7.000000
2.625000,-0.175781,1.023438,0.000000,28.836615,7.000000
2.693359,-0.089844,0.964844,0.000000,32.043915,7.000000
2.763672,-0.089844,0.890625,0.000000,31.095785,7.000000
0.041016,-0.033203,0.062500,0.000000,30.094509,7.000000
0.044922,-0.046875,0.103516,0.000000,29.014584,7.000000
0.011719,-0.039062,-0.007812,0.000000,30.655798,8.000000
0.017578,-0.080078,-0.007812,0.000000,31.906118,8.000000
0.029297,-0.119141,-0.005859,0.000000,30.119930,8.000000
0.056641,-0.154297,0.005859,0.000000,25.453072,8.000000
0.162109,-0.080078,1.255859,0.000000,23.159704,8.000000
0.429688,-0.083984,-1.277344,0.000000,23.074961,8.000000
0.583984,-0.042969,-1.261719,0.000000,21.643528,8.000000
1.800781,-0.000000,0.003906,0.000000,30.232525,8.000000
1.839844,0.056641,0.025391,0.000000,32.129864,8.000000
1.880859,0.058594,0.033203,0.000000,31.504494,8.000000
1.921875,0.060547,0.025391,0.000000,28.915375,8.000000
2.615234,-0.175781,1.046875,0.000000,28.959747,8.000000
2.693359,-0.089844,0.968750,0.000000,32.124538,8.000000
2.757812,-0.089844,0.906250,0.000000,31.085649,8.000000
0.041016,-0.033203,0.062500,0.000000,30.094509,8.000000
0.044922,-0.046875,0.103516,0.000000,29.003672,8.000000
0.011719,-0.039062,-0.007812,0.000000,30.652061,9.000000
0.017578,-0.080078,-0.007812,0.000000,31.903316,9.000000
0.029297,-0.119141,-0.005859,0.000000,30.119930,9.000000
0.056641,-0.154297,0.005859,0.000000,25.453072,9.000000
0.142578,-0.080078,1.257812,0.000000,23.117538,9.000000
0.017578,-0.082031,1.306641,0.000000,24.638929,9.000000
0.408203,-0.083984,-1.283203,0.000000,23.096302,9.000000
0.566406,-0.042969,-1.269531,0.000000,21.673174,9.000000
1.794922,0.056641,0.111328,0.000000,28.382193,9.000000
1.837891,0.056641,0.068359,0.000000,30.860037,9.000000
1.880859,0.058594,0.050781,0.000000,30.870712,9.000000
1.919922,-0.000000,0.085938,0.000000,28.500332,9.000000
2.619141,-0.175781,1.037109,0.000000,29.003672,9.000000
2.689453,-0.089844,0.976562,0.000000,32.185356,9.000000
2.751953,-0.089844,0.921875,0.000000,31.189257,9.000000
0.041016,-0.033203,0.062500,0.000000,30.098757,9.000000
0.044922,-0.046875,0.103516,0.000000,29.014584,9.000000
0.011719,-0.039062,-0.007812,0.000000,30.655798,10.000000
0.017578,-0.080078,-0.007812,0.000000,31.906118,10.000000
0.029297,-0.119141,-0.005859,0.000000,30.124153,10.000000
0.056641,-0.154297,0.007812,0.000000,25.453072,10.000000
0.076172,-0.080078,1.263672,0.000000,23.138672,10.000000
0.029297,-0.082031,-1.306641,0.000000,24.638929,10.000000
0.429688,-0.083984,-1.277344,0.000000,23.074961,10.000000
1.787109,0.056641,-0.201172,0.000000,27.543484,10.000000
1.830078,-0.000000,-0.201172,0.000000,29.196011,10.000000
1.876953,-0.000000,-0.121094,0.000000,28.394781,10.000000
2.617188,-0.175781,1.039062,0.000000,28.830935,10.000000
2.687500,-0.089844,0.984375,0.000000,32.103184,10.000000
2.744141,-0.089844,0.945312,0.000000,31.122698,10.000000
0.041016,-0.033203,0.062500,0.000000,30.094509,10.000000
0.044922,-0.046875,0.103516,0.000000,29.014584,10.000000
0.011719,-0.039062,-0.007812,0.000000,30.655798,11.000000
0.017578,-0.080078,-0.007812,0.000000,31.908916,11.000000
0.029297,-0.119141,-0.005859,0.000000,30.124153,11.000000
0.056641,-0.154297,0.005859,0.000000,25.465427,11.000000
0.142578,-0.080078,1.257812,0.000000,23.180634,11.000000
0.060547,-0.082031,1.304688,0.000000,24.683474,11.000000
0.408203,-0.083984,-1.285156,0.000000,23.117538,11.000000
0.564453,-0.042969,-1.269531,0.000000,21.702618,11.000000
1.761719,-0.000000,-0.367188,0.000000,27.505083,11.000000
1.806641,-0.000000,-0.349609,0.000000,27.671558,11.000000
2.613281,-0.175781,1.050781,0.000000,29.025467,11.000000
2.693359,-0.089844,0.968750,0.000000,32.193226,11.000000
2.763672,-0.089844,0.888672,0.000000,31.238516,11.000000
4.414062,-0.142578,1.218750,0.000000,29.283958,11.000000
4.455078,-0.000000,1.232422,0.000000,28.733206,11.000000
0.041016,-0.033203,0.062500,0.000000,30.094509,11.000000
0.044922,-0.046875,0.103516,0.000000,29.014584,11.000000
4.431641,-0.289062,1.283203,0.000000,28.668777,11.000000
0.011719,-0.039062,-0.007812,0.000000,30.648323,12.000000
0.017578,-0.080078,-0.007812,0.000000,31.903316,12.000000
0.029297,-0.119141,-0.005859,0.000000,30.119930,12.000000
0.056641,-0.154297,0.005859,0.000000,25.440680,12.000000
0.136719,-0.080078,1.257812,0.000000,23.138672,12.000000
0.408203,-0.083984,-1.283203,0.000000,23.096302,12.000000
0.570312,-0.042969,-1.267578,0.000000,21.702618,12.000000
1.767578,-0.000000,-0.339844,0.000000,27.118073,12.000000
1.796875,-0.000000,-0.396484,0.000000,28.122446,12.000000
1.824219,0.058594,-0.457031,0.000000,26.324574,12.000000
2.605469,-0.175781,1.068359,0.000000,28.847954,12.000000
2.689453,-0.089844,0.980469,0.000000,32.097832,12.000000
2.748047,-0.089844,0.935547,0.000000,31.122698,12.000000
4.421875,-0.142578,1.193359,0.000000,31.667261,12.000000
4.462891,-0.144531,1.199219,0.000000,31.417633,12.000000
0.041016,-0.033203,0.062500,0.000000,30.098757,12.000000
0.044922,-0.046875,0.103516,0.000000,29.020029,12.000000
0.011719,-0.039062,-0.007812,0.000000,30.652061,13.000000
0.017578,-0.080078,-0.007812,0.000000,31.906118,13.000000
0.029297,-0.119141,-0.005859,0.000000,30.119930,13.000000
0.056641,-0.154297,0.005859,0.000000,25.453072,13.000000
0.128906,-0.080078,1.259766,0.000000,23.117538,13.000000
0.427734,-0.083984,-1.277344,0.000000,23.053514,13.000000
0.576172,-0.042969,-1.265625,0.000000,21.673174,13.000000
1.832031,0.115234,-0.128906,0.000000,28.932068,13.000000
1.878906,0.058594,0.089844,0.000000,27.250946,13.000000
2.609375,-0.175781,1.064453,0.000000,28.970770,13.000000
2.687500,-0.089844,0.982422,0.000000,32.049335,13.000000
2.755859,-0.089844,0.910156,0.000000,31.048285,13.000000
4.421875,-0.142578,1.189453,0.000000,31.541195,13.000000
4.462891,-0.144531,1.193359,0.000000,31.258064,13.000000
1.765625,0.056641,-0.343750,-0.614669,27.715876,13.000000
0.041016,-0.033203,0.062500,0.000000,30.094509,13.000000
0.044922,-0.046875,0.103516,0.000000,29.014584,13.000000
0.011719,-0.039062,-0.007812,0.000000,30.652061,14.000000
0.017578,-0.080078,-0.007812,0.000000,31.903316,14.000000
0.029297,-0.119141,-0.005859,0.000000,30.115704,14.000000
0.056641,-0.154297,0.005859,0.000000,25.440680,14.000000
0.125000,-0.080078,1.259766,0.000000,23.159704,14.000000
0.406250,-0.083984,-1.285156,0.000000,23.117538,14.000000
0.558594,-0.042969,-1.273438,0.000000,21.673174,14.000000
1.796875,0.056641,-0.068359,0.000000,27.126497,14.000000
1.839844,0.056641,-0.031250,0.000000,29.090208,14.000000
1.878906,0.058594,0.058594,0.000000,27.678976,14.000000
2.601562,-0.175781,1.080078,0.000000,28.842287,14.000000
2.683594,-0.089844,0.996094,0.000000,32.052044,14.000000
2.742188,-0.089844,0.949219,0.000000,31.065308,14.000000
0.041016,-0.033203,0.062500,0.000000,30.094509,14.000000
0.044922,-0.046875,0.103516,0.000000,29.014584,14.000000
0.011719,-0.039062,-0.007812,0.000000,30.655798,15.000000
0.017578,-0.080078,-0.007812,0.000000,31.906118,15.000000
0.029297,-0.119141,-0.005859,0.000000,30.119930,15.000000
0.056641,-0.154297,0.005859,0.000000,25.453072,15.000000
0.158203,-0.080078,1.255859,0.000000,23.117538,15.000000
0.126953,-0.082031,1.300781,0.000000,24.638929,15.000000
0.392578,-0.083984,-1.289062,0.000000,23.096302,15.000000
0.570312,-0.042969,-1.267578,0.000000,21.731863,15.000000
1.750000,0.054688,-0.164062,0.000000,29.745117,15.000000
1.792969,0.056641,-0.146484,0.000000,33.469395,15.000000
1.837891,-0.000000,-0.105469,0.000000,33.390537,15.000000
1.880859,0.058594,0.039062,0.000000,29.459606,15.000000
2.621094,-0.175781,1.031250,0.000000,28.998205,15.000000
2.662109,-0.179688,1.041016,0.000000,32.161659,15.000000
2.755859,-0.089844,0.910156,0.000000,31.238516,15.000000
0.041016,-0.033203,0.062500,0.000000,30.094509,15.000000
0.044922,-0.046875,0.103516,0.000000,29.014584,15.000000
0.011719,-0.039062,-0.007812,0.000000,30.663260,16.000000
0.017578,-0.080078,-0.007812,0.000000,31.908916,16.000000
0.029297,-0.119141,-0.005859,0.000000,30.119930,16.000000
0.056641,-0.154297,0.007812,0.000000,25.453072,16.000000
0.083984,-0.080078,1.263672,0.000000,23.138672,16.000000
0.429688,-0.083984,-1.277344,0.000000,23.053514,16.000000
1.755859,-0.000000,-0.091797,0.000000,27.084209,16.000000
1.798828,-0.000000,-0.082031,0.000000,30.068937,16.000000
1.837891,-0.000000,-0.113281,0.000000,29.268568,16.000000
1.878906,-0.000000,-0.091797,0.000000,27.041506,16.000000
