0.044922,-0.046875,0.103516,0.000000,28.992731,0.000000
1.177734,-0.449219,0.351562,0.000000,21.398790,0.000000
1.232422,-0.464844,0.298828,0.000000,19.777237,0.000000
0.011719,-0.039062,-0.007812,0.000000,30.652061,1.000000
0.027344,-0.076172,-0.009766,0.000000,31.849752,1.000000
0.029297,-0.119141,-0.005859,0.000000,30.064661,1.000000
0.056641,-0.154297,0.007812,0.000000,25.327543,1.000000
0.253906,0.039062,-1.242188,0.000000,23.483049,1.000000
0.207031,0.041016,-1.291016,0.000000,24.361626,1.000000
0.466797,0.042969,1.265625,0.000000,22.504200,1.000000
2.292969,-0.146484,-0.398438,0.000000,27.218105,1.000000
2.349609,-0.148438,-0.296875,0.000000,26.720978,1.000000
2.613281,-0.175781,1.052734,0.000000,29.222063,1.000000
2.662109,-0.179688,1.041016,0.000000,32.615009,1.000000
2.755859,-0.089844,0.914062,0.000000,32.027607,1.000000
4.269531,-0.142578,1.539062,0.000000,27.686380,1.000000
4.378906,-0.142578,1.341797,0.000000,31.386185,1.000000
4.453125,-0.144531,1.234375,0.000000,31.092409,1.000000
0.037109,-0.035156,0.064453,0.000000,30.081741,1.000000
0.046875,-0.046875,0.103516,0.000000,28.992731,1.000000
1.238281,-0.464844,0.271484,0.000000,19.637878,1.000000
0.011719,-0.039062,-0.007812,0.000000,30.640835,2.000000
0.027344,-0.076172,-0.009766,0.000000,31.844074,2.000000
0.029297,-0.119141,-0.005859,0.000000,30.056095,2.000000
0.056641,-0.154297,0.007812,0.000000,25.327543,2.000000
0.267578,0.039062,-1.238281,0.000000,23.463530,2.000000
0.210938,0.041016,-1.291016,0.000000,24.329693,2.000000
0.457031,0.042969,1.269531,0.000000,22.479733,2.000000
2.365234,-0.148438,-0.126953,0.000000,26.551384,2.000000
2.412109,-0.076172,-0.058594,0.000000,26.954817,2.000000
2.621094,-0.175781,1.031250,0.000000,29.299295,2.000000
2.666016,-0.179688,1.029297,0.000000,32.598328,2.000000
2.761719,-0.089844,0.894531,0.000000,31.978317,2.000000
4.382812,-0.142578,1.328125,0.000000,31.225435,2.000000
4.462891,-0.144531,1.197266,0.000000,31.166077,2.000000
0.037109,-0.035156,0.064453,0.000000,30.081741,2.000000
0.046875,-0.046875,0.103516,0.000000,28.992731,2.000000
1.236328,-0.464844,0.283203,0.000000,19.590414,2.000000
0.011719,-0.039062,-0.007812,0.000000,30.652061,3.000000
0.027344,-0.076172,-0.009766,0.000000,31.849752,3.000000
0.029297,-0.119141,-0.003906,0.000000,30.064661,3.000000
0.056641,-0.154297,0.007812,0.000000,25.340261,3.000000
0.230469,0.039062,-1.246094,0.000000,23.483049,3.000000
0.197266,0.041016,-1.292969,0.000000,24.361626,3.000000
0.478516,0.042969,1.261719,0.000000,22.552725,3.000000
2.621094,-0.175781,1.031250,0.000000,29.324738,3.000000
2.669922,-0.179688,1.019531,0.000000,32.619762,3.000000
2.765625,-0.089844,0.884766,0.000000,31.894903,3.000000
4.322266,-0.142578,1.511719,0.000000,28.469553,3.000000
4.421875,-0.144531,1.339844,0.000000,29.180304,3.000000
0.037109,-0.035156,0.064453,0.000000,30.077478,3.000000
0.046875,-0.046875,0.103516,0.000000,28.987251,3.000000
3.910156,-1.718750,-1.658203,0.000000,25.514500,3.000000
0.011719,-0.039062,-0.007812,0.000000,30.648323,4.000000
0.027344,-0.076172,-0.009766,0.000000,31.844074,4.000000
0.029297,-0.119141,-0.003906,0.000000,30.060379,4.000000
0.056641,-0.154297,0.007812,0.000000,25.340261,4.000000
0.228516,0.039062,-1.246094,0.000000,23.463530,4.000000
0.189453,0.041016,-1.294922,0.000000,24.345690,4.000000
0.507812,0.042969,1.250000,0.000000,22.504200,4.000000
2.326172,-0.146484,-0.023438,0.000000,27.558748,4.000000
2.619141,-0.175781,1.039062,0.000000,29.324738,4.000000
2.669922,-0.179688,1.019531,0.000000,32.545483,4.000000
2.769531,-0.089844,0.869141,0.000000,31.818436,4.000000
0.037109,-0.035156,0.064453,0.000000,30.081741,4.000000
0.046875,-0.046875,0.103516,0.000000,28.987251,4.000000
1.179688,-0.449219,0.343750,0.000000,21.367207,4.000000
1.238281,-0.464844,0.275391,0.000000,19.684830,4.000000
0.011719,-0.039062,-0.007812,0.000000,30.652061,5.000000
0.027344,-0.076172,-0.009766,0.000000,31.846914,5.000000
0.029297,-0.119141,-0.005859,0.000000,30.060379,5.000000
0.056641,-0.154297,0.007812,0.000000,25.327543,5.000000
0.220703,0.039062,-1.248047,0.000000,23.521826,5.000000
0.193359,0.041016,-1.294922,0.000000,24.377506,5.000000
0.468750,0.042969,1.265625,0.000000,22.504200,5.000000
2.644531,-0.175781,0.970703,0.000000,29.633156,5.000000
2.673828,-0.179688,1.007812,0.000000,32.711445,5.000000
2.769531,-0.089844,0.869141,0.000000,32.016701,5.000000
0.037109,-0.035156,0.064453,0.000000,30.077478,5.000000
0.044922,-0.046875,0.103516,0.000000,28.987251,5.000000
1.232422,-0.464844,0.298828,0.000000,19.637878,5.000000
0.011719,-0.039062,-0.007812,0.000000,30.655798,6.000000
0.027344,-0.076172,-0.009766,0.000000,31.849752,6.000000
0.029297,-0.119141,-0.003906,0.000000,30.064661,6.000000
0.056641,-0.154297,0.007812,0.000000,25.327543,6.000000
0.240234,0.039062,-1.244141,0.000000,23.483049,6.000000
0.199219,0.041016,-1.292969,0.000000,24.345690,6.000000
0.480469,0.042969,1.259766,0.000000,22.504200,6.000000
2.615234,-0.175781,1.046875,0.000000,29.185545,6.000000
2.662109,-0.179688,1.039062,0.000000,32.538223,6.000000
2.757812,-0.089844,0.908203,0.000000,31.829849,6.000000
0.037109,-0.035156,0.064453,0.000000,30.081741,6.000000
0.046875,-0.046875,0.103516,0.000000,28.987251,6.000000
1.177734,-0.449219,0.351562,0.000000,21.367207,6.000000
1.238281,-0.464844,0.275391,0.000000,19.684830,6.000000
0.011719,-0.039062,-0.007812,0.000000,30.648323,7.000000
0.027344,-0.076172,-0.009766,0.000000,31.846914,7.000000
0.029297,-0.119141,-0.003906,0.000000,30.060379,7.000000
0.056641,-0.154297,0.007812,0.000000,25.327543,7.000000
0.244141,0.039062,-1.244141,0.000000,23.521826,7.000000
0.212891,0.041016,-1.291016,0.000000,24.345690,7.000000
0.458984,0.042969,1.269531,0.000000,22.479733,7.000000
2.636719,-0.175781,0.990234,0.000000,29.309490,7.000000
2.681641,-0.179688,0.988281,0.000000,32.511513,7.000000
2.792969,-0.089844,0.789062,0.000000,31.769590,7.000000
0.037109,-0.035156,0.064453,0.000000,30.077478,7.000000
0.044922,-0.046875,0.103516,0.000000,28.987251,7.000000
1.236328,-0.464844,0.277344,0.000000,19.637878,7.000000
0.011719,-0.039062,-0.007812,0.000000,30.652061,8.000000
0.027344,-0.076172,-0.009766,0.000000,31.849752,8.000000
0.029297,-0.119141,-0.003906,0.000000,30.068937,8.000000
0.056641,-0.154297,0.007812,0.000000,25.340261,8.000000
0.257812,0.039062,-1.240234,0.000000,23.521826,8.000000
0.210938,0.041016,-1.291016,0.000000,24.377506,8.000000
0.478516,0.042969,1.261719,0.000000,22.528530,8.000000
2.273438,-0.142578,-0.238281,0.000000,26.928469,8.000000
2.302734,-0.072266,-0.363281,0.000000,27.403627,8.000000
2.353516,-0.074219,-0.289062,0.000000,27.395723,8.000000
2.412109,-0.076172,-0.025391,0.000000,27.752462,8.000000
2.441406,0.390625,0.333984,0.000000,27.201593,8.000000
2.662109,-0.179688,1.039062,0.000000,32.662315,8.000000
2.759766,-0.089844,0.900391,0.000000,32.145790,8.000000
0.037109,-0.035156,0.064453,0.000000,30.081741,8.000000
0.044922,-0.046875,0.103516,0.000000,28.992731,8.000000
1.177734,-0.449219,0.349609,0.000000,21.430147,8.000000
1.232422,-0.464844,0.296875,0.000000,19.777237,8.000000
0.011719,-0.039062,-0.007812,0.000000,30.644581,9.000000
0.027344,-0.076172,-0.009766,0.000000,31.846914,9.000000
0.029297,-0.119141,-0.003906,0.000000,30.064661,9.000000
0.056641,-0.154297,0.007812,0.000000,25.340261,9.000000
0.246094,0.039062,-1.244141,0.000000,23.502480,9.000000
0.207031,0.041016,-1.291016,0.000000,24.361626,9.000000
0.478516,0.042969,1.261719,0.000000,22.479733,9.000000
2.609375,-0.175781,1.062500,0.000000,29.299295,9.000000
2.654297,-0.179688,1.058594,0.000000,32.605484,9.000000
2.742188,-0.089844,0.953125,0.000000,31.972805,9.000000
0.037109,-0.035156,0.064453,0.000000,30.081741,9.000000
0.046875,-0.046875,0.103516,0.000000,28.987251,9.000000
1.240234,-0.464844,0.263672,0.000000,19.590414,9.000000
0.011719,-0.039062,-0.007812,0.000000,30.640835,10.000000
0.027344,-0.076172,-0.009766,0.000000,31.846914,10.000000
0.041016,-0.115234,-0.007812,0.000000,30.060379,10.000000
0.056641,-0.154297,0.007812,0.000000,25.340261,10.000000
0.242188,0.039062,-1.244141,0.000000,23.463530,10.000000
0.199219,0.041016,-1.292969,0.000000,24.361626,10.000000
0.494141,0.042969,1.255859,0.000000,22.479733,10.000000
2.630859,-0.175781,1.003906,0.000000,29.464523,10.000000
2.671875,-0.179688,1.011719,0.000000,32.648178,10.000000
2.765625,-0.089844,0.878906,0.000000,31.931246,10.000000
4.306641,-0.142578,1.554688,0.000000,28.808136,10.000000
4.392578,-0.144531,1.433594,0.000000,29.185545,10.000000
0.037109,-0.035156,0.064453,0.000000,30.077478,10.000000
0.046875,-0.046875,0.103516,0.000000,28.981766,10.000000
1.179688,-0.449219,0.343750,0.000000,21.398790,10.000000
1.236328,-0.464844,0.281250,0.000000,19.684830,10.000000
3.857422,-1.861328,-1.628906,0.000000,25.932861,10.000000
0.011719,-0.039062,-0.007812,0.000000,30.648323,11.000000
0.027344,-0.076172,-0.009766,0.000000,31.846914,11.000000
0.029297,-0.119141,-0.003906,0.000000,30.064661,11.000000
0.056641,-0.154297,0.007812,0.000000,25.340261,11.000000
0.238281,0.039062,-1.244141,0.000000,23.483049,11.000000
0.179688,0.041016,-1.296875,0.000000,24.329693,11.000000
0.486328,0.042969,1.257812,0.000000,22.455126,11.000000
2.324219,-0.146484,-0.111328,0.000000,26.503075,11.000000
2.357422,-0.148438,-0.224609,0.000000,26.483601,11.000000
2.632812,-0.175781,1.001953,0.000000,29.420080,11.000000
2.669922,-0.179688,1.017578,0.000000,32.662315,11.000000
2.753906,-0.089844,0.917969,0.000000,31.986570,11.000000
4.347656,-0.142578,1.435547,0.000000,30.762762,11.000000
4.423828,-0.000000,1.341797,0.000000,30.417873,11.000000
0.037109,-0.035156,0.064453,0.000000,30.081741,11.000000
0.046875,-0.046875,0.103516,0.000000,28.987251,11.000000
1.179688,-0.449219,0.347656,0.000000,21.398790,11.000000
1.240234,-0.464844,0.265625,0.000000,19.684830,11.000000
0.011719,-0.039062,-0.007812,0.000000,30.652061,12.000000
0.027344,-0.076172,-0.009766,0.000000,31.846914,12.000000
0.029297,-0.119141,-0.005859,0.000000,30.060379,12.000000
0.056641,-0.154297,0.007812,0.000000,25.327543,12.000000
0.257812,0.039062,-1.240234,0.000000,23.502480,12.000000
0.222656,0.041016,-1.289062,0.000000,24.345690,12.000000
0.464844,0.042969,1.267578,0.000000,22.479733,12.000000
2.324219,-0.072266,-0.171875,0.000000,27.323938,12.000000
2.345703,-0.074219,-0.345703,0.000000,27.323938,12.000000
2.626953,-0.175781,1.015625,0.000000,29.395193,12.000000
2.671875,-0.179688,1.013672,0.000000,32.487087,12.000000
2.787109,-0.089844,0.814453,0.000000,31.598679,12.000000
4.273438,-0.000000,1.535156,0.000000,27.951845,12.000000
4.373047,-0.142578,1.359375,0.000000,31.737688,12.000000
4.441406,-0.144531,1.275391,0.000000,31.571545,12.000000
0.037109,-0.035156,0.064453,0.000000,30.077478,12.000000
0.044922,-0.046875,0.103516,0.000000,28.987251,12.000000
1.234375,-0.464844,0.291016,0.000000,19.684830,12.000000
0.011719,-0.039062,-0.007812,0.000000,30.655798,13.000000
0.027344,-0.076172,-0.009766,0.000000,31.849752,13.000000
0.029297,-0.119141,-0.003906,0.000000,30.064661,13.000000
0.056641,-0.154297,0.007812,0.000000,25.327543,13.000000
0.246094,0.039062,-1.244141,0.000000,23.483049,13.000000
0.220703,0.041016,-1.289062,0.000000,24.345690,13.000000
0.478516,0.042969,1.261719,0.000000,22.504200,13.000000
2.244141,-0.072266,-0.449219,0.000000,27.619278,13.000000
2.300781,-0.072266,-0.376953,0.000000,29.772661,13.000000
2.349609,-0.074219,-0.324219,0.000000,28.987251,13.000000
2.632812,-0.175781,1.000000,0.000000,29.489017,13.000000
2.669922,-0.179688,1.017578,0.000000,32.706787,13.000000
2.759766,-0.089844,0.902344,0.000000,32.062859,13.000000
4.371094,-0.142578,1.365234,0.000000,30.751818,13.000000
4.441406,-0.144531,1.273438,0.000000,30.962147,13.000000
4.853516,-0.464844,0.857422,0.000000,29.689497,13.000000
4.919922,-0.779297,0.302734,0.000000,28.680563,13.000000
0.037109,-0.035156,0.064453,0.000000,30.077478,13.000000
0.046875,-0.046875,0.103516,0.000000,28.987251,13.000000
1.242188,-0.464844,0.255859,0.000000,19.637878,13.000000
0.011719,-0.039062,-0.007812,0.000000,30.644581,14.000000
0.027344,-0.076172,-0.009766,0.000000,31.846914,14.000000
0.029297,-0.119141,-0.005859,0.000000,30.064661,14.000000
0.056641,-0.154297,0.007812,0.000000,25.327543,14.000000
0.167969,0.039062,-1.255859,0.000000,23.502480,14.000000
0.152344,0.041016,-1.298828,0.000000,24.377506,14.000000
0.486328,0.042969,1.259766,0.000000,22.504200,14.000000
2.316406,-0.072266,-0.263672,0.000000,26.937269,14.000000
2.638672,-0.175781,0.988281,0.000000,29.420080,14.000000
2.675781,-0.179688,1.001953,0.000000,32.593548,14.000000
2.775391,-0.089844,0.853516,0.000000,31.835545,14.000000
4.376953,-0.142578,1.345703,0.000000,31.306553,14.000000
4.437500,-0.144531,1.283203,0.000000,30.916670,14.000000
0.037109,-0.035156,0.064453,0.000000,30.077478,14.000000
0.046875,-0.046875,0.103516,0.000000,28.987251,14.000000
1.179688,-0.449219,0.341797,0.000000,21.398790,14.000000
1.236328,-0.464844,0.277344,0.000000,19.731279,14.000000
0.011719,-0.039062,-0.007812,0.000000,30.640835,15.000000
0.027344,-0.076172,-0.009766,0.000000,31.844074,15.000000
0.029297,-0.119141,-0.003906,0.000000,30.060379,15.000000
0.056641,-0.154297,0.007812,0.000000,25.327543,15.000000
0.224609,0.039062,-1.248047,0.000000,23.483049,15.000000
0.169922,0.041016,-1.296875,0.000000,24.361626,15.000000
0.490234,0.042969,1.257812,0.000000,22.504200,15.000000
2.621094,-0.175781,1.029297,0.000000,29.370161,15.000000
2.671875,-0.179688,1.013672,0.000000,32.603100,15.000000
2.775391,-0.089844,0.851562,0.000000,31.900515,15.000000
4.367188,-0.142578,1.376953,0.000000,31.162756,15.000000
4.439453,-0.144531,1.283203,0.000000,30.982975,15.000000
4.628906,-0.000000,0.562500,0.000000,29.647308,15.000000
4.675781,0.146484,0.488281,0.000000,30.955181,15.000000
0.037109,-0.035156,0.064453,0.000000,30.077478,15.000000
0.044922,-0.046875,0.103516,0.000000,28.987251,15.000000
1.230469,-0.464844,0.304688,0.000000,19.637878,15.000000
0.011719,-0.039062,-0.007812,0.000000,30.648323,16.000000
0.027344,-0.076172,-0.009766,0.000000,31.846914,16.000000
0.029297,-0.119141,-0.003906,0.000000,30.060379,16.000000
0.056641,-0.154297,0.007812,0.000000,25.327543,16.000000
0.273438,0.039062,-1.238281,0.000000,23.502480,16.000000
0.250000,0.041016,-1.283203,0.000000,24.377506,16.000000
0.445312,0.042969,1.273438,0.000000,22.552725,16.000000
2.285156,-0.072266,-0.132812,0.000000,27.810369,16.000000
2.322266,-0.072266,-0.191406,0.000000,29.604708,16.000000
2.652344,-0.175781,0.949219,0.000000,29.474337,16.000000
