0.011719,-0.039062,-0.007812,0.000000,30.644581,0.000000
0.017578,-0.080078,-0.007812,0.000000,31.900515,0.000000
0.029297,-0.119141,-0.005859,0.000000,30.111473,0.000000
0.056641,-0.154297,0.005859,0.000000,25.440680,0.000000
0.183594,-0.080078,1.251953,0.000000,23.180634,0.000000
0.421875,-0.083984,-1.279297,0.000000,23.159704,0.000000
0.554688,-0.042969,-1.275391,0.000000,21.760912,0.000000
1.628906,0.101562,-0.121094,0.000000,28.318697,0.000000
1.667969,0.158203,-0.066406,0.000000,29.090208,0.000000
1.736328,0.394531,0.257812,0.000000,29.206450,0.000000
1.775391,0.402344,0.267578,0.000000,28.061800,0.000000
2.636719,-0.175781,0.994141,0.000000,29.020029,0.000000
2.669922,-0.179688,1.019531,0.000000,32.121876,0.000000
2.759766,-0.089844,0.898438,0.000000,31.126051,0.000000
4.406250,-0.142578,1.248047,0.000000,31.646502,0.000000
4.421875,-0.144531,1.337891,0.000000,31.092409,0.000000
4.753906,-0.298828,-0.470703,0.000000,33.287872,0.000000
4.789062,-0.300781,-0.521484,0.000000,33.818367,0.000000
4.873047,-0.464844,0.736328,0.000000,30.877813,0.000000
4.949219,-0.623047,0.119141,0.000000,29.731279,0.000000
0.041016,-0.033203,0.062500,0.000000,30.090258,0.000000
0.044922,-0.046875,0.103516,0.000000,29.009130,0.000000
0.011719,-0.039062,-0.007812,0.000000,30.644581,1.000000
0.017578,-0.080078,-0.007812,0.000000,31.897709,1.000000
0.029297,-0.119141,-0.005859,0.000000,30.115704,1.000000
0.056641,-0.154297,0.005859,0.000000,25.453072,1.000000
0.152344,-0.080078,1.255859,0.000000,23.138672,1.000000
0.410156,-0.083984,-1.283203,0.000000,23.096302,1.000000
0.558594,-0.042969,-1.273438,0.000000,21.702618,1.000000
1.621094,0.052734,-0.427734,0.000000,28.305887,1.000000
1.603516,0.107422,-0.607422,0.000000,28.579353,1.000000
1.707031,0.281250,0.498047,0.000000,26.739420,1.000000
2.632812,-0.175781,1.003906,0.000000,29.079485,1.000000
2.687500,-0.089844,0.982422,0.000000,32.148438,1.000000
2.740234,-0.089844,0.957031,0.000000,31.149445,1.000000
4.396484,-0.000000,1.138672,0.000000,28.149132,1.000000
4.398438,-0.142578,1.275391,0.000000,31.510633,1.000000
4.404297,-0.144531,1.394531,0.000000,30.845762,1.000000
4.736328,-0.449219,-0.513672,0.000000,33.712524,1.000000
4.787109,-0.300781,-0.537109,0.000000,34.456043,1.000000
4.814453,-0.152344,-0.708984,0.000000,31.231981,1.000000
4.884766,-0.308594,0.736328,0.000000,30.867157,1.000000
4.966797,-0.468750,0.144531,0.000000,29.656719,1.000000
0.041016,-0.033203,0.062500,0.000000,30.090258,1.000000
0.044922,-0.046875,0.103516,0.000000,29.003672,1.000000
4.373047,-0.283203,1.191406,0.000000,28.149132,1.000000
4.753906,-0.150391,-0.537109,0.000000,33.690304,1.000000
0.011719,-0.039062,-0.007812,0.000000,30.640835,2.000000
0.017578,-0.080078,-0.007812,0.000000,31.894903,2.000000
0.029297,-0.119141,-0.005859,0.000000,30.111473,2.000000
0.056641,-0.154297,0.005859,0.000000,25.428255,2.000000
0.150391,-0.080078,1.255859,0.000000,23.053514,2.000000
0.419922,-0.083984,-1.279297,0.000000,23.074961,2.000000
0.568359,-0.042969,-1.269531,0.000000,21.731863,2.000000
1.623047,0.101562,-0.187500,0.000000,29.237619,2.000000
1.669922,0.052734,-0.154297,0.000000,31.658377,2.000000
1.714844,0.052734,-0.080078,0.000000,31.303337,2.000000
1.755859,0.054688,0.082031,0.000000,29.947569,2.000000
1.783203,0.113281,0.222656,0.000000,27.558748,2.000000
2.619141,-0.175781,1.039062,0.000000,28.773714,2.000000
2.656250,-0.179688,1.056641,0.000000,31.936810,2.000000
2.750000,-0.089844,0.929688,0.000000,30.934217,2.000000
4.404297,-0.142578,1.253906,0.000000,31.325798,2.000000
4.419922,-0.144531,1.343750,0.000000,30.740847,2.000000
4.759766,-0.150391,-0.472656,0.000000,33.291943,2.000000
4.791016,-0.300781,-0.503906,0.000000,33.882790,2.000000
4.810547,-0.152344,-0.724609,0.000000,30.346285,2.000000
4.859375,-0.308594,0.892578,0.000000,31.082266,2.000000
4.937500,-0.623047,0.369141,0.000000,29.768084,2.000000
0.041016,-0.033203,0.062500,0.000000,30.086002,2.000000
0.044922,-0.046875,0.103516,0.000000,29.003672,2.000000
4.742188,-0.449219,-0.458984,0.000000,33.263359,2.000000
0.011719,-0.039062,-0.007812,0.000000,30.640835,3.000000
0.017578,-0.080078,-0.007812,0.000000,31.894903,3.000000
0.029297,-0.119141,-0.005859,0.000000,30.111473,3.000000
0.056641,-0.154297,0.007812,0.000000,25.440680,3.000000
0.158203,-0.080078,1.255859,0.000000,23.074961,3.000000
0.074219,-0.082031,1.304688,0.000000,24.638929,3.000000
0.412109,-0.083984,-1.283203,0.000000,23.096302,3.000000
0.564453,-0.042969,-1.269531,0.000000,21.702618,3.000000
2.619141,-0.175781,1.039062,0.000000,28.853613,3.000000
2.656250,-0.179688,1.052734,0.000000,32.081726,3.000000
2.750000,-0.089844,0.929688,0.000000,31.126051,3.000000
4.384766,-0.283203,1.142578,0.000000,28.481892,3.000000
4.406250,-0.142578,1.246094,0.000000,31.878027,3.000000
4.417969,-0.144531,1.349609,0.000000,31.290451,3.000000
4.751953,-0.298828,-0.480469,0.000000,33.796680,3.000000
4.791016,-0.300781,-0.501953,0.000000,34.398064,3.000000
4.814453,-0.152344,-0.701172,0.000000,31.122698,3.000000
4.857422,-0.308594,0.896484,0.000000,30.398106,3.000000
0.041016,-0.033203,0.062500,0.000000,30.086002,3.000000
0.044922,-0.046875,0.103516,0.000000,29.003672,3.000000
4.408203,-0.000000,1.089844,0.000000,28.444771,3.000000
0.011719,-0.039062,-0.007812,0.000000,30.640835,4.000000
0.017578,-0.080078,-0.007812,0.000000,31.897709,4.000000
0.029297,-0.119141,-0.005859,0.000000,30.111473,4.000000
0.056641,-0.154297,0.005859,0.000000,25.440680,4.000000
0.201172,-0.080078,1.250000,0.000000,23.138672,4.000000
0.103516,-0.082031,1.302734,0.000000,24.638929,4.000000
0.392578,-0.083984,-1.289062,0.000000,23.096302,4.000000
0.535156,-0.042969,-1.283203,0.000000,21.760912,4.000000
1.673828,0.105469,-0.037109,0.000000,30.030294,4.000000
1.714844,0.107422,0.021484,0.000000,30.236639,4.000000
1.751953,0.109375,0.107422,0.000000,27.458551,4.000000
2.617188,-0.175781,1.044922,0.000000,29.138138,4.000000
2.666016,-0.179688,1.029297,0.000000,32.224564,4.000000
2.763672,-0.089844,0.890625,0.000000,31.231981,4.000000
4.375000,-0.283203,1.179688,0.000000,28.007172,4.000000
4.400391,-0.142578,1.269531,0.000000,31.461281,4.000000
4.404297,-0.144531,1.396484,0.000000,30.795429,4.000000
4.718750,-0.296875,-0.406250,0.000000,29.547249,4.000000
4.757812,-0.298828,-0.433594,0.000000,34.393326,4.000000
4.787109,-0.453125,-0.427734,0.000000,34.878452,4.000000
4.814453,-0.304688,-0.652344,0.000000,31.510633,4.000000
4.867188,-0.308594,0.843750,0.000000,31.162756,4.000000
4.947266,-0.623047,0.189453,0.000000,29.745117,4.000000
0.041016,-0.033203,0.062500,0.000000,30.090258,4.000000
0.044922,-0.046875,0.103516,0.000000,29.003672,4.000000
0.011719,-0.039062,-0.007812,0.000000,30.640835,5.000000
0.017578,-0.080078,-0.007812,0.000000,31.897709,5.000000
0.029297,-0.119141,-0.005859,0.000000,30.111473,5.000000
0.056641,-0.154297,0.007812,0.000000,25.440680,5.000000
0.140625,-0.080078,1.257812,0.000000,23.159704,5.000000
0.414062,-0.083984,-1.281250,0.000000,23.138672,5.000000
0.558594,-0.042969,-1.273438,0.000000,21.702618,5.000000
1.656250,0.158203,-0.216797,0.000000,29.925535,5.000000
1.701172,0.160156,-0.181641,0.000000,30.285713,5.000000
1.750000,0.164062,-0.056641,0.000000,28.375885,5.000000
2.613281,-0.175781,1.052734,0.000000,28.932068,5.000000
2.660156,-0.179688,1.046875,0.000000,32.121876,5.000000
2.753906,-0.089844,0.921875,0.000000,31.162756,5.000000
4.412109,-0.000000,1.072266,0.000000,28.299467,5.000000
4.402344,-0.142578,1.257812,0.000000,31.690863,5.000000
4.390625,-0.144531,1.437500,0.000000,30.927206,5.000000
4.876953,-0.308594,0.783203,0.000000,30.565237,5.000000
0.041016,-0.033203,0.062500,0.000000,30.090258,5.000000
0.044922,-0.046875,0.103516,0.000000,29.009130,5.000000
4.390625,-0.283203,1.123047,0.000000,28.299467,5.000000
0.011719,-0.039062,-0.007812,0.000000,30.644581,6.000000
0.017578,-0.080078,-0.007812,0.000000,31.900515,6.000000
0.029297,-0.119141,-0.005859,0.000000,30.111473,6.000000
0.056641,-0.154297,0.007812,0.000000,25.428255,6.000000
0.148438,-0.080078,1.257812,0.000000,23.096302,6.000000
0.417969,-0.083984,-1.281250,0.000000,23.096302,6.000000
0.574219,-0.042969,-1.265625,0.000000,21.731863,6.000000
1.625000,0.050781,-0.193359,0.000000,27.895807,6.000000
1.664062,0.105469,-0.189453,0.000000,32.833012,6.000000
1.705078,0.107422,-0.183594,0.000000,33.825573,6.000000
1.742188,0.109375,-0.212891,0.000000,31.225435,6.000000
2.615234,-0.175781,1.046875,0.000000,29.014584,6.000000
2.660156,-0.179688,1.044922,0.000000,32.135178,6.000000
2.750000,-0.089844,0.929688,0.000000,31.072100,6.000000
4.386719,-0.283203,1.136719,0.000000,28.463371,6.000000
4.408203,-0.142578,1.240234,0.000000,31.928461,6.000000
4.443359,-0.144531,1.269531,0.000000,31.411362,6.000000
4.894531,-0.308594,0.669922,0.000000,31.075491,6.000000
4.927734,-0.779297,0.083984,0.000000,29.670797,6.000000
1.746094,0.167969,-0.398438,0.614669,24.913616,6.000000
0.041016,-0.033203,0.062500,0.000000,30.086002,6.000000
0.044922,-0.046875,0.103516,0.000000,29.003672,6.000000
4.404297,-0.000000,1.099609,0.000000,28.457180,6.000000
4.968750,-0.468750,-0.029297,0.000000,29.656719,6.000000
0.011719,-0.039062,-0.007812,0.000000,30.644581,7.000000
0.017578,-0.080078,-0.007812,0.000000,31.897709,7.000000
0.029297,-0.119141,-0.005859,0.000000,30.111473,7.000000
0.056641,-0.154297,0.005859,0.000000,25.453072,7.000000
0.154297,-0.080078,1.255859,0.000000,23.117538,7.000000
0.027344,-0.082031,1.306641,0.000000,24.653828,7.000000
0.404297,-0.083984,-1.285156,0.000000,23.138672,7.000000
0.566406,-0.042969,-1.269531,0.000000,21.731863,7.000000
1.673828,0.105469,0.029297,0.000000,27.185017,7.000000
1.710938,0.160156,-0.003906,0.000000,29.201233,7.000000
1.753906,0.109375,-0.087891,0.000000,27.881683,7.000000
2.621094,-0.175781,1.031250,0.000000,29.111576,7.000000
2.658203,-0.179688,1.048828,0.000000,32.180099,7.000000
2.751953,-0.089844,0.923828,0.000000,31.172712,7.000000
4.388672,-0.142578,1.160156,0.000000,28.709888,7.000000
4.408203,-0.142578,1.240234,0.000000,32.060158,7.000000
4.451172,-0.144531,1.240234,0.000000,31.640553,7.000000
4.884766,-0.308594,0.736328,0.000000,31.166077,7.000000
4.951172,-0.623047,0.068359,0.000000,29.731279,7.000000
0.041016,-0.033203,0.062500,0.000000,30.086002,7.000000
0.044922,-0.046875,0.103516,0.000000,28.998205,7.000000
0.011719,-0.039062,-0.007812,0.000000,30.640835,8.000000
0.017578,-0.080078,-0.007812,0.000000,31.897709,8.000000
0.029297,-0.119141,-0.005859,0.000000,30.111473,8.000000
0.056641,-0.154297,0.005859,0.000000,25.440680,8.000000
0.173828,-0.080078,1.253906,0.000000,23.117538,8.000000
0.404297,-0.083984,-1.285156,0.000000,23.117538,8.000000
1.664062,0.105469,-0.175781,0.000000,29.180304,8.000000
1.710938,0.052734,-0.152344,0.000000,31.601683,8.000000
1.751953,0.109375,-0.121094,0.000000,30.595634,8.000000
2.630859,-0.175781,1.005859,0.000000,28.992731,8.000000
2.701172,-0.089844,0.949219,0.000000,32.143139,8.000000
2.763672,-0.089844,0.886719,0.000000,31.209028,8.000000
4.396484,-0.142578,1.126953,0.000000,28.518696,8.000000
4.408203,-0.142578,1.238281,0.000000,31.711412,8.000000
4.443359,-0.144531,1.263672,0.000000,31.283993,8.000000
4.886719,-0.308594,0.728516,0.000000,31.209028,8.000000
4.968750,-0.468750,0.064453,0.000000,29.849771,8.000000
0.041016,-0.033203,0.062500,0.000000,30.090258,8.000000
0.044922,-0.046875,0.103516,0.000000,29.003672,8.000000
0.011719,-0.039062,-0.007812,0.000000,30.637085,9.000000
0.017578,-0.080078,-0.007812,0.000000,31.894903,9.000000
0.029297,-0.119141,-0.005859,0.000000,30.107239,9.000000
0.056641,-0.154297,0.007812,0.000000,25.428255,9.000000
0.142578,-0.080078,1.257812,0.000000,23.117538,9.000000
0.021484,-0.082031,-1.306641,0.000000,24.653828,9.000000
0.435547,-0.083984,-1.275391,0.000000,23.096302,9.000000
0.583984,-0.042969,-1.261719,0.000000,21.702618,9.000000
1.675781,0.107422,-0.367188,0.000000,27.752462,9.000000
2.628906,-0.175781,1.011719,0.000000,28.954226,9.000000
2.669922,-0.179688,1.019531,0.000000,32.135178,9.000000
2.763672,-0.089844,0.888672,0.000000,31.195858,9.000000
4.394531,-0.142578,1.136719,0.000000,28.312298,9.000000
4.404297,-0.142578,1.255859,0.000000,31.513699,9.000000
4.435547,-0.144531,1.291016,0.000000,31.078880,9.000000
4.890625,-0.308594,0.691406,0.000000,30.906107,9.000000
4.968750,-0.468750,-0.033203,0.000000,29.642597,9.000000
0.041016,-0.033203,0.062500,0.000000,30.094509,9.000000
0.044922,-0.046875,0.103516,0.000000,29.003672,9.000000
0.011719,-0.039062,-0.007812,0.000000,30.640835,10.000000
0.017578,-0.080078,-0.007812,0.000000,31.897709,10.000000
0.029297,-0.119141,-0.005859,0.000000,30.111473,10.000000
0.056641,-0.154297,0.005859,0.000000,25.440680,10.000000
0.177734,-0.080078,1.253906,0.000000,23.117538,10.000000
0.048828,-0.082031,1.304688,0.000000,24.638929,10.000000
0.414062,-0.083984,-1.281250,0.000000,23.096302,10.000000
0.558594,-0.042969,-1.273438,0.000000,21.702618,10.000000
1.667969,0.052734,-0.171875,0.000000,29.148718,10.000000
1.710938,0.052734,-0.150391,0.000000,31.743505,10.000000
1.751953,0.109375,-0.113281,0.000000,30.791813,10.000000
2.615234,-0.175781,1.046875,0.000000,28.932068,10.000000
2.662109,-0.179688,1.039062,0.000000,32.103184,10.000000
2.755859,-0.089844,0.914062,0.000000,31.182648,10.000000
4.396484,-0.142578,1.128906,0.000000,28.579353,10.000000
4.408203,-0.142578,1.242188,0.000000,31.975563,10.000000
4.445312,-0.144531,1.259766,0.000000,31.538149,10.000000
4.892578,-0.308594,0.675781,0.000000,30.689276,10.000000
0.041016,-0.033203,0.062500,0.000000,30.090258,10.000000
0.044922,-0.046875,0.103516,0.000000,29.003672,10.000000
0.011719,-0.039062,-0.007812,0.000000,30.640835,11.000000
0.017578,-0.080078,-0.007812,0.000000,31.897709,11.000000
0.029297,-0.119141,-0.005859,0.000000,30.115704,11.000000
0.056641,-0.154297,0.007812,0.000000,25.440680,11.000000
0.099609,-0.080078,1.261719,0.000000,23.074961,11.000000
0.097656,-0.082031,-1.302734,0.000000,24.608978,11.000000
0.443359,-0.083984,-1.271484,0.000000,23.053514,11.000000
0.589844,-0.042969,-1.259766,0.000000,21.702618,11.000000
1.671875,0.105469,-0.072266,0.000000,29.484129,11.000000
1.712891,0.107422,-0.070312,0.000000,32.057457,11.000000
1.753906,0.109375,-0.072266,0.000000,31.341770,11.000000
1.791016,0.113281,-0.138672,0.000000,27.810369,11.000000
2.623047,-0.175781,1.025391,0.000000,29.057959,11.000000
2.660156,-0.179688,1.042969,0.000000,32.148438,11.000000
2.753906,-0.089844,0.916016,0.000000,31.189257,11.000000
