0.011719,-0.039062,-0.007812,0.000000,30.733517,0.000000
0.017578,-0.080078,-0.007812,0.000000,31.961761,0.000000
0.041016,-0.115234,-0.007812,0.000000,30.211893,0.000000
0.056641,-0.154297,0.005859,0.000000,25.477747,0.000000
0.378906,-0.080078,-1.207031,0.000000,22.013971,0.000000
0.435547,-0.041016,1.234375,0.000000,23.242825,0.000000
1.236328,-0.042969,-0.539062,0.000000,24.099331,0.000000
1.363281,-0.042969,-0.275391,0.000000,28.155777,0.000000
1.408203,-0.044922,-0.253906,0.000000,30.561422,0.000000
1.460938,-0.046875,-0.181641,0.000000,30.342272,0.000000
1.509766,-0.093750,0.023438,0.000000,27.275414,0.000000
1.496094,-0.388672,0.169922,0.000000,26.803354,0.000000
2.548828,-0.263672,1.183594,0.000000,29.484129,0.000000
2.607422,-0.267578,1.154297,0.000000,32.782963,0.000000
2.666016,-0.271484,1.119141,0.000000,31.994808,0.000000
4.337891,-0.283203,1.308594,0.000000,27.831886,0.000000
4.429688,-0.287109,1.134766,0.000000,31.287222,0.000000
4.486328,-0.289062,1.076172,0.000000,30.625820,0.000000
1.541016,-0.398438,0.113281,0.614669,26.106602,0.000000
0.041016,-0.033203,0.062500,0.000000,30.132587,0.000000
0.044922,-0.046875,0.103516,0.000000,29.009130,0.000000
1.207031,0.357422,0.148438,0.000000,19.190781,0.000000
0.683594,0.568359,1.224609,0.000000,24.785666,0.000000
0.703125,0.777344,1.148438,0.000000,24.742163,0.000000
3.464844,-1.843750,-2.283203,0.000000,25.327543,0.000000
1.212891,0.150391,1.025391,0.614669,24.683474,0.000000
0.011719,-0.039062,-0.007812,0.000000,30.726175,1.000000
0.017578,-0.080078,-0.007812,0.000000,31.961761,1.000000
0.029297,-0.119141,-0.005859,0.000000,30.216026,1.000000
0.056641,-0.154297,0.005859,0.000000,25.477747,1.000000
0.378906,-0.080078,-1.207031,0.000000,21.986570,1.000000
0.351562,-0.041016,1.259766,0.000000,23.180634,1.000000
1.152344,-0.042969,0.703125,0.000000,22.878017,1.000000
1.347656,-0.042969,-0.345703,0.000000,27.275414,1.000000
1.400391,-0.044922,-0.296875,0.000000,29.666109,1.000000
1.439453,-0.000000,-0.308594,0.000000,28.407331,1.000000
1.417969,-0.472656,0.242188,0.000000,26.757784,1.000000
1.468750,-0.437500,0.261719,0.000000,28.680563,1.000000
1.505859,-0.398438,0.343750,0.000000,27.993406,1.000000
2.552734,-0.263672,1.175781,0.000000,29.289078,1.000000
2.611328,-0.267578,1.144531,0.000000,32.750809,1.000000
2.664062,-0.271484,1.123047,0.000000,31.992065,1.000000
4.425781,-0.287109,1.152344,0.000000,31.646502,1.000000
4.476562,-0.289062,1.113281,0.000000,31.341770,1.000000
1.587891,0.255859,0.304688,0.614669,28.162413,1.000000
1.609375,0.314453,0.349609,0.614669,28.802418,1.000000
1.648438,0.322266,0.363281,0.614669,25.693739,1.000000
0.041016,-0.033203,0.062500,0.000000,30.132587,1.000000
0.044922,-0.046875,0.103516,0.000000,29.003672,1.000000
1.203125,0.357422,0.177734,0.000000,19.242792,1.000000
0.623047,0.046875,-1.378906,0.000000,24.712917,1.000000
0.492188,-0.306641,1.529297,0.614669,25.327543,1.000000
0.466797,-0.267578,-1.630859,0.614669,23.010300,1.000000
0.011719,-0.039062,-0.007812,0.000000,30.729847,2.000000
0.017578,-0.080078,-0.007812,0.000000,31.961761,2.000000
0.029297,-0.119141,-0.005859,0.000000,30.216026,2.000000
0.056641,-0.154297,0.005859,0.000000,25.477747,2.000000
0.361328,-0.080078,-1.212891,0.000000,21.931246,2.000000
0.513672,-0.082031,1.201172,0.000000,22.855574,2.000000
1.339844,-0.042969,0.152344,0.000000,24.183012,2.000000
1.388672,-0.042969,-0.078125,0.000000,30.004341,2.000000
1.427734,-0.044922,-0.089844,0.000000,31.112625,2.000000
1.470703,-0.046875,-0.062500,0.000000,29.350031,2.000000
1.507812,-0.142578,-0.001953,0.000000,26.812412,2.000000
1.513672,-0.339844,-0.103516,0.000000,26.821451,2.000000
2.541016,-0.263672,1.199219,0.000000,29.395193,2.000000
2.601562,-0.267578,1.166016,0.000000,32.764618,2.000000
2.660156,-0.181641,1.150391,0.000000,31.947918,2.000000
4.380859,-0.287109,1.306641,0.000000,29.434946,2.000000
4.404297,-0.289062,1.373047,0.000000,29.111576,2.000000
1.570312,0.357422,0.287109,0.614669,27.795965,2.000000
1.609375,0.367188,0.292969,0.614669,30.273497,2.000000
1.650391,0.375000,0.292969,0.614669,28.954226,2.000000
0.041016,-0.033203,0.062500,0.000000,30.128372,2.000000
0.052734,-0.042969,0.101562,0.000000,29.003672,2.000000
1.210938,0.357422,0.121094,0.000000,19.138138,2.000000
0.761719,1.068359,-0.832031,0.000000,24.563660,2.000000
3.205078,-2.003906,-2.587891,0.000000,26.646420,2.000000
3.425781,-2.021484,-2.355469,0.000000,26.159500,2.000000
0.011719,-0.039062,-0.007812,0.000000,30.729847,3.000000
0.017578,-0.080078,-0.007812,0.000000,31.964525,3.000000
0.041016,-0.115234,-0.007812,0.000000,30.216026,3.000000
0.056641,-0.154297,0.005859,0.000000,25.477747,3.000000
0.341797,-0.080078,-1.218750,0.000000,21.903316,3.000000
0.044922,-0.041016,-1.306641,0.000000,23.541084,3.000000
1.220703,-0.000000,-0.576172,0.000000,24.638929,3.000000
1.365234,-0.000000,-0.265625,0.000000,28.426092,3.000000
1.417969,-0.044922,-0.191406,0.000000,30.081741,3.000000
1.468750,-0.046875,-0.083984,0.000000,29.074114,3.000000
1.347656,0.046875,0.685547,0.000000,25.622929,3.000000
1.574219,0.408203,0.177734,0.000000,26.901960,3.000000
1.611328,0.419922,0.195312,0.000000,29.831751,3.000000
1.660156,0.375000,0.234375,0.000000,29.395193,3.000000
2.550781,-0.263672,1.177734,0.000000,29.493900,3.000000
2.609375,-0.267578,1.150391,0.000000,32.780674,3.000000
2.671875,-0.271484,1.105469,0.000000,32.000294,3.000000
0.041016,-0.033203,0.062500,0.000000,30.128372,3.000000
0.044922,-0.046875,0.103516,0.000000,29.003672,3.000000
1.208984,0.357422,0.138672,0.000000,19.084850,3.000000
0.933594,1.166016,-0.433594,0.000000,25.211380,3.000000
0.011719,-0.039062,-0.007812,0.000000,30.722500,4.000000
0.017578,-0.080078,-0.007812,0.000000,31.961761,4.000000
0.029297,-0.119141,-0.005859,0.000000,30.216026,4.000000
0.056641,-0.154297,0.005859,0.000000,25.477747,4.000000
0.373047,-0.080078,-1.208984,0.000000,21.931246,4.000000
0.152344,-0.041016,1.298828,0.000000,23.010300,4.000000
0.882812,-0.042969,1.019531,0.000000,19.493900,4.000000
1.324219,-0.087891,0.416016,0.000000,24.409090,4.000000
1.419922,-0.044922,0.177734,0.000000,27.283537,4.000000
1.464844,-0.000000,0.144531,0.000000,26.170004,4.000000
1.476562,-0.283203,-0.169922,0.000000,26.910814,4.000000
1.527344,-0.291016,0.035156,0.000000,28.830935,4.000000
2.533203,-0.263672,1.218750,0.000000,29.339931,4.000000
2.605469,-0.267578,1.158203,0.000000,32.766914,4.000000
2.667969,-0.181641,1.132812,0.000000,32.005768,4.000000
0.041016,-0.033203,0.062500,0.000000,30.128372,4.000000
0.052734,-0.042969,0.101562,0.000000,29.003672,4.000000
1.210938,0.357422,0.123047,0.000000,19.084850,4.000000
1.234375,0.505859,0.205078,0.000000,18.061800,4.000000
0.011719,-0.039062,-0.007812,0.000000,30.733517,5.000000
0.017578,-0.080078,-0.007812,0.000000,31.964525,5.000000
0.041016,-0.115234,-0.007812,0.000000,30.216026,5.000000
0.056641,-0.154297,0.005859,0.000000,25.477747,5.000000
0.333984,-0.080078,-1.220703,0.000000,21.903316,5.000000
0.359375,-0.041016,1.257812,0.000000,23.463530,5.000000
1.347656,-0.042969,-0.080078,0.000000,25.682016,5.000000
1.382812,-0.042969,-0.150391,0.000000,28.744818,5.000000
1.408203,-0.000000,-0.253906,0.000000,28.591383,5.000000
1.240234,0.046875,-0.791016,0.000000,23.263359,5.000000
1.343750,-0.236328,0.654297,0.000000,26.551384,5.000000
2.562500,-0.263672,1.154297,0.000000,29.434946,5.000000
2.607422,-0.267578,1.152344,0.000000,32.711445,5.000000
2.666016,-0.181641,1.136719,0.000000,31.889284,5.000000
1.371094,-0.728516,0.058594,-0.614669,26.720978,5.000000
0.041016,-0.033203,0.062500,0.000000,30.132587,5.000000
0.044922,-0.046875,0.103516,0.000000,29.003672,5.000000
1.207031,0.357422,0.148438,0.000000,19.138138,5.000000
1.289062,-0.597656,0.388672,0.000000,20.644581,5.000000
1.337891,-0.708984,0.001953,0.000000,24.996870,5.000000
1.117188,-0.193359,1.062500,-0.614669,25.065050,5.000000
0.011719,-0.039062,-0.007812,0.000000,30.733517,6.000000
0.017578,-0.080078,-0.007812,0.000000,31.961761,6.000000
0.029297,-0.119141,-0.005859,0.000000,30.216026,6.000000
0.056641,-0.154297,0.005859,0.000000,25.477747,6.000000
0.341797,-0.080078,-1.218750,0.000000,21.875208,6.000000
0.355469,-0.041016,1.259766,0.000000,23.384565,6.000000
1.326172,-0.000000,-0.250000,0.000000,25.378191,6.000000
1.375000,-0.000000,-0.207031,0.000000,28.893017,6.000000
1.417969,-0.044922,-0.195312,0.000000,30.043213,6.000000
1.468750,-0.000000,-0.113281,0.000000,28.830935,6.000000
1.503906,-0.000000,0.164062,0.000000,27.331972,6.000000
1.304688,-0.437500,-0.722656,0.000000,26.541765,6.000000
2.531250,-0.263672,1.222656,0.000000,29.429996,6.000000
2.597656,-0.267578,1.171875,0.000000,32.766914,6.000000
2.658203,-0.181641,1.154297,0.000000,31.900515,6.000000
0.041016,-0.033203,0.062500,0.000000,30.128372,6.000000
0.044922,-0.046875,0.103516,0.000000,29.003672,6.000000
1.212891,0.357422,0.097656,0.000000,19.138138,6.000000
1.091797,-0.519531,-0.912109,0.000000,25.198280,6.000000
1.515625,0.048828,0.337891,0.000000,26.324574,6.000000
0.011719,-0.039062,-0.007812,0.000000,30.737183,7.000000
0.017578,-0.080078,-0.007812,0.000000,31.964525,7.000000
0.041016,-0.115234,-0.007812,0.000000,30.216026,7.000000
0.056641,-0.154297,0.005859,0.000000,25.490032,7.000000
0.332031,-0.080078,-1.220703,0.000000,21.789770,7.000000
0.419922,-0.041016,1.238281,0.000000,23.159704,7.000000
1.330078,-0.042969,0.224609,0.000000,25.611013,7.000000
1.384766,-0.042969,-0.111328,0.000000,30.948204,7.000000
1.421875,-0.044922,-0.169922,0.000000,32.557549,7.000000
1.455078,-0.000000,-0.228516,0.000000,30.073210,7.000000
1.195312,-0.378906,-0.847656,0.000000,24.623980,7.000000
1.460938,-0.291016,-0.443359,0.000000,26.242821,7.000000
2.552734,-0.263672,1.173828,0.000000,29.518230,7.000000
2.605469,-0.267578,1.156250,0.000000,32.766914,7.000000
2.662109,-0.181641,1.148438,0.000000,31.942368,7.000000
0.041016,-0.033203,0.062500,0.000000,30.132587,7.000000
0.044922,-0.046875,0.103516,0.000000,29.003672,7.000000
1.207031,0.357422,0.154297,0.000000,19.138138,7.000000
0.427734,0.568359,-1.335938,0.000000,22.878017,7.000000
0.011719,-0.039062,-0.007812,0.000000,30.737183,8.000000
0.017578,-0.080078,-0.007812,0.000000,31.964525,8.000000
0.029297,-0.119141,-0.005859,0.000000,30.216026,8.000000
0.056641,-0.154297,0.005859,0.000000,25.477747,8.000000
0.312500,-0.080078,-1.226562,0.000000,21.958996,8.000000
0.371094,-0.041016,1.253906,0.000000,23.117538,8.000000
0.609375,-0.000000,-1.205078,0.000000,21.613680,8.000000
1.328125,0.042969,-0.410156,0.000000,25.024271,8.000000
1.412109,-0.000000,-0.234375,0.000000,28.202015,8.000000
1.466797,-0.046875,-0.111328,0.000000,27.986506,8.000000
2.535156,-0.263672,1.212891,0.000000,29.380192,8.000000
2.599609,-0.267578,1.169922,0.000000,32.771507,8.000000
2.660156,-0.271484,1.134766,0.000000,32.016701,8.000000
0.041016,-0.033203,0.062500,0.000000,30.128372,8.000000
0.044922,-0.046875,0.103516,0.000000,29.003672,8.000000
1.113281,-0.515625,0.322266,0.000000,19.084850,8.000000
0.011719,-0.039062,-0.007812,0.000000,30.729847,9.000000
0.017578,-0.080078,-0.007812,0.000000,31.961761,9.000000
0.041016,-0.115234,-0.007812,0.000000,30.216026,9.000000
0.056641,-0.154297,0.005859,0.000000,25.477747,9.000000
0.355469,-0.080078,-1.214844,0.000000,21.931246,9.000000
0.326172,-0.041016,1.267578,0.000000,23.283796,9.000000
1.126953,-0.000000,-0.742188,0.000000,24.668676,9.000000
1.332031,-0.000000,-0.398438,0.000000,29.527924,9.000000
1.388672,-0.000000,-0.349609,0.000000,32.224564,9.000000
1.437500,-0.000000,-0.316406,0.000000,31.775366,9.000000
1.480469,0.046875,-0.312500,0.000000,28.122446,9.000000
2.541016,-0.263672,1.199219,0.000000,29.508514,9.000000
2.599609,-0.267578,1.171875,0.000000,32.780674,9.000000
2.654297,-0.181641,1.166016,0.000000,31.950689,9.000000
0.041016,-0.033203,0.062500,0.000000,30.128372,9.000000
0.044922,-0.046875,0.103516,0.000000,29.009130,9.000000
1.208984,0.357422,0.144531,0.000000,19.030899,9.000000
0.548828,0.615234,1.269531,0.000000,25.751879,9.000000
0.011719,-0.039062,-0.007812,0.000000,30.737183,10.000000
0.017578,-0.080078,-0.007812,0.000000,31.964525,10.000000
0.029297,-0.119141,-0.005859,0.000000,30.216026,10.000000
0.056641,-0.154297,0.005859,0.000000,25.490032,10.000000
0.359375,-0.080078,-1.212891,0.000000,21.875208,10.000000
0.177734,-0.041016,1.296875,0.000000,23.201464,10.000000
0.898438,0.042969,1.007812,0.000000,18.750612,10.000000
1.380859,-0.130859,-0.099609,0.000000,25.171959,10.000000
1.531250,-0.242188,-0.121094,0.000000,24.983105,10.000000
2.556641,-0.263672,1.164062,0.000000,29.439888,10.000000
2.605469,-0.267578,1.156250,0.000000,32.773800,10.000000
2.660156,-0.181641,1.152344,0.000000,31.953461,10.000000
4.373047,-0.287109,1.333984,0.000000,29.498777,10.000000
4.410156,-0.289062,1.353516,0.000000,29.334873,10.000000
1.427734,0.091797,-0.349609,0.614669,26.998377,10.000000
1.412109,-0.134766,-0.199219,-0.614669,27.168377,10.000000
1.460938,-0.138672,-0.119141,-0.614669,27.641762,10.000000
1.505859,-0.142578,-0.048828,-0.614669,26.304279,10.000000
0.041016,-0.033203,0.062500,0.000000,30.128372,10.000000
0.044922,-0.046875,0.103516,0.000000,29.003672,10.000000
1.212891,0.357422,0.093750,0.000000,19.084850,10.000000
1.273438,-0.378906,-0.238281,0.000000,18.692318,10.000000
3.445312,-1.861328,-2.376953,0.000000,26.532125,10.000000
0.011719,-0.039062,-0.007812,0.000000,30.729847,11.000000
0.017578,-0.080078,-0.007812,0.000000,31.961761,11.000000
0.041016,-0.115234,-0.007812,0.000000,30.211893,11.000000
0.056641,-0.154297,0.005859,0.000000,25.477747,11.000000
0.406250,-0.080078,-1.199219,0.000000,21.875208,11.000000
0.199219,-0.041016,1.292969,0.000000,23.201464,11.000000
0.558594,-0.000000,-1.228516,0.000000,20.934217,11.000000
1.380859,-0.000000,-0.164062,0.000000,23.304138,11.000000
1.419922,-0.000000,-0.189453,0.000000,28.779470,11.000000
1.451172,-0.000000,-0.250000,0.000000,29.090208,11.000000
1.470703,-0.000000,-0.355469,0.000000,24.471581,11.000000
2.542969,-0.263672,1.195312,0.000000,29.314579,11.000000
2.603516,-0.267578,1.160156,0.000000,32.730011,11.000000
2.666016,-0.271484,1.121094,0.000000,31.942368,11.000000
4.421875,-0.287109,1.166016,0.000000,31.277525,11.000000
4.472656,-0.289062,1.126953,0.000000,30.813473,11.000000
1.527344,0.306641,-0.500000,-0.614669,24.828735,11.000000
1.587891,0.261719,-0.474609,-0.614669,27.067179,11.000000
1.626953,0.322266,-0.449219,-0.614669,26.095943,11.000000
0.041016,-0.033203,0.062500,0.000000,30.132587,11.000000
