0.060547,-0.082031,1.304688,0.000000,24.653828,0.000000
0.421875,-0.083984,-1.279297,0.000000,23.096302,0.000000
0.576172,-0.042969,-1.265625,0.000000,21.673174,0.000000
1.656250,-0.000000,-0.263672,0.000000,28.796692,0.000000
1.707031,-0.000000,-0.191406,0.000000,31.373541,0.000000
1.751953,-0.000000,-0.164062,0.000000,30.549959,0.000000
1.785156,0.056641,-0.220703,0.000000,26.532125,0.000000
2.615234,-0.175781,1.048828,0.000000,29.079485,0.000000
2.658203,-0.179688,1.048828,0.000000,32.185356,0.000000
2.753906,-0.089844,0.919922,0.000000,31.218880,0.000000
0.041016,-0.033203,0.062500,0.000000,30.094509,0.000000
0.044922,-0.046875,0.103516,0.000000,29.009130,0.000000
0.011719,-0.039062,-0.007812,0.000000,30.644581,1.000000
0.017578,-0.080078,-0.007812,0.000000,31.897709,1.000000
0.029297,-0.119141,-0.005859,0.000000,30.111473,1.000000
0.056641,-0.154297,0.005859,0.000000,25.440680,1.000000
0.160156,-0.080078,1.255859,0.000000,23.138672,1.000000
0.046875,-0.082031,1.304688,0.000000,24.653828,1.000000
0.408203,-0.083984,-1.283203,0.000000,23.096302,1.000000
0.554688,-0.042969,-1.275391,0.000000,21.702618,1.000000
1.716797,0.052734,-0.046875,0.000000,26.989700,1.000000
1.753906,0.109375,0.054688,0.000000,26.031445,1.000000
2.615234,-0.175781,1.044922,0.000000,29.003672,1.000000
2.658203,-0.179688,1.050781,0.000000,32.129864,1.000000
2.755859,-0.089844,0.914062,0.000000,31.185953,1.000000
0.041016,-0.033203,0.062500,0.000000,30.090258,1.000000
0.044922,-0.046875,0.103516,0.000000,29.009130,1.000000
0.011719,-0.039062,-0.007812,0.000000,30.655798,2.000000
0.017578,-0.080078,-0.007812,0.000000,31.903316,2.000000
0.029297,-0.119141,-0.005859,0.000000,30.115704,2.000000
0.056641,-0.154297,0.005859,0.000000,25.453072,2.000000
0.128906,-0.080078,1.259766,0.000000,23.117538,2.000000
0.060547,-0.082031,1.304688,0.000000,24.608978,2.000000
0.408203,-0.083984,-1.283203,0.000000,23.053514,2.000000
0.531250,-0.042969,-1.285156,0.000000,21.673174,2.000000
1.710938,0.107422,-0.125000,0.000000,28.034571,2.000000
1.753906,0.054688,-0.121094,0.000000,27.481880,2.000000
2.609375,-0.175781,1.062500,0.000000,29.041744,2.000000
2.685547,-0.089844,0.988281,0.000000,32.140488,2.000000
2.746094,-0.089844,0.939453,0.000000,31.205740,2.000000
0.041016,-0.033203,0.062500,0.000000,30.090258,2.000000
0.044922,-0.046875,0.103516,0.000000,29.003672,2.000000
0.011719,-0.039062,-0.007812,0.000000,30.652061,3.000000
0.017578,-0.080078,-0.007812,0.000000,31.900515,3.000000
0.029297,-0.119141,-0.005859,0.000000,30.115704,3.000000
0.056641,-0.154297,0.005859,0.000000,25.440680,3.000000
0.064453,-0.080078,1.263672,0.000000,23.138672,3.000000
0.412109,-0.083984,-1.283203,0.000000,23.096302,3.000000
0.566406,-0.042969,-1.269531,0.000000,21.643528,3.000000
1.716797,-0.000000,-0.052734,0.000000,26.434526,3.000000
1.750000,-0.000000,0.179688,0.000000,26.424644,3.000000
2.609375,-0.175781,1.062500,0.000000,29.014584,3.000000
2.687500,-0.089844,0.982422,0.000000,32.132519,3.000000
2.753906,-0.089844,0.917969,0.000000,31.199154,3.000000
0.041016,-0.033203,0.062500,0.000000,30.094509,3.000000
0.044922,-0.046875,0.103516,0.000000,29.009130,3.000000
0.011719,-0.039062,-0.007812,0.000000,30.648323,4.000000
0.017578,-0.080078,-0.007812,0.000000,31.903316,4.000000
0.029297,-0.119141,-0.003906,0.000000,30.115704,4.000000
0.056641,-0.154297,0.007812,0.000000,25.440680,4.000000
0.140625,-0.080078,1.257812,0.000000,23.159704,4.000000
0.414062,-0.083984,-1.281250,0.000000,23.096302,4.000000
0.572266,-0.042969,-1.267578,0.000000,21.731863,4.000000
1.673828,-0.000000,-0.107422,0.000000,27.442930,4.000000
1.714844,0.052734,-0.087891,0.000000,28.169039,4.000000
1.757812,-0.000000,-0.076172,0.000000,26.522463,4.000000
2.623047,-0.175781,1.025391,0.000000,29.159271,4.000000
2.664062,-0.179688,1.031250,0.000000,32.224564,4.000000
2.757812,-0.089844,0.906250,0.000000,31.238516,4.000000
0.041016,-0.033203,0.062500,0.000000,30.086002,4.000000
0.044922,-0.046875,0.103516,0.000000,29.009130,4.000000
0.011719,-0.039062,-0.007812,0.000000,30.648323,5.000000
0.017578,-0.080078,-0.007812,0.000000,31.900515,5.000000
0.029297,-0.119141,-0.005859,0.000000,30.111473,5.000000
0.056641,-0.154297,0.007812,0.000000,25.428255,5.000000
0.158203,-0.080078,1.255859,0.000000,23.138672,5.000000
0.410156,-0.083984,-1.283203,0.000000,23.053514,5.000000
1.664062,-0.052734,-0.197266,0.000000,26.106602,5.000000
1.716797,0.052734,-0.042969,0.000000,27.656685,5.000000
1.755859,0.109375,0.019531,0.000000,27.860413,5.000000
2.625000,-0.175781,1.023438,0.000000,29.201233,5.000000
2.667969,-0.179688,1.023438,0.000000,32.268578,5.000000
2.763672,-0.089844,0.890625,0.000000,31.300119,5.000000
1.746094,-0.000000,0.441406,0.614669,25.954962,5.000000
1.763672,0.113281,-0.343750,-0.614669,25.751879,5.000000
0.041016,-0.033203,0.062500,0.000000,30.090258,5.000000
0.044922,-0.046875,0.103516,0.000000,29.009130,5.000000
0.775391,0.576172,1.371094,0.000000,23.117538,5.000000
0.011719,-0.039062,-0.007812,0.000000,30.644581,6.000000
0.017578,-0.080078,-0.007812,0.000000,31.897709,6.000000
0.029297,-0.119141,-0.005859,0.000000,30.107239,6.000000
0.056641,-0.154297,0.005859,0.000000,25.415792,6.000000
0.197266,-0.080078,1.250000,0.000000,23.117538,6.000000
0.019531,-0.082031,1.306641,0.000000,24.653828,6.000000
0.423828,-0.083984,-1.279297,0.000000,23.096302,6.000000
0.578125,-0.042969,-1.263672,0.000000,21.731863,6.000000
1.677734,-0.000000,0.023438,0.000000,30.519239,6.000000
1.716797,0.052734,0.046875,0.000000,31.699682,6.000000
1.755859,0.109375,0.037109,0.000000,28.609365,6.000000
2.636719,-0.175781,0.990234,0.000000,29.334873,6.000000
2.699219,-0.089844,0.951172,0.000000,32.355286,6.000000
2.759766,-0.089844,0.902344,0.000000,31.322598,6.000000
4.912109,-0.308594,0.515625,0.000000,30.111473,6.000000
0.041016,-0.033203,0.062500,0.000000,30.086002,6.000000
0.044922,-0.046875,0.103516,0.000000,29.003672,6.000000
1.673828,0.105469,0.009766,0.000000,30.499929,6.000000
0.011719,-0.039062,-0.007812,0.000000,30.652061,7.000000
0.017578,-0.080078,-0.007812,0.000000,31.900515,7.000000
0.029297,-0.119141,-0.005859,0.000000,30.111473,7.000000
0.056641,-0.154297,0.005859,0.000000,25.453072,7.000000
0.121094,-0.080078,1.259766,0.000000,23.138672,7.000000
0.054688,-0.082031,-1.304688,0.000000,24.653828,7.000000
0.443359,-0.083984,-1.271484,0.000000,23.117538,7.000000
0.582031,-0.042969,-1.261719,0.000000,21.760912,7.000000
1.673828,0.052734,-0.107422,0.000000,27.693773,7.000000
1.714844,0.052734,-0.099609,0.000000,28.549129,7.000000
2.621094,-0.175781,1.031250,0.000000,28.733206,7.000000
2.664062,-0.179688,1.033203,0.000000,31.950689,7.000000
2.763672,-0.089844,0.886719,0.000000,30.982975,7.000000
4.388672,-0.287109,1.285156,0.000000,29.041744,7.000000
1.650391,0.605469,-0.048828,1.229337,25.365585,7.000000
1.666016,0.675781,-0.099609,1.229337,21.875208,7.000000
1.923828,-0.437500,0.347656,1.229337,22.455126,7.000000
0.009766,0.031250,0.025391,0.000000,29.268568,7.000000
0.041016,-0.033203,0.062500,0.000000,30.086002,7.000000
0.044922,-0.046875,0.103516,0.000000,29.003672,7.000000
0.705078,-0.000000,1.656250,1.229337,19.590414,7.000000
0.458984,0.437500,-1.900391,1.229337,21.398790,7.000000
0.011719,-0.039062,-0.007812,0.000000,30.652061,8.000000
0.017578,-0.080078,-0.007812,0.000000,31.900515,8.000000
0.029297,-0.119141,-0.005859,0.000000,30.111473,8.000000
0.056641,-0.154297,0.005859,0.000000,25.440680,8.000000
0.078125,-0.080078,1.263672,0.000000,23.138672,8.000000
0.070312,-0.082031,-1.304688,0.000000,24.638929,8.000000
0.457031,-0.083984,-1.267578,0.000000,23.074961,8.000000
0.578125,-0.042969,-1.263672,0.000000,21.702618,8.000000
1.673828,0.105469,0.015625,0.000000,27.505083,8.000000
1.708984,0.160156,0.042969,0.000000,27.419392,8.000000
1.744141,0.109375,0.205078,0.000000,27.387806,8.000000
1.783203,0.056641,0.242188,0.000000,28.639174,8.000000
1.832031,0.056641,0.175781,0.000000,26.434526,8.000000
2.638672,-0.175781,0.988281,0.000000,29.405165,8.000000
2.671875,-0.179688,1.017578,0.000000,32.595940,8.000000
2.759766,-0.089844,0.898438,0.000000,31.699682,8.000000
4.425781,-0.142578,1.173828,0.000000,30.265333,8.000000
4.455078,-0.144531,1.222656,0.000000,29.498777,8.000000
1.599609,0.714844,0.154297,1.844006,21.205740,8.000000
1.636719,0.730469,0.152344,1.844006,22.764618,8.000000
1.671875,0.748047,0.187500,1.844006,21.238516,8.000000
0.041016,-0.033203,0.062500,0.000000,30.090258,8.000000
0.044922,-0.046875,0.103516,0.000000,29.009130,8.000000
1.654297,-0.804688,-0.058594,1.844006,18.750612,8.000000
0.011719,-0.039062,-0.007812,0.000000,30.644581,9.000000
0.017578,-0.080078,-0.007812,0.000000,31.897709,9.000000
0.029297,-0.119141,-0.005859,0.000000,30.111473,9.000000
0.056641,-0.154297,0.007812,0.000000,25.453072,9.000000
0.189453,-0.080078,1.251953,0.000000,23.138672,9.000000
0.431641,-0.083984,-1.275391,0.000000,23.117538,9.000000
0.574219,-0.042969,-1.265625,0.000000,21.702618,9.000000
1.675781,0.052734,0.062500,0.000000,28.007172,9.000000
1.708984,0.107422,0.148438,0.000000,27.693773,9.000000
1.742188,0.056641,0.451172,0.000000,28.088860,9.000000
2.625000,-0.175781,1.023438,0.000000,29.122221,9.000000
2.662109,-0.179688,1.039062,0.000000,32.265999,9.000000
2.761719,-0.089844,0.894531,0.000000,31.228710,9.000000
4.425781,-0.142578,1.177734,0.000000,30.748165,9.000000
4.462891,-0.144531,1.191406,0.000000,30.021660,9.000000
4.900391,-0.308594,0.617188,0.000000,29.951963,9.000000
1.693359,-0.689453,0.205078,1.844006,21.038036,9.000000
1.734375,-0.705078,0.181641,1.844006,22.253094,9.000000
1.796875,-0.660156,0.169922,1.844006,20.934217,9.000000
0.041016,-0.033203,0.062500,0.000000,30.086002,9.000000
0.044922,-0.046875,0.103516,0.000000,29.003672,9.000000
1.736328,-0.056641,0.470703,0.000000,28.082109,9.000000
1.640625,0.804688,0.224609,1.844006,19.912260,9.000000
1.755859,0.781250,0.031250,1.844006,18.920946,9.000000
0.011719,-0.039062,-0.007812,0.000000,30.648323,10.000000
0.017578,-0.080078,-0.007812,0.000000,31.900515,10.000000
0.029297,-0.119141,-0.005859,0.000000,30.111473,10.000000
0.056641,-0.154297,0.005859,0.000000,25.453072,10.000000
0.150391,-0.080078,1.255859,0.000000,23.096302,10.000000
0.427734,-0.083984,-1.277344,0.000000,23.074961,10.000000
0.582031,-0.042969,-1.261719,0.000000,21.673174,10.000000
1.742188,0.109375,-0.222656,0.000000,27.649229,10.000000
1.796875,0.056641,-0.103516,0.000000,27.185017,10.000000
2.628906,-0.175781,1.013672,0.000000,29.242792,10.000000
2.697266,-0.089844,0.958984,0.000000,32.390491,10.000000
2.761719,-0.089844,0.894531,0.000000,31.486027,10.000000
4.412109,-0.142578,1.224609,0.000000,30.402067,10.000000
4.451172,-0.144531,1.240234,0.000000,29.740509,10.000000
4.904297,-0.308594,0.595703,0.000000,30.877813,10.000000
1.767578,0.587891,0.265625,0.614669,28.937618,10.000000
1.806641,0.601562,0.261719,0.614669,29.813656,10.000000
1.843750,0.613281,0.275391,0.614669,27.015680,10.000000
0.041016,-0.033203,0.062500,0.000000,30.086002,10.000000
0.046875,-0.046875,0.103516,0.000000,29.003672,10.000000
0.011719,-0.039062,-0.007812,0.000000,30.648323,11.000000
0.017578,-0.080078,-0.007812,0.000000,31.900515,11.000000
0.029297,-0.119141,-0.005859,0.000000,30.115704,11.000000
0.056641,-0.154297,0.005859,0.000000,25.453072,11.000000
0.115234,-0.080078,1.259766,0.000000,23.117538,11.000000
0.431641,-0.083984,-1.275391,0.000000,23.117538,11.000000
0.585938,-0.042969,-1.261719,0.000000,21.731863,11.000000
2.646484,-0.175781,0.964844,0.000000,28.987251,11.000000
2.699219,-0.089844,0.951172,0.000000,32.111206,11.000000
2.755859,-0.089844,0.912109,0.000000,31.089031,11.000000
4.392578,-0.142578,1.292969,0.000000,29.982594,11.000000
4.447266,-0.144531,1.253906,0.000000,29.169800,11.000000
4.900391,-0.308594,0.628906,0.000000,30.867157,11.000000
4.951172,-0.623047,0.035156,0.000000,29.585638,11.000000
1.781250,0.601562,0.402344,0.614669,27.767012,11.000000
1.800781,0.613281,0.488281,0.614669,26.483601,11.000000
0.041016,-0.033203,0.062500,0.000000,30.086002,11.000000
0.044922,-0.046875,0.103516,0.000000,29.003672,11.000000
0.011719,-0.039062,-0.007812,0.000000,30.655798,12.000000
0.017578,-0.080078,-0.007812,0.000000,31.900515,12.000000
0.029297,-0.119141,-0.005859,0.000000,30.115704,12.000000
0.056641,-0.154297,0.005859,0.000000,25.453072,12.000000
0.179688,-0.080078,1.251953,0.000000,23.117538,12.000000
0.017578,-0.082031,1.306641,0.000000,24.638929,12.000000
0.433594,-0.083984,-1.275391,0.000000,23.096302,12.000000
0.580078,-0.042969,-1.263672,0.000000,21.702618,12.000000
2.621094,-0.175781,1.031250,0.000000,28.662874,12.000000
2.664062,-0.179688,1.033203,0.000000,31.945143,12.000000
2.751953,-0.089844,0.925781,0.000000,31.027765,12.000000
4.406250,-0.287109,1.220703,0.000000,28.954226,12.000000
4.902344,-0.308594,0.615234,0.000000,30.132587,12.000000
4.951172,-0.623047,-0.005859,0.000000,29.132839,12.000000
0.041016,-0.033203,0.062500,0.000000,30.090258,12.000000
0.044922,-0.046875,0.103516,0.000000,29.009130,12.000000
4.902344,-0.935547,0.039062,0.000000,29.100906,12.000000
0.011719,-0.039062,-0.007812,0.000000,30.652061,13.000000
0.017578,-0.080078,-0.007812,0.000000,31.900515,13.000000
0.029297,-0.119141,-0.005859,0.000000,30.115704,13.000000
0.056641,-0.154297,0.005859,0.000000,25.440680,13.000000
0.142578,-0.080078,1.257812,0.000000,23.138672,13.000000
0.431641,-0.083984,-1.275391,0.000000,23.096302,13.000000
0.580078,-0.042969,-1.263672,0.000000,21.702618,13.000000
1.716797,0.052734,-0.003906,0.000000,30.322157,13.000000
1.759766,-0.000000,-0.017578,0.000000,30.141003,13.000000
2.623047,-0.175781,1.027344,0.000000,28.915375,13.000000
2.697266,-0.089844,0.957031,0.000000,32.140488,13.000000
2.765625,-0.089844,0.884766,0.000000,31.228710,13.000000
4.904297,-0.308594,0.593750,0.000000,29.898945,13.000000
0.041016,-0.033203,0.062500,0.000000,30.090258,13.000000
0.044922,-0.046875,0.103516,0.000000,28.998205,13.000000
0.011719,-0.039062,-0.007812,0.000000,30.644581,14.000000
0.017578,-0.080078,-0.007812,0.000000,31.897709,14.000000
0.029297,-0.119141,-0.005859,0.000000,30.115704,14.000000
0.056641,-0.154297,0.007812,0.000000,25.440680,14.000000
0.162109,-0.080078,1.255859,0.000000,23.096302,14.000000
0.435547,-0.083984,-1.275391,0.000000,23.053514,14.000000
1.705078,0.107422,-0.181641,0.000000,29.982594,14.000000
1.751953,0.109375,-0.123047,0.000000,29.547249,14.000000
2.623047,-0.175781,1.025391,0.000000,29.036325,14.000000
2.693359,-0.089844,0.966797,0.000000,32.164299,14.000000
