0.011719,-0.039062,-0.007812,0.000000,30.637085,0.000000
0.017578,-0.080078,-0.007812,0.000000,31.897709,0.000000
0.029297,-0.119141,-0.005859,0.000000,30.132587,0.000000
0.056641,-0.154297,0.005859,0.000000,25.440680,0.000000
0.458984,-0.083984,-1.267578,0.000000,23.096302,0.000000
0.742188,-0.042969,-1.175781,0.000000,22.041201,0.000000
1.355469,-0.000000,-0.460938,0.000000,25.171959,0.000000
1.457031,-0.000000,-0.214844,0.000000,31.251558,0.000000
1.503906,-0.000000,-0.175781,0.000000,33.354580,0.000000
1.544922,-0.000000,-0.166016,0.000000,32.255676,0.000000
1.572266,-0.000000,-0.265625,0.000000,28.048206,0.000000
1.558594,-0.408203,0.287109,0.000000,27.041506,0.000000
2.636719,-0.175781,0.988281,0.000000,29.068735,0.000000
2.695312,-0.089844,0.960938,0.000000,32.164299,0.000000
2.736328,-0.181641,0.955078,0.000000,31.122698,0.000000
4.412109,-0.142578,1.224609,0.000000,30.115704,0.000000
4.449219,-0.144531,1.244141,0.000000,29.836264,0.000000
0.009766,0.031250,0.025391,0.000000,29.294189,0.000000
0.041016,-0.033203,0.062500,0.000000,30.094509,0.000000
0.044922,-0.046875,0.103516,0.000000,28.987251,0.000000
1.238281,-0.548828,0.843750,0.000000,27.259117,0.000000
2.777344,-0.000000,0.849609,0.000000,31.092409,0.000000
0.011719,-0.039062,-0.007812,0.000000,30.633333,1.000000
0.017578,-0.080078,-0.007812,0.000000,31.900515,1.000000
0.029297,-0.119141,-0.005859,0.000000,30.141003,1.000000
0.056641,-0.154297,0.005859,0.000000,25.453072,1.000000
0.126953,-0.080078,1.259766,0.000000,23.117538,1.000000
0.046875,-0.082031,-1.304688,0.000000,24.623980,1.000000
0.439453,-0.083984,-1.273438,0.000000,23.074961,1.000000
1.416016,0.089844,0.187500,0.000000,22.787537,1.000000
1.455078,0.138672,-0.185547,0.000000,27.151674,1.000000
2.601562,-0.175781,1.082031,0.000000,29.074114,1.000000
2.683594,-0.089844,0.992188,0.000000,32.166935,1.000000
2.763672,-0.000000,0.896484,0.000000,31.095785,1.000000
1.621094,0.314453,0.298828,0.614669,28.591383,1.000000
1.619141,0.429688,0.378906,0.614669,28.750612,1.000000
1.666016,0.384766,0.414062,0.614669,26.512779,1.000000
1.474609,0.093750,-0.326172,-0.614669,27.512791,1.000000
0.009766,0.031250,0.025391,0.000000,29.309490,1.000000
0.041016,-0.033203,0.062500,0.000000,30.090258,1.000000
0.044922,-0.046875,0.103516,0.000000,28.981766,1.000000
0.773438,-0.367188,1.197266,0.000000,24.361626,1.000000
2.718750,-0.181641,1.003906,0.000000,31.085649,1.000000
0.011719,-0.039062,-0.007812,0.000000,30.629578,2.000000
0.017578,-0.080078,-0.007812,0.000000,31.900515,2.000000
0.029297,-0.119141,-0.005859,0.000000,30.141003,2.000000
0.056641,-0.154297,0.007812,0.000000,25.453072,2.000000
0.087891,-0.080078,1.261719,0.000000,23.096302,2.000000
0.117188,-0.082031,-1.300781,0.000000,24.608978,2.000000
0.427734,-0.083984,-1.277344,0.000000,23.053514,2.000000
0.349609,-0.087891,-1.343750,0.000000,21.003706,2.000000
1.388672,-0.000000,0.345703,0.000000,23.765770,2.000000
1.470703,0.046875,-0.031250,0.000000,28.756399,2.000000
1.507812,0.046875,-0.123047,0.000000,29.283958,2.000000
1.535156,0.097656,-0.222656,0.000000,26.314438,2.000000
1.574219,-0.250000,0.078125,0.000000,26.532125,2.000000
1.591797,-0.306641,0.220703,0.000000,27.075703,2.000000
1.632812,0.367188,0.119141,0.000000,28.426092,2.000000
1.664062,0.375000,0.208984,0.000000,29.273705,2.000000
1.679688,0.439453,0.285156,0.000000,26.693169,2.000000
2.626953,-0.175781,1.019531,0.000000,28.965261,2.000000
2.695312,-0.089844,0.962891,0.000000,32.216751,2.000000
2.777344,-0.000000,0.851562,0.000000,31.189257,2.000000
0.009766,0.031250,0.025391,0.000000,29.299295,2.000000
0.041016,-0.033203,0.062500,0.000000,30.086002,2.000000
0.046875,-0.046875,0.103516,0.000000,28.981766,2.000000
1.617188,0.205078,-0.138672,0.000000,25.051500,2.000000
1.503906,-0.261719,0.695312,0.000000,25.865873,2.000000
2.736328,-0.181641,0.958984,0.000000,31.182648,2.000000
0.675781,-0.746094,-1.919922,-1.229337,20.334238,2.000000
0.011719,-0.039062,-0.007812,0.000000,30.637085,3.000000
0.017578,-0.080078,-0.007812,0.000000,31.897709,3.000000
0.029297,-0.119141,-0.005859,0.000000,30.136797,3.000000
0.056641,-0.154297,0.005859,0.000000,25.440680,3.000000
0.136719,-0.080078,1.257812,0.000000,23.074961,3.000000
0.046875,-0.082031,1.304688,0.000000,24.593925,3.000000
0.417969,-0.083984,-1.281250,0.000000,23.053514,3.000000
0.796875,-0.042969,-1.138672,0.000000,22.041201,3.000000
1.296875,-0.044922,-0.603516,0.000000,25.390760,3.000000
1.470703,-0.046875,-0.054688,0.000000,28.881796,3.000000
1.511719,-0.046875,0.019531,0.000000,29.740509,3.000000
1.552734,-0.048828,0.060547,0.000000,28.585373,3.000000
1.580078,0.050781,0.214844,0.000000,27.745171,3.000000
1.601562,0.255859,0.218750,0.000000,28.948696,3.000000
1.628906,0.367188,0.156250,0.000000,31.248301,3.000000
1.666016,0.375000,0.185547,0.000000,31.142773,3.000000
1.685547,0.439453,0.240234,0.000000,27.817554,3.000000
2.619141,-0.175781,1.035156,0.000000,29.185545,3.000000
2.687500,-0.089844,0.984375,0.000000,32.203697,3.000000
2.767578,-0.000000,0.878906,0.000000,31.109262,3.000000
4.855469,1.597656,0.089844,0.000000,28.149132,3.000000
0.009766,0.031250,0.025391,0.000000,29.304396,3.000000
0.041016,-0.033203,0.062500,0.000000,30.086002,3.000000
0.044922,-0.046875,0.103516,0.000000,28.987251,3.000000
1.486328,-0.498047,-0.291016,0.000000,26.473829,3.000000
1.582031,-0.408203,-0.064453,0.000000,27.291647,3.000000
2.724609,-0.181641,0.990234,0.000000,31.102530,3.000000
0.011719,-0.039062,-0.007812,0.000000,30.629578,4.000000
0.017578,-0.080078,-0.007812,0.000000,31.894903,4.000000
0.029297,-0.119141,-0.005859,0.000000,30.128372,4.000000
0.056641,-0.154297,0.005859,0.000000,25.428255,4.000000
0.160156,-0.080078,1.255859,0.000000,23.138672,4.000000
0.025391,-0.082031,1.306641,0.000000,24.653828,4.000000
0.425781,-0.083984,-1.277344,0.000000,23.138672,4.000000
0.798828,-0.042969,-1.136719,0.000000,21.760912,4.000000
1.470703,-0.000000,0.087891,0.000000,25.037907,4.000000
1.513672,-0.000000,-0.023438,0.000000,28.061800,4.000000
1.537109,0.048828,-0.226562,0.000000,26.893089,4.000000
1.564453,-0.298828,0.103516,0.000000,27.979597,4.000000
1.591797,-0.306641,0.228516,0.000000,29.268568,4.000000
1.636719,0.367188,0.039062,0.000000,29.344984,4.000000
1.673828,0.375000,0.107422,0.000000,28.388491,4.000000
2.626953,-0.175781,1.017578,0.000000,29.030899,4.000000
2.695312,-0.089844,0.964844,0.000000,32.224564,4.000000
2.775391,-0.000000,0.857422,0.000000,31.146111,4.000000
0.009766,0.031250,0.025391,0.000000,29.299295,4.000000
0.041016,-0.033203,0.062500,0.000000,30.094509,4.000000
0.044922,-0.046875,0.103516,0.000000,28.992731,4.000000
0.578125,0.630859,1.296875,0.000000,25.634811,4.000000
1.587891,0.306641,-0.251953,0.000000,27.604225,4.000000
1.519531,-0.261719,0.658203,0.000000,27.860413,4.000000
1.080078,-0.214844,1.318359,0.000000,25.658478,4.000000
2.734375,-0.181641,0.960938,0.000000,31.129400,4.000000
0.011719,-0.039062,-0.007812,0.000000,30.640835,5.000000
0.017578,-0.080078,-0.007812,0.000000,31.897709,5.000000
0.029297,-0.119141,-0.005859,0.000000,30.136797,5.000000
0.056641,-0.154297,0.005859,0.000000,25.453072,5.000000
0.144531,-0.080078,1.257812,0.000000,23.074961,5.000000
0.101562,-0.082031,1.302734,0.000000,24.608978,5.000000
0.367188,-0.083984,-1.296875,0.000000,23.117538,5.000000
1.144531,-0.042969,-0.789062,0.000000,24.456041,5.000000
1.402344,-0.000000,-0.287109,0.000000,29.647308,5.000000
1.464844,-0.046875,-0.152344,0.000000,32.506638,5.000000
1.509766,-0.046875,-0.105469,0.000000,31.986570,5.000000
1.548828,-0.097656,-0.076172,0.000000,26.354837,5.000000
1.509766,-0.398438,0.324219,0.000000,27.299744,5.000000
1.625000,0.154297,-0.117188,0.000000,28.609365,5.000000
1.656250,0.261719,0.001953,0.000000,29.804579,5.000000
1.675781,0.375000,0.021484,0.000000,28.932068,5.000000
1.669922,0.548828,0.080078,0.000000,26.483601,5.000000
2.615234,-0.175781,1.046875,0.000000,29.047155,5.000000
2.689453,-0.089844,0.976562,0.000000,32.177471,5.000000
2.730469,-0.181641,0.970703,0.000000,31.065308,5.000000
0.009766,0.031250,0.025391,0.000000,29.299295,5.000000
0.041016,-0.033203,0.062500,0.000000,30.086002,5.000000
0.044922,-0.046875,0.103516,0.000000,28.976271,5.000000
1.570312,0.050781,-0.271484,0.000000,26.053051,5.000000
1.490234,-0.408203,0.541016,0.000000,27.435097,5.000000
2.773438,-0.000000,0.861328,0.000000,31.044870,5.000000
0.011719,-0.039062,-0.007812,0.000000,30.633333,6.000000
0.017578,-0.080078,-0.007812,0.000000,31.900515,6.000000
0.029297,-0.119141,-0.005859,0.000000,30.141003,6.000000
0.056641,-0.154297,0.005859,0.000000,25.440680,6.000000
0.431641,-0.083984,-1.277344,0.000000,23.074961,6.000000
0.718750,-0.042969,-1.189453,0.000000,22.648178,6.000000
1.386719,-0.044922,-0.355469,0.000000,25.763414,6.000000
1.468750,-0.046875,-0.082031,0.000000,28.750612,6.000000
1.511719,-0.046875,0.033203,0.000000,30.094509,6.000000
1.548828,-0.048828,0.126953,0.000000,30.170334,6.000000
1.587891,-0.099609,0.119141,0.000000,29.493900,6.000000
1.625000,-0.154297,-0.109375,0.000000,27.323938,6.000000
2.623047,-0.175781,1.027344,0.000000,29.057959,6.000000
2.693359,-0.089844,0.968750,0.000000,32.216751,6.000000
2.775391,-0.000000,0.853516,0.000000,31.182648,6.000000
0.009766,0.031250,0.025391,0.000000,29.299295,6.000000
0.041016,-0.033203,0.062500,0.000000,30.090258,6.000000
0.046875,-0.046875,0.103516,0.000000,28.987251,6.000000
2.734375,-0.181641,0.960938,0.000000,31.156105,6.000000
0.011719,-0.039062,-0.007812,0.000000,30.637085,7.000000
0.017578,-0.080078,-0.007812,0.000000,31.897709,7.000000
0.029297,-0.119141,-0.005859,0.000000,30.132587,7.000000
0.056641,-0.154297,0.005859,0.000000,25.428255,7.000000
0.126953,-0.080078,1.259766,0.000000,23.053514,7.000000
0.056641,-0.082031,1.304688,0.000000,24.608978,7.000000
0.419922,-0.083984,-1.279297,0.000000,23.031961,7.000000
1.417969,-0.044922,-0.199219,0.000000,24.116198,7.000000
1.468750,-0.046875,0.089844,0.000000,29.454685,7.000000
1.505859,-0.046875,0.148438,0.000000,30.962147,7.000000
1.544922,-0.048828,0.156250,0.000000,30.293839,7.000000
1.589844,-0.050781,0.126953,0.000000,27.067179,7.000000
1.615234,0.255859,-0.017578,0.000000,26.020599,7.000000
1.646484,0.314453,-0.042969,0.000000,28.639174,7.000000
1.673828,0.375000,-0.107422,0.000000,28.350561,7.000000
2.613281,-0.175781,1.050781,0.000000,29.052561,7.000000
2.689453,-0.089844,0.976562,0.000000,32.190605,7.000000
2.730469,-0.181641,0.974609,0.000000,31.152777,7.000000
0.009766,0.031250,0.025391,0.000000,29.304396,7.000000
0.041016,-0.033203,0.062500,0.000000,30.090258,7.000000
0.046875,-0.046875,0.103516,0.000000,28.987251,7.000000
1.279297,-0.535156,-0.703125,0.000000,27.641762,7.000000
1.103516,-0.306641,1.167969,0.000000,24.393328,7.000000
2.771484,-0.000000,0.865234,0.000000,31.129400,7.000000
0.011719,-0.039062,-0.007812,0.000000,30.640835,8.000000
0.017578,-0.080078,-0.007812,0.000000,31.897709,8.000000
0.029297,-0.119141,-0.005859,0.000000,30.136797,8.000000
0.056641,-0.154297,0.005859,0.000000,25.440680,8.000000
0.132812,-0.080078,1.257812,0.000000,23.096302,8.000000
0.431641,-0.083984,-1.277344,0.000000,23.117538,8.000000
1.337891,-0.267578,0.433594,0.000000,21.789770,8.000000
1.472656,-0.046875,-0.007812,0.000000,27.168377,8.000000
1.511719,-0.000000,-0.082031,0.000000,28.621313,8.000000
1.548828,-0.000000,-0.142578,0.000000,27.242758,8.000000
1.544922,-0.199219,-0.345703,0.000000,26.344772,8.000000
2.609375,-0.175781,1.060547,0.000000,28.893017,8.000000
2.689453,-0.089844,0.980469,0.000000,32.121876,8.000000
2.767578,-0.000000,0.882812,0.000000,30.982975,8.000000
0.009766,0.031250,0.025391,0.000000,29.299295,8.000000
0.041016,-0.033203,0.062500,0.000000,30.094509,8.000000
0.044922,-0.046875,0.103516,0.000000,28.992731,8.000000
1.271484,0.224609,-0.619141,0.000000,21.335388,8.000000
0.445312,1.046875,-1.119141,0.000000,23.502480,8.000000
2.722656,-0.181641,0.992188,0.000000,30.979511,8.000000
0.011719,-0.039062,-0.007812,0.000000,30.640835,9.000000
0.017578,-0.080078,-0.007812,0.000000,31.900515,9.000000
0.029297,-0.119141,-0.005859,0.000000,30.136797,9.000000
0.056641,-0.154297,0.005859,0.000000,25.440680,9.000000
0.142578,-0.080078,1.257812,0.000000,23.117538,9.000000
0.431641,-0.083984,-1.275391,0.000000,23.074961,9.000000
1.550781,-0.048828,-0.091797,0.000000,25.854607,9.000000
1.591797,-0.099609,-0.005859,0.000000,26.803354,9.000000
1.601562,0.429688,-0.447266,0.000000,26.919651,9.000000
2.607422,-0.175781,1.066406,0.000000,29.036325,9.000000
2.685547,-0.089844,0.986328,0.000000,32.177471,9.000000
2.769531,-0.000000,0.875000,0.000000,31.115986,9.000000
4.410156,-0.142578,1.230469,0.000000,28.375885,9.000000
1.468750,-0.091797,0.023438,-0.614669,24.712917,9.000000
1.513672,-0.000000,0.035156,-0.614669,25.237465,9.000000
0.009766,0.031250,0.025391,0.000000,29.309490,9.000000
0.041016,-0.033203,0.062500,0.000000,30.090258,9.000000
0.044922,-0.046875,0.103516,0.000000,28.981766,9.000000
0.404297,0.679688,1.337891,0.000000,24.014006,9.000000
2.726562,-0.181641,0.982422,0.000000,31.115986,9.000000
0.011719,-0.039062,-0.007812,0.000000,30.652061,10.000000
0.017578,-0.080078,-0.007812,0.000000,31.903316,10.000000
0.029297,-0.119141,-0.005859,0.000000,30.141003,10.000000
0.056641,-0.154297,0.005859,0.000000,25.453072,10.000000
0.167969,-0.080078,1.253906,0.000000,23.074961,10.000000
0.068359,-0.082031,-1.304688,0.000000,24.593925,10.000000
0.482422,-0.083984,-1.257812,0.000000,23.096302,10.000000
0.722656,-0.042969,-1.187500,0.000000,21.003706,10.000000
1.380859,-0.138672,-0.494141,0.000000,23.673559,10.000000
2.626953,-0.175781,1.019531,0.000000,29.074114,10.000000
2.691406,-0.089844,0.972656,0.000000,32.216751,10.000000
2.730469,-0.181641,0.972656,0.000000,31.176027,10.000000
4.419922,-0.142578,1.201172,0.000000,31.556396,10.000000
4.457031,-0.144531,1.218750,0.000000,31.309767,10.000000
0.009766,0.031250,0.025391,0.000000,29.304396,10.000000
0.041016,-0.033203,0.062500,0.000000,30.086002,10.000000
0.044922,-0.046875,0.103516,0.000000,28.987251,10.000000
2.769531,-0.000000,0.873047,0.000000,31.162756,10.000000
0.011719,-0.039062,-0.007812,0.000000,30.637085,11.000000
0.017578,-0.080078,-0.007812,0.000000,31.900515,11.000000
0.029297,-0.119141,-0.005859,0.000000,30.136797,11.000000
0.056641,-0.154297,0.005859,0.000000,25.453072,11.000000
0.175781,-0.080078,1.253906,0.000000,23.159704,11.000000
0.423828,-0.083984,-1.279297,0.000000,23.117538,11.000000
