0.011719,-0.039062,-0.007812,0.000000,30.644581,0.000000
0.017578,-0.080078,-0.007812,0.000000,31.903316,0.000000
0.029297,-0.119141,-0.005859,0.000000,30.119930,0.000000
0.056641,-0.154297,0.005859,0.000000,25.453072,0.000000
0.103516,-0.080078,1.261719,0.000000,23.138672,0.000000
0.439453,-0.083984,-1.273438,0.000000,23.074961,0.000000
0.587891,-0.042969,-1.259766,0.000000,21.673174,0.000000
1.837891,0.056641,-0.093750,0.000000,30.149403,0.000000
1.876953,0.117188,-0.064453,0.000000,30.236639,0.000000
1.917969,0.121094,0.076172,0.000000,27.678976,0.000000
2.613281,-0.175781,1.052734,0.000000,28.864906,0.000000
2.691406,-0.089844,0.972656,0.000000,32.073650,0.000000
2.755859,-0.089844,0.910156,0.000000,31.072100,0.000000
4.400391,-0.142578,1.265625,0.000000,29.400181,0.000000
4.425781,-0.144531,1.324219,0.000000,28.680563,0.000000
4.750000,-0.298828,-0.509766,0.000000,30.580462,0.000000
4.785156,-0.300781,-0.558594,0.000000,31.271048,0.000000
4.898438,-0.308594,0.636719,0.000000,30.542299,0.000000
4.929688,-0.779297,0.001953,0.000000,29.590414,0.000000
0.041016,-0.033203,0.062500,0.000000,30.090258,0.000000
0.044922,-0.046875,0.103516,0.000000,29.009130,0.000000
0.011719,-0.039062,-0.007812,0.000000,30.640835,1.000000
0.017578,-0.080078,-0.007812,0.000000,31.900515,1.000000
0.029297,-0.119141,-0.005859,0.000000,30.115704,1.000000
0.056641,-0.154297,0.005859,0.000000,25.440680,1.000000
0.136719,-0.080078,1.257812,0.000000,23.138672,1.000000
0.414062,-0.083984,-1.281250,0.000000,23.096302,1.000000
1.794922,0.056641,-0.128906,0.000000,28.561245,1.000000
1.833984,0.056641,-0.158203,0.000000,32.792107,1.000000
1.869141,0.058594,-0.208984,0.000000,32.909245,1.000000
1.876953,0.121094,-0.396484,0.000000,28.909796,1.000000
2.605469,-0.175781,1.074219,0.000000,28.987251,1.000000
2.687500,-0.089844,0.986328,0.000000,32.156376,1.000000
2.751953,-0.089844,0.925781,0.000000,31.189257,1.000000
4.414062,-0.142578,1.220703,0.000000,29.745117,1.000000
4.445312,-0.144531,1.257812,0.000000,28.943161,1.000000
4.906250,-0.308594,0.572266,0.000000,30.060379,1.000000
0.041016,-0.033203,0.062500,0.000000,30.094509,1.000000
0.044922,-0.046875,0.103516,0.000000,29.009130,1.000000
0.011719,-0.039062,-0.007812,0.000000,30.659531,2.000000
0.017578,-0.080078,-0.007812,0.000000,31.908916,2.000000
0.029297,-0.119141,-0.005859,0.000000,30.124153,2.000000
0.056641,-0.154297,0.005859,0.000000,25.453072,2.000000
0.107422,-0.080078,1.261719,0.000000,23.096302,2.000000
0.421875,-0.083984,-1.279297,0.000000,23.096302,2.000000
2.605469,-0.175781,1.070312,0.000000,29.014584,2.000000
2.687500,-0.089844,0.982422,0.000000,32.153732,2.000000
2.751953,-0.089844,0.923828,0.000000,31.205740,2.000000
4.423828,-0.142578,1.183594,0.000000,30.874264,2.000000
4.468750,-0.000000,1.179688,0.000000,30.269417,2.000000
4.910156,-0.308594,0.548828,0.000000,30.277573,2.000000
1.832031,0.175781,-0.390625,0.614669,26.211763,2.000000
1.839844,-0.000000,0.390625,-0.614669,26.541765,2.000000
0.041016,-0.033203,0.062500,0.000000,30.094509,2.000000
0.044922,-0.046875,0.103516,0.000000,29.014584,2.000000
4.447266,-0.289062,1.226562,0.000000,30.269417,2.000000
0.011719,-0.039062,-0.007812,0.000000,30.644581,3.000000
0.017578,-0.080078,-0.007812,0.000000,31.903316,3.000000
0.029297,-0.119141,-0.003906,0.000000,30.115704,3.000000
0.056641,-0.154297,0.007812,0.000000,25.440680,3.000000
0.181641,-0.080078,1.251953,0.000000,23.096302,3.000000
0.062500,-0.082031,1.304688,0.000000,24.623980,3.000000
0.429688,-0.083984,-1.277344,0.000000,23.053514,3.000000
0.560547,-0.042969,-1.271484,0.000000,21.643528,3.000000
1.822266,0.056641,-0.250000,0.000000,31.604685,3.000000
1.869141,0.058594,-0.216797,0.000000,32.990711,3.000000
1.914062,0.060547,-0.162109,0.000000,30.622059,3.000000
2.611328,-0.175781,1.058594,0.000000,29.020029,3.000000
2.654297,-0.179688,1.060547,0.000000,32.100510,3.000000
2.751953,-0.089844,0.925781,0.000000,31.149445,3.000000
4.408203,-0.000000,1.085938,0.000000,29.030899,3.000000
4.417969,-0.142578,1.207031,0.000000,32.569580,3.000000
4.457031,-0.144531,1.214844,0.000000,32.201080,3.000000
4.908203,-0.308594,0.564453,0.000000,30.301949,3.000000
0.041016,-0.033203,0.062500,0.000000,30.098757,3.000000
0.044922,-0.046875,0.103516,0.000000,29.014584,3.000000
0.011719,-0.039062,-0.007812,0.000000,30.648323,4.000000
0.017578,-0.080078,-0.007812,0.000000,31.903316,4.000000
0.029297,-0.119141,-0.005859,0.000000,30.119930,4.000000
0.056641,-0.154297,0.005859,0.000000,25.453072,4.000000
0.126953,-0.080078,1.259766,0.000000,23.159704,4.000000
0.410156,-0.083984,-1.283203,0.000000,23.096302,4.000000
0.552734,-0.042969,-1.275391,0.000000,21.673174,4.000000
1.837891,0.056641,-0.103516,0.000000,30.663260,4.000000
1.875000,0.058594,-0.154297,0.000000,31.492191,4.000000
1.908203,0.060547,-0.232422,0.000000,28.585373,4.000000
2.619141,-0.175781,1.037109,0.000000,28.859262,4.000000
2.687500,-0.089844,0.984375,0.000000,32.068260,4.000000
2.744141,-0.089844,0.949219,0.000000,31.119343,4.000000
4.402344,-0.142578,1.103516,0.000000,28.162413,4.000000
4.406250,-0.142578,1.248047,0.000000,31.122698,4.000000
4.433594,-0.144531,1.302734,0.000000,30.318123,4.000000
4.902344,-0.308594,0.613281,0.000000,30.989897,4.000000
0.041016,-0.033203,0.062500,0.000000,30.094509,4.000000
0.044922,-0.046875,0.103516,0.000000,29.014584,4.000000
0.011719,-0.039062,-0.007812,0.000000,30.640835,5.000000
0.017578,-0.080078,-0.007812,0.000000,31.900515,5.000000
0.029297,-0.119141,-0.005859,0.000000,30.115704,5.000000
0.056641,-0.154297,0.005859,0.000000,25.453072,5.000000
0.091797,-0.080078,1.261719,0.000000,23.138672,5.000000
0.408203,-0.083984,-1.283203,0.000000,23.117538,5.000000
1.816406,0.056641,-0.291016,0.000000,27.839035,5.000000
1.865234,0.058594,-0.234375,0.000000,29.439888,5.000000
1.912109,0.060547,-0.183594,0.000000,28.481892,5.000000
2.615234,-0.175781,1.048828,0.000000,29.074114,5.000000
2.656250,-0.179688,1.054688,0.000000,32.143139,5.000000
2.751953,-0.089844,0.925781,0.000000,31.159431,5.000000
4.404297,-0.142578,1.097656,0.000000,28.286598,5.000000
4.410156,-0.142578,1.232422,0.000000,31.367207,5.000000
4.449219,-0.144531,1.244141,0.000000,30.622059,5.000000
4.900391,-0.308594,0.626953,0.000000,31.408222,5.000000
4.951172,-0.623047,0.031250,0.000000,30.000000,5.000000
0.041016,-0.033203,0.062500,0.000000,30.090258,5.000000
0.044922,-0.046875,0.103516,0.000000,29.014584,5.000000
0.011719,-0.039062,-0.007812,0.000000,30.640835,6.000000
0.017578,-0.080078,-0.007812,0.000000,31.900515,6.000000
0.029297,-0.119141,-0.005859,0.000000,30.115704,6.000000
0.056641,-0.154297,0.005859,0.000000,25.453072,6.000000
0.105469,-0.080078,1.261719,0.000000,23.138672,6.000000
0.419922,-0.083984,-1.279297,0.000000,23.074961,6.000000
0.570312,-0.042969,-1.267578,0.000000,21.643528,6.000000
2.632812,-0.175781,1.003906,0.000000,29.095560,6.000000
2.697266,-0.089844,0.958984,0.000000,32.195847,6.000000
2.761719,-0.089844,0.894531,0.000000,31.277525,6.000000
4.404297,-0.142578,1.095703,0.000000,28.188854,6.000000
4.406250,-0.142578,1.246094,0.000000,31.115986,6.000000
4.433594,-0.144531,1.300781,0.000000,30.289778,6.000000
4.902344,-0.308594,0.605469,0.000000,31.132748,6.000000
4.951172,-0.623047,0.025391,0.000000,29.754318,6.000000
1.804688,0.056641,-0.355469,-0.614669,25.550945,6.000000
1.841797,0.058594,-0.384766,-0.614669,26.454224,6.000000
1.861328,0.060547,-0.480469,-0.614669,25.976952,6.000000
1.875000,0.060547,-0.580078,-0.614669,25.705429,6.000000
0.041016,-0.033203,0.062500,0.000000,30.090258,6.000000
0.044922,-0.046875,0.103516,0.000000,29.009130,6.000000
4.980469,-0.312500,-0.041016,0.000000,29.703468,6.000000
0.011719,-0.039062,-0.007812,0.000000,30.644581,7.000000
0.017578,-0.080078,-0.007812,0.000000,31.900515,7.000000
0.029297,-0.119141,-0.005859,0.000000,30.115704,7.000000
0.056641,-0.154297,0.007812,0.000000,25.440680,7.000000
0.158203,-0.080078,1.255859,0.000000,23.138672,7.000000
0.423828,-0.083984,-1.279297,0.000000,23.074961,7.000000
0.558594,-0.042969,-1.273438,0.000000,21.673174,7.000000
1.869141,0.058594,-0.201172,0.000000,28.494194,7.000000
2.613281,-0.175781,1.052734,0.000000,28.920946,7.000000
2.691406,-0.089844,0.972656,0.000000,32.070957,7.000000
2.757812,-0.089844,0.904297,0.000000,31.102530,7.000000
4.402344,-0.000000,1.113281,0.000000,29.074114,7.000000
4.414062,-0.142578,1.222656,0.000000,32.528530,7.000000
4.451172,-0.144531,1.240234,0.000000,32.084415,7.000000
4.908203,-0.308594,0.566406,0.000000,30.726175,7.000000
0.041016,-0.033203,0.062500,0.000000,30.090258,7.000000
0.046875,-0.046875,0.103516,0.000000,29.009130,7.000000
0.011719,-0.039062,-0.007812,0.000000,30.644581,8.000000
0.017578,-0.080078,-0.007812,0.000000,31.903316,8.000000
0.029297,-0.119141,-0.005859,0.000000,30.115704,8.000000
0.056641,-0.154297,0.007812,0.000000,25.453072,8.000000
0.148438,-0.080078,1.255859,0.000000,23.159704,8.000000
0.437500,-0.083984,-1.275391,0.000000,23.117538,8.000000
0.593750,-0.042969,-1.257812,0.000000,21.702618,8.000000
1.839844,0.056641,-0.039062,0.000000,29.717396,8.000000
1.880859,0.058594,0.041016,0.000000,30.013010,8.000000
2.625000,-0.175781,1.021484,0.000000,29.003672,8.000000
2.693359,-0.089844,0.968750,0.000000,32.145790,8.000000
2.757812,-0.089844,0.908203,0.000000,31.182648,8.000000
4.414062,-0.142578,1.220703,0.000000,31.439510,8.000000
4.455078,-0.144531,1.226562,0.000000,30.813473,8.000000
4.896484,-0.308594,0.654297,0.000000,31.038036,8.000000
1.867188,0.121094,-0.445312,-0.614669,26.998377,8.000000
1.892578,0.123047,-0.511719,-0.614669,27.126497,8.000000
0.041016,-0.033203,0.062500,0.000000,30.094509,8.000000
0.044922,-0.046875,0.103516,0.000000,29.009130,8.000000
0.011719,-0.039062,-0.007812,0.000000,30.644581,9.000000
0.017578,-0.080078,-0.007812,0.000000,31.903316,9.000000
0.029297,-0.119141,-0.005859,0.000000,30.119930,9.000000
0.056641,-0.154297,0.005859,0.000000,25.453072,9.000000
0.126953,-0.080078,1.259766,0.000000,23.159704,9.000000
0.417969,-0.083984,-1.281250,0.000000,23.096302,9.000000
0.558594,-0.042969,-1.273438,0.000000,21.702618,9.000000
2.617188,-0.175781,1.041016,0.000000,28.998205,9.000000
2.693359,-0.089844,0.966797,0.000000,32.180099,9.000000
2.761719,-0.089844,0.894531,0.000000,31.231981,9.000000
4.419922,-0.142578,1.199219,0.000000,31.041456,9.000000
4.458984,-0.144531,1.208984,0.000000,30.366289,9.000000
4.894531,-0.308594,0.667969,0.000000,31.055101,9.000000
0.041016,-0.033203,0.062500,0.000000,30.094509,9.000000
0.044922,-0.046875,0.103516,0.000000,29.014584,9.000000
0.011719,-0.039062,-0.007812,0.000000,30.648323,10.000000
0.017578,-0.080078,-0.007812,0.000000,31.903316,10.000000
0.029297,-0.119141,-0.005859,0.000000,30.115704,10.000000
0.056641,-0.154297,0.007812,0.000000,25.440680,10.000000
0.148438,-0.080078,1.255859,0.000000,23.138672,10.000000
0.048828,-0.082031,1.304688,0.000000,24.653828,10.000000
0.398438,-0.083984,-1.287109,0.000000,23.117538,10.000000
1.833984,0.115234,-0.117188,0.000000,27.895807,10.000000
1.873047,0.117188,-0.136719,0.000000,29.355072,10.000000
1.917969,0.121094,-0.068359,0.000000,28.450981,10.000000
2.607422,-0.175781,1.064453,0.000000,28.887409,10.000000
2.687500,-0.089844,0.984375,0.000000,32.065559,10.000000
2.751953,-0.089844,0.921875,0.000000,31.099159,10.000000
4.416016,-0.142578,1.212891,0.000000,31.162756,10.000000
4.462891,-0.144531,1.199219,0.000000,30.625820,10.000000
4.744141,-0.449219,-0.449219,0.000000,30.542299,10.000000
4.783203,-0.453125,-0.470703,0.000000,31.199154,10.000000
4.869141,-0.308594,0.830078,0.000000,30.962147,10.000000
4.966797,-0.468750,0.130859,0.000000,29.489017,10.000000
0.041016,-0.033203,0.062500,0.000000,30.094509,10.000000
0.044922,-0.046875,0.103516,0.000000,29.009130,10.000000
0.011719,-0.039062,-0.007812,0.000000,30.652061,11.000000
0.017578,-0.080078,-0.007812,0.000000,31.903316,11.000000
0.029297,-0.119141,-0.005859,0.000000,30.115704,11.000000
0.056641,-0.154297,0.007812,0.000000,25.453072,11.000000
0.132812,-0.080078,1.257812,0.000000,23.117538,11.000000
0.423828,-0.083984,-1.279297,0.000000,23.074961,11.000000
0.558594,-0.042969,-1.273438,0.000000,21.702618,11.000000
1.835938,0.056641,-0.125000,0.000000,30.038912,11.000000
1.863281,0.058594,-0.257812,0.000000,30.599419,11.000000
1.822266,0.060547,-0.611328,0.000000,28.241259,11.000000
2.617188,-0.175781,1.041016,0.000000,28.937618,11.000000
2.656250,-0.179688,1.054688,0.000000,32.180099,11.000000
2.748047,-0.089844,0.935547,0.000000,31.277525,11.000000
4.396484,-0.142578,1.125000,0.000000,28.241259,11.000000
4.408203,-0.142578,1.236328,0.000000,31.470577,11.000000
4.445312,-0.144531,1.261719,0.000000,30.955181,11.000000
4.746094,-0.449219,-0.416016,0.000000,31.586639,11.000000
4.794922,-0.300781,-0.460938,0.000000,32.211533,11.000000
4.857422,-0.308594,0.904297,0.000000,31.883659,11.000000
4.925781,-0.468750,0.648438,0.000000,29.831751,11.000000
0.041016,-0.033203,0.062500,0.000000,30.090258,11.000000
0.044922,-0.046875,0.103516,0.000000,29.003672,11.000000
0.011719,-0.039062,-0.007812,0.000000,30.637085,12.000000
0.017578,-0.080078,-0.007812,0.000000,31.900515,12.000000
0.029297,-0.119141,-0.005859,0.000000,30.119930,12.000000
0.056641,-0.154297,0.005859,0.000000,25.440680,12.000000
0.130859,-0.080078,1.259766,0.000000,23.159704,12.000000
0.419922,-0.083984,-1.279297,0.000000,23.074961,12.000000
0.550781,-0.042969,-1.277344,0.000000,21.673174,12.000000
1.794922,0.056641,-0.123047,0.000000,28.280151,12.000000
1.835938,0.056641,-0.125000,0.000000,30.378248,12.000000
1.876953,0.117188,-0.070312,0.000000,28.155777,12.000000
2.607422,-0.175781,1.064453,0.000000,28.926510,12.000000
2.650391,-0.179688,1.066406,0.000000,32.089787,12.000000
2.742188,-0.089844,0.949219,0.000000,31.166077,12.000000
4.404297,-0.142578,1.093750,0.000000,28.267225,12.000000
4.412109,-0.142578,1.224609,0.000000,31.571545,12.000000
4.453125,-0.144531,1.228516,0.000000,31.072100,12.000000
4.755859,-0.298828,-0.451172,0.000000,32.706787,12.000000
4.794922,-0.300781,-0.466797,0.000000,33.471348,12.000000
4.810547,-0.304688,-0.687500,0.000000,29.965117,12.000000
4.863281,-0.308594,0.867188,0.000000,31.846914,12.000000
4.923828,-0.779297,0.224609,0.000000,30.354298,12.000000
1.750000,0.720703,0.337891,1.229337,24.578819,12.000000
0.041016,-0.033203,0.062500,0.000000,30.094509,12.000000
0.044922,-0.046875,0.103516,0.000000,29.009130,12.000000
0.011719,-0.039062,-0.007812,0.000000,30.655798,13.000000
0.017578,-0.080078,-0.007812,0.000000,31.903316,13.000000
