0.044922,-0.046875,0.103516,0.000000,28.998205,0.000000
1.179688,-0.449219,0.343750,0.000000,21.398790,0.000000
1.244141,-0.464844,0.248047,0.000000,19.684830,0.000000
3.742188,-1.703125,-1.927734,0.000000,24.857214,0.000000
0.011719,-0.039062,-0.007812,0.000000,30.674429,1.000000
0.027344,-0.076172,-0.009766,0.000000,31.869564,1.000000
0.029297,-0.119141,-0.005859,0.000000,30.081741,1.000000
0.056641,-0.154297,0.007812,0.000000,25.365585,1.000000
0.255859,0.039062,-1.242188,0.000000,23.502480,1.000000
0.183594,0.041016,-1.294922,0.000000,24.313637,1.000000
0.484375,0.042969,1.259766,0.000000,22.430380,1.000000
2.001953,-0.191406,-0.371094,0.000000,27.867514,1.000000
2.052734,-0.195312,-0.312500,0.000000,29.095560,1.000000
2.091797,-0.199219,-0.333984,0.000000,27.817554,1.000000
2.599609,-0.175781,1.083984,0.000000,29.334873,1.000000
2.695312,-0.089844,0.964844,0.000000,32.586372,1.000000
2.759766,-0.089844,0.900391,0.000000,31.880844,1.000000
4.279297,-0.142578,1.513672,0.000000,28.175653,1.000000
4.388672,-0.142578,1.304688,0.000000,31.849752,1.000000
4.492188,-0.144531,1.083984,0.000000,31.997551,1.000000
4.625000,-0.000000,0.599609,0.000000,31.293676,1.000000
4.683594,-0.000000,0.437500,0.000000,30.870712,1.000000
4.835938,-0.308594,1.005859,0.000000,30.476643,1.000000
2.162109,0.134766,0.105469,-0.614669,27.403627,1.000000
2.199219,0.138672,0.144531,-0.614669,26.608654,1.000000
0.037109,-0.035156,0.064453,0.000000,30.086002,1.000000
0.044922,-0.046875,0.103516,0.000000,29.003672,1.000000
1.177734,-0.449219,0.351562,0.000000,21.430147,1.000000
1.236328,-0.464844,0.281250,0.000000,19.684830,1.000000
0.011719,-0.039062,-0.007812,0.000000,30.678144,2.000000
0.027344,-0.076172,-0.009766,0.000000,31.866739,2.000000
0.029297,-0.119141,-0.005859,0.000000,30.077478,2.000000
0.056641,-0.154297,0.007812,0.000000,25.352942,2.000000
0.238281,0.039062,-1.244141,0.000000,23.521826,2.000000
0.191406,0.041016,-1.294922,0.000000,24.329693,2.000000
0.482422,0.042969,1.259766,0.000000,22.455126,2.000000
2.015625,-0.126953,-0.316406,0.000000,29.885590,2.000000
2.060547,-0.130859,-0.300781,0.000000,30.453230,2.000000
2.103516,-0.132812,-0.291016,0.000000,27.649229,2.000000
2.617188,-0.175781,1.042969,0.000000,29.319662,2.000000
2.660156,-0.179688,1.044922,0.000000,32.612629,2.000000
2.757812,-0.089844,0.908203,0.000000,31.906118,2.000000
4.392578,-0.142578,1.294922,0.000000,31.383026,2.000000
4.470703,-0.144531,1.164062,0.000000,30.989897,2.000000
4.656250,-0.000000,0.257812,0.000000,31.182648,2.000000
4.685547,-0.000000,0.417969,0.000000,33.232521,2.000000
4.726562,0.148438,0.402344,0.000000,31.344959,2.000000
0.037109,-0.035156,0.064453,0.000000,30.081741,2.000000
0.046875,-0.046875,0.103516,0.000000,28.998205,2.000000
1.177734,-0.449219,0.351562,0.000000,21.430147,2.000000
1.234375,-0.464844,0.285156,0.000000,19.684830,2.000000
0.011719,-0.039062,-0.007812,0.000000,30.681858,3.000000
0.027344,-0.076172,-0.009766,0.000000,31.869564,3.000000
0.029297,-0.119141,-0.005859,0.000000,30.081741,3.000000
0.056641,-0.154297,0.007812,0.000000,25.365585,3.000000
0.273438,0.039062,-1.238281,0.000000,23.502480,3.000000
0.212891,0.041016,-1.291016,0.000000,24.361626,3.000000
0.476562,0.042969,1.261719,0.000000,22.504200,3.000000
2.632812,-0.175781,1.001953,0.000000,29.489017,3.000000
2.703125,-0.089844,0.943359,0.000000,32.631626,3.000000
2.763672,-0.089844,0.886719,0.000000,31.936810,3.000000
4.388672,-0.142578,1.308594,0.000000,30.955181,3.000000
4.501953,-0.144531,1.039062,0.000000,30.842186,3.000000
4.646484,0.146484,0.375000,0.000000,32.049335,3.000000
4.683594,-0.000000,0.443359,0.000000,33.721752,3.000000
4.720703,0.148438,0.451172,0.000000,31.583626,3.000000
0.037109,-0.035156,0.064453,0.000000,30.086002,3.000000
0.044922,-0.046875,0.103516,0.000000,29.003672,3.000000
1.230469,-0.464844,0.302734,0.000000,19.590414,3.000000
0.011719,-0.039062,-0.007812,0.000000,30.678144,4.000000
0.027344,-0.076172,-0.009766,0.000000,31.869564,4.000000
0.029297,-0.119141,-0.005859,0.000000,30.081741,4.000000
0.056641,-0.154297,0.007812,0.000000,25.365585,4.000000
0.236328,0.039062,-1.246094,0.000000,23.483049,4.000000
0.189453,0.041016,-1.294922,0.000000,24.313637,4.000000
0.476562,0.042969,1.261719,0.000000,22.430380,4.000000
2.019531,-0.191406,-0.259766,0.000000,28.959747,4.000000
2.058594,-0.195312,-0.269531,0.000000,29.813656,4.000000
2.164062,0.138672,0.419922,0.000000,27.619278,4.000000
2.617188,-0.175781,1.042969,0.000000,29.329807,4.000000
2.662109,-0.179688,1.041016,0.000000,32.598328,4.000000
2.757812,-0.089844,0.904297,0.000000,31.903316,4.000000
4.384766,-0.142578,1.318359,0.000000,30.986437,4.000000
4.507812,-0.000000,1.019531,0.000000,31.498346,4.000000
4.634766,-0.000000,0.505859,0.000000,31.261314,4.000000
4.685547,0.146484,0.392578,0.000000,31.176027,4.000000
4.871094,-0.308594,0.824219,0.000000,29.474337,4.000000
0.037109,-0.035156,0.064453,0.000000,30.086002,4.000000
0.044922,-0.046875,0.103516,0.000000,28.998205,4.000000
1.179688,-0.449219,0.343750,0.000000,21.430147,4.000000
1.240234,-0.464844,0.265625,0.000000,19.777237,4.000000
0.011719,-0.039062,-0.007812,0.000000,30.685570,5.000000
0.027344,-0.076172,-0.009766,0.000000,31.872387,5.000000
0.029297,-0.119141,-0.005859,0.000000,30.086002,5.000000
0.056641,-0.154297,0.007812,0.000000,25.378191,5.000000
0.265625,0.039062,-1.240234,0.000000,23.521826,5.000000
0.216797,0.041016,-1.291016,0.000000,24.361626,5.000000
0.451172,0.042969,1.271484,0.000000,22.504200,5.000000
2.037109,-0.126953,-0.142578,0.000000,27.979597,5.000000
2.621094,-0.175781,1.033203,0.000000,29.334873,5.000000
2.699219,-0.089844,0.951172,0.000000,32.567177,5.000000
2.759766,-0.089844,0.898438,0.000000,31.818436,5.000000
4.269531,-0.000000,1.544922,0.000000,27.678976,5.000000
4.380859,-0.142578,1.335938,0.000000,31.254812,5.000000
4.460938,-0.144531,1.205078,0.000000,30.670708,5.000000
4.828125,-0.308594,1.044922,0.000000,30.707766,5.000000
4.896484,-0.468750,0.839844,0.000000,28.686445,5.000000
2.132812,0.207031,0.539062,0.614669,27.363964,5.000000
2.175781,0.210938,0.531250,0.614669,26.404814,5.000000
0.037109,-0.035156,0.064453,0.000000,30.086002,5.000000
0.044922,-0.046875,0.103516,0.000000,29.003672,5.000000
1.177734,-0.449219,0.353516,0.000000,21.430147,5.000000
1.236328,-0.464844,0.281250,0.000000,19.731279,5.000000
4.138672,1.714844,-2.201172,0.000000,25.717089,5.000000
0.011719,-0.039062,-0.007812,0.000000,30.681858,6.000000
0.027344,-0.076172,-0.009766,0.000000,31.872387,6.000000
0.029297,-0.119141,-0.005859,0.000000,30.081741,6.000000
0.056641,-0.154297,0.007812,0.000000,25.340261,6.000000
0.251953,0.039062,-1.242188,0.000000,23.521826,6.000000
0.197266,0.041016,-1.292969,0.000000,24.329693,6.000000
0.488281,0.042969,1.257812,0.000000,22.455126,6.000000
1.992188,-0.125000,-0.185547,0.000000,30.755470,6.000000
2.031250,-0.126953,-0.203125,0.000000,32.713768,6.000000
2.072266,-0.130859,-0.207031,0.000000,30.962147,6.000000
2.607422,-0.175781,1.064453,0.000000,29.420080,6.000000
2.699219,-0.089844,0.953125,0.000000,32.643456,6.000000
2.765625,-0.089844,0.880859,0.000000,31.953461,6.000000
4.375000,-0.142578,1.355469,0.000000,31.146111,6.000000
4.437500,-0.144531,1.283203,0.000000,30.622059,6.000000
4.857422,-0.308594,0.898438,0.000000,30.700378,6.000000
0.037109,-0.035156,0.064453,0.000000,30.090258,6.000000
0.044922,-0.046875,0.103516,0.000000,29.003672,6.000000
1.236328,-0.464844,0.281250,0.000000,19.637878,6.000000
0.011719,-0.039062,-0.007812,0.000000,30.674429,7.000000
0.027344,-0.076172,-0.009766,0.000000,31.866739,7.000000
0.029297,-0.119141,-0.005859,0.000000,30.081741,7.000000
0.056641,-0.154297,0.007812,0.000000,25.365585,7.000000
0.242188,0.039062,-1.244141,0.000000,23.521826,7.000000
0.185547,0.041016,-1.294922,0.000000,24.361626,7.000000
0.472656,0.042969,1.263672,0.000000,22.479733,7.000000
1.978516,-0.187500,-0.259766,0.000000,28.727388,7.000000
2.023438,-0.191406,-0.232422,0.000000,29.991306,7.000000
2.078125,-0.130859,-0.144531,0.000000,28.135809,7.000000
2.621094,-0.175781,1.033203,0.000000,29.400181,7.000000
2.703125,-0.089844,0.939453,0.000000,32.624512,7.000000
2.769531,-0.089844,0.873047,0.000000,31.934029,7.000000
4.287109,-0.142578,1.488281,0.000000,27.810369,7.000000
4.396484,-0.142578,1.285156,0.000000,31.461281,7.000000
4.468750,-0.144531,1.169922,0.000000,31.152777,7.000000
4.867188,-0.464844,0.771484,0.000000,29.867718,7.000000
0.037109,-0.035156,0.064453,0.000000,30.086002,7.000000
0.044922,-0.046875,0.103516,0.000000,29.003672,7.000000
1.179688,-0.449219,0.345703,0.000000,21.430147,7.000000
1.238281,-0.464844,0.273438,0.000000,19.684830,7.000000
0.011719,-0.039062,-0.007812,0.000000,30.674429,8.000000
0.027344,-0.076172,-0.009766,0.000000,31.869564,8.000000
0.029297,-0.119141,-0.003906,0.000000,30.086002,8.000000
0.056641,-0.154297,0.007812,0.000000,25.365585,8.000000
0.236328,0.039062,-1.246094,0.000000,23.502480,8.000000
0.179688,0.041016,-1.296875,0.000000,24.329693,8.000000
0.462891,0.042969,1.267578,0.000000,22.455126,8.000000
1.988281,-0.125000,-0.218750,0.000000,28.247765,8.000000
2.029297,-0.126953,-0.226562,0.000000,28.853613,8.000000
2.107422,-0.199219,0.201172,0.000000,26.857418,8.000000
2.597656,-0.175781,1.087891,0.000000,29.289078,8.000000
2.693359,-0.089844,0.966797,0.000000,32.557549,8.000000
2.757812,-0.089844,0.908203,0.000000,31.835545,8.000000
4.273438,-0.142578,1.529297,0.000000,27.972675,8.000000
4.380859,-0.142578,1.335938,0.000000,31.439510,8.000000
4.460938,-0.144531,1.201172,0.000000,31.192558,8.000000
4.847656,-0.308594,0.955078,0.000000,29.314579,8.000000
4.898438,-0.935547,-0.175781,0.000000,29.712759,8.000000
0.037109,-0.035156,0.064453,0.000000,30.086002,8.000000
0.044922,-0.046875,0.103516,0.000000,28.998205,8.000000
1.175781,-0.449219,0.357422,0.000000,21.430147,8.000000
1.234375,-0.464844,0.287109,0.000000,19.731279,8.000000
3.691406,-1.703125,-2.023438,0.000000,25.051500,8.000000
0.011719,-0.039062,-0.007812,0.000000,30.678144,9.000000
0.027344,-0.076172,-0.009766,0.000000,31.869564,9.000000
0.029297,-0.119141,-0.005859,0.000000,30.081741,9.000000
0.056641,-0.154297,0.007812,0.000000,25.352942,9.000000
0.228516,0.039062,-1.246094,0.000000,23.483049,9.000000
0.187500,0.041016,-1.294922,0.000000,24.329693,9.000000
0.474609,0.042969,1.263672,0.000000,22.430380,9.000000
1.986328,-0.187500,-0.191406,0.000000,29.813656,9.000000
2.027344,-0.191406,-0.183594,0.000000,31.476763,9.000000
2.062500,-0.195312,-0.242188,0.000000,29.722029,9.000000
2.623047,-0.175781,1.027344,0.000000,29.334873,9.000000
2.695312,-0.089844,0.964844,0.000000,32.607868,9.000000
2.755859,-0.089844,0.910156,0.000000,31.900515,9.000000
4.273438,-0.142578,1.527344,0.000000,27.846172,9.000000
4.375000,-0.142578,1.355469,0.000000,31.338581,9.000000
4.455078,-0.144531,1.226562,0.000000,31.024338,9.000000
4.843750,-0.308594,0.968750,0.000000,29.360107,9.000000
0.037109,-0.035156,0.064453,0.000000,30.090258,9.000000
0.044922,-0.046875,0.103516,0.000000,29.009130,9.000000
1.177734,-0.449219,0.353516,0.000000,21.430147,9.000000
1.232422,-0.464844,0.298828,0.000000,19.684830,9.000000
0.011719,-0.039062,-0.007812,0.000000,30.678144,10.000000
0.027344,-0.076172,-0.009766,0.000000,31.866739,10.000000
0.029297,-0.119141,-0.005859,0.000000,30.081741,10.000000
0.056641,-0.154297,0.007812,0.000000,25.365585,10.000000
0.232422,0.039062,-1.246094,0.000000,23.502480,10.000000
0.195312,0.041016,-1.292969,0.000000,24.329693,10.000000
0.478516,0.042969,1.261719,0.000000,22.455126,10.000000
2.035156,-0.191406,-0.083984,0.000000,29.415113,10.000000
2.619141,-0.175781,1.039062,0.000000,29.375179,10.000000
2.697266,-0.089844,0.958984,0.000000,32.600716,10.000000
2.757812,-0.089844,0.908203,0.000000,31.900515,10.000000
4.279297,-0.142578,1.513672,0.000000,27.888752,10.000000
4.386719,-0.142578,1.312500,0.000000,31.461281,10.000000
4.466797,-0.144531,1.177734,0.000000,31.202448,10.000000
4.855469,-0.464844,0.847656,0.000000,29.894499,10.000000
4.898438,-0.935547,0.207031,0.000000,29.273705,10.000000
0.037109,-0.035156,0.064453,0.000000,30.090258,10.000000
0.044922,-0.046875,0.103516,0.000000,29.009130,10.000000
1.177734,-0.449219,0.349609,0.000000,21.367207,10.000000
1.236328,-0.464844,0.279297,0.000000,19.684830,10.000000
0.011719,-0.039062,-0.007812,0.000000,30.670708,11.000000
0.027344,-0.076172,-0.009766,0.000000,31.869564,11.000000
0.029297,-0.119141,-0.005859,0.000000,30.077478,11.000000
0.056641,-0.154297,0.007812,0.000000,25.352942,11.000000
0.259766,0.039062,-1.240234,0.000000,23.541084,11.000000
0.197266,0.041016,-1.292969,0.000000,24.361626,11.000000
0.480469,0.042969,1.261719,0.000000,22.504200,11.000000
1.986328,-0.125000,-0.240234,0.000000,28.375885,11.000000
2.009766,-0.191406,-0.322266,0.000000,29.159271,11.000000
1.953125,-0.195312,-0.708984,0.000000,28.034571,11.000000
1.968750,-0.132812,-0.792969,0.000000,28.162413,11.000000
2.638672,-0.175781,0.986328,0.000000,29.314579,11.000000
2.679688,-0.179688,0.990234,0.000000,32.588768,11.000000
2.777344,-0.089844,0.847656,0.000000,31.869564,11.000000
4.281250,-0.142578,1.503906,0.000000,27.993406,11.000000
4.392578,-0.142578,1.294922,0.000000,31.601683,11.000000
4.472656,-0.000000,1.164062,0.000000,31.376705,11.000000
0.037109,-0.035156,0.064453,0.000000,30.086002,11.000000
0.044922,-0.046875,0.103516,0.000000,29.003672,11.000000
1.179688,-0.449219,0.345703,0.000000,21.398790,11.000000
1.236328,-0.464844,0.279297,0.000000,19.731279,11.000000
3.773438,-1.703125,-1.863281,0.000000,25.237465,11.000000
0.011719,-0.039062,-0.007812,0.000000,30.678144,12.000000
0.027344,-0.076172,-0.009766,0.000000,31.869564,12.000000
0.029297,-0.119141,-0.003906,0.000000,30.086002,12.000000
0.056641,-0.154297,0.007812,0.000000,25.365585,12.000000
0.240234,0.039062,-1.244141,0.000000,23.463530,12.000000
0.201172,0.041016,-1.292969,0.000000,24.297523,12.000000
0.447266,0.042969,1.273438,0.000000,22.405493,12.000000
2.617188,-0.175781,1.041016,0.000000,29.420080,12.000000
2.697266,-0.089844,0.958984,0.000000,32.593548,12.000000
2.757812,-0.089844,0.908203,0.000000,31.886473,12.000000
4.380859,-0.142578,1.335938,0.000000,31.300119,12.000000
4.460938,-0.144531,1.203125,0.000000,31.044870,12.000000
4.841797,-0.308594,0.982422,0.000000,30.265333,12.000000
0.037109,-0.035156,0.064453,0.000000,30.086002,12.000000
0.046875,-0.046875,0.103516,0.000000,29.003672,12.000000
1.177734,-0.449219,0.349609,0.000000,21.367207,12.000000
