1.792969,0.056641,-0.146484,0.000000,31.176027,0.000000
1.835938,0.056641,-0.115234,0.000000,27.986506,0.000000
2.615234,-0.175781,1.048828,0.000000,28.992731,0.000000
2.658203,-0.179688,1.050781,0.000000,32.124538,0.000000
2.750000,-0.089844,0.927734,0.000000,31.136091,0.000000
4.402344,-0.000000,1.111328,0.000000,29.395193,0.000000
4.416016,-0.142578,1.214844,0.000000,32.940250,0.000000
4.451172,-0.144531,1.236328,0.000000,32.569580,0.000000
4.816406,-0.154297,0.935547,0.000000,31.078880,0.000000
4.880859,-0.308594,0.763672,0.000000,31.967287,0.000000
4.964844,-0.468750,0.183594,0.000000,30.038912,0.000000
0.041016,-0.033203,0.062500,0.000000,30.086002,0.000000
0.044922,-0.046875,0.103516,0.000000,29.009130,0.000000
0.011719,-0.039062,-0.007812,0.000000,30.644581,1.000000
0.017578,-0.080078,-0.007812,0.000000,31.900515,1.000000
0.029297,-0.119141,-0.005859,0.000000,30.119930,1.000000
0.056641,-0.154297,0.007812,0.000000,25.453072,1.000000
0.136719,-0.080078,1.257812,0.000000,23.096302,1.000000
0.021484,-0.082031,1.306641,0.000000,24.608978,1.000000
0.417969,-0.083984,-1.281250,0.000000,23.074961,1.000000
0.566406,-0.042969,-1.269531,0.000000,21.702618,1.000000
1.757812,0.054688,-0.052734,0.000000,29.106243,1.000000
1.796875,0.113281,-0.015625,0.000000,30.334238,1.000000
1.839844,0.056641,0.019531,0.000000,29.095560,1.000000
2.632812,-0.175781,1.000000,0.000000,28.937618,1.000000
2.695312,-0.089844,0.960938,0.000000,32.119209,1.000000
2.750000,-0.089844,0.931641,0.000000,31.122698,1.000000
4.402344,-0.142578,1.105469,0.000000,29.090208,1.000000
4.423828,-0.000000,1.189453,0.000000,32.284004,1.000000
4.455078,-0.144531,1.226562,0.000000,31.875208,1.000000
4.808594,-0.154297,0.974609,0.000000,31.024338,1.000000
4.875000,-0.308594,0.800781,0.000000,32.164299,1.000000
4.962891,-0.468750,0.246094,0.000000,30.354298,1.000000
0.041016,-0.033203,0.062500,0.000000,30.094509,1.000000
0.044922,-0.046875,0.103516,0.000000,29.014584,1.000000
4.402344,-0.287109,1.234375,0.000000,32.273724,1.000000
0.011719,-0.039062,-0.007812,0.000000,30.652061,2.000000
0.017578,-0.080078,-0.007812,0.000000,31.903316,2.000000
0.029297,-0.119141,-0.005859,0.000000,30.119930,2.000000
0.056641,-0.154297,0.007812,0.000000,25.453072,2.000000
0.107422,-0.080078,1.261719,0.000000,23.138672,2.000000
0.414062,-0.083984,-1.281250,0.000000,23.074961,2.000000
0.546875,-0.042969,-1.279297,0.000000,21.673174,2.000000
1.689453,0.107422,-0.289062,0.000000,28.188854,2.000000
1.736328,0.109375,-0.259766,0.000000,30.433622,2.000000
2.619141,-0.175781,1.039062,0.000000,28.948696,2.000000
2.695312,-0.089844,0.960938,0.000000,32.187981,2.000000
2.759766,-0.089844,0.898438,0.000000,31.335388,2.000000
4.396484,-0.142578,1.125000,0.000000,28.998205,2.000000
4.402344,-0.287109,1.236328,0.000000,32.140488,2.000000
4.453125,-0.144531,1.230469,0.000000,31.646502,2.000000
4.812500,-0.154297,0.957031,0.000000,30.777311,2.000000
4.880859,-0.308594,0.761719,0.000000,32.070957,2.000000
4.964844,-0.468750,0.185547,0.000000,30.350292,2.000000
1.751953,0.167969,-0.376953,-0.614669,29.425041,2.000000
1.779297,0.171875,-0.443359,-0.614669,26.180481,2.000000
0.041016,-0.033203,0.062500,0.000000,30.098757,2.000000
0.044922,-0.046875,0.103516,0.000000,29.014584,2.000000
4.421875,-0.000000,1.197266,0.000000,32.137833,2.000000
0.011719,-0.039062,-0.007812,0.000000,30.648323,3.000000
0.017578,-0.080078,-0.007812,0.000000,31.903316,3.000000
0.029297,-0.119141,-0.005859,0.000000,30.119930,3.000000
0.056641,-0.154297,0.005859,0.000000,25.453072,3.000000
0.156250,-0.080078,1.255859,0.000000,23.117538,3.000000
0.419922,-0.083984,-1.279297,0.000000,23.053514,3.000000
0.560547,-0.042969,-1.271484,0.000000,21.643528,3.000000
1.757812,0.054688,-0.039062,0.000000,29.740509,3.000000
1.798828,0.056641,0.009766,0.000000,30.107239,3.000000
2.617188,-0.175781,1.042969,0.000000,29.036325,3.000000
2.687500,-0.089844,0.982422,0.000000,32.182728,3.000000
2.751953,-0.089844,0.921875,0.000000,31.222158,3.000000
4.402344,-0.142578,1.101562,0.000000,29.111576,3.000000
4.416016,-0.142578,1.214844,0.000000,32.385479,3.000000
4.453125,-0.144531,1.232422,0.000000,31.964525,3.000000
4.787109,-0.300781,-0.548828,0.000000,29.849771,3.000000
4.849609,-0.154297,0.978516,0.000000,31.254812,3.000000
1.800781,0.056641,0.378906,0.614669,26.884199,3.000000
1.830078,-0.000000,0.437500,0.614669,25.705429,3.000000
0.041016,-0.033203,0.062500,0.000000,30.090258,3.000000
0.044922,-0.046875,0.103516,0.000000,29.014584,3.000000
0.011719,-0.039062,-0.007812,0.000000,30.640835,4.000000
0.017578,-0.080078,-0.007812,0.000000,31.900515,4.000000
0.029297,-0.119141,-0.005859,0.000000,30.115704,4.000000
0.056641,-0.154297,0.005859,0.000000,25.440680,4.000000
0.117188,-0.080078,1.259766,0.000000,23.117538,4.000000
0.425781,-0.083984,-1.277344,0.000000,23.074961,4.000000
0.574219,-0.042969,-1.265625,0.000000,21.702618,4.000000
1.753906,0.054688,-0.121094,0.000000,28.438555,4.000000
2.615234,-0.175781,1.048828,0.000000,29.003672,4.000000
2.691406,-0.089844,0.974609,0.000000,32.250507,4.000000
2.753906,-0.089844,0.917969,0.000000,31.322598,4.000000
4.398438,-0.000000,1.128906,0.000000,29.143431,4.000000
4.414062,-0.142578,1.216797,0.000000,32.588768,4.000000
4.458984,-0.144531,1.208984,0.000000,32.153732,4.000000
4.744141,-0.449219,-0.443359,0.000000,30.799046,4.000000
4.789062,-0.300781,-0.523438,0.000000,31.492191,4.000000
4.837891,-0.308594,0.994141,0.000000,31.758017,4.000000
4.902344,-0.935547,-0.007812,0.000000,30.748165,4.000000
4.859375,-1.257812,-0.349609,0.000000,29.763500,4.000000
1.800781,-0.529297,-0.123047,1.229337,21.003706,4.000000
0.041016,-0.033203,0.062500,0.000000,30.090258,4.000000
0.046875,-0.046875,0.103516,0.000000,29.014584,4.000000
0.011719,-0.039062,-0.007812,0.000000,30.640835,5.000000
0.017578,-0.080078,-0.007812,0.000000,31.900515,5.000000
0.029297,-0.119141,-0.005859,0.000000,30.115704,5.000000
0.056641,-0.154297,0.005859,0.000000,25.453072,5.000000
0.164062,-0.080078,1.255859,0.000000,23.159704,5.000000
0.060547,-0.082031,1.304688,0.000000,24.668676,5.000000
0.419922,-0.083984,-1.279297,0.000000,23.138672,5.000000
0.580078,-0.042969,-1.263672,0.000000,21.760912,5.000000
1.701172,0.052734,-0.238281,0.000000,28.987251,5.000000
1.712891,0.109375,-0.382812,0.000000,29.813656,5.000000
1.625000,0.113281,-0.763672,0.000000,26.711729,5.000000
2.691406,-0.089844,0.974609,0.000000,32.084415,5.000000
2.761719,-0.089844,0.894531,0.000000,31.149445,5.000000
4.396484,-0.142578,1.125000,0.000000,28.954226,5.000000
4.402344,-0.287109,1.234375,0.000000,32.307045,5.000000
4.453125,-0.144531,1.228516,0.000000,31.934029,5.000000
4.794922,-0.300781,-0.470703,0.000000,30.437551,5.000000
4.861328,-0.308594,0.878906,0.000000,31.835545,5.000000
4.943359,-0.623047,0.277344,0.000000,30.374266,5.000000
0.041016,-0.033203,0.062500,0.000000,30.090258,5.000000
0.044922,-0.046875,0.103516,0.000000,29.009130,5.000000
0.011719,-0.039062,-0.007812,0.000000,30.648323,6.000000
0.017578,-0.080078,-0.007812,0.000000,31.903316,6.000000
0.029297,-0.119141,-0.005859,0.000000,30.115704,6.000000
0.056641,-0.154297,0.005859,0.000000,25.440680,6.000000
0.121094,-0.080078,1.259766,0.000000,23.159704,6.000000
0.412109,-0.083984,-1.283203,0.000000,23.117538,6.000000
0.556641,-0.042969,-1.273438,0.000000,21.702618,6.000000
2.617188,-0.175781,1.041016,0.000000,28.887409,6.000000
2.693359,-0.089844,0.966797,0.000000,32.033051,6.000000
2.757812,-0.089844,0.908203,0.000000,31.075491,6.000000
4.406250,-0.000000,1.099609,0.000000,28.870544,6.000000
4.416016,-0.142578,1.208984,0.000000,32.265999,6.000000
4.453125,-0.144531,1.230469,0.000000,31.824146,6.000000
4.787109,-0.300781,-0.541016,0.000000,30.553783,6.000000
4.769531,-0.306641,1.123047,0.000000,29.661417,6.000000
4.871094,-0.308594,0.822266,0.000000,31.801258,6.000000
4.941406,-0.623047,0.302734,0.000000,30.273497,6.000000
1.785156,-0.587891,0.076172,1.229337,21.613680,6.000000
0.041016,-0.033203,0.062500,0.000000,30.094509,6.000000
0.044922,-0.046875,0.103516,0.000000,29.014584,6.000000
1.603516,0.646484,0.740234,1.229337,19.190781,6.000000
0.011719,-0.039062,-0.007812,0.000000,30.652061,7.000000
0.017578,-0.080078,-0.007812,0.000000,31.906118,7.000000
0.029297,-0.119141,-0.005859,0.000000,30.119930,7.000000
0.056641,-0.154297,0.005859,0.000000,25.453072,7.000000
0.148438,-0.080078,1.257812,0.000000,23.138672,7.000000
0.417969,-0.083984,-1.281250,0.000000,23.117538,7.000000
0.566406,-0.042969,-1.269531,0.000000,21.760912,7.000000
2.619141,-0.175781,1.037109,0.000000,28.870544,7.000000
2.691406,-0.089844,0.970703,0.000000,32.127201,7.000000
2.757812,-0.089844,0.908203,0.000000,31.129400,7.000000
4.347656,-0.142578,1.302734,0.000000,29.324738,7.000000
4.394531,-0.142578,1.287109,0.000000,32.755417,7.000000
4.437500,-0.144531,1.285156,0.000000,32.255676,7.000000
4.775391,-0.300781,-0.628906,0.000000,30.553783,7.000000
4.867188,-0.308594,0.841797,0.000000,31.705551,7.000000
4.958984,-0.468750,0.312500,0.000000,30.081741,7.000000
0.041016,-0.033203,0.062500,0.000000,30.086002,7.000000
0.046875,-0.046875,0.103516,0.000000,29.009130,7.000000
0.011719,-0.039062,-0.007812,0.000000,30.648323,8.000000
0.017578,-0.080078,-0.007812,0.000000,31.903316,8.000000
0.029297,-0.119141,-0.005859,0.000000,30.119930,8.000000
0.056641,-0.154297,0.005859,0.000000,25.465427,8.000000
0.134766,-0.080078,1.257812,0.000000,23.138672,8.000000
0.410156,-0.083984,-1.283203,0.000000,23.117538,8.000000
0.578125,-0.042969,-1.263672,0.000000,21.760912,8.000000
2.628906,-0.175781,1.009766,0.000000,29.014584,8.000000
2.701172,-0.089844,0.949219,0.000000,32.187981,8.000000
2.761719,-0.089844,0.894531,0.000000,31.149445,8.000000
4.378906,-0.000000,1.199219,0.000000,29.079485,8.000000
4.402344,-0.142578,1.259766,0.000000,32.547897,8.000000
4.441406,-0.144531,1.269531,0.000000,32.000294,8.000000
4.744141,-0.449219,-0.437500,0.000000,32.547897,8.000000
4.787109,-0.453125,-0.429688,0.000000,33.332458,8.000000
4.873047,-0.308594,0.812500,0.000000,31.293676,8.000000
4.949219,-0.623047,0.160156,0.000000,29.836264,8.000000
0.041016,-0.033203,0.062500,0.000000,30.090258,8.000000
0.044922,-0.046875,0.103516,0.000000,29.009130,8.000000
4.367188,-0.283203,1.210938,0.000000,29.079485,8.000000
0.011719,-0.039062,-0.007812,0.000000,30.640835,9.000000
0.017578,-0.080078,-0.007812,0.000000,31.900515,9.000000
0.029297,-0.119141,-0.005859,0.000000,30.115704,9.000000
0.056641,-0.154297,0.007812,0.000000,25.440680,9.000000
0.177734,-0.080078,1.253906,0.000000,23.138672,9.000000
0.437500,-0.083984,-1.273438,0.000000,23.074961,9.000000
0.572266,-0.042969,-1.265625,0.000000,21.673174,9.000000
1.796875,0.113281,0.027344,0.000000,28.234743,9.000000
1.835938,0.115234,-0.042969,0.000000,28.260748,9.000000
1.902344,-0.367188,0.314453,0.000000,27.543484,9.000000
1.935547,-0.437500,0.285156,0.000000,28.876173,9.000000
2.625000,-0.175781,1.025391,0.000000,29.003672,9.000000
2.691406,-0.089844,0.976562,0.000000,32.169571,9.000000
2.753906,-0.089844,0.917969,0.000000,31.189257,9.000000
4.402344,-0.000000,1.111328,0.000000,28.965261,9.000000
4.406250,-0.142578,1.248047,0.000000,32.273724,9.000000
4.445312,-0.000000,1.271484,0.000000,31.565491,9.000000
4.732422,-0.298828,-0.644531,0.000000,32.095150,9.000000
4.767578,-0.150391,-0.734375,0.000000,32.610249,9.000000
4.771484,-0.154297,1.138672,0.000000,30.000000,9.000000
4.876953,-0.308594,0.791016,0.000000,32.420441,9.000000
4.941406,-0.623047,0.302734,0.000000,30.755470,9.000000
0.041016,-0.033203,0.062500,0.000000,30.090258,9.000000
0.044922,-0.046875,0.103516,0.000000,29.009130,9.000000
4.750000,-0.453125,-0.728516,0.000000,32.567177,9.000000
0.011719,-0.039062,-0.007812,0.000000,30.640835,10.000000
0.017578,-0.080078,-0.007812,0.000000,31.903316,10.000000
0.029297,-0.119141,-0.005859,0.000000,30.119930,10.000000
0.056641,-0.154297,0.005859,0.000000,25.453072,10.000000
0.171875,-0.080078,1.253906,0.000000,23.096302,10.000000
0.093750,-0.082031,1.302734,0.000000,24.638929,10.000000
0.410156,-0.083984,-1.283203,0.000000,23.117538,10.000000
0.572266,-0.042969,-1.265625,0.000000,21.702618,10.000000
1.830078,0.115234,0.150391,0.000000,27.007038,10.000000
2.605469,-0.175781,1.070312,0.000000,28.970770,10.000000
2.683594,-0.089844,0.996094,0.000000,32.119209,10.000000
2.744141,-0.089844,0.945312,0.000000,31.146111,10.000000
4.402344,-0.000000,1.107422,0.000000,29.360107,10.000000
4.412109,-0.142578,1.228516,0.000000,32.798950,10.000000
4.445312,-0.144531,1.259766,0.000000,32.240147,10.000000
4.742188,-0.298828,-0.572266,0.000000,31.601683,10.000000
4.769531,-0.300781,-0.673828,0.000000,32.097832,10.000000
4.781250,-0.154297,1.101562,0.000000,30.409977,10.000000
4.875000,-0.154297,0.841797,0.000000,32.491985,10.000000
4.974609,-0.312500,0.265625,0.000000,30.523090,10.000000
1.767578,0.056641,0.337891,-0.614669,27.596678,10.000000
0.041016,-0.033203,0.062500,0.000000,30.094509,10.000000
0.044922,-0.046875,0.103516,0.000000,29.009130,10.000000
0.011719,-0.039062,-0.007812,0.000000,30.644581,11.000000
0.017578,-0.080078,-0.007812,0.000000,31.900515,11.000000
0.029297,-0.119141,-0.003906,0.000000,30.119930,11.000000
0.056641,-0.154297,0.007812,0.000000,25.453072,11.000000
0.121094,-0.080078,1.259766,0.000000,23.138672,11.000000
0.419922,-0.083984,-1.279297,0.000000,23.096302,11.000000
0.564453,-0.042969,-1.269531,0.000000,21.731863,11.000000
2.638672,-0.175781,0.984375,0.000000,29.063351,11.000000
2.699219,-0.089844,0.951172,0.000000,32.180099,11.000000
2.759766,-0.089844,0.902344,0.000000,31.254812,11.000000
4.390625,-0.142578,1.150391,0.000000,28.627275,11.000000
4.394531,-0.142578,1.285156,0.000000,31.772478,11.000000
4.410156,-0.144531,1.375000,0.000000,31.041456,11.000000
4.744141,-0.298828,-0.564453,0.000000,32.709118,11.000000
4.769531,-0.453125,-0.595703,0.000000,33.195225,11.000000
4.806641,-0.306641,0.945312,0.000000,30.008677,11.000000
4.882812,-0.308594,0.748047,0.000000,32.345173,11.000000
4.962891,-0.468750,0.232422,0.000000,30.762762,11.000000
1.716797,0.164062,-0.341797,0.614669,25.854607,11.000000
1.845703,-0.300781,0.449219,-0.614669,25.820633,11.000000
1.896484,-0.306641,0.402344,-0.614669,29.216866,11.000000
1.931641,-0.312500,0.429688,-0.614669,28.915375,11.000000
0.041016,-0.033203,0.062500,0.000000,30.098757,11.000000
0.044922,-0.046875,0.103516,0.000000,29.020029,11.000000
0.011719,-0.039062,-0.007812,0.000000,30.652061,12.000000
0.017578,-0.080078,-0.007812,0.000000,31.903316,12.000000
