0.029297,-0.119141,-0.005859,0.000000,30.094509,0.000000
0.056641,-0.154297,0.007812,0.000000,25.378191,0.000000
0.214844,0.039062,-1.248047,0.000000,23.579348,0.000000
0.216797,0.041016,1.291016,0.000000,24.409090,0.000000
1.515625,-0.339844,-0.060547,0.000000,27.619278,0.000000
1.542969,-0.398438,-0.085938,0.000000,27.058638,0.000000
2.632812,-0.175781,1.000000,0.000000,29.329807,0.000000
2.705078,-0.089844,0.937500,0.000000,32.617386,0.000000
2.763672,-0.089844,0.886719,0.000000,31.936810,0.000000
4.298828,-0.142578,1.457031,0.000000,27.759743,0.000000
4.392578,-0.142578,1.296875,0.000000,31.348145,0.000000
4.464844,-0.144531,1.185547,0.000000,31.007151,0.000000
4.644531,-0.000000,0.416016,0.000000,29.745117,0.000000
4.691406,-0.000000,0.359375,0.000000,30.599419,0.000000
4.738281,-0.148438,-0.226562,0.000000,29.216866,0.000000
4.742188,-0.298828,-0.576172,0.000000,33.543007,0.000000
4.787109,-0.300781,-0.541016,0.000000,34.431065,0.000000
4.828125,-0.152344,-0.605469,0.000000,31.319393,0.000000
4.812500,-0.308594,1.117188,0.000000,30.523090,0.000000
1.046875,-0.345703,0.074219,1.229337,21.553360,0.000000
1.095703,-0.322266,0.085938,1.229337,24.608978,0.000000
1.607422,-0.205078,-0.228516,1.229337,23.242825,0.000000
1.650391,-0.208984,-0.218750,1.229337,23.891661,0.000000
1.126953,-0.333984,0.164062,1.844006,24.440449,0.000000
1.171875,-0.306641,0.197266,1.844006,20.681858,0.000000
1.300781,-0.294922,0.210938,-0.614669,25.078558,0.000000
1.341797,-0.304688,0.203125,-0.614669,27.143297,0.000000
1.380859,-0.312500,0.207031,-0.614669,26.232492,0.000000
1.406250,-0.414062,0.142578,-0.614669,22.988531,0.000000
0.037109,-0.035156,0.064453,0.000000,30.094509,0.000000
0.044922,-0.046875,0.103516,0.000000,29.009130,0.000000
1.189453,-0.367188,0.404297,0.000000,22.041201,0.000000
1.472656,-0.283203,-0.205078,0.000000,23.673559,0.000000
0.011719,-0.039062,-0.007812,0.000000,30.681858,1.000000
0.027344,-0.076172,-0.009766,0.000000,31.878027,1.000000
0.029297,-0.119141,-0.005859,0.000000,30.086002,1.000000
0.056641,-0.154297,0.007812,0.000000,25.365585,1.000000
0.210938,0.039062,-1.250000,0.000000,23.521826,1.000000
0.367188,-0.000000,1.255859,0.000000,24.548449,1.000000
1.382812,-0.460938,0.208984,0.000000,25.158739,1.000000
1.447266,-0.425781,-0.126953,0.000000,25.599066,1.000000
2.628906,-0.175781,1.013672,0.000000,29.319662,1.000000
2.703125,-0.089844,0.941406,0.000000,32.638725,1.000000
2.763672,-0.089844,0.888672,0.000000,31.942368,1.000000
4.308594,-0.142578,1.423828,0.000000,27.774269,1.000000
4.394531,-0.142578,1.287109,0.000000,31.427023,1.000000
4.462891,-0.144531,1.193359,0.000000,31.055101,1.000000
4.646484,-0.000000,0.402344,0.000000,29.809120,1.000000
4.689453,-0.000000,0.363281,0.000000,30.663260,1.000000
4.740234,-0.148438,-0.169922,0.000000,29.350031,1.000000
4.746094,-0.298828,-0.537109,0.000000,33.285835,1.000000
4.800781,-0.150391,-0.480469,0.000000,34.073910,1.000000
4.841797,-0.152344,-0.476562,0.000000,30.899052,1.000000
4.816406,-0.308594,1.095703,0.000000,30.870712,1.000000
4.832031,-0.156250,1.238281,0.000000,28.870544,1.000000
1.087891,-0.357422,0.044922,1.229337,21.553360,1.000000
1.125000,-0.371094,0.060547,1.229337,23.283796,1.000000
1.164062,-0.382812,0.058594,1.229337,20.934217,1.000000
1.320312,-0.253906,0.115234,-0.614669,25.145477,1.000000
1.351562,-0.304688,0.126953,-0.614669,26.374897,1.000000
1.392578,-0.312500,0.123047,-0.614669,25.717089,1.000000
0.037109,-0.035156,0.064453,0.000000,30.090258,1.000000
0.044922,-0.046875,0.103516,0.000000,29.009130,1.000000
0.707031,0.804688,-1.070312,0.000000,23.180634,1.000000
0.011719,-0.039062,-0.007812,0.000000,30.681858,2.000000
0.027344,-0.076172,-0.009766,0.000000,31.880844,2.000000
0.029297,-0.119141,-0.005859,0.000000,30.090258,2.000000
0.056641,-0.154297,0.007812,0.000000,25.365585,2.000000
0.011719,0.039062,1.267578,0.000000,23.521826,2.000000
0.785156,-0.000000,1.046875,0.000000,24.593925,2.000000
1.365234,-0.179688,0.390625,0.000000,24.082399,2.000000
0.642578,0.662109,1.199219,0.000000,22.718416,2.000000
2.625000,-0.175781,1.021484,0.000000,29.365137,2.000000
2.701172,-0.089844,0.945312,0.000000,32.638725,2.000000
2.763672,-0.089844,0.888672,0.000000,31.936810,2.000000
4.275391,-0.142578,1.521484,0.000000,27.774269,2.000000
4.384766,-0.142578,1.320312,0.000000,31.405081,2.000000
4.458984,-0.144531,1.208984,0.000000,30.996807,2.000000
4.644531,-0.000000,0.417969,0.000000,29.694159,2.000000
4.691406,-0.000000,0.349609,0.000000,30.633333,2.000000
4.740234,-0.148438,-0.177734,0.000000,29.395193,2.000000
4.746094,-0.298828,-0.541016,0.000000,33.298046,2.000000
4.798828,-0.150391,-0.490234,0.000000,34.080704,2.000000
4.843750,-0.152344,-0.464844,0.000000,30.902580,2.000000
4.816406,-0.308594,1.099609,0.000000,30.965624,2.000000
1.125000,-0.371094,0.076172,1.229337,22.253094,2.000000
1.173828,-0.345703,0.093750,1.229337,23.944517,2.000000
1.210938,-0.357422,0.121094,1.229337,22.253094,2.000000
1.318359,-0.253906,0.148438,-0.614669,26.304279,2.000000
1.359375,-0.261719,0.138672,-0.614669,25.954962,2.000000
1.417969,-0.367188,0.140625,-0.614669,22.671717,2.000000
0.037109,-0.035156,0.064453,0.000000,30.090258,2.000000
0.046875,-0.046875,0.103516,0.000000,29.009130,2.000000
1.423828,-0.472656,0.201172,0.000000,22.528530,2.000000
3.837891,-1.703125,-1.726562,0.000000,24.800070,2.000000
0.011719,-0.039062,-0.007812,0.000000,30.678144,3.000000
0.027344,-0.076172,-0.009766,0.000000,31.878027,3.000000
0.029297,-0.119141,-0.005859,0.000000,30.090258,3.000000
0.056641,-0.154297,0.007812,0.000000,25.365585,3.000000
0.582031,-0.000000,1.126953,0.000000,23.820171,3.000000
1.201172,-0.164062,0.494141,0.000000,26.608654,3.000000
1.312500,-0.167969,0.269531,0.000000,27.979597,3.000000
1.353516,-0.173828,0.265625,0.000000,26.720978,3.000000
1.458984,-0.378906,0.144531,0.000000,23.961994,3.000000
1.527344,-0.291016,0.031250,0.000000,25.693739,3.000000
2.626953,-0.175781,1.015625,0.000000,29.380192,3.000000
2.703125,-0.089844,0.941406,0.000000,32.636360,3.000000
2.765625,-0.089844,0.882812,0.000000,31.950689,3.000000
4.287109,-0.142578,1.490234,0.000000,27.730547,3.000000
4.384766,-0.142578,1.320312,0.000000,31.316187,3.000000
4.464844,-0.144531,1.191406,0.000000,30.962147,3.000000
4.642578,-0.000000,0.449219,0.000000,29.781805,3.000000
4.687500,-0.000000,0.390625,0.000000,30.795429,3.000000
4.744141,-0.000000,-0.078125,0.000000,29.474337,3.000000
4.742188,-0.298828,-0.564453,0.000000,33.271545,3.000000
4.796875,-0.150391,-0.511719,0.000000,33.979401,3.000000
4.845703,-0.152344,-0.435547,0.000000,30.580462,3.000000
4.814453,-0.308594,1.105469,0.000000,30.913151,3.000000
1.164062,-0.382812,0.072266,0.614669,22.201080,3.000000
0.037109,-0.035156,0.064453,0.000000,30.086002,3.000000
0.044922,-0.046875,0.103516,0.000000,29.003672,3.000000
1.183594,-0.396484,0.226562,0.000000,21.643528,3.000000
0.421875,0.662109,1.292969,0.000000,23.820171,3.000000
0.011719,-0.039062,-0.007812,0.000000,30.678144,4.000000
0.027344,-0.076172,-0.009766,0.000000,31.878027,4.000000
0.029297,-0.119141,-0.005859,0.000000,30.090258,4.000000
0.056641,-0.154297,0.007812,0.000000,25.365585,4.000000
0.828125,0.039062,-0.958984,0.000000,23.443922,4.000000
1.292969,-0.205078,-0.039062,0.000000,25.670263,4.000000
1.337891,-0.167969,0.068359,0.000000,27.874605,4.000000
1.373047,-0.216797,0.042969,0.000000,24.955442,4.000000
2.634766,-0.175781,0.998047,0.000000,29.390198,4.000000
2.705078,-0.089844,0.933594,0.000000,32.650539,4.000000
2.767578,-0.089844,0.878906,0.000000,31.947918,4.000000
4.302734,-0.142578,1.445312,0.000000,27.715876,4.000000
4.394531,-0.142578,1.289062,0.000000,31.360861,4.000000
4.470703,-0.144531,1.166016,0.000000,31.078880,4.000000
4.644531,-0.000000,0.423828,0.000000,29.885590,4.000000
4.691406,-0.000000,0.349609,0.000000,30.740847,4.000000
4.738281,-0.148438,-0.212891,0.000000,29.618956,4.000000
4.740234,-0.298828,-0.591797,0.000000,33.436054,4.000000
4.792969,-0.150391,-0.548828,0.000000,34.179695,4.000000
4.833984,-0.152344,-0.548828,0.000000,30.820669,4.000000
4.808594,-0.308594,1.134766,0.000000,30.588055,4.000000
1.910156,-0.183594,-0.412109,1.229337,24.183012,4.000000
0.037109,-0.035156,0.064453,0.000000,30.090258,4.000000
0.044922,-0.046875,0.103516,0.000000,29.009130,4.000000
1.123047,-0.435547,0.398438,0.000000,21.303337,4.000000
0.011719,-0.039062,-0.007812,0.000000,30.678144,5.000000
0.027344,-0.076172,-0.009766,0.000000,31.880844,5.000000
0.029297,-0.119141,-0.005859,0.000000,30.094509,5.000000
0.056641,-0.154297,0.007812,0.000000,25.378191,5.000000
0.669922,0.119141,-1.070312,0.000000,22.455126,5.000000
1.273438,-0.246094,0.171875,0.000000,26.646420,5.000000
1.326172,-0.210938,0.128906,0.000000,28.438555,5.000000
1.367188,-0.216797,0.138672,0.000000,26.042261,5.000000
1.238281,-0.492188,-0.525391,0.000000,22.455126,5.000000
1.359375,-0.460938,-0.328125,0.000000,26.954817,5.000000
1.435547,-0.425781,-0.222656,0.000000,28.756399,5.000000
1.505859,-0.339844,-0.173828,0.000000,28.048206,5.000000
2.625000,-0.175781,1.021484,0.000000,29.365137,5.000000
2.703125,-0.089844,0.937500,0.000000,32.636360,5.000000
2.765625,-0.089844,0.884766,0.000000,31.939590,5.000000
4.279297,-0.142578,1.511719,0.000000,27.759743,5.000000
4.380859,-0.142578,1.335938,0.000000,31.335388,5.000000
4.458984,-0.144531,1.210938,0.000000,30.969101,5.000000
4.648438,-0.000000,0.369141,0.000000,29.795485,5.000000
4.693359,-0.000000,0.324219,0.000000,30.629578,5.000000
4.744141,-0.298828,-0.562500,0.000000,33.083511,5.000000
4.789062,-0.300781,-0.519531,0.000000,33.847118,5.000000
4.814453,-0.304688,-0.656250,0.000000,30.195316,5.000000
4.804688,-0.308594,1.150391,0.000000,30.374266,5.000000
0.037109,-0.035156,0.064453,0.000000,30.098757,5.000000
0.044922,-0.046875,0.103516,0.000000,29.014584,5.000000
1.195312,-0.316406,0.277344,0.000000,20.170334,5.000000
1.144531,-0.000000,0.859375,0.000000,21.986570,5.000000
3.843750,-1.703125,-1.716797,0.000000,24.814426,5.000000
0.011719,-0.039062,-0.007812,0.000000,30.681858,6.000000
0.027344,-0.076172,-0.009766,0.000000,31.878027,6.000000
0.029297,-0.119141,-0.005859,0.000000,30.090258,6.000000
0.056641,-0.154297,0.007812,0.000000,25.378191,6.000000
0.736328,0.119141,-1.025391,0.000000,22.304489,6.000000
1.269531,-0.246094,0.197266,0.000000,26.560982,6.000000
1.328125,-0.210938,0.113281,0.000000,27.923918,6.000000
1.371094,-0.216797,0.070312,0.000000,25.378191,6.000000
1.468750,-0.332031,-0.148438,0.000000,25.010593,6.000000
2.628906,-0.175781,1.011719,0.000000,29.350031,6.000000
2.703125,-0.089844,0.941406,0.000000,32.624512,6.000000
2.761719,-0.089844,0.896484,0.000000,31.928461,6.000000
4.275391,-0.142578,1.525391,0.000000,27.693773,6.000000
4.378906,-0.142578,1.341797,0.000000,31.360861,6.000000
4.453125,-0.144531,1.234375,0.000000,31.003706,6.000000
4.644531,-0.000000,0.416016,0.000000,29.831751,6.000000
4.691406,-0.000000,0.357422,0.000000,30.696680,6.000000
4.742188,-0.298828,-0.572266,0.000000,32.794388,6.000000
4.787109,-0.300781,-0.548828,0.000000,33.697723,6.000000
4.818359,-0.152344,-0.673828,0.000000,30.240749,6.000000
4.806641,-0.308594,1.142578,0.000000,30.314085,6.000000
0.037109,-0.035156,0.064453,0.000000,30.090258,6.000000
0.044922,-0.046875,0.103516,0.000000,29.003672,6.000000
1.126953,-0.357422,0.457031,0.000000,22.095150,6.000000
3.869141,-1.703125,-1.658203,0.000000,24.727564,6.000000
0.011719,-0.039062,-0.007812,0.000000,30.685570,7.000000
0.027344,-0.076172,-0.009766,0.000000,31.880844,7.000000
0.029297,-0.119141,-0.005859,0.000000,30.090258,7.000000
0.056641,-0.154297,0.007812,0.000000,25.365585,7.000000
0.894531,-0.039062,-0.898438,0.000000,24.857214,7.000000
1.265625,-0.082031,-0.324219,0.000000,26.812412,7.000000
1.330078,-0.083984,-0.208984,0.000000,25.888317,7.000000
1.320312,-0.130859,-0.417969,0.000000,22.455126,7.000000
1.349609,-0.402344,-0.253906,0.000000,21.553360,7.000000
1.443359,-0.425781,-0.154297,0.000000,24.885508,7.000000
2.623047,-0.175781,1.029297,0.000000,29.385197,7.000000
2.701172,-0.089844,0.943359,0.000000,32.631626,7.000000
2.763672,-0.089844,0.888672,0.000000,31.925674,7.000000
4.289062,-0.142578,1.482422,0.000000,27.767012,7.000000
4.388672,-0.142578,1.308594,0.000000,31.408222,7.000000
4.462891,-0.144531,1.195312,0.000000,31.085649,7.000000
4.644531,-0.000000,0.425781,0.000000,29.898945,7.000000
4.691406,-0.000000,0.355469,0.000000,30.755470,7.000000
4.742188,-0.298828,-0.568359,0.000000,32.760021,7.000000
4.787109,-0.300781,-0.542969,0.000000,33.695869,7.000000
4.816406,-0.152344,-0.691406,0.000000,30.220158,7.000000
4.814453,-0.308594,1.103516,0.000000,30.429691,7.000000
0.037109,-0.035156,0.064453,0.000000,30.094509,7.000000
0.046875,-0.046875,0.103516,0.000000,29.009130,7.000000
1.232422,-0.000000,-0.644531,0.000000,22.278868,7.000000
0.708984,0.089844,-1.240234,0.000000,20.413927,7.000000
0.191406,0.804688,-1.267578,0.000000,22.878017,7.000000
0.011719,-0.039062,-0.007812,0.000000,30.689276,8.000000
0.027344,-0.076172,-0.009766,0.000000,31.883659,8.000000
0.029297,-0.119141,-0.005859,0.000000,30.094509,8.000000
0.056641,-0.154297,0.007812,0.000000,25.365585,8.000000
0.500000,-0.039062,1.164062,0.000000,24.771212,8.000000
1.269531,-0.041016,0.316406,0.000000,26.493349,8.000000
1.302734,-0.000000,0.357422,0.000000,24.941545,8.000000
0.683594,0.042969,1.210938,0.000000,22.278868,8.000000
2.630859,-0.175781,1.005859,0.000000,29.390198,8.000000
2.703125,-0.089844,0.943359,0.000000,32.612629,8.000000
2.763672,-0.089844,0.888672,0.000000,31.914511,8.000000
4.291016,-0.142578,1.480469,0.000000,27.671558,8.000000
4.386719,-0.142578,1.312500,0.000000,31.364035,8.000000
4.462891,-0.144531,1.197266,0.000000,31.065308,8.000000
4.642578,-0.000000,0.431641,0.000000,29.854265,8.000000
4.689453,-0.000000,0.365234,0.000000,30.681858,8.000000
4.740234,-0.298828,-0.582031,0.000000,32.633995,8.000000
4.785156,-0.300781,-0.560547,0.000000,33.544926,8.000000
4.814453,-0.152344,-0.703125,0.000000,30.017338,8.000000
4.816406,-0.308594,1.099609,0.000000,30.722500,8.000000
0.037109,-0.035156,0.064453,0.000000,30.090258,8.000000
0.044922,-0.046875,0.103516,0.000000,29.009130,8.000000
0.658203,-0.505859,-1.064453,0.000000,22.900347,8.000000
1.296875,-0.478516,-0.152344,0.000000,21.818436,8.000000
0.011719,-0.039062,-0.007812,0.000000,30.685570,9.000000
0.027344,-0.076172,-0.009766,0.000000,31.880844,9.000000
0.029297,-0.119141,-0.005859,0.000000,30.090258,9.000000
