4.769531,-0.300781,-0.675781,0.000000,33.651134,0.000000
4.767578,-0.304688,-0.933594,0.000000,29.845274,0.000000
4.890625,-0.308594,0.697266,0.000000,30.655798,0.000000
4.929688,-0.779297,-0.021484,0.000000,29.380192,0.000000
1.464844,-0.000000,0.150391,-0.614669,23.242825,0.000000
1.511719,-0.000000,0.058594,-0.614669,25.465427,0.000000
1.523438,0.146484,0.277344,-0.614669,25.263393,0.000000
0.041016,-0.033203,0.062500,0.000000,30.098757,0.000000
0.044922,-0.046875,0.103516,0.000000,29.014584,0.000000
0.011719,-0.039062,-0.007812,0.000000,30.648323,1.000000
0.017578,-0.080078,-0.007812,0.000000,31.906118,1.000000
0.029297,-0.119141,-0.005859,0.000000,30.119930,1.000000
0.056641,-0.154297,0.005859,0.000000,25.453072,1.000000
0.162109,-0.080078,1.255859,0.000000,23.096302,1.000000
0.429688,-0.083984,-1.277344,0.000000,23.096302,1.000000
0.568359,-0.042969,-1.267578,0.000000,21.643528,1.000000
1.796875,0.113281,-0.035156,0.000000,30.285713,1.000000
1.832031,0.171875,-0.025391,0.000000,30.017338,1.000000
1.873047,0.175781,-0.023438,0.000000,27.596678,1.000000
2.613281,-0.175781,1.052734,0.000000,29.047155,1.000000
2.654297,-0.179688,1.058594,0.000000,32.119209,1.000000
2.751953,-0.089844,0.921875,0.000000,31.065308,1.000000
4.388672,-0.142578,1.306641,0.000000,31.014034,1.000000
4.160156,-0.144531,2.009766,0.000000,29.571281,1.000000
4.660156,-0.146484,-0.619141,0.000000,29.079485,1.000000
4.732422,-0.449219,-0.558594,0.000000,33.023308,1.000000
4.781250,-0.300781,-0.593750,0.000000,33.740147,1.000000
4.794922,-0.304688,-0.779297,0.000000,30.289778,1.000000
4.880859,-0.308594,0.759766,0.000000,30.546131,1.000000
4.951172,-0.623047,0.041016,0.000000,29.484129,1.000000
1.468750,-0.000000,0.117188,-0.614669,25.378191,1.000000
1.511719,0.046875,0.062500,-0.614669,26.803354,1.000000
0.041016,-0.033203,0.062500,0.000000,30.098757,1.000000
0.044922,-0.046875,0.103516,0.000000,29.014584,1.000000
0.011719,-0.039062,-0.007812,0.000000,30.655798,2.000000
0.017578,-0.080078,-0.007812,0.000000,31.911715,2.000000
0.029297,-0.119141,-0.005859,0.000000,30.128372,2.000000
0.056641,-0.154297,0.007812,0.000000,25.465427,2.000000
0.126953,-0.080078,1.259766,0.000000,23.117538,2.000000
0.414062,-0.083984,-1.281250,0.000000,23.117538,2.000000
0.501953,-0.042969,-1.296875,0.000000,21.789770,2.000000
1.158203,-0.000000,0.839844,0.000000,23.996737,2.000000
1.445312,-0.000000,0.285156,0.000000,27.218105,2.000000
1.492188,-0.000000,0.248047,0.000000,28.095596,2.000000
1.519531,-0.000000,0.324219,0.000000,25.705429,2.000000
1.794922,0.113281,-0.087891,0.000000,27.596678,2.000000
1.832031,0.171875,-0.046875,0.000000,26.702459,2.000000
2.621094,-0.175781,1.033203,0.000000,29.009130,2.000000
2.660156,-0.179688,1.044922,0.000000,32.177471,2.000000
2.748047,-0.089844,0.933594,0.000000,31.261314,2.000000
4.394531,-0.142578,1.291016,0.000000,30.820669,2.000000
4.261719,-0.144531,1.787109,0.000000,29.809120,2.000000
4.740234,-0.298828,-0.591797,0.000000,33.089909,2.000000
4.777344,-0.300781,-0.625000,0.000000,33.626709,2.000000
4.806641,-0.152344,-0.750000,0.000000,29.717396,2.000000
4.876953,-0.308594,0.787109,0.000000,31.467480,2.000000
4.947266,-0.623047,0.205078,0.000000,29.951963,2.000000
0.041016,-0.033203,0.062500,0.000000,30.098757,2.000000
0.044922,-0.046875,0.103516,0.000000,29.014584,2.000000
0.011719,-0.039062,-0.007812,0.000000,30.644581,3.000000
0.017578,-0.080078,-0.007812,0.000000,31.906118,3.000000
0.029297,-0.119141,-0.005859,0.000000,30.119930,3.000000
0.056641,-0.154297,0.005859,0.000000,25.453072,3.000000
0.158203,-0.080078,1.255859,0.000000,23.096302,3.000000
0.046875,-0.082031,1.304688,0.000000,24.638929,3.000000
0.402344,-0.083984,-1.285156,0.000000,23.096302,3.000000
0.601562,-0.042969,-1.251953,0.000000,21.613680,3.000000
1.468750,-0.091797,0.068359,0.000000,25.327543,3.000000
1.503906,-0.093750,0.150391,0.000000,27.024305,3.000000
1.750000,0.113281,-0.404297,0.000000,27.118073,3.000000
2.623047,-0.175781,1.029297,0.000000,28.976271,3.000000
2.664062,-0.179688,1.033203,0.000000,32.111206,3.000000
2.761719,-0.089844,0.896484,0.000000,31.044870,3.000000
4.398438,-0.142578,1.117188,0.000000,28.247765,3.000000
4.396484,-0.142578,1.281250,0.000000,31.577589,3.000000
4.306641,-0.144531,1.673828,0.000000,30.791813,3.000000
4.736328,-0.298828,-0.621094,0.000000,32.878017,3.000000
4.777344,-0.300781,-0.625000,0.000000,33.394516,3.000000
4.812500,-0.304688,-0.671875,0.000000,29.585638,3.000000
4.888672,-0.308594,0.710938,0.000000,30.674429,3.000000
4.949219,-0.623047,0.166016,0.000000,29.415113,3.000000
0.041016,-0.033203,0.062500,0.000000,30.094509,3.000000
0.046875,-0.046875,0.103516,0.000000,29.009130,3.000000
0.011719,-0.039062,-0.007812,0.000000,30.644581,4.000000
0.017578,-0.080078,-0.007812,0.000000,31.906118,4.000000
0.029297,-0.119141,-0.005859,0.000000,30.119930,4.000000
0.056641,-0.154297,0.007812,0.000000,25.453072,4.000000
0.166016,-0.080078,1.253906,0.000000,23.117538,4.000000
0.050781,-0.082031,1.304688,0.000000,24.668676,4.000000
0.412109,-0.083984,-1.283203,0.000000,23.096302,4.000000
1.460938,-0.091797,0.156250,0.000000,26.739420,4.000000
1.509766,-0.093750,0.031250,0.000000,27.283537,4.000000
2.621094,-0.175781,1.029297,0.000000,28.970770,4.000000
2.660156,-0.179688,1.042969,0.000000,32.127201,4.000000
2.751953,-0.089844,0.925781,0.000000,31.162756,4.000000
4.400391,-0.142578,1.269531,0.000000,31.166077,4.000000
4.373047,-0.144531,1.488281,0.000000,30.733517,4.000000
4.746094,-0.298828,-0.533203,0.000000,33.510227,4.000000
4.787109,-0.300781,-0.542969,0.000000,34.171394,4.000000
4.810547,-0.304688,-0.683594,0.000000,30.561422,4.000000
4.882812,-0.308594,0.750000,0.000000,31.179338,4.000000
4.947266,-0.623047,0.224609,0.000000,29.863237,4.000000
0.041016,-0.033203,0.062500,0.000000,30.094509,4.000000
0.044922,-0.046875,0.103516,0.000000,29.009130,4.000000
0.792969,0.425781,1.216797,0.000000,24.857214,4.000000
0.011719,-0.039062,-0.007812,0.000000,30.640835,5.000000
0.017578,-0.080078,-0.007812,0.000000,31.903316,5.000000
0.029297,-0.119141,-0.005859,0.000000,30.119930,5.000000
0.056641,-0.154297,0.007812,0.000000,25.453072,5.000000
0.103516,-0.080078,1.261719,0.000000,23.138672,5.000000
0.062500,-0.082031,-1.304688,0.000000,24.653828,5.000000
0.425781,-0.083984,-1.277344,0.000000,23.074961,5.000000
0.464844,-0.042969,-1.310547,0.000000,21.522884,5.000000
1.720703,-0.000000,-0.365234,0.000000,28.344208,5.000000
2.609375,-0.175781,1.060547,0.000000,29.014584,5.000000
2.658203,-0.179688,1.050781,0.000000,32.182728,5.000000
2.750000,-0.089844,0.927734,0.000000,31.241781,5.000000
4.404297,-0.142578,1.091797,0.000000,28.162413,5.000000
4.404297,-0.142578,1.251953,0.000000,31.455072,5.000000
4.386719,-0.144531,1.451172,0.000000,30.780941,5.000000
4.744141,-0.298828,-0.560547,0.000000,33.621052,5.000000
4.783203,-0.300781,-0.568359,0.000000,34.114513,5.000000
4.794922,-0.152344,-0.828125,0.000000,30.417873,5.000000
4.888672,-0.308594,0.712891,0.000000,31.162756,5.000000
4.966797,-0.468750,0.119141,0.000000,29.921114,5.000000
0.041016,-0.033203,0.062500,0.000000,30.090258,5.000000
0.046875,-0.046875,0.103516,0.000000,29.009130,5.000000
0.011719,-0.039062,-0.007812,0.000000,30.648323,6.000000
0.017578,-0.080078,-0.007812,0.000000,31.906118,6.000000
0.029297,-0.119141,-0.003906,0.000000,30.124153,6.000000
0.056641,-0.154297,0.007812,0.000000,25.453072,6.000000
0.173828,-0.080078,1.253906,0.000000,23.117538,6.000000
0.419922,-0.083984,-1.279297,0.000000,23.074961,6.000000
1.464844,-0.046875,0.146484,0.000000,25.490032,6.000000
1.511719,-0.000000,0.080078,0.000000,27.015680,6.000000
1.716797,0.052734,-0.062500,0.000000,28.662874,6.000000
1.753906,0.054688,-0.111328,0.000000,30.402067,6.000000
1.787109,0.056641,-0.203125,0.000000,28.000294,6.000000
2.611328,-0.175781,1.056641,0.000000,28.992731,6.000000
2.658203,-0.179688,1.050781,0.000000,32.174839,6.000000
2.751953,-0.089844,0.923828,0.000000,31.245043,6.000000
4.388672,-0.283203,1.128906,0.000000,27.958799,6.000000
4.402344,-0.142578,1.263672,0.000000,31.373541,6.000000
4.423828,-0.144531,1.335938,0.000000,30.913151,6.000000
4.716797,-0.296875,-0.425781,0.000000,30.689276,6.000000
4.753906,-0.298828,-0.464844,0.000000,35.047428,6.000000
4.794922,-0.300781,-0.474609,0.000000,35.531544,6.000000
4.806641,-0.304688,-0.710938,0.000000,31.936810,6.000000
4.876953,-0.308594,0.787109,0.000000,31.795517,6.000000
4.947266,-0.623047,0.189453,0.000000,30.220158,6.000000
1.832031,0.171875,0.013672,-0.614669,25.550945,6.000000
1.873047,0.175781,0.019531,-0.614669,25.490032,6.000000
0.041016,-0.033203,0.062500,0.000000,30.094509,6.000000
0.044922,-0.046875,0.103516,0.000000,29.014584,6.000000
0.011719,-0.039062,-0.007812,0.000000,30.655798,7.000000
0.017578,-0.080078,-0.007812,0.000000,31.908916,7.000000
0.029297,-0.119141,-0.005859,0.000000,30.124153,7.000000
0.056641,-0.154297,0.005859,0.000000,25.453072,7.000000
0.175781,-0.080078,1.253906,0.000000,23.117538,7.000000
0.417969,-0.083984,-1.281250,0.000000,23.117538,7.000000
0.560547,-0.042969,-1.271484,0.000000,21.613680,7.000000
1.716797,0.052734,-0.003906,0.000000,26.830471,7.000000
1.755859,0.054688,-0.076172,0.000000,28.135809,7.000000
2.623047,-0.175781,1.027344,0.000000,29.084850,7.000000
2.664062,-0.179688,1.035156,0.000000,32.206310,7.000000
2.757812,-0.089844,0.910156,0.000000,31.261314,7.000000
4.388672,-0.283203,1.128906,0.000000,27.993406,7.000000
4.398438,-0.142578,1.271484,0.000000,31.445742,7.000000
4.425781,-0.144531,1.328125,0.000000,30.976044,7.000000
4.904297,-0.308594,0.593750,0.000000,30.166155,7.000000
1.468750,-0.091797,0.037109,0.614669,26.560982,7.000000
1.511719,-0.046875,-0.019531,0.614669,28.518696,7.000000
1.552734,-0.048828,-0.042969,0.614669,26.693169,7.000000
1.791016,0.113281,-0.132812,-0.614669,27.528164,7.000000
1.837891,0.115234,-0.025391,-0.614669,25.693739,7.000000
0.041016,-0.033203,0.062500,0.000000,30.094509,7.000000
0.044922,-0.046875,0.103516,0.000000,29.009130,7.000000
0.011719,-0.039062,-0.007812,0.000000,30.648323,8.000000
0.017578,-0.080078,-0.007812,0.000000,31.906118,8.000000
0.029297,-0.119141,-0.005859,0.000000,30.119930,8.000000
0.056641,-0.154297,0.007812,0.000000,25.453072,8.000000
0.138672,-0.080078,1.257812,0.000000,23.159704,8.000000
0.419922,-0.083984,-1.279297,0.000000,23.096302,8.000000
1.791016,0.056641,-0.171875,0.000000,26.570559,8.000000
2.628906,-0.175781,1.013672,0.000000,29.030899,8.000000
2.664062,-0.179688,1.037109,0.000000,32.156376,8.000000
2.755859,-0.089844,0.910156,0.000000,31.179338,8.000000
4.394531,-0.142578,1.134766,0.000000,28.331470,8.000000
4.406250,-0.142578,1.248047,0.000000,31.344959,8.000000
4.435547,-0.144531,1.291016,0.000000,30.788193,8.000000
4.890625,-0.308594,0.701172,0.000000,31.383026,8.000000
4.968750,-0.468750,0.042969,0.000000,29.995655,8.000000
1.511719,-0.046875,-0.060547,0.614669,27.307823,8.000000
1.552734,-0.000000,-0.056641,0.614669,27.528164,8.000000
1.820312,0.230469,-0.156250,-1.229337,21.818436,8.000000
1.664062,0.052734,0.208984,-0.614669,27.379873,8.000000
1.716797,-0.000000,0.072266,-0.614669,29.907827,8.000000
1.759766,-0.000000,-0.001953,-0.614669,29.585638,8.000000
0.041016,-0.033203,0.062500,0.000000,30.090258,8.000000
0.046875,-0.046875,0.103516,0.000000,29.009130,8.000000
0.011719,-0.039062,-0.007812,0.000000,30.644581,9.000000
0.017578,-0.080078,-0.007812,0.000000,31.903316,9.000000
0.029297,-0.119141,-0.005859,0.000000,30.119930,9.000000
0.056641,-0.154297,0.007812,0.000000,25.453072,9.000000
0.121094,-0.080078,1.259766,0.000000,23.096302,9.000000
0.417969,-0.083984,-1.281250,0.000000,23.053514,9.000000
0.550781,-0.042969,-1.275391,0.000000,21.613680,9.000000
2.626953,-0.175781,1.017578,0.000000,29.122221,9.000000
2.660156,-0.179688,1.044922,0.000000,32.195847,9.000000
2.750000,-0.089844,0.929688,0.000000,31.202448,9.000000
4.412109,-0.142578,1.222656,0.000000,31.132748,9.000000
4.447266,-0.144531,1.251953,0.000000,30.773680,9.000000
1.673828,-0.000000,-0.117188,-0.614669,27.589119,9.000000
1.699219,0.052734,-0.244141,-0.614669,27.788744,9.000000
1.751953,0.109375,-0.125000,-0.614669,27.275414,9.000000
1.789062,0.113281,-0.154297,-0.614669,25.365585,9.000000
0.041016,-0.033203,0.062500,0.000000,30.094509,9.000000
0.044922,-0.046875,0.103516,0.000000,29.009130,9.000000
0.011719,-0.039062,-0.007812,0.000000,30.640835,10.000000
0.017578,-0.080078,-0.007812,0.000000,31.906118,10.000000
0.029297,-0.119141,-0.005859,0.000000,30.119930,10.000000
0.056641,-0.154297,0.005859,0.000000,25.453072,10.000000
0.181641,-0.080078,1.251953,0.000000,23.096302,10.000000
0.068359,-0.082031,1.304688,0.000000,24.638929,10.000000
0.400391,-0.083984,-1.287109,0.000000,23.096302,10.000000
2.597656,-0.175781,1.089844,0.000000,28.898617,10.000000
2.658203,-0.179688,1.050781,0.000000,32.143139,10.000000
2.759766,-0.089844,0.900391,0.000000,31.205740,10.000000
1.634766,-0.000000,-0.068359,-0.614669,28.122446,10.000000
1.666016,-0.000000,-0.199219,-0.614669,31.920095,10.000000
1.699219,-0.000000,-0.251953,-0.614669,32.771507,10.000000
1.744141,0.054688,-0.226562,-0.614669,30.402067,10.000000
0.041016,-0.033203,0.062500,0.000000,30.094509,10.000000
0.044922,-0.046875,0.103516,0.000000,29.014584,10.000000
0.011719,-0.039062,-0.007812,0.000000,30.640835,11.000000
0.017578,-0.080078,-0.007812,0.000000,31.906118,11.000000
0.029297,-0.119141,-0.005859,0.000000,30.124153,11.000000
0.056641,-0.154297,0.007812,0.000000,25.453072,11.000000
0.097656,-0.080078,1.261719,0.000000,23.074961,11.000000
0.423828,-0.083984,-1.279297,0.000000,23.096302,11.000000
0.546875,-0.042969,-1.277344,0.000000,21.673174,11.000000
2.607422,-0.175781,1.066406,0.000000,28.893017,11.000000
2.660156,-0.179688,1.042969,0.000000,32.169571,11.000000
2.755859,-0.089844,0.914062,0.000000,31.225435,11.000000
1.466797,0.138672,0.009766,-2.458675,19.777237,11.000000
1.509766,0.093750,0.013672,-2.458675,20.791813,11.000000
1.648438,0.052734,-0.300781,-0.614669,29.319662,11.000000
1.708984,0.052734,-0.166016,-0.614669,31.740599,11.000000
1.755859,-0.000000,-0.103516,-0.614669,31.038036,11.000000
1.798828,0.056641,-0.041016,-0.614669,27.701153,11.000000
0.041016,-0.033203,0.062500,0.000000,30.094509,11.000000
0.044922,-0.046875,0.103516,0.000000,29.014584,11.000000
0.011719,-0.039062,-0.007812,0.000000,30.644581,12.000000
0.017578,-0.080078,-0.007812,0.000000,31.906118,12.000000
0.029297,-0.119141,-0.005859,0.000000,30.119930,12.000000
0.056641,-0.154297,0.005859,0.000000,25.440680,12.000000
