2.666016,-0.179688,1.027344,0.000000,32.648178,0.000000
2.763672,-0.089844,0.888672,0.000000,31.911715,0.000000
4.316406,-0.000000,1.408203,0.000000,27.881683,0.000000
4.400391,-0.142578,1.269531,0.000000,31.574568,0.000000
4.500000,-0.144531,1.050781,0.000000,31.931246,0.000000
4.638672,-0.000000,0.482422,0.000000,32.148438,0.000000
4.693359,-0.000000,0.322266,0.000000,32.588768,0.000000
4.744141,-0.000000,-0.080078,0.000000,31.970047,0.000000
4.761719,-0.150391,-0.455078,0.000000,33.267452,0.000000
4.804688,-0.150391,-0.443359,0.000000,33.287872,0.000000
4.847656,-0.308594,0.953125,0.000000,30.692980,0.000000
4.925781,-0.779297,0.197266,0.000000,29.523081,0.000000
1.994141,0.187500,0.095703,-0.614669,26.848454,0.000000
0.037109,-0.035156,0.064453,0.000000,30.081741,0.000000
0.046875,-0.046875,0.103516,0.000000,28.992731,0.000000
1.230469,-0.464844,0.300781,0.000000,19.590414,0.000000
0.011719,-0.039062,-0.007812,0.000000,30.648323,1.000000
0.027344,-0.076172,-0.009766,0.000000,31.855421,1.000000
0.029297,-0.119141,-0.005859,0.000000,30.073210,1.000000
0.056641,-0.154297,0.007812,0.000000,25.340261,1.000000
0.269531,0.039062,-1.238281,0.000000,23.483049,1.000000
0.238281,0.041016,-1.287109,0.000000,24.329693,1.000000
0.449219,0.042969,1.271484,0.000000,22.405493,1.000000
2.611328,-0.175781,1.056641,0.000000,29.253120,1.000000
2.662109,-0.179688,1.041016,0.000000,32.511513,1.000000
2.763672,-0.089844,0.888672,0.000000,31.795517,1.000000
4.326172,-0.142578,1.371094,0.000000,27.853298,1.000000
4.406250,-0.142578,1.244141,0.000000,31.586639,1.000000
4.484375,-0.144531,1.115234,0.000000,31.498346,1.000000
4.644531,-0.146484,0.398438,0.000000,29.840771,1.000000
4.685547,-0.000000,0.410156,0.000000,30.220158,1.000000
4.738281,-0.148438,-0.218750,0.000000,29.289078,1.000000
4.746094,-0.298828,-0.533203,0.000000,32.866810,1.000000
4.804688,-0.150391,-0.429688,0.000000,33.302109,1.000000
4.835938,-0.308594,1.011719,0.000000,30.542299,1.000000
4.921875,-0.779297,0.281250,0.000000,29.370161,1.000000
1.800781,0.115234,-0.367188,-1.844006,21.613680,1.000000
1.847656,0.117188,-0.333984,-1.844006,25.237465,1.000000
1.886719,0.179688,-0.320312,-1.844006,25.224442,1.000000
0.037109,-0.035156,0.064453,0.000000,30.086002,1.000000
0.046875,-0.046875,0.103516,0.000000,28.998205,1.000000
1.236328,-0.464844,0.283203,0.000000,19.542425,1.000000
0.011719,-0.039062,-0.007812,0.000000,30.655798,2.000000
0.027344,-0.076172,-0.009766,0.000000,31.855421,2.000000
0.029297,-0.119141,-0.003906,0.000000,30.073210,2.000000
0.056641,-0.154297,0.007812,0.000000,25.340261,2.000000
0.265625,0.039062,-1.240234,0.000000,23.483049,2.000000
0.220703,0.041016,-1.289062,0.000000,24.345690,2.000000
0.445312,0.042969,1.273438,0.000000,22.455126,2.000000
2.615234,-0.175781,1.048828,0.000000,29.232441,2.000000
2.667969,-0.179688,1.025391,0.000000,32.545483,2.000000
2.763672,-0.089844,0.890625,0.000000,31.844074,2.000000
4.324219,-0.142578,1.375000,0.000000,27.902851,2.000000
4.406250,-0.142578,1.246094,0.000000,31.559431,2.000000
4.460938,-0.144531,1.201172,0.000000,31.176027,2.000000
4.656250,-0.146484,0.208984,0.000000,29.537598,2.000000
4.699219,-0.000000,0.208984,0.000000,30.659531,2.000000
4.742188,-0.298828,-0.570312,0.000000,32.833012,2.000000
4.804688,-0.150391,-0.445312,0.000000,33.308193,2.000000
4.845703,-0.152344,-0.431641,0.000000,29.420080,2.000000
4.837891,-0.308594,1.000000,0.000000,30.640835,2.000000
4.914062,-0.779297,0.376953,0.000000,29.571281,2.000000
1.781250,0.224609,-0.113281,-2.458675,22.479733,2.000000
1.822266,0.230469,-0.119141,-2.458675,23.242825,2.000000
1.853516,0.294922,-0.128906,-2.458675,20.569048,2.000000
0.037109,-0.035156,0.064453,0.000000,30.077478,2.000000
0.046875,-0.046875,0.103516,0.000000,28.987251,2.000000
1.181641,-0.449219,0.339844,0.000000,21.367207,2.000000
1.242188,-0.464844,0.251953,0.000000,19.637878,2.000000
0.011719,-0.039062,-0.007812,0.000000,30.655798,3.000000
0.027344,-0.076172,-0.009766,0.000000,31.855421,3.000000
0.029297,-0.119141,-0.005859,0.000000,30.073210,3.000000
0.056641,-0.154297,0.007812,0.000000,25.352942,3.000000
0.255859,0.039062,-1.240234,0.000000,23.521826,3.000000
0.208984,0.041016,-1.291016,0.000000,24.377506,3.000000
0.464844,0.042969,1.267578,0.000000,22.479733,3.000000
2.640625,-0.175781,0.982422,0.000000,29.283958,3.000000
2.673828,-0.179688,1.009766,0.000000,32.547897,3.000000
2.769531,-0.089844,0.873047,0.000000,31.841234,3.000000
4.326172,-0.142578,1.373047,0.000000,27.730547,3.000000
4.412109,-0.142578,1.228516,0.000000,31.433271,3.000000
4.482422,-0.144531,1.117188,0.000000,31.195858,3.000000
4.597656,-0.000000,0.775391,0.000000,29.143431,3.000000
4.675781,-0.000000,0.517578,0.000000,29.148718,3.000000
4.740234,-0.148438,-0.162109,0.000000,29.469433,3.000000
4.751953,-0.298828,-0.490234,0.000000,33.023308,3.000000
4.800781,-0.150391,-0.474609,0.000000,33.544926,3.000000
4.843750,-0.000000,-0.484375,0.000000,30.370279,3.000000
4.859375,-0.308594,0.886719,0.000000,30.762762,3.000000
4.941406,-0.623047,0.304688,0.000000,29.661417,3.000000
1.634766,0.367188,-0.089844,-3.688012,20.718821,3.000000
1.660156,0.429688,-0.109375,-3.688012,21.003706,3.000000
0.037109,-0.035156,0.064453,0.000000,30.081741,3.000000
0.044922,-0.046875,0.103516,0.000000,28.992731,3.000000
1.234375,-0.464844,0.289062,0.000000,19.637878,3.000000
0.011719,-0.039062,-0.007812,0.000000,30.648323,4.000000
0.027344,-0.076172,-0.009766,0.000000,31.852587,4.000000
0.029297,-0.119141,-0.003906,0.000000,30.073210,4.000000
0.056641,-0.154297,0.007812,0.000000,25.340261,4.000000
0.279297,0.039062,-1.236328,0.000000,23.463530,4.000000
0.226562,0.041016,-1.289062,0.000000,24.313637,4.000000
0.466797,0.042969,1.265625,0.000000,22.380461,4.000000
2.638672,-0.175781,0.988281,0.000000,29.237619,4.000000
2.673828,-0.179688,1.007812,0.000000,32.547897,4.000000
2.765625,-0.089844,0.882812,0.000000,31.861084,4.000000
4.316406,-0.142578,1.404297,0.000000,27.730547,4.000000
4.402344,-0.142578,1.257812,0.000000,31.433271,4.000000
4.470703,-0.144531,1.166016,0.000000,31.075491,4.000000
4.679688,-0.000000,0.476562,0.000000,29.030899,4.000000
4.744141,-0.298828,-0.562500,0.000000,32.878017,4.000000
4.794922,-0.300781,-0.466797,0.000000,33.514099,4.000000
4.851562,-0.000000,-0.406250,0.000000,30.265333,4.000000
4.859375,-0.308594,0.890625,0.000000,30.718821,4.000000
4.943359,-0.623047,0.271484,0.000000,29.474337,4.000000
0.037109,-0.035156,0.064453,0.000000,30.077478,4.000000
0.046875,-0.046875,0.103516,0.000000,28.987251,4.000000
1.177734,-0.449219,0.351562,0.000000,21.398790,4.000000
1.232422,-0.464844,0.294922,0.000000,19.684830,4.000000
0.011719,-0.039062,-0.007812,0.000000,30.648323,5.000000
0.027344,-0.076172,-0.009766,0.000000,31.852587,5.000000
0.029297,-0.119141,-0.005859,0.000000,30.068937,5.000000
0.056641,-0.154297,0.007812,0.000000,25.340261,5.000000
0.259766,0.039062,-1.240234,0.000000,23.502480,5.000000
0.208984,0.041016,-1.291016,0.000000,24.377506,5.000000
0.455078,0.042969,1.269531,0.000000,22.455126,5.000000
2.628906,-0.175781,1.011719,0.000000,29.294189,5.000000
2.667969,-0.179688,1.023438,0.000000,32.564774,5.000000
2.765625,-0.089844,0.884766,0.000000,31.863913,5.000000
4.306641,-0.142578,1.431641,0.000000,27.788744,5.000000
4.400391,-0.142578,1.269531,0.000000,31.486027,5.000000
4.503906,-0.144531,1.031250,0.000000,31.682028,5.000000
4.626953,-0.000000,0.582031,0.000000,31.445742,5.000000
4.673828,0.146484,0.517578,0.000000,31.906118,5.000000
4.744141,-0.000000,0.121094,0.000000,31.277525,5.000000
4.765625,-0.150391,-0.416016,0.000000,32.929203,5.000000
4.798828,-0.300781,-0.431641,0.000000,33.087776,5.000000
4.855469,-0.308594,0.914062,0.000000,30.534626,5.000000
4.923828,-0.779297,0.220703,0.000000,29.420080,5.000000
1.644531,0.482422,0.113281,1.844006,20.530785,5.000000
1.699219,0.439453,0.113281,1.844006,22.988531,5.000000
1.738281,0.449219,0.111328,1.844006,21.903316,5.000000
1.449219,0.425781,-0.095703,-1.229337,21.986570,5.000000
1.503906,0.388672,-0.064453,-1.229337,22.528530,5.000000
1.542969,0.398438,-0.068359,-1.229337,20.969101,5.000000
0.037109,-0.035156,0.064453,0.000000,30.077478,5.000000
0.046875,-0.046875,0.103516,0.000000,28.987251,5.000000
1.177734,-0.449219,0.349609,0.000000,21.492191,5.000000
1.234375,-0.464844,0.285156,0.000000,19.822712,5.000000
0.011719,-0.039062,-0.007812,0.000000,30.648323,6.000000
0.027344,-0.076172,-0.009766,0.000000,31.852587,6.000000
0.029297,-0.119141,-0.005859,0.000000,30.073210,6.000000
0.056641,-0.154297,0.007812,0.000000,25.340261,6.000000
0.259766,0.039062,-1.240234,0.000000,23.483049,6.000000
0.230469,0.041016,-1.287109,0.000000,24.345690,6.000000
0.455078,0.042969,1.269531,0.000000,22.430380,6.000000
2.611328,-0.175781,1.056641,0.000000,29.304396,6.000000
2.662109,-0.179688,1.039062,0.000000,32.550312,6.000000
2.763672,-0.089844,0.888672,0.000000,31.841234,6.000000
4.300781,-0.142578,1.449219,0.000000,27.715876,6.000000
4.400391,-0.142578,1.265625,0.000000,31.436392,6.000000
4.503906,-0.144531,1.031250,0.000000,31.559431,6.000000
4.650391,-0.000000,0.335938,0.000000,31.538149,6.000000
4.699219,-0.000000,0.208984,0.000000,32.151085,6.000000
4.738281,-0.148438,-0.205078,0.000000,31.189257,6.000000
4.748047,-0.298828,-0.521484,0.000000,32.730011,6.000000
4.796875,-0.300781,-0.443359,0.000000,32.851070,6.000000
4.853516,-0.308594,0.916016,0.000000,30.584261,6.000000
4.923828,-0.779297,0.240234,0.000000,29.319662,6.000000
2.115234,0.474609,-0.037109,1.229337,23.673559,6.000000
2.169922,0.414062,0.017578,1.229337,24.533184,6.000000
0.037109,-0.035156,0.064453,0.000000,30.081741,6.000000
0.046875,-0.046875,0.103516,0.000000,28.998205,6.000000
1.181641,-0.449219,0.337891,0.000000,21.367207,6.000000
1.232422,-0.464844,0.292969,0.000000,19.637878,6.000000
0.011719,-0.039062,-0.007812,0.000000,30.648323,7.000000
0.027344,-0.076172,-0.009766,0.000000,31.852587,7.000000
0.029297,-0.119141,-0.005859,0.000000,30.064661,7.000000
0.056641,-0.154297,0.007812,0.000000,25.327543,7.000000
0.267578,0.039062,-1.238281,0.000000,23.502480,7.000000
0.214844,0.041016,-1.291016,0.000000,24.361626,7.000000
0.470703,0.042969,1.265625,0.000000,22.479733,7.000000
2.621094,-0.175781,1.033203,0.000000,29.258276,7.000000
2.666016,-0.179688,1.029297,0.000000,32.557549,7.000000
2.761719,-0.089844,0.894531,0.000000,31.846914,7.000000
4.304688,-0.142578,1.437500,0.000000,27.839035,7.000000
4.400391,-0.142578,1.265625,0.000000,31.528996,7.000000
4.482422,-0.144531,1.121094,0.000000,31.455072,7.000000
4.591797,-0.000000,0.816406,0.000000,29.278833,7.000000
4.748047,-0.298828,-0.529297,0.000000,32.650539,7.000000
4.796875,-0.300781,-0.441406,0.000000,33.087776,7.000000
4.843750,-0.152344,-0.468750,0.000000,29.489017,7.000000
4.853516,-0.308594,0.923828,0.000000,30.449316,7.000000
4.925781,-0.779297,0.197266,0.000000,29.459606,7.000000
2.169922,0.414062,0.021484,0.614669,27.185017,7.000000
2.222656,0.351562,0.039062,0.614669,26.901960,7.000000
0.037109,-0.035156,0.064453,0.000000,30.077478,7.000000
0.044922,-0.046875,0.103516,0.000000,28.992731,7.000000
1.232422,-0.464844,0.294922,0.000000,19.590414,7.000000
0.011719,-0.039062,-0.007812,0.000000,30.644581,8.000000
0.027344,-0.076172,-0.009766,0.000000,31.852587,8.000000
0.041016,-0.115234,-0.007812,0.000000,30.068937,8.000000
0.056641,-0.154297,0.007812,0.000000,25.352942,8.000000
0.261719,0.039062,-1.240234,0.000000,23.463530,8.000000
0.203125,0.041016,-1.292969,0.000000,24.313637,8.000000
0.457031,0.042969,1.269531,0.000000,22.380461,8.000000
2.617188,-0.175781,1.039062,0.000000,29.242792,8.000000
2.666016,-0.179688,1.027344,0.000000,32.513950,8.000000
2.765625,-0.089844,0.880859,0.000000,31.778250,8.000000
4.308594,-0.142578,1.427734,0.000000,27.774269,8.000000
4.394531,-0.142578,1.287109,0.000000,31.473671,8.000000
4.478516,-0.144531,1.132812,0.000000,31.476763,8.000000
4.570312,-0.146484,0.917969,0.000000,29.439888,8.000000
4.750000,-0.298828,-0.509766,0.000000,32.595940,8.000000
4.798828,-0.300781,-0.421875,0.000000,32.871296,8.000000
4.863281,-0.308594,0.863281,0.000000,30.711452,8.000000
4.943359,-0.623047,0.291016,0.000000,29.420080,8.000000
1.472656,0.332031,-0.105469,1.229337,22.329962,8.000000
1.500000,0.388672,-0.128906,1.229337,24.996870,8.000000
1.552734,0.349609,-0.115234,1.229337,24.712917,8.000000
0.037109,-0.035156,0.064453,0.000000,30.086002,8.000000
0.044922,-0.046875,0.103516,0.000000,28.998205,8.000000
1.179688,-0.449219,0.347656,0.000000,21.398790,8.000000
1.234375,-0.464844,0.289062,0.000000,19.684830,8.000000
0.011719,-0.039062,-0.007812,0.000000,30.644581,9.000000
0.027344,-0.076172,-0.009766,0.000000,31.849752,9.000000
0.029297,-0.119141,-0.003906,0.000000,30.068937,9.000000
0.056641,-0.154297,0.007812,0.000000,25.352942,9.000000
0.261719,0.039062,-1.240234,0.000000,23.443922,9.000000
0.203125,0.041016,-1.292969,0.000000,24.345690,9.000000
0.488281,0.042969,1.257812,0.000000,22.455126,9.000000
2.623047,-0.175781,1.029297,0.000000,29.344984,9.000000
2.669922,-0.179688,1.019531,0.000000,32.562366,9.000000
2.765625,-0.089844,0.882812,0.000000,31.849752,9.000000
4.310547,-0.142578,1.421875,0.000000,27.723217,9.000000
4.398438,-0.142578,1.271484,0.000000,31.383026,9.000000
4.474609,-0.144531,1.154297,0.000000,31.245043,9.000000
4.742188,-0.298828,-0.576172,0.000000,32.968845,9.000000
4.792969,-0.300781,-0.486328,0.000000,33.554516,9.000000
4.845703,-0.000000,-0.457031,0.000000,30.538464,9.000000
4.865234,-0.308594,0.855469,0.000000,30.496056,9.000000
4.925781,-0.779297,0.179688,0.000000,29.474337,9.000000
1.556641,0.349609,-0.011719,1.844006,20.755470,9.000000
0.037109,-0.035156,0.064453,0.000000,30.077478,9.000000
0.046875,-0.046875,0.103516,0.000000,28.987251,9.000000
1.226562,-0.464844,0.316406,0.000000,19.684830,9.000000
0.011719,-0.039062,-0.007812,0.000000,30.652061,10.000000
0.027344,-0.076172,-0.009766,0.000000,31.852587,10.000000
0.029297,-0.119141,-0.003906,0.000000,30.068937,10.000000
0.056641,-0.154297,0.007812,0.000000,25.340261,10.000000
0.265625,0.039062,-1.240234,0.000000,23.483049,10.000000
0.214844,0.041016,-1.291016,0.000000,24.361626,10.000000
0.466797,0.042969,1.265625,0.000000,22.430380,10.000000
2.619141,-0.175781,1.037109,0.000000,29.319662,10.000000
2.664062,-0.179688,1.033203,0.000000,32.545483,10.000000
2.755859,-0.089844,0.912109,0.000000,31.798389,10.000000
4.314453,-0.142578,1.410156,0.000000,27.824726,10.000000
