2.103516,-0.000000,-0.318359,-0.614669,30.068937,0.000000
2.140625,0.068359,-0.332031,-0.614669,26.830471,0.000000
0.037109,-0.035156,0.064453,0.000000,30.081741,0.000000
0.044922,-0.046875,0.103516,0.000000,28.998205,0.000000
1.179688,-0.449219,0.347656,0.000000,21.367207,0.000000
1.236328,-0.464844,0.281250,0.000000,19.637878,0.000000
0.011719,-0.039062,-0.007812,0.000000,30.648323,1.000000
0.027344,-0.076172,-0.009766,0.000000,31.852587,1.000000
0.029297,-0.119141,-0.003906,0.000000,30.064661,1.000000
0.056641,-0.154297,0.007812,0.000000,25.340261,1.000000
0.251953,0.039062,-1.242188,0.000000,23.483049,1.000000
0.214844,0.041016,-1.291016,0.000000,24.345690,1.000000
0.455078,0.042969,1.269531,0.000000,22.380461,1.000000
2.673828,-0.175781,0.888672,0.000000,29.415113,1.000000
2.677734,-0.179688,0.998047,0.000000,32.607868,1.000000
2.763672,-0.089844,0.886719,0.000000,31.855421,1.000000
4.396484,-0.142578,1.281250,0.000000,31.277525,1.000000
4.470703,-0.000000,1.177734,0.000000,30.913151,1.000000
4.863281,-0.308594,0.873047,0.000000,30.305998,1.000000
4.900391,-0.935547,0.123047,0.000000,29.283958,1.000000
0.037109,-0.035156,0.064453,0.000000,30.077478,1.000000
0.046875,-0.046875,0.103516,0.000000,28.987251,1.000000
1.232422,-0.464844,0.294922,0.000000,19.637878,1.000000
0.011719,-0.039062,-0.007812,0.000000,30.655798,2.000000
0.027344,-0.076172,-0.009766,0.000000,31.858253,2.000000
0.029297,-0.119141,-0.005859,0.000000,30.077478,2.000000
0.056641,-0.154297,0.007812,0.000000,25.340261,2.000000
0.238281,0.039062,-1.244141,0.000000,23.443922,2.000000
0.193359,0.041016,-1.294922,0.000000,24.345690,2.000000
0.468750,0.042969,1.265625,0.000000,22.430380,2.000000
2.613281,-0.175781,1.054688,0.000000,29.339931,2.000000
2.669922,-0.179688,1.017578,0.000000,32.547897,2.000000
2.769531,-0.089844,0.867188,0.000000,31.827000,2.000000
4.316406,-0.142578,1.400391,0.000000,27.979597,2.000000
4.402344,-0.142578,1.261719,0.000000,31.553360,2.000000
4.470703,-0.000000,1.175781,0.000000,31.139433,2.000000
4.845703,-0.308594,0.964844,0.000000,30.666985,2.000000
4.923828,-0.779297,0.246094,0.000000,29.334873,2.000000
2.037109,0.064453,-0.171875,-0.614669,26.404814,2.000000
0.037109,-0.035156,0.064453,0.000000,30.086002,2.000000
0.046875,-0.046875,0.103516,0.000000,28.998205,2.000000
1.179688,-0.449219,0.345703,0.000000,21.367207,2.000000
1.238281,-0.464844,0.271484,0.000000,19.637878,2.000000
0.011719,-0.039062,-0.007812,0.000000,30.663260,3.000000
0.027344,-0.076172,-0.009766,0.000000,31.855421,3.000000
0.029297,-0.119141,-0.003906,0.000000,30.068937,3.000000
0.056641,-0.154297,0.007812,0.000000,25.352942,3.000000
0.240234,0.039062,-1.244141,0.000000,23.483049,3.000000
0.177734,0.041016,-1.296875,0.000000,24.361626,3.000000
0.498047,0.042969,1.253906,0.000000,22.455126,3.000000
2.628906,-0.175781,1.013672,0.000000,29.253120,3.000000
2.667969,-0.179688,1.025391,0.000000,32.530956,3.000000
2.761719,-0.089844,0.892578,0.000000,31.812717,3.000000
4.324219,-0.142578,1.380859,0.000000,27.846172,3.000000
4.402344,-0.142578,1.259766,0.000000,31.414497,3.000000
4.476562,-0.000000,1.148438,0.000000,31.085649,3.000000
4.857422,-0.308594,0.902344,0.000000,30.845762,3.000000
4.925781,-0.779297,0.205078,0.000000,29.735897,3.000000
0.037109,-0.035156,0.064453,0.000000,30.086002,3.000000
0.046875,-0.046875,0.103516,0.000000,28.992731,3.000000
1.232422,-0.464844,0.298828,0.000000,19.637878,3.000000
0.011719,-0.039062,-0.007812,0.000000,30.659531,4.000000
0.027344,-0.076172,-0.009766,0.000000,31.858253,4.000000
0.029297,-0.119141,-0.003906,0.000000,30.073210,4.000000
0.056641,-0.154297,0.007812,0.000000,25.352942,4.000000
0.238281,0.039062,-1.244141,0.000000,23.443922,4.000000
0.185547,0.041016,-1.294922,0.000000,24.345690,4.000000
0.478516,0.042969,1.261719,0.000000,22.405493,4.000000
1.759766,-0.000000,-0.025391,0.000000,28.756399,4.000000
2.021484,0.064453,-0.310547,0.000000,29.111576,4.000000
2.066406,0.064453,-0.283203,0.000000,29.100906,4.000000
2.607422,-0.175781,1.066406,0.000000,29.344984,4.000000
2.664062,-0.179688,1.037109,0.000000,32.591160,4.000000
2.761719,-0.089844,0.894531,0.000000,31.869564,4.000000
4.322266,-0.142578,1.386719,0.000000,27.909885,4.000000
4.402344,-0.142578,1.257812,0.000000,31.479853,4.000000
4.488281,-0.000000,1.103516,0.000000,31.411362,4.000000
4.593750,-0.000000,0.802734,0.000000,28.870544,4.000000
4.853516,-0.308594,0.917969,0.000000,30.281645,4.000000
4.923828,-0.779297,0.210938,0.000000,29.479237,4.000000
0.037109,-0.035156,0.064453,0.000000,30.086002,4.000000
0.044922,-0.046875,0.103516,0.000000,28.992731,4.000000
1.181641,-0.449219,0.337891,0.000000,21.367207,4.000000
1.236328,-0.464844,0.283203,0.000000,19.590414,4.000000
0.011719,-0.039062,-0.007812,0.000000,30.655798,5.000000
0.027344,-0.076172,-0.009766,0.000000,31.858253,5.000000
0.029297,-0.119141,-0.003906,0.000000,30.073210,5.000000
0.056641,-0.154297,0.007812,0.000000,25.352942,5.000000
0.277344,0.039062,-1.236328,0.000000,23.443922,5.000000
0.234375,0.041016,-1.287109,0.000000,24.313637,5.000000
0.449219,0.042969,1.271484,0.000000,22.405493,5.000000
1.984375,0.062500,-0.275391,0.000000,30.863598,5.000000
2.025391,0.064453,-0.275391,0.000000,32.873539,5.000000
2.066406,0.064453,-0.275391,0.000000,31.616674,5.000000
2.621094,-0.175781,1.029297,0.000000,29.400181,5.000000
2.669922,-0.179688,1.019531,0.000000,32.598328,5.000000
2.767578,-0.089844,0.876953,0.000000,31.869564,5.000000
4.312500,-0.142578,1.416016,0.000000,27.874605,5.000000
4.404297,-0.142578,1.253906,0.000000,31.482941,5.000000
4.527344,-0.000000,0.933594,0.000000,32.227165,5.000000
4.638672,-0.000000,0.474609,0.000000,32.533379,5.000000
4.695312,-0.000000,0.291016,0.000000,32.496876,5.000000
4.740234,-0.000000,0.232422,0.000000,29.523081,5.000000
4.863281,-0.308594,0.865234,0.000000,30.870712,5.000000
4.923828,-0.779297,0.240234,0.000000,29.661417,5.000000
0.037109,-0.035156,0.064453,0.000000,30.090258,5.000000
0.044922,-0.046875,0.103516,0.000000,28.998205,5.000000
1.175781,-0.449219,0.355469,0.000000,21.335388,5.000000
1.230469,-0.464844,0.304688,0.000000,19.590414,5.000000
0.011719,-0.039062,-0.007812,0.000000,30.655798,6.000000
0.027344,-0.076172,-0.009766,0.000000,31.855421,6.000000
0.029297,-0.119141,-0.003906,0.000000,30.073210,6.000000
0.056641,-0.154297,0.007812,0.000000,25.340261,6.000000
0.250000,0.039062,-1.242188,0.000000,23.463530,6.000000
0.220703,0.041016,-1.289062,0.000000,24.345690,6.000000
0.445312,0.042969,1.273438,0.000000,22.430380,6.000000
1.990234,-0.000000,-0.232422,0.000000,28.561245,6.000000
2.029297,0.064453,-0.248047,0.000000,31.251558,6.000000
2.064453,0.064453,-0.292969,0.000000,30.178677,6.000000
2.613281,-0.175781,1.050781,0.000000,29.344984,6.000000
2.667969,-0.179688,1.023438,0.000000,32.555138,6.000000
2.765625,-0.089844,0.884766,0.000000,31.821293,6.000000
4.314453,-0.142578,1.408203,0.000000,27.824726,6.000000
4.400391,-0.142578,1.265625,0.000000,31.445742,6.000000
4.517578,-0.000000,0.976562,0.000000,31.978317,6.000000
4.632812,-0.000000,0.539062,0.000000,32.068260,6.000000
4.685547,-0.000000,0.423828,0.000000,31.880844,6.000000
4.861328,-0.308594,0.873047,0.000000,30.842186,6.000000
4.925781,-0.779297,0.185547,0.000000,29.518230,6.000000
0.037109,-0.035156,0.064453,0.000000,30.086002,6.000000
0.044922,-0.046875,0.103516,0.000000,28.992731,6.000000
1.236328,-0.464844,0.277344,0.000000,19.590414,6.000000
0.011719,-0.039062,-0.007812,0.000000,30.659531,7.000000
0.027344,-0.076172,-0.009766,0.000000,31.855421,7.000000
0.029297,-0.119141,-0.003906,0.000000,30.068937,7.000000
0.056641,-0.154297,0.007812,0.000000,25.340261,7.000000
0.275391,0.039062,-1.236328,0.000000,23.463530,7.000000
0.232422,0.041016,-1.287109,0.000000,24.329693,7.000000
0.451172,0.042969,1.271484,0.000000,22.430380,7.000000
1.988281,0.062500,-0.244141,0.000000,28.182259,7.000000
2.033203,0.064453,-0.214844,0.000000,30.652061,7.000000
2.070312,0.130859,-0.216797,0.000000,29.100906,7.000000
2.619141,-0.175781,1.037109,0.000000,29.273705,7.000000
2.671875,-0.179688,1.013672,0.000000,32.576786,7.000000
2.765625,-0.089844,0.882812,0.000000,31.869564,7.000000
4.306641,-0.142578,1.431641,0.000000,27.867514,7.000000
4.398438,-0.142578,1.275391,0.000000,31.464382,7.000000
4.505859,-0.000000,1.035156,0.000000,31.829849,7.000000
4.619141,-0.000000,0.636719,0.000000,31.225435,7.000000
4.677734,-0.000000,0.496094,0.000000,30.374266,7.000000
4.845703,-0.308594,0.960938,0.000000,30.852905,7.000000
4.919922,-0.779297,0.302734,0.000000,29.585638,7.000000
0.037109,-0.035156,0.064453,0.000000,30.086002,7.000000
0.044922,-0.046875,0.103516,0.000000,28.992731,7.000000
1.179688,-0.449219,0.343750,0.000000,21.367207,7.000000
1.236328,-0.464844,0.277344,0.000000,19.637878,7.000000
0.011719,-0.039062,-0.007812,0.000000,30.655798,8.000000
0.027344,-0.076172,-0.009766,0.000000,31.855421,8.000000
0.029297,-0.119141,-0.005859,0.000000,30.068937,8.000000
0.056641,-0.154297,0.007812,0.000000,25.340261,8.000000
0.267578,0.039062,-1.238281,0.000000,23.521826,8.000000
0.226562,0.041016,-1.289062,0.000000,24.377506,8.000000
0.451172,0.042969,1.271484,0.000000,22.479733,8.000000
1.921875,0.060547,-0.015625,0.000000,26.739420,8.000000
1.958984,0.123047,-0.023438,0.000000,27.283537,8.000000
1.998047,0.125000,-0.082031,0.000000,27.481880,8.000000
2.035156,0.191406,-0.066406,0.000000,28.014036,8.000000
2.626953,-0.175781,1.017578,0.000000,29.319662,8.000000
2.666016,-0.179688,1.031250,0.000000,32.543064,8.000000
2.755859,-0.089844,0.910156,0.000000,31.769590,8.000000
4.308594,-0.142578,1.425781,0.000000,27.846172,8.000000
4.400391,-0.142578,1.267578,0.000000,31.458178,8.000000
4.503906,-0.000000,1.037109,0.000000,31.752218,8.000000
4.619141,-0.000000,0.640625,0.000000,30.762762,8.000000
4.677734,0.146484,0.474609,0.000000,29.623693,8.000000
4.855469,-0.308594,0.912109,0.000000,30.941216,8.000000
4.935547,-0.623047,0.398438,0.000000,29.518230,8.000000
0.037109,-0.035156,0.064453,0.000000,30.090258,8.000000
0.046875,-0.046875,0.103516,0.000000,29.003672,8.000000
1.175781,-0.449219,0.355469,0.000000,21.398790,8.000000
1.226562,-0.464844,0.318359,0.000000,19.684830,8.000000
0.011719,-0.039062,-0.007812,0.000000,30.659531,9.000000
0.027344,-0.076172,-0.009766,0.000000,31.858253,9.000000
0.029297,-0.119141,-0.005859,0.000000,30.064661,9.000000
0.056641,-0.154297,0.007812,0.000000,25.327543,9.000000
0.240234,0.039062,-1.244141,0.000000,23.483049,9.000000
0.205078,0.041016,-1.292969,0.000000,24.361626,9.000000
0.484375,0.042969,1.259766,0.000000,22.455126,9.000000
2.011719,0.191406,-0.320312,0.000000,27.267273,9.000000
2.656250,-0.175781,0.937500,0.000000,29.390198,9.000000
2.671875,-0.179688,1.015625,0.000000,32.598328,9.000000
2.763672,-0.089844,0.890625,0.000000,31.903316,9.000000
4.314453,-0.142578,1.410156,0.000000,27.810369,9.000000
4.398438,-0.142578,1.271484,0.000000,31.392492,9.000000
4.500000,-0.000000,1.052734,0.000000,31.598679,9.000000
4.617188,-0.000000,0.660156,0.000000,30.464952,9.000000
4.675781,0.146484,0.486328,0.000000,29.222063,9.000000
4.861328,-0.308594,0.876953,0.000000,30.842186,9.000000
4.939453,-0.623047,0.337891,0.000000,29.489017,9.000000
2.019531,-0.126953,-0.292969,1.844006,22.041201,9.000000
2.064453,-0.130859,-0.273438,1.844006,24.814426,9.000000
2.105469,-0.132812,-0.277344,1.844006,23.783979,9.000000
2.048828,0.332031,-0.464844,-1.844006,20.293839,9.000000
0.037109,-0.035156,0.064453,0.000000,30.086002,9.000000
0.046875,-0.046875,0.103516,0.000000,28.992731,9.000000
1.226562,-0.464844,0.320312,0.000000,19.637878,9.000000
0.011719,-0.039062,-0.007812,0.000000,30.659531,10.000000
0.027344,-0.076172,-0.009766,0.000000,31.858253,10.000000
0.029297,-0.119141,-0.003906,0.000000,30.073210,10.000000
0.056641,-0.154297,0.007812,0.000000,25.340261,10.000000
0.263672,0.039062,-1.240234,0.000000,23.463530,10.000000
0.224609,0.041016,-1.289062,0.000000,24.345690,10.000000
0.472656,0.042969,1.263672,0.000000,22.455126,10.000000
2.636719,-0.175781,0.992188,0.000000,29.324738,10.000000
2.669922,-0.179688,1.021484,0.000000,32.564774,10.000000
2.767578,-0.089844,0.875000,0.000000,31.869564,10.000000
4.314453,-0.142578,1.410156,0.000000,27.810369,10.000000
4.398438,-0.142578,1.273438,0.000000,31.392492,10.000000
4.500000,-0.000000,1.054688,0.000000,31.607685,10.000000
4.615234,-0.000000,0.669922,0.000000,30.507664,10.000000
4.673828,0.146484,0.509766,0.000000,29.237619,10.000000
4.865234,-0.308594,0.853516,0.000000,30.770042,10.000000
4.941406,-0.623047,0.308594,0.000000,29.666109,10.000000
1.992188,0.125000,-0.191406,0.614669,25.693739,10.000000
2.027344,0.126953,-0.234375,0.614669,27.781513,10.000000
2.070312,0.064453,-0.242188,0.614669,26.928469,10.000000
1.945312,0.250000,-0.416016,-1.844006,21.986570,10.000000
0.037109,-0.035156,0.064453,0.000000,30.081741,10.000000
0.046875,-0.046875,0.103516,0.000000,28.992731,10.000000
1.179688,-0.449219,0.345703,0.000000,21.367207,10.000000
1.232422,-0.464844,0.294922,0.000000,19.637878,10.000000
0.011719,-0.039062,-0.007812,0.000000,30.659531,11.000000
0.027344,-0.076172,-0.009766,0.000000,31.858253,11.000000
0.029297,-0.119141,-0.003906,0.000000,30.068937,11.000000
0.056641,-0.154297,0.007812,0.000000,25.340261,11.000000
0.275391,0.039062,-1.236328,0.000000,23.483049,11.000000
0.240234,0.041016,-1.287109,0.000000,24.361626,11.000000
0.451172,0.042969,1.271484,0.000000,22.504200,11.000000
2.013672,0.126953,-0.339844,0.000000,29.415113,11.000000
2.039062,0.064453,-0.433594,0.000000,28.356905,11.000000
2.628906,-0.175781,1.013672,0.000000,29.449759,11.000000
2.667969,-0.179688,1.023438,0.000000,32.583977,11.000000
2.763672,-0.089844,0.886719,0.000000,31.846914,11.000000
4.316406,-0.142578,1.402344,0.000000,27.817554,11.000000
4.402344,-0.142578,1.257812,0.000000,31.473671,11.000000
4.503906,-0.000000,1.042969,0.000000,31.693806,11.000000
4.615234,-0.000000,0.669922,0.000000,30.546131,11.000000
4.675781,-0.000000,0.515625,0.000000,29.138138,11.000000
4.857422,-0.308594,0.904297,0.000000,30.484419,11.000000
4.919922,-0.779297,0.298828,0.000000,29.474337,11.000000
1.957031,0.123047,0.107422,0.614669,27.371927,11.000000
2.000000,0.125000,-0.050781,0.614669,28.715729,11.000000
0.037109,-0.035156,0.064453,0.000000,30.081741,11.000000
0.044922,-0.046875,0.103516,0.000000,28.992731,11.000000
1.236328,-0.464844,0.275391,0.000000,19.637878,11.000000
0.011719,-0.039062,-0.007812,0.000000,30.659531,12.000000
