1.216797,0.357422,0.042969,0.000000,19.294189,0.000000
0.011719,-0.039062,-0.007812,0.000000,30.733517,1.000000
0.017578,-0.080078,-0.007812,0.000000,31.981070,1.000000
0.041016,-0.115234,-0.007812,0.000000,30.211893,1.000000
0.056641,-0.154297,0.005859,0.000000,25.514500,1.000000
0.322266,-0.080078,-1.224609,0.000000,22.013971,1.000000
0.345703,-0.041016,1.261719,0.000000,23.283796,1.000000
0.464844,-0.000000,1.267578,0.000000,21.958996,1.000000
1.662109,0.208984,0.095703,0.000000,26.344772,1.000000
2.533203,-0.263672,1.216797,0.000000,29.415113,1.000000
2.595703,-0.267578,1.179688,0.000000,32.727695,1.000000
2.652344,-0.181641,1.167969,0.000000,31.972805,1.000000
4.406250,-0.287109,1.222656,0.000000,30.845762,1.000000
4.417969,-0.289062,1.328125,0.000000,30.402067,1.000000
4.736328,-0.449219,-0.529297,0.000000,33.269501,1.000000
4.792969,-0.453125,-0.363281,0.000000,33.541084,1.000000
4.857422,-0.304688,0.080078,0.000000,30.064661,1.000000
4.824219,-0.460938,0.777344,0.000000,30.157787,1.000000
4.857422,-0.464844,0.826172,0.000000,30.681858,1.000000
1.226562,0.316406,0.037109,-3.073343,21.367207,1.000000
1.253906,0.367188,0.074219,-3.073343,22.013971,1.000000
1.451172,0.046875,-0.246094,-1.844006,20.453230,1.000000
1.134766,-2.076172,-0.183594,-1.844006,21.875208,1.000000
0.041016,-0.033203,0.062500,0.000000,30.149403,1.000000
0.044922,-0.046875,0.103516,0.000000,29.052561,1.000000
1.216797,0.357422,0.042969,0.000000,19.242792,1.000000
0.011719,-0.039062,-0.007812,0.000000,30.737183,2.000000
0.017578,-0.080078,-0.007812,0.000000,31.975563,2.000000
0.029297,-0.119141,-0.003906,0.000000,30.203613,2.000000
0.056641,-0.154297,0.005859,0.000000,25.502283,2.000000
0.337891,-0.080078,-1.220703,0.000000,21.986570,2.000000
0.318359,-0.041016,1.269531,0.000000,23.242825,2.000000
0.509766,-0.042969,1.250000,0.000000,21.931246,2.000000
1.535156,0.199219,0.384766,0.000000,26.599161,2.000000
1.582031,0.205078,0.367188,0.000000,27.752462,2.000000
2.546875,-0.263672,1.187500,0.000000,29.350031,2.000000
2.605469,-0.267578,1.154297,0.000000,32.732327,2.000000
2.664062,-0.181641,1.142578,0.000000,32.024883,2.000000
4.408203,-0.287109,1.212891,0.000000,31.000257,2.000000
4.457031,-0.289062,1.191406,0.000000,30.927206,2.000000
4.666016,-0.445312,-0.740234,0.000000,29.777237,2.000000
4.734375,-0.449219,-0.533203,0.000000,33.176456,2.000000
4.792969,-0.453125,-0.347656,0.000000,33.402458,2.000000
4.845703,-0.457031,0.126953,0.000000,29.722029,2.000000
4.816406,-0.460938,0.828125,0.000000,30.107239,2.000000
4.845703,-0.464844,0.900391,0.000000,30.884905,2.000000
1.136719,0.333984,-0.048828,-2.458675,19.822712,2.000000
1.236328,0.277344,-0.023438,-1.844006,20.969101,2.000000
0.041016,-0.033203,0.062500,0.000000,30.153597,2.000000
0.044922,-0.046875,0.103516,0.000000,29.052561,2.000000
1.216797,0.357422,0.031250,0.000000,19.344984,2.000000
0.939453,-0.398438,-1.226562,0.000000,23.729120,2.000000
0.011719,-0.039062,-0.007812,0.000000,30.740847,3.000000
0.017578,-0.080078,-0.007812,0.000000,31.978317,3.000000
0.029297,-0.119141,-0.003906,0.000000,30.207754,3.000000
0.056641,-0.154297,0.005859,0.000000,25.502283,3.000000
0.343750,-0.080078,-1.218750,0.000000,22.095150,3.000000
0.212891,-0.041016,1.291016,0.000000,23.283796,3.000000
0.425781,-0.000000,1.281250,0.000000,21.846914,3.000000
2.548828,-0.263672,1.181641,0.000000,29.304396,3.000000
2.609375,-0.267578,1.146484,0.000000,32.702129,3.000000
2.671875,-0.181641,1.123047,0.000000,31.945143,3.000000
4.406250,-0.287109,1.222656,0.000000,31.007151,3.000000
4.437500,-0.289062,1.259766,0.000000,30.759117,3.000000
4.736328,-0.449219,-0.527344,0.000000,33.089909,3.000000
4.792969,-0.453125,-0.353516,0.000000,33.390537,3.000000
4.857422,-0.304688,0.123047,0.000000,29.903389,3.000000
4.816406,-0.460938,0.832031,0.000000,30.236639,3.000000
4.839844,-0.464844,0.927734,0.000000,30.852905,3.000000
0.041016,-0.033203,0.062500,0.000000,30.149403,3.000000
0.046875,-0.046875,0.103516,0.000000,29.052561,3.000000
1.216797,0.357422,-0.003906,0.000000,19.242792,3.000000
0.011719,-0.039062,-0.007812,0.000000,30.729847,4.000000
0.017578,-0.080078,-0.007812,0.000000,31.975563,4.000000
0.029297,-0.119141,-0.003906,0.000000,30.207754,4.000000
0.056641,-0.154297,0.005859,0.000000,25.502283,4.000000
0.562500,-0.080078,-1.134766,0.000000,21.958996,4.000000
0.062500,-0.041016,1.306641,0.000000,23.384565,4.000000
1.648438,0.261719,0.158203,0.000000,27.909885,4.000000
1.691406,0.267578,0.126953,0.000000,27.250946,4.000000
2.542969,-0.263672,1.193359,0.000000,29.375179,4.000000
2.599609,-0.267578,1.167969,0.000000,32.753113,4.000000
2.652344,-0.181641,1.171875,0.000000,31.992065,4.000000
4.402344,-0.287109,1.236328,0.000000,30.937717,4.000000
4.412109,-0.289062,1.349609,0.000000,30.499929,4.000000
4.738281,-0.449219,-0.503906,0.000000,33.087776,4.000000
4.792969,-0.453125,-0.345703,0.000000,33.326405,4.000000
4.843750,-0.457031,0.146484,0.000000,29.552065,4.000000
4.812500,-0.460938,0.845703,0.000000,30.136797,4.000000
4.847656,-0.464844,0.888672,0.000000,30.881361,4.000000
1.107422,0.287109,0.050781,0.614669,21.673174,4.000000
1.146484,0.296875,0.062500,0.614669,22.552725,4.000000
1.193359,0.267578,0.101562,0.614669,21.643528,4.000000
0.041016,-0.033203,0.062500,0.000000,30.149403,4.000000
0.044922,-0.046875,0.103516,0.000000,29.057959,4.000000
1.236328,0.277344,-0.048828,0.000000,20.170334,4.000000
0.011719,-0.039062,-0.007812,0.000000,30.733517,5.000000
0.017578,-0.080078,-0.007812,0.000000,31.975563,5.000000
0.029297,-0.119141,-0.003906,0.000000,30.207754,5.000000
0.056641,-0.154297,0.005859,0.000000,25.502283,5.000000
0.570312,-0.039062,-1.132812,0.000000,22.227165,5.000000
0.166016,-0.041016,1.298828,0.000000,23.598354,5.000000
0.798828,-0.042969,1.087891,0.000000,22.304489,5.000000
2.542969,-0.263672,1.197266,0.000000,29.410143,5.000000
2.601562,-0.267578,1.164062,0.000000,32.757717,5.000000
2.658203,-0.181641,1.156250,0.000000,31.972805,5.000000
4.396484,-0.287109,1.253906,0.000000,30.895519,5.000000
4.402344,-0.289062,1.378906,0.000000,30.402067,5.000000
4.734375,-0.449219,-0.533203,0.000000,33.106934,5.000000
4.792969,-0.453125,-0.345703,0.000000,33.412365,5.000000
4.845703,-0.457031,0.109375,0.000000,29.772661,5.000000
4.820312,-0.460938,0.810547,0.000000,29.982594,5.000000
4.851562,-0.464844,0.865234,0.000000,30.759117,5.000000
1.148438,0.296875,0.009766,0.614669,21.760912,5.000000
1.185547,0.306641,-0.066406,0.614669,20.413927,5.000000
0.041016,-0.033203,0.062500,0.000000,30.145205,5.000000
0.044922,-0.046875,0.103516,0.000000,29.047155,5.000000
0.011719,-0.039062,-0.007812,0.000000,30.737183,6.000000
0.017578,-0.080078,-0.007812,0.000000,31.975563,6.000000
0.029297,-0.119141,-0.003906,0.000000,30.207754,6.000000
0.056641,-0.154297,0.007812,0.000000,25.502283,6.000000
0.339844,-0.041016,1.263672,0.000000,23.180634,6.000000
0.609375,-0.042969,1.203125,0.000000,21.205740,6.000000
2.546875,-0.263672,1.187500,0.000000,29.454685,6.000000
2.603516,-0.267578,1.162109,0.000000,32.746197,6.000000
2.656250,-0.181641,1.160156,0.000000,31.953461,6.000000
4.404297,-0.287109,1.226562,0.000000,30.877813,6.000000
4.431641,-0.289062,1.279297,0.000000,30.468851,6.000000
4.740234,-0.449219,-0.486328,0.000000,33.092041,6.000000
4.794922,-0.453125,-0.322266,0.000000,33.384563,6.000000
4.843750,-0.457031,0.169922,0.000000,29.777237,6.000000
4.806641,-0.460938,0.880859,0.000000,30.182842,6.000000
4.833984,-0.464844,0.957031,0.000000,30.899052,6.000000
1.197266,0.267578,0.023438,1.229337,20.128372,6.000000
1.246094,0.238281,0.021484,1.229337,22.922562,6.000000
1.285156,0.246094,0.060547,1.229337,22.430380,6.000000
0.041016,-0.033203,0.062500,0.000000,30.149403,6.000000
0.044922,-0.046875,0.103516,0.000000,29.052561,6.000000
1.425781,0.339844,0.517578,0.000000,24.913616,6.000000
0.011719,-0.039062,-0.007812,0.000000,30.744507,7.000000
0.017578,-0.080078,-0.007812,0.000000,31.981070,7.000000
0.029297,-0.119141,-0.003906,0.000000,30.207754,7.000000
0.056641,-0.154297,0.005859,0.000000,25.514500,7.000000
0.271484,-0.080078,-1.236328,0.000000,21.903316,7.000000
0.589844,-0.042969,1.214844,0.000000,22.174839,7.000000
0.191406,-0.000000,-1.376953,0.000000,21.986570,7.000000
1.466797,0.332031,0.164062,0.000000,23.598354,7.000000
1.480469,0.339844,0.328125,0.000000,26.232492,7.000000
1.544922,0.298828,0.259766,0.000000,26.748611,7.000000
1.601562,0.255859,0.210938,0.000000,26.294096,7.000000
2.546875,-0.263672,1.187500,0.000000,29.385197,7.000000
2.607422,-0.267578,1.152344,0.000000,32.716091,7.000000
2.666016,-0.181641,1.136719,0.000000,31.956230,7.000000
4.410156,-0.287109,1.207031,0.000000,30.770042,7.000000
4.449219,-0.289062,1.218750,0.000000,30.382227,7.000000
4.740234,-0.449219,-0.494141,0.000000,33.115421,7.000000
4.792969,-0.453125,-0.339844,0.000000,33.342525,7.000000
4.845703,-0.457031,0.125000,0.000000,29.670797,7.000000
4.847656,-0.306641,0.714844,0.000000,30.153597,7.000000
4.857422,-0.464844,0.833984,0.000000,30.795429,7.000000
1.265625,0.328125,-0.080078,0.614669,22.878017,7.000000
0.041016,-0.033203,0.062500,0.000000,30.153597,7.000000
0.044922,-0.046875,0.103516,0.000000,29.057959,7.000000
1.216797,0.357422,0.000000,0.000000,20.128372,7.000000
2.884766,-2.021484,-2.992188,0.000000,27.411516,7.000000
0.525391,-0.123047,1.193359,0.614669,21.461281,7.000000
0.011719,-0.039062,-0.007812,0.000000,30.748165,8.000000
0.017578,-0.080078,-0.007812,0.000000,31.978317,8.000000
0.029297,-0.119141,-0.003906,0.000000,30.207754,8.000000
0.056641,-0.154297,0.005859,0.000000,25.502283,8.000000
0.294922,-0.080078,-1.230469,0.000000,22.041201,8.000000
0.359375,-0.041016,1.257812,0.000000,23.283796,8.000000
0.476562,-0.042969,1.261719,0.000000,21.903316,8.000000
2.539062,-0.263672,1.203125,0.000000,29.429996,8.000000
2.613281,-0.179688,1.156250,0.000000,32.769211,8.000000
2.660156,-0.181641,1.150391,0.000000,32.005768,8.000000
4.414062,-0.287109,1.193359,0.000000,30.845762,8.000000
4.470703,-0.289062,1.138672,0.000000,30.685570,8.000000
4.689453,-0.296875,-0.660156,0.000000,29.745117,8.000000
4.734375,-0.449219,-0.535156,0.000000,33.149200,8.000000
4.792969,-0.453125,-0.359375,0.000000,33.356583,8.000000
4.845703,-0.457031,0.087891,0.000000,29.694159,8.000000
4.832031,-0.460938,0.736328,0.000000,30.124153,8.000000
4.853516,-0.464844,0.857422,0.000000,30.729847,8.000000
1.212891,0.357422,0.097656,1.229337,21.461281,8.000000
1.253906,0.367188,0.074219,1.229337,22.479733,8.000000
1.306641,0.337891,0.003906,1.229337,20.791813,8.000000
0.041016,-0.033203,0.062500,0.000000,30.149403,8.000000
0.044922,-0.046875,0.103516,0.000000,29.052561,8.000000
1.216797,0.357422,-0.027344,0.000000,19.912260,8.000000
1.236328,0.408203,-0.123047,0.000000,20.453230,8.000000
1.505859,-0.000000,-0.144531,0.000000,23.053514,8.000000
0.587891,1.019531,-1.013672,0.000000,24.548449,8.000000
0.011719,-0.039062,-0.007812,0.000000,30.733517,9.000000
0.017578,-0.080078,-0.007812,0.000000,31.975563,9.000000
0.029297,-0.119141,-0.003906,0.000000,30.203613,9.000000
0.056641,-0.154297,0.005859,0.000000,25.502283,9.000000
0.343750,-0.080078,-1.218750,0.000000,21.986570,9.000000
0.324219,-0.041016,1.267578,0.000000,23.263359,9.000000
0.521484,-0.000000,1.246094,0.000000,21.931246,9.000000
2.552734,-0.263672,1.173828,0.000000,29.405165,9.000000
2.603516,-0.267578,1.160156,0.000000,32.778385,9.000000
2.658203,-0.181641,1.154297,0.000000,32.033051,9.000000
4.412109,-0.287109,1.197266,0.000000,30.916670,9.000000
4.466797,-0.289062,1.156250,0.000000,30.751818,9.000000
4.736328,-0.449219,-0.525391,0.000000,33.180634,9.000000
4.792969,-0.453125,-0.359375,0.000000,33.380577,9.000000
4.845703,-0.457031,0.054688,0.000000,29.623693,9.000000
4.835938,-0.460938,0.699219,0.000000,30.060379,9.000000
4.888672,-0.308594,0.716797,0.000000,30.766405,9.000000
0.041016,-0.033203,0.062500,0.000000,30.145205,9.000000
0.044922,-0.046875,0.103516,0.000000,29.052561,9.000000
1.216797,0.357422,0.041016,0.000000,19.138138,9.000000
2.900391,-1.861328,-3.019531,0.000000,27.972675,9.000000
2.820312,-2.021484,-3.054688,0.000000,27.774269,9.000000
0.011719,-0.039062,-0.007812,0.000000,30.740847,10.000000
0.017578,-0.080078,-0.007812,0.000000,31.975563,10.000000
0.029297,-0.119141,-0.003906,0.000000,30.203613,10.000000
0.056641,-0.154297,0.005859,0.000000,25.490032,10.000000
0.347656,-0.080078,-1.216797,0.000000,22.041201,10.000000
0.267578,-0.041016,1.281250,0.000000,23.222193,10.000000
0.183594,-0.000000,1.337891,0.000000,21.875208,10.000000
1.498047,0.242188,0.337891,0.000000,27.151674,10.000000
1.560547,0.199219,0.261719,0.000000,27.242758,10.000000
2.537109,-0.263672,1.208984,0.000000,29.429996,10.000000
2.611328,-0.179688,1.162109,0.000000,32.782963,10.000000
2.656250,-0.181641,1.160156,0.000000,32.057457,10.000000
4.400391,-0.287109,1.242188,0.000000,31.017471,10.000000
4.423828,-0.289062,1.306641,0.000000,30.748165,10.000000
4.742188,-0.449219,-0.472656,0.000000,33.159702,10.000000
4.794922,-0.453125,-0.322266,0.000000,33.486942,10.000000
4.845703,-0.457031,0.105469,0.000000,29.943172,10.000000
4.820312,-0.460938,0.802734,0.000000,30.025980,10.000000
4.875000,-0.308594,0.796875,0.000000,30.744507,10.000000
1.501953,0.142578,-0.111328,0.614669,24.608978,10.000000
1.294922,0.378906,0.048828,1.229337,20.827854,10.000000
1.638672,0.482422,0.177734,-1.229337,24.183012,10.000000
1.699219,0.439453,0.128906,-1.229337,27.411516,10.000000
1.724609,0.505859,0.099609,-1.229337,26.884199,10.000000
1.763672,0.517578,0.089844,-1.229337,22.624512,10.000000
0.041016,-0.033203,0.062500,0.000000,30.145205,10.000000
0.044922,-0.046875,0.103516,0.000000,29.052561,10.000000
1.214844,0.357422,0.078125,0.000000,19.190781,10.000000
0.146484,0.662109,1.353516,0.614669,22.041201,10.000000
0.011719,-0.039062,-0.007812,0.000000,30.737183,11.000000
0.017578,-0.080078,-0.007812,0.000000,31.978317,11.000000
0.029297,-0.119141,-0.003906,0.000000,30.211893,11.000000
0.056641,-0.154297,0.005859,0.000000,25.502283,11.000000
0.312500,-0.080078,-1.226562,0.000000,22.013971,11.000000
0.316406,-0.041016,1.269531,0.000000,23.283796,11.000000
0.253906,-0.000000,1.326172,0.000000,21.931246,11.000000
2.542969,-0.263672,1.197266,0.000000,29.319662,11.000000
2.617188,-0.179688,1.150391,0.000000,32.746197,11.000000
2.662109,-0.181641,1.148438,0.000000,32.038486,11.000000
4.400391,-0.287109,1.242188,0.000000,31.020905,11.000000
4.435547,-0.289062,1.265625,0.000000,30.766405,11.000000
