4.693359,-0.000000,0.324219,0.000000,30.759117,0.000000
4.744141,-0.000000,-0.132812,0.000000,29.561684,0.000000
4.742188,-0.298828,-0.578125,0.000000,32.893658,0.000000
4.792969,-0.150391,-0.542969,0.000000,33.821972,0.000000
4.828125,-0.152344,-0.595703,0.000000,30.766405,0.000000
4.837891,-0.308594,0.998047,0.000000,30.948204,0.000000
1.417969,-0.236328,-0.472656,-1.844006,22.227165,0.000000
0.037109,-0.035156,0.064453,0.000000,30.086002,0.000000
0.044922,-0.046875,0.103516,0.000000,29.003672,0.000000
0.011719,-0.039062,-0.007812,0.000000,30.674429,1.000000
0.027344,-0.076172,-0.009766,0.000000,31.869564,1.000000
0.029297,-0.119141,-0.005859,0.000000,30.077478,1.000000
0.056641,-0.154297,0.007812,0.000000,25.352942,1.000000
0.208984,0.039062,-1.250000,0.000000,23.521826,1.000000
0.160156,0.041016,-1.298828,0.000000,24.377506,1.000000
0.404297,0.083984,1.285156,0.000000,22.648178,1.000000
1.333984,-0.390625,0.066406,0.000000,22.833012,1.000000
1.386719,-0.357422,0.011719,0.000000,23.579348,1.000000
1.447266,-0.275391,-0.005859,0.000000,25.365585,1.000000
1.494141,-0.236328,0.027344,0.000000,26.354837,1.000000
1.541016,-0.193359,0.064453,0.000000,25.465427,1.000000
2.625000,-0.175781,1.021484,0.000000,29.334873,1.000000
2.701172,-0.089844,0.945312,0.000000,32.624512,1.000000
2.767578,-0.089844,0.876953,0.000000,31.897709,1.000000
4.294922,-0.142578,1.466797,0.000000,27.701153,1.000000
4.386719,-0.142578,1.316406,0.000000,31.367207,1.000000
4.449219,-0.144531,1.246094,0.000000,31.027765,1.000000
4.636719,-0.000000,0.500000,0.000000,30.064661,1.000000
4.695312,-0.000000,0.300781,0.000000,30.788193,1.000000
4.744141,-0.000000,-0.134766,0.000000,29.542425,1.000000
4.742188,-0.298828,-0.572266,0.000000,32.951271,1.000000
4.796875,-0.150391,-0.519531,0.000000,33.771240,1.000000
4.833984,-0.152344,-0.546875,0.000000,30.386202,1.000000
4.830078,-0.308594,1.035156,0.000000,30.989897,1.000000
0.037109,-0.035156,0.064453,0.000000,30.086002,1.000000
0.044922,-0.046875,0.103516,0.000000,29.003672,1.000000
1.183594,-0.449219,0.332031,0.000000,21.583626,1.000000
1.271484,-0.421875,0.162109,0.000000,21.875208,1.000000
0.529297,0.087891,1.283203,0.000000,21.553360,1.000000
0.574219,0.134766,1.304688,0.000000,21.139433,1.000000
0.011719,-0.039062,-0.007812,0.000000,30.670708,2.000000
0.027344,-0.076172,-0.009766,0.000000,31.872387,2.000000
0.029297,-0.119141,-0.005859,0.000000,30.086002,2.000000
0.056641,-0.154297,0.007812,0.000000,25.365585,2.000000
0.279297,0.039062,-1.236328,0.000000,23.463530,2.000000
0.199219,0.041016,-1.292969,0.000000,24.361626,2.000000
0.339844,0.083984,1.304688,0.000000,22.648178,2.000000
1.332031,-0.390625,0.072266,0.000000,23.404442,2.000000
1.373047,-0.402344,-0.044922,0.000000,22.576786,2.000000
2.615234,-0.175781,1.046875,0.000000,29.309490,2.000000
2.701172,-0.089844,0.949219,0.000000,32.617386,2.000000
2.763672,-0.089844,0.888672,0.000000,31.883659,2.000000
4.292969,-0.142578,1.470703,0.000000,27.678976,2.000000
4.388672,-0.142578,1.306641,0.000000,31.370375,2.000000
4.455078,-0.144531,1.222656,0.000000,31.031193,2.000000
4.640625,-0.000000,0.462891,0.000000,30.077478,2.000000
4.693359,-0.000000,0.308594,0.000000,30.755470,2.000000
4.738281,-0.148438,-0.224609,0.000000,29.618956,2.000000
4.742188,-0.298828,-0.576172,0.000000,33.051365,2.000000
4.794922,-0.150391,-0.533203,0.000000,33.827374,2.000000
4.832031,-0.152344,-0.576172,0.000000,30.338257,2.000000
4.826172,-0.308594,1.058594,0.000000,30.951693,2.000000
1.378906,-0.230469,-0.462891,-0.614669,24.099331,2.000000
0.037109,-0.035156,0.064453,0.000000,30.081741,2.000000
0.044922,-0.046875,0.103516,0.000000,28.998205,2.000000
1.179688,-0.449219,0.341797,0.000000,21.553360,2.000000
1.269531,-0.421875,0.175781,0.000000,21.903316,2.000000
0.466797,0.087891,1.306641,0.000000,21.643528,2.000000
0.121094,0.089844,1.423828,0.000000,21.139433,2.000000
0.011719,-0.039062,-0.007812,0.000000,30.670708,3.000000
0.027344,-0.076172,-0.009766,0.000000,31.869564,3.000000
0.029297,-0.119141,-0.005859,0.000000,30.077478,3.000000
0.056641,-0.154297,0.007812,0.000000,25.352942,3.000000
0.253906,0.115234,1.195312,0.000000,19.395193,3.000000
0.125000,0.039062,1.261719,0.000000,23.502480,3.000000
0.123047,0.041016,-1.302734,0.000000,24.377506,3.000000
0.361328,0.083984,1.296875,0.000000,22.695129,3.000000
1.333984,-0.390625,0.054688,0.000000,24.082399,3.000000
1.386719,-0.357422,0.000000,0.000000,25.145477,3.000000
1.435547,-0.322266,-0.054688,0.000000,23.873898,3.000000
2.601562,-0.175781,1.082031,0.000000,29.185545,3.000000
2.695312,-0.089844,0.962891,0.000000,32.569580,3.000000
2.761719,-0.089844,0.896484,0.000000,31.852587,3.000000
4.296875,-0.000000,1.468750,0.000000,27.626785,3.000000
4.384766,-0.142578,1.320312,0.000000,31.332195,3.000000
4.447266,-0.144531,1.251953,0.000000,30.976044,3.000000
4.632812,-0.000000,0.531250,0.000000,30.008677,3.000000
4.689453,-0.000000,0.369141,0.000000,30.666985,3.000000
4.738281,-0.148438,-0.208984,0.000000,29.571281,3.000000
4.742188,-0.298828,-0.572266,0.000000,33.149200,3.000000
4.789062,-0.300781,-0.531250,0.000000,33.921692,3.000000
4.833984,-0.152344,-0.556641,0.000000,30.480532,3.000000
4.822266,-0.308594,1.070312,0.000000,30.838608,3.000000
0.037109,-0.035156,0.064453,0.000000,30.081741,3.000000
0.046875,-0.046875,0.103516,0.000000,29.003672,3.000000
1.160156,-0.382812,0.115234,0.000000,16.989700,3.000000
1.164062,-0.396484,0.306641,0.000000,20.606977,3.000000
1.191406,-0.449219,0.304688,0.000000,21.673174,3.000000
1.281250,-0.378906,0.195312,0.000000,22.068258,3.000000
0.382812,0.130859,1.330078,0.000000,21.903316,3.000000
0.011719,-0.039062,-0.007812,0.000000,30.678144,4.000000
0.027344,-0.076172,-0.009766,0.000000,31.872387,4.000000
0.029297,-0.119141,-0.003906,0.000000,30.081741,4.000000
0.056641,-0.154297,0.007812,0.000000,25.352942,4.000000
0.294922,0.039062,-1.232422,0.000000,23.502480,4.000000
0.244141,0.041016,-1.285156,0.000000,24.345690,4.000000
0.246094,0.083984,-1.324219,0.000000,22.624512,4.000000
1.333984,-0.390625,0.042969,0.000000,23.979401,4.000000
1.386719,-0.357422,-0.023438,0.000000,21.789770,4.000000
2.621094,-0.175781,1.031250,0.000000,29.299295,4.000000
2.701172,-0.089844,0.945312,0.000000,32.595940,4.000000
2.761719,-0.089844,0.892578,0.000000,31.863913,4.000000
4.287109,-0.142578,1.486328,0.000000,27.774269,4.000000
4.382812,-0.142578,1.328125,0.000000,31.392492,4.000000
4.451172,-0.144531,1.240234,0.000000,31.048285,4.000000
4.634766,-0.000000,0.507812,0.000000,30.034605,4.000000
4.689453,-0.000000,0.371094,0.000000,30.674429,4.000000
4.738281,-0.148438,-0.208984,0.000000,29.604708,4.000000
4.742188,-0.298828,-0.578125,0.000000,33.318321,4.000000
4.787109,-0.300781,-0.542969,0.000000,34.144718,4.000000
4.832031,-0.152344,-0.576172,0.000000,30.842186,4.000000
4.828125,-0.308594,1.042969,0.000000,30.856472,4.000000
0.037109,-0.035156,0.064453,0.000000,30.086002,4.000000
0.044922,-0.046875,0.103516,0.000000,29.009130,4.000000
1.177734,-0.449219,0.351562,0.000000,21.430147,4.000000
1.263672,-0.421875,0.214844,0.000000,22.013971,4.000000
0.144531,0.130859,-1.376953,0.000000,21.903316,4.000000
0.357422,0.134766,1.380859,0.000000,21.205740,4.000000
0.011719,-0.039062,-0.007812,0.000000,30.674429,5.000000
0.027344,-0.076172,-0.009766,0.000000,31.869564,5.000000
0.029297,-0.119141,-0.005859,0.000000,30.081741,5.000000
0.056641,-0.154297,0.007812,0.000000,25.365585,5.000000
0.216797,0.039062,-1.248047,0.000000,23.521826,5.000000
0.146484,0.041016,-1.300781,0.000000,24.377506,5.000000
0.705078,0.042969,1.150391,0.000000,22.624512,5.000000
1.335938,-0.261719,0.287109,0.000000,23.424227,5.000000
1.316406,-0.179688,0.533203,0.000000,22.741579,5.000000
2.619141,-0.175781,1.037109,0.000000,29.344984,5.000000
2.701172,-0.089844,0.943359,0.000000,32.615009,5.000000
2.765625,-0.089844,0.882812,0.000000,31.863913,5.000000
4.318359,-0.142578,1.394531,0.000000,27.767012,5.000000
4.388672,-0.142578,1.308594,0.000000,31.386185,5.000000
4.443359,-0.144531,1.267578,0.000000,31.041456,5.000000
4.634766,-0.000000,0.509766,0.000000,30.094509,5.000000
4.693359,-0.000000,0.322266,0.000000,30.744507,5.000000
4.738281,-0.148438,-0.220703,0.000000,29.599949,5.000000
4.742188,-0.298828,-0.580078,0.000000,33.406425,5.000000
4.785156,-0.300781,-0.556641,0.000000,34.328091,5.000000
4.814453,-0.304688,-0.658203,0.000000,31.139433,5.000000
4.826172,-0.308594,1.052734,0.000000,30.831442,5.000000
1.492188,-0.189453,-0.166016,0.614669,24.683474,5.000000
0.037109,-0.035156,0.064453,0.000000,30.081741,5.000000
0.044922,-0.046875,0.103516,0.000000,29.003672,5.000000
1.183594,-0.449219,0.333984,0.000000,21.492191,5.000000
1.291016,-0.337891,0.199219,0.000000,21.522884,5.000000
0.011719,-0.039062,-0.007812,0.000000,30.666985,6.000000
0.027344,-0.076172,-0.009766,0.000000,31.869564,6.000000
0.029297,-0.119141,-0.005859,0.000000,30.081741,6.000000
0.056641,-0.154297,0.007812,0.000000,25.352942,6.000000
0.240234,0.039062,-1.244141,0.000000,23.521826,6.000000
0.169922,0.041016,-1.296875,0.000000,24.361626,6.000000
0.349609,0.083984,1.300781,0.000000,22.576786,6.000000
1.333984,-0.390625,0.042969,0.000000,23.820171,6.000000
1.373047,-0.402344,-0.017578,0.000000,25.065050,6.000000
1.433594,-0.322266,-0.107422,0.000000,24.297523,6.000000
1.480469,-0.236328,-0.207031,0.000000,25.327543,6.000000
1.525391,-0.242188,-0.173828,0.000000,26.211763,6.000000
2.613281,-0.175781,1.052734,0.000000,29.253120,6.000000
2.699219,-0.089844,0.951172,0.000000,32.600716,6.000000
2.761719,-0.089844,0.892578,0.000000,31.855421,6.000000
4.318359,-0.142578,1.394531,0.000000,27.767012,6.000000
4.390625,-0.142578,1.302734,0.000000,31.405081,6.000000
4.451172,-0.144531,1.240234,0.000000,31.034616,6.000000
4.636719,-0.000000,0.494141,0.000000,30.008677,6.000000
4.691406,-0.000000,0.347656,0.000000,30.652061,6.000000
4.738281,-0.148438,-0.195312,0.000000,29.309490,6.000000
4.742188,-0.298828,-0.570312,0.000000,33.180634,6.000000
4.785156,-0.300781,-0.562500,0.000000,34.169731,6.000000
4.816406,-0.152344,-0.689453,0.000000,31.027765,6.000000
4.824219,-0.308594,1.062500,0.000000,30.842186,6.000000
0.037109,-0.035156,0.064453,0.000000,30.086002,6.000000
0.044922,-0.046875,0.103516,0.000000,28.998205,6.000000
1.181641,-0.449219,0.339844,0.000000,21.461281,6.000000
1.267578,-0.421875,0.197266,0.000000,21.430147,6.000000
0.423828,0.087891,1.322266,0.000000,21.958996,6.000000
0.421875,0.134766,1.361328,0.000000,22.121876,6.000000
0.320312,0.662109,1.322266,0.000000,23.729120,6.000000
0.011719,-0.039062,-0.007812,0.000000,30.674429,7.000000
0.027344,-0.076172,-0.009766,0.000000,31.869564,7.000000
0.029297,-0.119141,-0.005859,0.000000,30.081741,7.000000
0.056641,-0.154297,0.007812,0.000000,25.365585,7.000000
0.207031,0.039062,-1.250000,0.000000,23.521826,7.000000
0.142578,0.041016,-1.300781,0.000000,24.377506,7.000000
0.539062,0.042969,1.236328,0.000000,22.576786,7.000000
0.955078,-0.000000,1.009766,0.000000,21.205740,7.000000
1.562500,-0.298828,-0.128906,0.000000,27.686380,7.000000
2.625000,-0.175781,1.021484,0.000000,29.324738,7.000000
2.703125,-0.089844,0.943359,0.000000,32.617386,7.000000
2.765625,-0.089844,0.884766,0.000000,31.869564,7.000000
4.312500,-0.142578,1.412109,0.000000,27.693773,7.000000
4.390625,-0.142578,1.300781,0.000000,31.367207,7.000000
4.451172,-0.144531,1.236328,0.000000,31.027765,7.000000
4.638672,-0.000000,0.488281,0.000000,30.038912,7.000000
4.691406,-0.000000,0.359375,0.000000,30.659531,7.000000
4.746094,-0.298828,-0.544922,0.000000,32.676411,7.000000
4.787109,-0.300781,-0.544922,0.000000,33.621052,7.000000
4.791016,-0.304688,-0.802734,0.000000,30.086002,7.000000
4.826172,-0.308594,1.052734,0.000000,30.842186,7.000000
1.490234,-0.189453,-0.187500,0.614669,24.199558,7.000000
1.517578,-0.242188,-0.230469,0.614669,27.371927,7.000000
0.037109,-0.035156,0.064453,0.000000,30.086002,7.000000
0.044922,-0.046875,0.103516,0.000000,28.998205,7.000000
1.177734,-0.449219,0.353516,0.000000,21.461281,7.000000
1.271484,-0.421875,0.173828,0.000000,20.530785,7.000000
0.011719,-0.039062,-0.007812,0.000000,30.678144,8.000000
0.027344,-0.076172,-0.009766,0.000000,31.872387,8.000000
0.029297,-0.119141,-0.005859,0.000000,30.086002,8.000000
0.056641,-0.154297,0.007812,0.000000,25.365585,8.000000
0.207031,0.039062,-1.250000,0.000000,23.521826,8.000000
0.183594,0.041016,-1.294922,0.000000,24.361626,8.000000
0.406250,0.042969,1.287109,0.000000,22.528530,8.000000
1.320312,-0.435547,0.037109,0.000000,21.702618,8.000000
1.373047,-0.402344,-0.050781,0.000000,24.983105,8.000000
1.412109,-0.414062,-0.021484,0.000000,26.222139,8.000000
1.464844,-0.378906,-0.052734,0.000000,25.563025,8.000000
1.509766,-0.339844,-0.136719,0.000000,25.854607,8.000000
1.554688,-0.349609,-0.076172,0.000000,27.176704,8.000000
2.621094,-0.175781,1.033203,0.000000,29.319662,8.000000
2.701172,-0.089844,0.945312,0.000000,32.591160,8.000000
2.763672,-0.089844,0.890625,0.000000,31.858253,8.000000
4.312500,-0.142578,1.416016,0.000000,27.730547,8.000000
4.382812,-0.142578,1.324219,0.000000,31.338581,8.000000
4.443359,-0.144531,1.265625,0.000000,31.003706,8.000000
4.634766,-0.000000,0.507812,0.000000,29.991306,8.000000
4.687500,-0.000000,0.386719,0.000000,30.666985,8.000000
4.748047,-0.298828,-0.519531,0.000000,32.143139,8.000000
4.794922,-0.300781,-0.472656,0.000000,32.638725,8.000000
4.818359,-0.308594,1.085938,0.000000,30.888445,8.000000
0.037109,-0.035156,0.064453,0.000000,30.086002,8.000000
0.044922,-0.046875,0.103516,0.000000,29.003672,8.000000
1.175781,-0.449219,0.359375,0.000000,21.398790,8.000000
1.228516,-0.464844,0.312500,0.000000,20.211893,8.000000
0.011719,-0.039062,-0.007812,0.000000,30.678144,9.000000
0.027344,-0.076172,-0.009766,0.000000,31.872387,9.000000
0.029297,-0.119141,-0.005859,0.000000,30.086002,9.000000
0.056641,-0.154297,0.007812,0.000000,25.365585,9.000000
0.236328,0.039062,-1.246094,0.000000,23.521826,9.000000
0.173828,0.041016,-1.296875,0.000000,24.361626,9.000000
0.451172,0.042969,1.271484,0.000000,22.528530,9.000000
0.433594,0.087891,1.318359,0.000000,21.492191,9.000000
1.353516,-0.447266,-0.126953,0.000000,22.430380,9.000000
1.417969,-0.189453,-0.494141,0.000000,24.533184,9.000000
1.511719,-0.242188,-0.265625,0.000000,32.161659,9.000000
1.548828,-0.298828,-0.234375,0.000000,34.377506,9.000000
1.591797,-0.306641,-0.222656,0.000000,32.803509,9.000000
1.636719,-0.314453,-0.193359,0.000000,27.458551,9.000000
