1.236328,0.716797,0.097656,0.614669,29.484129,0.000000
1.246094,0.783203,0.076172,0.614669,27.874605,0.000000
0.009766,0.031250,0.025391,0.000000,29.314579,0.000000
0.041016,-0.033203,0.062500,0.000000,30.090258,0.000000
0.044922,-0.046875,0.103516,0.000000,28.976271,0.000000
1.052734,0.843750,-0.054688,0.000000,21.172712,0.000000
0.011719,-0.039062,-0.007812,0.000000,30.655798,1.000000
0.017578,-0.080078,-0.007812,0.000000,31.906118,1.000000
0.029297,-0.119141,-0.005859,0.000000,30.149403,1.000000
0.056641,-0.154297,0.005859,0.000000,25.453072,1.000000
0.982422,0.728516,-0.109375,0.000000,21.461281,1.000000
0.105469,-0.080078,1.261719,0.000000,22.718416,1.000000
0.082031,-0.082031,-1.304688,0.000000,24.456041,1.000000
0.570312,-0.083984,-1.220703,0.000000,23.010300,1.000000
1.216797,0.828125,-0.056641,0.000000,24.471581,1.000000
1.205078,0.898438,-0.173828,0.000000,27.788744,1.000000
1.187500,0.875000,-0.492188,0.000000,27.795965,1.000000
2.615234,-0.175781,1.048828,0.000000,28.987251,1.000000
2.689453,-0.089844,0.980469,0.000000,32.198463,1.000000
2.750000,-0.089844,0.927734,0.000000,31.169397,1.000000
4.414062,-0.142578,1.218750,0.000000,31.398790,1.000000
4.445312,-0.144531,1.255859,0.000000,31.218880,1.000000
4.726562,-0.298828,-0.691406,0.000000,33.279716,1.000000
4.765625,-0.300781,-0.708984,0.000000,33.911118,1.000000
4.794922,-0.152344,-0.826172,0.000000,30.464952,1.000000
4.898438,-0.308594,0.640625,0.000000,31.038036,1.000000
4.951172,-0.623047,0.042969,0.000000,29.800034,1.000000
1.080078,0.869141,0.101562,0.614669,25.502283,1.000000
1.105469,0.894531,0.167969,0.614669,25.428255,1.000000
0.009766,0.031250,0.025391,0.000000,29.319662,1.000000
0.041016,-0.033203,0.062500,0.000000,30.090258,1.000000
0.044922,-0.046875,0.103516,0.000000,28.976271,1.000000
0.828125,-0.345703,0.837891,0.000000,19.294189,1.000000
0.976562,0.792969,-0.160156,0.000000,20.492180,1.000000
1.080078,0.800781,0.107422,0.000000,20.253059,1.000000
0.011719,-0.039062,-0.007812,0.000000,30.663260,2.000000
0.017578,-0.080078,-0.007812,0.000000,31.908916,2.000000
0.029297,-0.119141,-0.005859,0.000000,30.153597,2.000000
0.056641,-0.154297,0.005859,0.000000,25.453072,2.000000
0.986328,0.689453,-0.238281,0.000000,21.271048,2.000000
0.308594,-0.080078,1.226562,0.000000,23.560259,2.000000
0.218750,-0.082031,1.289062,0.000000,24.814426,2.000000
0.386719,-0.083984,-1.291016,0.000000,23.096302,2.000000
0.621094,-0.087891,-1.240234,0.000000,21.613680,2.000000
2.615234,-0.175781,1.046875,0.000000,29.014584,2.000000
2.691406,-0.089844,0.970703,0.000000,32.182728,2.000000
2.757812,-0.089844,0.908203,0.000000,31.139433,2.000000
4.412109,-0.142578,1.222656,0.000000,31.395643,2.000000
4.447266,-0.144531,1.251953,0.000000,31.202448,2.000000
4.740234,-0.298828,-0.582031,0.000000,33.382572,2.000000
4.781250,-0.300781,-0.597656,0.000000,33.935753,2.000000
4.812500,-0.152344,-0.720703,0.000000,30.499929,2.000000
4.898438,-0.308594,0.634766,0.000000,31.068705,2.000000
4.951172,-0.623047,0.033203,0.000000,29.916691,2.000000
1.001953,0.689453,-0.158203,0.614669,21.613680,2.000000
1.203125,0.759766,0.150391,0.614669,24.785666,2.000000
1.240234,0.783203,0.130859,0.614669,26.324574,2.000000
0.009766,0.031250,0.025391,0.000000,29.319662,2.000000
0.041016,-0.033203,0.062500,0.000000,30.094509,2.000000
0.044922,-0.046875,0.103516,0.000000,28.976271,2.000000
0.792969,0.267578,0.896484,0.000000,18.633228,2.000000
1.025391,0.712891,-0.218750,0.000000,23.031961,2.000000
1.179688,0.695312,0.240234,0.000000,20.253059,2.000000
0.011719,-0.039062,-0.007812,0.000000,30.663260,3.000000
0.017578,-0.080078,-0.007812,0.000000,31.911715,3.000000
0.029297,-0.119141,-0.005859,0.000000,30.157787,3.000000
0.056641,-0.154297,0.007812,0.000000,25.453072,3.000000
0.164062,-0.080078,1.255859,0.000000,23.180634,3.000000
0.265625,-0.041016,-1.281250,0.000000,24.608978,3.000000
0.400391,-0.083984,-1.285156,0.000000,23.096302,3.000000
0.466797,-0.042969,-1.310547,0.000000,21.931246,3.000000
1.230469,0.537109,0.500000,0.000000,22.278868,3.000000
1.246094,0.851562,-0.119141,0.000000,26.148972,3.000000
1.150391,0.923828,-0.492188,0.000000,26.646420,3.000000
2.617188,-0.175781,1.042969,0.000000,29.047155,3.000000
2.691406,-0.089844,0.970703,0.000000,32.190605,3.000000
2.757812,-0.089844,0.906250,0.000000,31.146111,3.000000
4.410156,-0.142578,1.236328,0.000000,31.405081,3.000000
4.441406,-0.144531,1.275391,0.000000,31.205740,3.000000
4.728516,-0.298828,-0.679688,0.000000,33.242825,3.000000
4.765625,-0.300781,-0.705078,0.000000,33.811150,3.000000
4.791016,-0.152344,-0.851562,0.000000,30.281645,3.000000
4.892578,-0.308594,0.679688,0.000000,31.085649,3.000000
4.951172,-0.623047,0.109375,0.000000,29.836264,3.000000
1.236328,0.689453,0.406250,0.614669,25.797836,3.000000
0.009766,0.031250,0.025391,0.000000,29.314579,3.000000
0.041016,-0.033203,0.062500,0.000000,30.094509,3.000000
0.044922,-0.046875,0.103516,0.000000,28.970770,3.000000
1.007812,0.912109,-0.291016,0.000000,20.969101,3.000000
0.347656,0.044922,1.388672,0.000000,21.553360,3.000000
0.011719,-0.039062,-0.007812,0.000000,30.655798,4.000000
0.017578,-0.080078,-0.007812,0.000000,31.906118,4.000000
0.029297,-0.119141,-0.005859,0.000000,30.153597,4.000000
0.056641,-0.154297,0.005859,0.000000,25.440680,4.000000
0.140625,-0.080078,1.257812,0.000000,23.222193,4.000000
0.251953,-0.041016,-1.283203,0.000000,24.638929,4.000000
0.490234,-0.042969,-1.257812,0.000000,23.096302,4.000000
1.052734,0.869141,-0.265625,0.000000,22.227165,4.000000
0.705078,0.984375,-0.763672,0.000000,24.955442,4.000000
1.080078,0.970703,-0.554688,0.000000,24.955442,4.000000
2.611328,-0.175781,1.056641,0.000000,29.063351,4.000000
2.689453,-0.089844,0.976562,0.000000,32.195847,4.000000
2.757812,-0.089844,0.906250,0.000000,31.139433,4.000000
4.416016,-0.142578,1.208984,0.000000,31.408222,4.000000
4.451172,-0.144531,1.238281,0.000000,31.205740,4.000000
4.750000,-0.298828,-0.511719,0.000000,33.168087,4.000000
4.787109,-0.300781,-0.533203,0.000000,33.904053,4.000000
4.816406,-0.152344,-0.687500,0.000000,30.666985,4.000000
4.898438,-0.308594,0.638672,0.000000,31.078880,4.000000
4.951172,-0.623047,0.070312,0.000000,29.849771,4.000000
1.273438,0.597656,0.433594,0.614669,28.331470,4.000000
1.312500,0.662109,0.361328,0.614669,27.944880,4.000000
0.009766,0.031250,0.025391,0.000000,29.319662,4.000000
0.041016,-0.033203,0.062500,0.000000,30.086002,4.000000
0.044922,-0.046875,0.103516,0.000000,28.965261,4.000000
0.490234,-0.042969,-1.300781,0.000000,22.068258,4.000000
1.226562,0.537109,0.505859,0.000000,24.471581,4.000000
1.357422,-0.486328,-0.583984,0.000000,22.278868,4.000000
0.011719,-0.039062,-0.007812,0.000000,30.659531,5.000000
0.017578,-0.080078,-0.007812,0.000000,31.906118,5.000000
0.029297,-0.119141,-0.005859,0.000000,30.153597,5.000000
0.056641,-0.154297,0.005859,0.000000,25.440680,5.000000
0.152344,-0.080078,1.255859,0.000000,23.222193,5.000000
0.095703,-0.082031,1.302734,0.000000,24.742163,5.000000
0.373047,-0.083984,-1.294922,0.000000,23.180634,5.000000
0.517578,-0.042969,-1.291016,0.000000,21.903316,5.000000
2.621094,-0.175781,1.031250,0.000000,28.998205,5.000000
2.693359,-0.089844,0.966797,0.000000,32.174839,5.000000
2.759766,-0.089844,0.902344,0.000000,31.129400,5.000000
4.419922,-0.142578,1.199219,0.000000,31.379868,5.000000
4.449219,-0.144531,1.242188,0.000000,31.215599,5.000000
4.722656,-0.298828,-0.718750,0.000000,33.514099,5.000000
4.763672,-0.300781,-0.724609,0.000000,34.106087,5.000000
4.796875,-0.152344,-0.818359,0.000000,30.674429,5.000000
4.892578,-0.308594,0.685547,0.000000,31.089031,5.000000
4.951172,-0.623047,0.083984,0.000000,29.818186,5.000000
1.175781,0.804688,0.128906,0.614669,26.190933,5.000000
1.208984,0.828125,0.142578,0.614669,29.247959,5.000000
1.275391,0.804688,0.140625,0.614669,29.561684,5.000000
1.316406,0.826172,0.015625,0.614669,27.315887,5.000000
0.009766,0.031250,0.025391,0.000000,29.319662,5.000000
0.041016,-0.033203,0.062500,0.000000,30.090258,5.000000
0.044922,-0.046875,0.103516,0.000000,28.970770,5.000000
1.148438,0.783203,0.060547,0.000000,20.043213,5.000000
0.011719,-0.039062,-0.007812,0.000000,30.659531,6.000000
0.017578,-0.080078,-0.007812,0.000000,31.908916,6.000000
0.029297,-0.119141,-0.005859,0.000000,30.153597,6.000000
0.056641,-0.154297,0.005859,0.000000,25.440680,6.000000
0.089844,-0.080078,1.261719,0.000000,23.010300,6.000000
0.136719,-0.082031,-1.298828,0.000000,24.533184,6.000000
0.458984,-0.083984,-1.265625,0.000000,23.031961,6.000000
0.541016,-0.042969,-1.281250,0.000000,21.846914,6.000000
1.330078,0.708984,0.128906,0.000000,27.419392,6.000000
1.341797,0.777344,0.095703,0.000000,28.668777,6.000000
1.365234,0.796875,0.208984,0.000000,26.739420,6.000000
2.609375,-0.175781,1.060547,0.000000,28.998205,6.000000
2.691406,-0.089844,0.972656,0.000000,32.166935,6.000000
2.759766,-0.089844,0.902344,0.000000,31.112625,6.000000
4.417969,-0.142578,1.207031,0.000000,31.389339,6.000000
4.451172,-0.144531,1.234375,0.000000,31.199154,6.000000
4.728516,-0.298828,-0.673828,0.000000,33.494717,6.000000
4.771484,-0.300781,-0.669922,0.000000,34.107773,6.000000
4.796875,-0.152344,-0.818359,0.000000,30.733517,6.000000
4.890625,-0.308594,0.697266,0.000000,31.051695,6.000000
4.951172,-0.623047,0.105469,0.000000,29.849771,6.000000
0.009766,0.031250,0.025391,0.000000,29.314579,6.000000
0.041016,-0.033203,0.062500,0.000000,30.086002,6.000000
0.044922,-0.046875,0.103516,0.000000,28.965261,6.000000
0.011719,-0.039062,-0.007812,0.000000,30.663260,7.000000
0.017578,-0.080078,-0.007812,0.000000,31.908916,7.000000
0.029297,-0.119141,-0.005859,0.000000,30.153597,7.000000
0.056641,-0.154297,0.005859,0.000000,25.453072,7.000000
0.412109,-0.083984,-1.283203,0.000000,23.201464,7.000000
0.550781,-0.042969,-1.277344,0.000000,21.760912,7.000000
1.283203,0.689453,0.208984,0.000000,24.345690,7.000000
1.312500,0.708984,0.255859,0.000000,27.781513,7.000000
1.345703,0.728516,0.271484,0.000000,28.698181,7.000000
1.414062,0.697266,0.236328,0.000000,26.803354,7.000000
2.615234,-0.175781,1.046875,0.000000,29.030899,7.000000
2.689453,-0.089844,0.980469,0.000000,32.206310,7.000000
2.750000,-0.089844,0.929688,0.000000,31.185953,7.000000
4.416016,-0.142578,1.208984,0.000000,31.401937,7.000000
4.447266,-0.144531,1.250000,0.000000,31.225435,7.000000
4.761719,-0.298828,-0.378906,0.000000,33.215984,7.000000
4.794922,-0.300781,-0.474609,0.000000,33.891663,7.000000
4.826172,-0.152344,-0.623047,0.000000,30.538464,7.000000
4.890625,-0.308594,0.701172,0.000000,30.979511,7.000000
4.949219,-0.623047,0.142578,0.000000,29.717396,7.000000
0.011719,0.031250,0.025391,0.000000,29.314579,7.000000
0.041016,-0.033203,0.062500,0.000000,30.090258,7.000000
0.044922,-0.046875,0.103516,0.000000,28.970770,7.000000
0.011719,-0.039062,-0.007812,0.000000,30.663260,8.000000
0.017578,-0.080078,-0.007812,0.000000,31.911715,8.000000
0.029297,-0.119141,-0.005859,0.000000,30.157787,8.000000
0.056641,-0.154297,0.005859,0.000000,25.440680,8.000000
0.095703,-0.080078,1.261719,0.000000,23.159704,8.000000
0.412109,-0.083984,-1.283203,0.000000,23.180634,8.000000
0.548828,-0.042969,-1.277344,0.000000,21.731863,8.000000
1.240234,0.783203,-0.128906,0.000000,26.981005,8.000000
1.271484,0.804688,-0.169922,0.000000,29.680157,8.000000
1.328125,0.777344,-0.214844,0.000000,30.038912,8.000000
1.347656,0.847656,-0.115234,0.000000,28.260748,8.000000
2.619141,-0.175781,1.039062,0.000000,29.020029,8.000000
2.691406,-0.089844,0.972656,0.000000,32.174839,8.000000
2.755859,-0.089844,0.912109,0.000000,31.136091,8.000000
4.414062,-0.142578,1.216797,0.000000,31.398790,8.000000
4.447266,-0.144531,1.248047,0.000000,31.202448,8.000000
4.728516,-0.298828,-0.673828,0.000000,33.504417,8.000000
4.765625,-0.300781,-0.708984,0.000000,34.104397,8.000000
4.791016,-0.152344,-0.849609,0.000000,30.707766,8.000000
4.904297,-0.308594,0.593750,0.000000,31.068705,8.000000
4.951172,-0.623047,-0.037109,0.000000,29.894499,8.000000
0.009766,0.031250,0.025391,0.000000,29.314579,8.000000
0.041016,-0.033203,0.062500,0.000000,30.094509,8.000000
0.044922,-0.046875,0.103516,0.000000,28.970770,8.000000
0.011719,-0.039062,-0.007812,0.000000,30.655798,9.000000
0.017578,-0.080078,-0.007812,0.000000,31.906118,9.000000
0.029297,-0.119141,-0.005859,0.000000,30.153597,9.000000
0.056641,-0.154297,0.005859,0.000000,25.453072,9.000000
0.082031,-0.080078,1.263672,0.000000,23.117538,9.000000
0.412109,-0.083984,-1.283203,0.000000,23.010300,9.000000
0.541016,-0.042969,-1.281250,0.000000,21.553360,9.000000
1.171875,0.804688,0.166016,0.000000,22.304489,9.000000
1.212891,0.828125,0.107422,0.000000,28.286598,9.000000
1.281250,0.804688,0.058594,0.000000,30.346285,9.000000
1.369141,0.728516,-0.109375,0.000000,28.444771,9.000000
2.615234,-0.175781,1.046875,0.000000,29.030899,9.000000
2.689453,-0.089844,0.978516,0.000000,32.187981,9.000000
2.753906,-0.089844,0.919922,0.000000,31.146111,9.000000
4.417969,-0.142578,1.203125,0.000000,31.395643,9.000000
4.449219,-0.144531,1.242188,0.000000,31.209028,9.000000
4.707031,-0.298828,-0.812500,0.000000,33.560257,9.000000
4.751953,-0.300781,-0.787109,0.000000,34.122925,9.000000
4.787109,-0.152344,-0.867188,0.000000,30.678144,9.000000
4.896484,-0.308594,0.648438,0.000000,30.982975,9.000000
4.951172,-0.623047,0.021484,0.000000,29.689497,9.000000
0.009766,0.031250,0.025391,0.000000,29.319662,9.000000
0.041016,-0.033203,0.062500,0.000000,30.090258,9.000000
0.044922,-0.046875,0.103516,0.000000,28.981766,9.000000
0.376953,-0.044922,1.380859,0.000000,21.583626,9.000000
0.011719,-0.039062,-0.007812,0.000000,30.659531,10.000000
0.017578,-0.080078,-0.007812,0.000000,31.908916,10.000000
0.029297,-0.119141,-0.005859,0.000000,30.153597,10.000000
0.056641,-0.154297,0.005859,0.000000,25.453072,10.000000
0.132812,-0.080078,1.257812,0.000000,23.117538,10.000000
0.017578,-0.082031,1.306641,0.000000,24.623980,10.000000
0.406250,-0.083984,-1.285156,0.000000,23.053514,10.000000
0.556641,-0.042969,-1.273438,0.000000,21.643528,10.000000
1.181641,0.875000,-0.095703,0.000000,28.887409,10.000000
1.207031,0.898438,-0.156250,0.000000,31.274288,10.000000
1.236328,0.875000,-0.347656,0.000000,30.111473,10.000000
2.615234,-0.175781,1.044922,0.000000,29.063351,10.000000
2.691406,-0.089844,0.976562,0.000000,32.198463,10.000000
2.753906,-0.089844,0.916016,0.000000,31.139433,10.000000
4.417969,-0.142578,1.205078,0.000000,31.405081,10.000000
4.443359,-0.144531,1.263672,0.000000,31.238516,10.000000
