0.806641,-0.294922,0.015625,-0.614669,25.998831,0.000000
0.833984,-0.337891,0.007812,-0.614669,28.686445,0.000000
0.882812,-0.324219,-0.001953,-0.614669,27.795965,0.000000
0.921875,-0.337891,-0.021484,-0.614669,23.053514,0.000000
0.041016,-0.033203,0.062500,0.000000,30.141003,0.000000
0.052734,-0.042969,0.101562,0.000000,29.014584,0.000000
3.031250,-2.003906,-2.789062,0.000000,27.986506,0.000000
3.162109,-2.021484,-2.697266,0.000000,27.419392,0.000000
0.011719,-0.039062,-0.007812,0.000000,30.751818,1.000000
0.017578,-0.080078,-0.007812,0.000000,31.981070,1.000000
0.041016,-0.115234,-0.007812,0.000000,30.236639,1.000000
0.056641,-0.154297,0.005859,0.000000,25.490032,1.000000
1.212891,-0.357422,0.109375,0.000000,26.483601,1.000000
1.267578,-0.328125,-0.005859,0.000000,29.907827,1.000000
1.312500,-0.294922,-0.119141,0.000000,30.350292,1.000000
1.380859,-0.130859,-0.097656,0.000000,29.561684,1.000000
1.414062,-0.089844,-0.203125,0.000000,26.766935,1.000000
2.550781,-0.263672,1.177734,0.000000,29.523081,1.000000
2.611328,-0.267578,1.144531,0.000000,32.821690,1.000000
2.677734,-0.181641,1.109375,0.000000,32.011238,1.000000
4.386719,-0.287109,1.289062,0.000000,30.784569,1.000000
4.441406,-0.289062,1.248047,0.000000,30.132587,1.000000
4.853516,-0.464844,0.851562,0.000000,31.000257,1.000000
0.816406,-0.267578,0.025391,0.614669,21.986570,1.000000
0.853516,-0.281250,0.033203,0.614669,26.159500,1.000000
0.892578,-0.294922,0.039062,0.614669,26.344772,1.000000
0.941406,-0.275391,0.052734,0.614669,22.855574,1.000000
1.423828,-0.089844,-0.126953,0.614669,26.334684,1.000000
0.041016,-0.033203,0.062500,0.000000,30.141003,1.000000
0.044922,-0.046875,0.103516,0.000000,29.020029,1.000000
3.126953,-2.003906,-2.681641,0.000000,28.135809,1.000000
3.121094,-2.021484,-2.744141,0.000000,27.604225,1.000000
0.011719,-0.039062,-0.007812,0.000000,30.759117,2.000000
0.017578,-0.080078,-0.007812,0.000000,31.983822,2.000000
0.041016,-0.115234,-0.007812,0.000000,30.240749,2.000000
0.056641,-0.154297,0.005859,0.000000,25.502283,2.000000
1.244141,-0.238281,0.060547,0.000000,22.741579,2.000000
1.285156,-0.246094,-0.054688,0.000000,26.618126,2.000000
1.324219,-0.253906,-0.068359,0.000000,29.247959,2.000000
1.361328,-0.261719,-0.111328,0.000000,29.294189,2.000000
1.386719,-0.267578,-0.236328,0.000000,26.404814,2.000000
2.558594,-0.263672,1.162109,0.000000,29.532763,2.000000
2.605469,-0.267578,1.158203,0.000000,32.789822,2.000000
2.664062,-0.181641,1.140625,0.000000,31.931246,2.000000
4.406250,-0.287109,1.220703,0.000000,30.934217,2.000000
4.478516,-0.289062,1.109375,0.000000,30.457140,2.000000
4.871094,-0.308594,0.818359,0.000000,30.565237,2.000000
0.861328,-0.253906,0.060547,1.229337,22.430380,2.000000
0.900391,-0.263672,0.072266,1.229337,25.145477,2.000000
0.937500,-0.275391,0.087891,1.229337,24.014006,2.000000
0.041016,-0.033203,0.062500,0.000000,30.141003,2.000000
0.052734,-0.042969,0.101562,0.000000,29.009130,2.000000
2.955078,-2.003906,-2.871094,0.000000,28.221682,2.000000
2.929688,-2.021484,-2.947266,0.000000,27.759743,2.000000
0.011719,-0.039062,-0.007812,0.000000,30.751818,3.000000
0.017578,-0.080078,-0.007812,0.000000,31.983822,3.000000
0.029297,-0.119141,-0.005859,0.000000,30.244856,3.000000
0.056641,-0.154297,0.005859,0.000000,25.514500,3.000000
1.083984,-0.267578,0.509766,0.000000,22.013971,3.000000
1.244141,-0.367188,-0.173828,0.000000,27.543484,3.000000
1.294922,-0.337891,-0.173828,0.000000,29.232441,3.000000
1.345703,-0.304688,-0.169922,0.000000,26.503075,3.000000
2.550781,-0.263672,1.177734,0.000000,29.434946,3.000000
2.607422,-0.267578,1.154297,0.000000,32.794388,3.000000
2.666016,-0.271484,1.121094,0.000000,31.978317,3.000000
4.390625,-0.287109,1.275391,0.000000,30.733517,3.000000
4.449219,-0.289062,1.220703,0.000000,30.068937,3.000000
4.847656,-0.464844,0.882812,0.000000,30.507664,3.000000
0.904297,-0.234375,0.105469,1.844006,21.986570,3.000000
0.943359,-0.246094,0.111328,1.844006,26.454224,3.000000
0.990234,-0.224609,0.121094,1.844006,27.497364,3.000000
1.031250,-0.232422,0.123047,1.844006,25.403296,3.000000
1.183594,-0.277344,0.361328,-0.614669,22.944662,3.000000
0.041016,-0.033203,0.062500,0.000000,30.149403,3.000000
0.052734,-0.042969,0.101562,0.000000,29.020029,3.000000
3.107422,-2.003906,-2.705078,0.000000,28.055008,3.000000
3.138672,-2.021484,-2.724609,0.000000,27.551123,3.000000
0.011719,-0.039062,-0.007812,0.000000,30.751818,4.000000
0.017578,-0.080078,-0.007812,0.000000,31.981070,4.000000
0.041016,-0.115234,-0.007812,0.000000,30.236639,4.000000
0.056641,-0.154297,0.005859,0.000000,25.490032,4.000000
1.179688,-0.158203,0.437500,0.000000,24.149733,4.000000
1.273438,-0.123047,-0.273438,0.000000,25.910646,4.000000
1.310547,-0.167969,-0.277344,0.000000,25.658478,4.000000
1.353516,-0.261719,-0.187500,0.000000,25.646660,4.000000
1.382812,-0.267578,-0.257812,0.000000,23.560259,4.000000
2.556641,-0.263672,1.167969,0.000000,29.469433,4.000000
2.605469,-0.267578,1.158203,0.000000,32.780674,4.000000
2.662109,-0.181641,1.146484,0.000000,31.981070,4.000000
4.396484,-0.287109,1.253906,0.000000,30.685570,4.000000
4.443359,-0.289062,1.244141,0.000000,29.916691,4.000000
4.884766,-0.308594,0.732422,0.000000,30.982975,4.000000
0.996094,-0.224609,0.060547,1.229337,23.891661,4.000000
1.027344,-0.265625,0.056641,1.229337,24.899586,4.000000
1.082031,-0.207031,0.085938,1.229337,22.304489,4.000000
0.041016,-0.033203,0.062500,0.000000,30.141003,4.000000
0.052734,-0.042969,0.101562,0.000000,29.020029,4.000000
3.037109,-2.003906,-2.785156,0.000000,27.972675,4.000000
3.160156,-2.021484,-2.699219,0.000000,27.403627,4.000000
0.011719,-0.039062,-0.007812,0.000000,30.751818,5.000000
0.017578,-0.080078,-0.007812,0.000000,31.983822,5.000000
0.041016,-0.115234,-0.007812,0.000000,30.240749,5.000000
0.056641,-0.154297,0.005859,0.000000,25.502283,5.000000
1.164062,-0.267578,0.283203,0.000000,23.856062,5.000000
1.142578,-0.197266,0.513672,0.000000,26.560982,5.000000
1.281250,-0.294922,-0.302734,0.000000,27.505083,5.000000
1.359375,-0.216797,-0.203125,0.000000,30.289778,5.000000
1.402344,-0.224609,-0.187500,0.000000,29.385197,5.000000
1.435547,-0.275391,-0.171875,0.000000,24.329693,5.000000
2.542969,-0.263672,1.195312,0.000000,29.508514,5.000000
2.601562,-0.267578,1.167969,0.000000,32.810333,5.000000
2.656250,-0.181641,1.158203,0.000000,31.970047,5.000000
4.396484,-0.287109,1.253906,0.000000,30.692980,5.000000
4.435547,-0.289062,1.267578,0.000000,29.867718,5.000000
4.871094,-0.308594,0.820312,0.000000,30.637085,5.000000
1.035156,-0.232422,0.074219,1.229337,22.304489,5.000000
1.076172,-0.242188,0.062500,1.229337,23.996737,5.000000
1.117188,-0.250000,0.041016,1.229337,22.966652,5.000000
1.156250,-0.246094,0.560547,-0.614669,24.409090,5.000000
0.041016,-0.033203,0.062500,0.000000,30.141003,5.000000
0.052734,-0.042969,0.101562,0.000000,29.020029,5.000000
3.078125,-2.003906,-2.740234,0.000000,27.937904,5.000000
3.263672,-2.021484,-2.574219,0.000000,27.419392,5.000000
1.175781,0.246094,-0.521484,-0.614669,21.731863,5.000000
0.011719,-0.039062,-0.007812,0.000000,30.759117,6.000000
0.017578,-0.080078,-0.007812,0.000000,31.986570,6.000000
0.041016,-0.115234,-0.007812,0.000000,30.240749,6.000000
0.056641,-0.154297,0.005859,0.000000,25.502283,6.000000
0.966797,-0.382812,0.650391,0.000000,19.138138,6.000000
1.138672,-0.000000,-0.556641,0.000000,24.471581,6.000000
1.173828,-0.041016,-0.578125,0.000000,26.589649,6.000000
1.351562,-0.261719,-0.195312,0.000000,26.283890,6.000000
1.419922,-0.179688,-0.031250,0.000000,26.757784,6.000000
1.464844,-0.138672,-0.076172,0.000000,24.955442,6.000000
2.541016,-0.263672,1.201172,0.000000,29.429996,6.000000
2.601562,-0.267578,1.167969,0.000000,32.792107,6.000000
2.660156,-0.181641,1.150391,0.000000,31.989319,6.000000
4.406250,-0.287109,1.218750,0.000000,30.906107,6.000000
4.455078,-0.289062,1.195312,0.000000,30.285713,6.000000
4.875000,-0.308594,0.798828,0.000000,30.515385,6.000000
1.078125,-0.242188,-0.021484,0.614669,22.253094,6.000000
1.117188,-0.250000,-0.025391,0.614669,23.692158,6.000000
1.271484,-0.337891,-0.302734,0.614669,24.742163,6.000000
1.156250,-0.259766,0.037109,1.229337,22.095150,6.000000
0.041016,-0.033203,0.062500,0.000000,30.141003,6.000000
0.052734,-0.042969,0.101562,0.000000,29.014584,6.000000
1.152344,0.039062,-0.419922,0.000000,18.260748,6.000000
2.990234,-2.003906,-2.835938,0.000000,28.055008,6.000000
3.089844,-2.021484,-2.781250,0.000000,27.626785,6.000000
0.011719,-0.039062,-0.007812,0.000000,30.755470,7.000000
0.017578,-0.080078,-0.007812,0.000000,31.983822,7.000000
0.041016,-0.115234,-0.007812,0.000000,30.240749,7.000000
0.056641,-0.154297,0.005859,0.000000,25.514500,7.000000
1.216797,-0.154297,-0.042969,0.000000,19.867718,7.000000
1.205078,-0.277344,0.277344,0.000000,22.013971,7.000000
1.255859,0.246094,-0.277344,0.000000,20.043213,7.000000
2.539062,-0.263672,1.205078,0.000000,29.439888,7.000000
2.601562,-0.267578,1.164062,0.000000,32.780674,7.000000
2.660156,-0.181641,1.150391,0.000000,31.942368,7.000000
4.416016,-0.287109,1.187500,0.000000,30.860037,7.000000
4.472656,-0.289062,1.132812,0.000000,30.236639,7.000000
4.880859,-0.308594,0.767578,0.000000,30.614525,7.000000
1.265625,-0.337891,-0.324219,0.614669,28.662874,7.000000
1.312500,-0.347656,-0.298828,0.614669,29.580858,7.000000
1.337891,-0.357422,-0.363281,0.614669,26.085260,7.000000
0.041016,-0.033203,0.062500,0.000000,30.136797,7.000000
0.052734,-0.042969,0.101562,0.000000,29.009130,7.000000
1.203125,0.119141,-0.382812,0.000000,19.084850,7.000000
0.714844,-0.408203,-1.017578,0.000000,18.325089,7.000000
2.875000,-2.003906,-2.951172,0.000000,27.916906,7.000000
2.929688,-2.021484,-2.949219,0.000000,27.481880,7.000000
0.011719,-0.039062,-0.007812,0.000000,30.751818,8.000000
0.017578,-0.080078,-0.007812,0.000000,31.983822,8.000000
0.041016,-0.115234,-0.007812,0.000000,30.236639,8.000000
0.056641,-0.154297,0.005859,0.000000,25.490032,8.000000
1.126953,-0.345703,0.341797,0.000000,20.170334,8.000000
1.101562,-0.000000,-0.628906,0.000000,24.099331,8.000000
1.246094,-0.164062,-0.369141,0.000000,26.794279,8.000000
1.287109,-0.253906,-0.314453,0.000000,29.965117,8.000000
1.312500,-0.304688,-0.343750,0.000000,31.351326,8.000000
1.361328,-0.267578,-0.353516,0.000000,29.556877,8.000000
2.542969,-0.263672,1.195312,0.000000,29.449759,8.000000
2.601562,-0.267578,1.164062,0.000000,32.766914,8.000000
2.662109,-0.181641,1.148438,0.000000,31.953461,8.000000
4.412109,-0.287109,1.201172,0.000000,30.791813,8.000000
4.464844,-0.289062,1.160156,0.000000,30.157787,8.000000
4.878906,-0.308594,0.767578,0.000000,30.618294,8.000000
1.158203,-0.259766,-0.009766,0.614669,20.128372,8.000000
0.041016,-0.033203,0.062500,0.000000,30.141003,8.000000
0.052734,-0.042969,0.101562,0.000000,29.014584,8.000000
1.169922,-0.396484,0.285156,0.000000,22.095150,8.000000
2.953125,-2.021484,-2.923828,0.000000,27.291647,8.000000
0.011719,-0.039062,-0.007812,0.000000,30.751818,9.000000
0.017578,-0.080078,-0.007812,0.000000,31.981070,9.000000
0.041016,-0.115234,-0.007812,0.000000,30.244856,9.000000
0.056641,-0.154297,0.005859,0.000000,25.502283,9.000000
1.099609,-0.250000,-0.199219,0.000000,23.502480,9.000000
1.148438,-0.259766,-0.142578,0.000000,25.037907,9.000000
1.205078,-0.230469,-0.007812,0.000000,27.481880,9.000000
1.246094,-0.238281,-0.013672,0.000000,27.686380,9.000000
1.277344,-0.287109,-0.025391,0.000000,26.739420,9.000000
1.328125,-0.210938,-0.115234,0.000000,31.199154,9.000000
1.367188,-0.216797,-0.142578,0.000000,33.068539,9.000000
1.414062,-0.179688,-0.128906,0.000000,31.637575,9.000000
1.460938,-0.138672,-0.126953,0.000000,26.532125,9.000000
2.544922,-0.263672,1.193359,0.000000,29.542425,9.000000
2.601562,-0.267578,1.167969,0.000000,32.803509,9.000000
2.660156,-0.181641,1.152344,0.000000,31.983822,9.000000
4.408203,-0.287109,1.216797,0.000000,30.806265,9.000000
4.458984,-0.289062,1.183594,0.000000,30.132587,9.000000
4.876953,-0.308594,0.787109,0.000000,30.877813,9.000000
0.041016,-0.033203,0.062500,0.000000,30.145205,9.000000
0.052734,-0.042969,0.101562,0.000000,29.020029,9.000000
2.916016,-2.021484,-2.960938,0.000000,27.323938,9.000000
0.011719,-0.039062,-0.007812,0.000000,30.759117,10.000000
0.017578,-0.080078,-0.007812,0.000000,31.983822,10.000000
0.029297,-0.119141,-0.005859,0.000000,30.244856,10.000000
0.056641,-0.154297,0.005859,0.000000,25.514500,10.000000
1.111328,-0.250000,-0.121094,0.000000,21.492191,10.000000
1.148438,-0.296875,0.042969,0.000000,27.916906,10.000000
1.181641,-0.306641,0.128906,0.000000,31.122698,10.000000
1.220703,-0.277344,0.201172,0.000000,31.119343,10.000000
1.250000,-0.287109,0.265625,0.000000,27.671558,10.000000
1.316406,-0.294922,-0.042969,0.000000,26.344772,10.000000
1.371094,-0.216797,-0.080078,0.000000,29.074114,10.000000
1.414062,-0.224609,-0.041016,0.000000,27.930916,10.000000
2.541016,-0.263672,1.201172,0.000000,29.537598,10.000000
2.599609,-0.267578,1.167969,0.000000,32.808060,10.000000
2.658203,-0.181641,1.156250,0.000000,31.972805,10.000000
4.419922,-0.287109,1.171875,0.000000,30.913151,10.000000
4.468750,-0.289062,1.146484,0.000000,30.248960,10.000000
4.873047,-0.308594,0.806641,0.000000,30.733517,10.000000
0.041016,-0.033203,0.062500,0.000000,30.145205,10.000000
0.052734,-0.042969,0.101562,0.000000,29.020029,10.000000
2.814453,-2.021484,-3.058594,0.000000,27.419392,10.000000
4.822266,-0.619141,0.927734,0.000000,30.681858,10.000000
0.011719,-0.039062,-0.007812,0.000000,30.751818,11.000000
0.017578,-0.080078,-0.007812,0.000000,31.981070,11.000000
0.041016,-0.115234,-0.007812,0.000000,30.240749,11.000000
0.056641,-0.154297,0.005859,0.000000,25.502283,11.000000
1.156250,-0.259766,0.031250,0.000000,24.361626,11.000000
1.191406,-0.267578,0.113281,0.000000,28.686445,11.000000
1.218750,-0.316406,0.144531,0.000000,29.247959,11.000000
1.251953,-0.246094,0.294922,0.000000,26.404814,11.000000
1.347656,-0.083984,0.037109,0.000000,27.435097,11.000000
1.265625,0.044922,-0.669922,0.000000,25.378191,11.000000
2.548828,-0.263672,1.185547,0.000000,29.474337,11.000000
2.599609,-0.267578,1.167969,0.000000,32.796669,11.000000
2.656250,-0.181641,1.160156,0.000000,31.978317,11.000000
4.417969,-0.287109,1.181641,0.000000,30.759117,11.000000
4.474609,-0.289062,1.121094,0.000000,30.081741,11.000000
4.867188,-0.308594,0.849609,0.000000,30.301949,11.000000
1.343750,-0.083984,-0.107422,-0.614669,26.893089,11.000000
1.357422,-0.087891,-0.291016,-0.614669,27.656685,11.000000
0.041016,-0.033203,0.062500,0.000000,30.136797,11.000000
0.052734,-0.042969,0.101562,0.000000,29.009130,11.000000
