2.615234,-0.175781,1.048828,0.000000,29.020029,0.000000
2.691406,-0.089844,0.970703,0.000000,32.185356,0.000000
2.763672,-0.089844,0.888672,0.000000,31.136091,0.000000
4.416016,-0.142578,1.210938,0.000000,31.392492,0.000000
4.437500,-0.144531,1.283203,0.000000,31.209028,0.000000
4.716797,-0.298828,-0.751953,0.000000,33.382572,0.000000
4.765625,-0.300781,-0.703125,0.000000,33.958504,0.000000
4.802734,-0.152344,-0.777344,0.000000,30.530785,0.000000
4.890625,-0.308594,0.693359,0.000000,31.122698,0.000000
4.949219,-0.623047,0.136719,0.000000,29.890047,0.000000
0.736328,0.505859,0.113281,1.844006,23.263359,0.000000
0.744141,0.558594,0.140625,1.844006,21.789770,0.000000
0.712891,0.457031,0.150391,2.458675,23.304138,0.000000
1.353516,0.505859,-0.287109,-1.229337,22.355284,0.000000
1.390625,0.568359,-0.183594,-1.229337,26.063814,0.000000
1.412109,0.630859,-0.160156,-1.229337,25.158739,0.000000
1.062500,0.613281,-0.025391,-0.614669,20.128372,0.000000
1.113281,0.593750,0.119141,-0.614669,25.843311,0.000000
1.140625,0.572266,0.294922,-0.614669,28.041395,0.000000
1.134766,0.548828,0.482422,-0.614669,27.649229,0.000000
1.154297,0.609375,0.480469,-0.614669,26.821451,0.000000
1.263672,0.626953,0.244141,-0.614669,24.456041,0.000000
1.421875,0.519531,0.033203,-0.614669,25.998831,0.000000
0.009766,0.031250,0.025391,0.000000,29.309490,0.000000
0.041016,-0.033203,0.062500,0.000000,30.090258,0.000000
0.044922,-0.046875,0.103516,0.000000,28.970770,0.000000
0.437500,0.089844,-1.359375,-0.614669,21.731863,0.000000
0.011719,-0.039062,-0.007812,0.000000,30.659531,1.000000
0.017578,-0.080078,-0.007812,0.000000,31.903316,1.000000
0.029297,-0.119141,-0.005859,0.000000,30.149403,1.000000
0.056641,-0.154297,0.005859,0.000000,25.440680,1.000000
2.607422,-0.175781,1.066406,0.000000,29.052561,1.000000
2.689453,-0.089844,0.980469,0.000000,32.190605,1.000000
2.763672,-0.089844,0.890625,0.000000,31.122698,1.000000
4.414062,-0.142578,1.218750,0.000000,31.383026,1.000000
4.433594,-0.144531,1.298828,0.000000,31.228710,1.000000
4.728516,-0.298828,-0.679688,0.000000,33.465485,1.000000
4.771484,-0.300781,-0.662109,0.000000,33.981136,1.000000
4.808594,-0.152344,-0.744141,0.000000,30.576660,1.000000
4.900391,-0.308594,0.626953,0.000000,31.061909,1.000000
4.951172,-0.623047,0.044922,0.000000,29.876663,1.000000
1.150391,0.572266,0.246094,-1.229337,28.836615,1.000000
1.164062,0.632812,0.261719,-1.229337,28.597385,1.000000
1.199219,0.652344,0.263672,-1.229337,25.051500,1.000000
1.054688,0.613281,0.126953,-0.614669,22.944662,1.000000
1.082031,0.593750,0.291016,-0.614669,26.464037,1.000000
1.341797,0.447266,-0.216797,-0.614669,22.430380,1.000000
1.363281,0.505859,-0.230469,-0.614669,25.051500,1.000000
0.009766,0.031250,0.025391,0.000000,29.309490,1.000000
0.041016,-0.033203,0.062500,0.000000,30.094509,1.000000
0.044922,-0.046875,0.103516,0.000000,28.976271,1.000000
0.626953,-0.044922,1.287109,-0.614669,20.253059,1.000000
0.011719,-0.039062,-0.007812,0.000000,30.659531,2.000000
0.017578,-0.080078,-0.007812,0.000000,31.903316,2.000000
0.029297,-0.119141,-0.005859,0.000000,30.149403,2.000000
0.056641,-0.154297,0.005859,0.000000,25.440680,2.000000
1.142578,0.675781,-0.244141,0.000000,25.987906,2.000000
2.593750,-0.175781,1.097656,0.000000,29.079485,2.000000
2.683594,-0.089844,0.998047,0.000000,32.190605,2.000000
2.746094,-0.089844,0.939453,0.000000,31.152777,2.000000
4.414062,-0.142578,1.216797,0.000000,31.383026,2.000000
4.439453,-0.144531,1.281250,0.000000,31.182648,2.000000
4.751953,-0.298828,-0.476562,0.000000,33.142887,2.000000
4.785156,-0.300781,-0.556641,0.000000,33.919930,2.000000
4.812500,-0.152344,-0.720703,0.000000,30.670708,2.000000
4.908203,-0.308594,0.556641,0.000000,30.927206,2.000000
4.951172,-0.623047,-0.017578,0.000000,29.722029,2.000000
0.765625,0.613281,0.013672,0.614669,24.771212,2.000000
0.798828,0.638672,-0.007812,0.614669,27.817554,2.000000
0.851562,0.630859,0.093750,1.229337,27.134905,2.000000
0.882812,0.656250,0.097656,1.229337,23.031961,2.000000
1.201172,0.490234,0.167969,-1.229337,27.118073,2.000000
1.099609,0.445312,0.037109,-0.614669,20.043213,2.000000
1.113281,0.498047,0.128906,-0.614669,26.919651,2.000000
1.140625,0.515625,0.207031,-0.614669,29.111576,2.000000
1.191406,0.652344,-0.298828,-0.614669,25.118834,2.000000
1.296875,0.582031,-0.173828,-0.614669,23.783979,2.000000
0.009766,0.031250,0.025391,0.000000,29.309490,2.000000
0.041016,-0.033203,0.062500,0.000000,30.090258,2.000000
0.044922,-0.046875,0.103516,0.000000,28.970770,2.000000
0.250000,0.083984,-1.324219,0.000000,23.483049,2.000000
0.539062,0.037109,-1.056641,-0.614669,17.781513,2.000000
0.011719,-0.039062,-0.007812,0.000000,30.659531,3.000000
0.017578,-0.080078,-0.007812,0.000000,31.908916,3.000000
0.029297,-0.119141,-0.005859,0.000000,30.153597,3.000000
0.056641,-0.154297,0.005859,0.000000,25.453072,3.000000
0.699219,0.675781,-0.140625,0.000000,21.072100,3.000000
2.609375,-0.175781,1.060547,0.000000,29.030899,3.000000
2.689453,-0.089844,0.980469,0.000000,32.185356,3.000000
2.753906,-0.089844,0.919922,0.000000,31.126051,3.000000
4.414062,-0.142578,1.222656,0.000000,31.376705,3.000000
4.431641,-0.144531,1.306641,0.000000,31.209028,3.000000
4.740234,-0.298828,-0.595703,0.000000,33.300076,3.000000
4.777344,-0.300781,-0.623047,0.000000,33.960251,3.000000
4.812500,-0.152344,-0.722656,0.000000,30.670708,3.000000
4.900391,-0.308594,0.628906,0.000000,31.156105,3.000000
4.951172,-0.623047,0.060547,0.000000,29.965117,3.000000
0.867188,0.478516,0.255859,-0.614669,25.024271,3.000000
0.914062,0.498047,0.216797,-0.614669,27.551123,3.000000
0.939453,0.552734,0.179688,-0.614669,26.148972,3.000000
0.957031,0.609375,0.158203,-0.614669,21.430147,3.000000
1.029297,0.556641,0.201172,-0.614669,24.785666,3.000000
1.068359,0.576172,0.187500,-0.614669,27.944880,3.000000
1.117188,0.593750,0.082031,-0.614669,29.309490,3.000000
1.156250,0.613281,0.029297,-0.614669,28.020893,3.000000
1.123047,0.716797,-0.214844,-0.614669,25.670263,3.000000
0.009766,0.031250,0.025391,0.000000,29.314579,3.000000
0.041016,-0.033203,0.062500,0.000000,30.086002,3.000000
0.044922,-0.046875,0.103516,0.000000,28.970770,3.000000
0.851562,0.214844,-0.736328,-0.614669,19.912260,3.000000
0.011719,-0.039062,-0.007812,0.000000,30.652061,4.000000
0.017578,-0.080078,-0.007812,0.000000,31.903316,4.000000
0.029297,-0.119141,-0.005859,0.000000,30.149403,4.000000
0.056641,-0.154297,0.005859,0.000000,25.440680,4.000000
1.199219,0.589844,-0.189453,0.000000,25.224442,4.000000
2.611328,-0.175781,1.054688,0.000000,29.079485,4.000000
2.693359,-0.089844,0.970703,0.000000,32.198463,4.000000
2.759766,-0.089844,0.900391,0.000000,31.119343,4.000000
4.417969,-0.142578,1.205078,0.000000,31.395643,4.000000
4.433594,-0.144531,1.298828,0.000000,31.179338,4.000000
4.736328,-0.298828,-0.617188,0.000000,33.467442,4.000000
4.777344,-0.300781,-0.623047,0.000000,34.015728,4.000000
4.814453,-0.152344,-0.707031,0.000000,30.722500,4.000000
4.902344,-0.308594,0.601562,0.000000,31.112625,4.000000
4.949219,-0.623047,0.113281,0.000000,29.890047,4.000000
0.777344,0.500000,0.177734,-2.458675,24.563660,4.000000
0.814453,0.521484,0.169922,-2.458675,28.965261,4.000000
0.849609,0.542969,0.166016,-2.458675,29.400181,4.000000
0.865234,0.597656,0.156250,-2.458675,25.954962,4.000000
1.052734,0.429688,0.132812,-0.614669,25.301996,4.000000
1.087891,0.445312,0.156250,-0.614669,29.872192,4.000000
1.123047,0.460938,0.179688,-0.614669,30.565237,4.000000
1.156250,0.515625,0.080078,-0.614669,27.497364,4.000000
1.154297,0.572266,-0.232422,-0.614669,27.363964,4.000000
0.009766,0.031250,0.025391,0.000000,29.304396,4.000000
0.041016,-0.033203,0.062500,0.000000,30.090258,4.000000
0.044922,-0.046875,0.103516,0.000000,28.965261,4.000000
0.324219,0.083984,-1.306641,0.000000,24.199558,4.000000
0.388672,0.039062,-1.207031,-0.614669,24.771212,4.000000
0.011719,-0.039062,-0.007812,0.000000,30.655798,5.000000
0.017578,-0.080078,-0.007812,0.000000,31.900515,5.000000
0.029297,-0.119141,-0.005859,0.000000,30.145205,5.000000
0.056641,-0.154297,0.005859,0.000000,25.428255,5.000000
1.132812,0.654297,-0.011719,0.000000,28.082109,5.000000
1.166016,0.675781,-0.093750,0.000000,25.237465,5.000000
2.609375,-0.175781,1.062500,0.000000,28.943161,5.000000
2.689453,-0.089844,0.980469,0.000000,32.140488,5.000000
2.751953,-0.089844,0.921875,0.000000,31.115986,5.000000
4.414062,-0.142578,1.216797,0.000000,31.405081,5.000000
4.433594,-0.144531,1.300781,0.000000,31.267805,5.000000
4.724609,-0.298828,-0.707031,0.000000,33.424229,5.000000
4.773438,-0.300781,-0.642578,0.000000,34.007107,5.000000
4.812500,-0.152344,-0.716797,0.000000,30.722500,5.000000
4.867188,-0.154297,0.615234,0.000000,28.898617,5.000000
4.908203,-0.308594,0.562500,0.000000,31.010593,5.000000
4.951172,-0.623047,-0.001953,0.000000,29.689497,5.000000
0.714844,0.457031,0.140625,-3.688012,20.718821,5.000000
0.744141,0.478516,0.162109,-3.688012,22.278868,5.000000
0.773438,0.500000,0.195312,-3.688012,20.569048,5.000000
1.009766,0.537109,0.060547,-0.614669,24.548449,5.000000
1.066406,0.519531,0.033203,-0.614669,28.048206,5.000000
1.083984,0.576172,-0.029297,-0.614669,28.055008,5.000000
1.117188,0.593750,-0.070312,-0.614669,28.579353,5.000000
0.011719,0.031250,0.025391,0.000000,29.314579,5.000000
0.041016,-0.033203,0.062500,0.000000,30.081741,5.000000
0.044922,-0.046875,0.103516,0.000000,28.965261,5.000000
0.265625,-0.164062,1.271484,0.000000,25.237465,5.000000
1.208984,-0.589844,0.107422,0.000000,23.138672,5.000000
0.912109,0.175781,0.150391,4.302680,17.993406,5.000000
0.943359,0.214844,0.162109,4.302680,19.242792,5.000000
0.011719,-0.039062,-0.007812,0.000000,30.652061,6.000000
0.017578,-0.080078,-0.007812,0.000000,31.903316,6.000000
0.029297,-0.119141,-0.005859,0.000000,30.149403,6.000000
0.056641,-0.154297,0.005859,0.000000,25.453072,6.000000
2.603516,-0.175781,1.076172,0.000000,29.047155,6.000000
2.687500,-0.089844,0.982422,0.000000,32.193226,6.000000
2.751953,-0.089844,0.921875,0.000000,31.166077,6.000000
4.412109,-0.142578,1.226562,0.000000,31.395643,6.000000
4.445312,-0.144531,1.259766,0.000000,31.222158,6.000000
4.746094,-0.298828,-0.546875,0.000000,33.392525,6.000000
4.783203,-0.300781,-0.578125,0.000000,33.989811,6.000000
4.818359,-0.152344,-0.675781,0.000000,30.633333,6.000000
4.851562,-0.154297,0.736328,0.000000,28.992731,6.000000
4.894531,-0.308594,0.664062,0.000000,31.156105,6.000000
4.949219,-0.623047,0.130859,0.000000,29.894499,6.000000
0.564453,0.460938,0.111328,-2.458675,22.041201,6.000000
0.609375,0.460938,0.142578,-2.458675,24.487062,6.000000
0.636719,0.486328,0.164062,-2.458675,23.598354,6.000000
0.667969,0.509766,0.181641,-2.458675,19.493900,6.000000
1.037109,0.378906,0.000000,-0.614669,23.384565,6.000000
1.042969,0.464844,0.093750,-0.614669,28.020893,6.000000
1.076172,0.482422,0.130859,-0.614669,29.854265,6.000000
1.134766,0.460938,0.085938,-0.614669,28.273693,6.000000
1.119141,0.554688,-0.222656,-0.614669,26.424644,6.000000
1.189453,0.531250,-0.119141,-0.614669,27.745171,6.000000
1.265625,0.464844,-0.083984,-0.614669,26.794279,6.000000
0.009766,0.031250,0.025391,0.000000,29.314579,6.000000
0.041016,-0.033203,0.062500,0.000000,30.086002,6.000000
0.044922,-0.046875,0.103516,0.000000,28.970770,6.000000
0.011719,-0.039062,-0.007812,0.000000,30.655798,7.000000
0.017578,-0.080078,-0.007812,0.000000,31.903316,7.000000
0.029297,-0.119141,-0.005859,0.000000,30.149403,7.000000
0.056641,-0.154297,0.005859,0.000000,25.440680,7.000000
0.562500,0.460938,0.115234,0.000000,20.644581,7.000000
0.572266,0.509766,0.132812,0.000000,20.863598,7.000000
2.607422,-0.175781,1.064453,0.000000,29.009130,7.000000
2.687500,-0.089844,0.986328,0.000000,32.185356,7.000000
2.750000,-0.089844,0.927734,0.000000,31.142773,7.000000
4.419922,-0.142578,1.197266,0.000000,31.364035,7.000000
4.460938,-0.144531,1.199219,0.000000,31.182648,7.000000
4.742188,-0.298828,-0.582031,0.000000,33.382572,7.000000
4.779297,-0.300781,-0.599609,0.000000,33.967224,7.000000
4.818359,-0.152344,-0.679688,0.000000,30.538464,7.000000
4.828125,-0.154297,0.875000,0.000000,28.932068,7.000000
4.884766,-0.308594,0.730469,0.000000,31.126051,7.000000
4.966797,-0.468750,0.156250,0.000000,29.768084,7.000000
1.029297,0.464844,0.187500,-0.614669,29.180304,7.000000
1.072266,0.482422,0.154297,-0.614669,30.674429,7.000000
1.101562,0.537109,0.068359,-0.614669,29.881128,7.000000
1.136719,0.554688,-0.101562,-0.614669,29.063351,7.000000
1.185547,0.531250,-0.152344,-0.614669,26.937269,7.000000
0.009766,0.031250,0.025391,0.000000,29.314579,7.000000
0.041016,-0.033203,0.062500,0.000000,30.090258,7.000000
0.044922,-0.046875,0.103516,0.000000,28.970770,7.000000
0.500000,-0.000000,1.210938,-0.614669,24.456041,7.000000
0.011719,-0.039062,-0.007812,0.000000,30.652061,8.000000
0.017578,-0.080078,-0.007812,0.000000,31.900515,8.000000
0.029297,-0.119141,-0.005859,0.000000,30.149403,8.000000
0.056641,-0.154297,0.005859,0.000000,25.453072,8.000000
1.021484,0.414062,0.058594,0.000000,24.456041,8.000000
1.042969,0.464844,0.089844,0.000000,24.927605,8.000000
0.406250,-0.000000,-1.244141,0.000000,25.843311,8.000000
2.611328,-0.175781,1.056641,0.000000,28.998205,8.000000
2.691406,-0.089844,0.976562,0.000000,32.187981,8.000000
2.759766,-0.089844,0.900391,0.000000,31.126051,8.000000
4.416016,-0.142578,1.210938,0.000000,31.386185,8.000000
4.441406,-0.144531,1.275391,0.000000,31.235250,8.000000
4.728516,-0.298828,-0.677734,0.000000,33.414345,8.000000
4.771484,-0.300781,-0.660156,0.000000,33.972446,8.000000
4.808594,-0.152344,-0.738281,0.000000,30.519239,8.000000
4.828125,-0.306641,0.832031,0.000000,28.932068,8.000000
4.894531,-0.308594,0.667969,0.000000,31.109262,8.000000
4.951172,-0.623047,0.080078,0.000000,29.845274,8.000000
0.542969,0.482422,0.115234,1.229337,22.174839,8.000000
0.591797,0.486328,0.136719,1.229337,23.598354,8.000000
0.617188,0.511719,0.166016,1.229337,20.934217,8.000000
1.046875,0.556641,-0.062500,-0.614669,26.170004,8.000000
1.097656,0.537109,-0.107422,-0.614669,27.881683,8.000000
1.156250,0.515625,-0.087891,-0.614669,27.656685,8.000000
0.009766,0.031250,0.025391,0.000000,29.319662,8.000000
0.041016,-0.033203,0.062500,0.000000,30.086002,8.000000
0.044922,-0.046875,0.103516,0.000000,28.965261,8.000000
1.212891,0.490234,0.050781,0.000000,25.693739,8.000000
0.490234,0.039062,1.167969,-0.614669,24.712917,8.000000
0.011719,-0.039062,-0.007812,0.000000,30.652061,9.000000
0.017578,-0.080078,-0.007812,0.000000,31.900515,9.000000
