1.304688,-0.337891,0.083984,-0.614669,27.512791,0.000000
1.339844,-0.347656,-0.136719,-0.614669,28.651039,0.000000
0.009766,0.031250,0.025391,0.000000,29.319662,0.000000
0.041016,-0.033203,0.062500,0.000000,30.086002,0.000000
0.044922,-0.046875,0.103516,0.000000,28.959747,0.000000
1.191406,-0.759766,0.228516,0.000000,27.867514,0.000000
0.947266,-0.783203,0.652344,-0.614669,25.658478,0.000000
0.011719,-0.039062,-0.007812,0.000000,30.648323,1.000000
0.017578,-0.080078,-0.007812,0.000000,31.903316,1.000000
0.029297,-0.119141,-0.005859,0.000000,30.153597,1.000000
0.056641,-0.154297,0.005859,0.000000,25.453072,1.000000
0.488281,-0.039062,-1.169922,0.000000,22.922562,1.000000
0.654297,-0.041016,-1.132812,0.000000,24.248816,1.000000
2.611328,-0.175781,1.058594,0.000000,29.025467,1.000000
2.691406,-0.089844,0.974609,0.000000,32.174839,1.000000
2.755859,-0.089844,0.914062,0.000000,31.115986,1.000000
4.390625,-0.142578,1.298828,0.000000,31.373541,1.000000
4.437500,-0.144531,1.283203,0.000000,31.162756,1.000000
4.644531,-0.000000,0.417969,0.000000,29.464523,1.000000
4.738281,-0.298828,-0.605469,0.000000,33.273590,1.000000
4.773438,-0.300781,-0.644531,0.000000,33.829170,1.000000
4.783203,-0.304688,-0.847656,0.000000,30.056095,1.000000
4.837891,-0.154297,1.035156,0.000000,31.048285,1.000000
1.279297,-0.421875,-0.082031,-0.614669,27.109631,1.000000
1.306641,-0.435547,-0.201172,-0.614669,30.051805,1.000000
1.341797,-0.447266,-0.220703,-0.614669,30.891983,1.000000
1.382812,-0.460938,-0.214844,-0.614669,28.609365,1.000000
0.009766,0.031250,0.025391,0.000000,29.309490,1.000000
0.041016,-0.033203,0.062500,0.000000,30.086002,1.000000
0.044922,-0.046875,0.103516,0.000000,28.970770,1.000000
1.222656,-0.449219,0.128906,0.000000,23.053514,1.000000
0.011719,-0.039062,-0.007812,0.000000,30.655798,2.000000
0.017578,-0.080078,-0.007812,0.000000,31.903316,2.000000
0.029297,-0.119141,-0.005859,0.000000,30.149403,2.000000
0.056641,-0.154297,0.005859,0.000000,25.440680,2.000000
0.599609,-0.000000,-1.117188,0.000000,22.718416,2.000000
1.234375,-0.408203,0.142578,0.000000,25.843311,2.000000
1.279297,-0.421875,0.076172,0.000000,26.830471,2.000000
1.343750,-0.347656,0.078125,0.000000,27.497364,2.000000
1.394531,-0.312500,0.095703,0.000000,28.524799,2.000000
1.435547,-0.322266,0.072266,0.000000,26.503075,2.000000
2.617188,-0.175781,1.041016,0.000000,28.954226,2.000000
2.691406,-0.089844,0.970703,0.000000,32.148438,2.000000
2.753906,-0.089844,0.916016,0.000000,31.065308,2.000000
4.404297,-0.142578,1.255859,0.000000,31.464382,2.000000
4.447266,-0.144531,1.250000,0.000000,31.280760,2.000000
4.734375,-0.298828,-0.630859,0.000000,33.138672,2.000000
4.773438,-0.300781,-0.656250,0.000000,33.701427,2.000000
4.800781,-0.152344,-0.789062,0.000000,30.132587,2.000000
4.830078,-0.154297,1.070312,0.000000,30.770042,2.000000
1.029297,-0.501953,-0.023438,1.229337,20.334238,2.000000
1.066406,-0.519531,-0.019531,1.229337,24.014006,2.000000
1.103516,-0.537109,-0.025391,1.229337,23.891661,2.000000
0.009766,0.031250,0.025391,0.000000,29.314579,2.000000
0.041016,-0.033203,0.062500,0.000000,30.081741,2.000000
0.044922,-0.046875,0.103516,0.000000,28.959747,2.000000
1.189453,-0.435547,0.062500,0.000000,22.695129,2.000000
0.656250,0.041016,-1.132812,0.000000,24.456041,2.000000
0.011719,-0.039062,-0.007812,0.000000,30.655798,3.000000
0.017578,-0.080078,-0.007812,0.000000,31.900515,3.000000
0.029297,-0.119141,-0.005859,0.000000,30.149403,3.000000
0.056641,-0.154297,0.005859,0.000000,25.440680,3.000000
1.185547,-0.277344,-0.357422,0.000000,25.132175,3.000000
1.267578,-0.328125,-0.021484,0.000000,28.674675,3.000000
1.294922,-0.378906,-0.017578,0.000000,30.402067,3.000000
1.328125,-0.390625,-0.128906,0.000000,31.504494,3.000000
1.373047,-0.357422,-0.193359,0.000000,31.225435,3.000000
1.410156,-0.367188,-0.205078,0.000000,28.709888,3.000000
2.615234,-0.175781,1.044922,0.000000,29.020029,3.000000
2.689453,-0.089844,0.978516,0.000000,32.166935,3.000000
2.755859,-0.089844,0.912109,0.000000,31.119343,3.000000
4.398438,-0.142578,1.275391,0.000000,31.322598,3.000000
4.427734,-0.144531,1.320312,0.000000,31.112625,3.000000
4.738281,-0.298828,-0.609375,0.000000,33.199383,3.000000
4.773438,-0.300781,-0.654297,0.000000,33.729118,3.000000
4.789062,-0.152344,-0.859375,0.000000,29.858753,3.000000
4.839844,-0.154297,1.027344,0.000000,30.838608,3.000000
1.041016,-0.519531,-0.234375,0.614669,21.367207,3.000000
1.089844,-0.537109,-0.175781,0.614669,24.048338,3.000000
0.009766,0.031250,0.025391,0.000000,29.314579,3.000000
0.041016,-0.033203,0.062500,0.000000,30.090258,3.000000
0.044922,-0.046875,0.103516,0.000000,28.965261,3.000000
0.011719,-0.039062,-0.007812,0.000000,30.652061,4.000000
0.017578,-0.080078,-0.007812,0.000000,31.900515,4.000000
0.029297,-0.119141,-0.005859,0.000000,30.153597,4.000000
0.056641,-0.154297,0.005859,0.000000,25.453072,4.000000
1.101562,-0.537109,0.050781,0.000000,22.695129,4.000000
1.164062,-0.474609,0.162109,0.000000,24.216040,4.000000
1.195312,-0.408203,0.341797,0.000000,24.199558,4.000000
0.751953,0.042969,-1.121094,0.000000,21.398790,4.000000
1.333984,-0.347656,-0.181641,0.000000,27.176704,4.000000
1.367188,-0.402344,-0.144531,0.000000,28.943161,4.000000
1.416016,-0.367188,-0.167969,0.000000,27.551123,4.000000
2.617188,-0.175781,1.041016,0.000000,29.079485,4.000000
2.693359,-0.089844,0.966797,0.000000,32.206310,4.000000
2.757812,-0.089844,0.908203,0.000000,31.149445,4.000000
4.421875,-0.142578,1.193359,0.000000,31.364035,4.000000
4.447266,-0.144531,1.253906,0.000000,31.126051,4.000000
4.738281,-0.298828,-0.611328,0.000000,33.312248,4.000000
4.775391,-0.300781,-0.636719,0.000000,33.816566,4.000000
4.791016,-0.304688,-0.804688,0.000000,30.025980,4.000000
4.830078,-0.154297,1.066406,0.000000,30.902580,4.000000
0.011719,0.031250,0.025391,0.000000,29.314579,4.000000
0.041016,-0.033203,0.062500,0.000000,30.086002,4.000000
0.044922,-0.046875,0.103516,0.000000,28.965261,4.000000
0.662109,-0.000000,-1.082031,0.000000,22.227165,4.000000
0.666016,0.041016,-1.126953,0.000000,23.673559,4.000000
1.294922,-0.378906,-0.031250,0.000000,20.492180,4.000000
0.011719,-0.039062,-0.007812,0.000000,30.655798,5.000000
0.017578,-0.080078,-0.007812,0.000000,31.903316,5.000000
0.029297,-0.119141,-0.005859,0.000000,30.149403,5.000000
0.056641,-0.154297,0.005859,0.000000,25.440680,5.000000
0.697266,-0.041016,-1.107422,0.000000,24.265112,5.000000
1.248047,-0.167969,-0.488281,0.000000,23.283796,5.000000
1.355469,-0.304688,-0.074219,0.000000,27.803173,5.000000
1.396484,-0.312500,-0.013672,0.000000,28.721563,5.000000
1.437500,-0.322266,0.015625,0.000000,26.222139,5.000000
2.621094,-0.175781,1.031250,0.000000,29.036325,5.000000
2.693359,-0.089844,0.966797,0.000000,32.174839,5.000000
2.757812,-0.089844,0.908203,0.000000,31.099159,5.000000
4.419922,-0.142578,1.199219,0.000000,31.376705,5.000000
4.445312,-0.144531,1.257812,0.000000,31.146111,5.000000
4.738281,-0.298828,-0.611328,0.000000,33.374592,5.000000
4.773438,-0.300781,-0.648438,0.000000,33.873898,5.000000
4.785156,-0.304688,-0.839844,0.000000,30.013010,5.000000
4.839844,-0.154297,1.023438,0.000000,30.948204,5.000000
1.046875,-0.576172,-0.279297,0.614669,21.986570,5.000000
1.126953,-0.554688,-0.177734,0.614669,24.248816,5.000000
0.009766,0.031250,0.025391,0.000000,29.304396,5.000000
0.041016,-0.033203,0.062500,0.000000,30.086002,5.000000
0.044922,-0.046875,0.103516,0.000000,28.970770,5.000000
1.212891,-0.490234,0.023438,0.000000,22.695129,5.000000
0.011719,-0.039062,-0.007812,0.000000,30.652061,6.000000
0.017578,-0.080078,-0.007812,0.000000,31.897709,6.000000
0.029297,-0.119141,-0.005859,0.000000,30.145205,6.000000
0.056641,-0.154297,0.005859,0.000000,25.428255,6.000000
0.185547,-0.080078,1.251953,0.000000,23.180634,6.000000
0.513672,-0.041016,-1.203125,0.000000,24.313637,6.000000
1.265625,-0.464844,-0.087891,0.000000,26.748611,6.000000
1.320312,-0.435547,-0.060547,0.000000,29.439888,6.000000
1.373047,-0.402344,0.000000,0.000000,29.196011,6.000000
1.412109,-0.414062,0.054688,0.000000,25.763414,6.000000
2.619141,-0.175781,1.039062,0.000000,29.025467,6.000000
2.693359,-0.089844,0.968750,0.000000,32.182728,6.000000
2.753906,-0.089844,0.916016,0.000000,31.109262,6.000000
4.376953,-0.142578,1.201172,0.000000,27.528164,6.000000
4.412109,-0.142578,1.228516,0.000000,31.383026,6.000000
4.449219,-0.144531,1.244141,0.000000,31.162756,6.000000
4.740234,-0.298828,-0.593750,0.000000,33.218056,6.000000
4.777344,-0.300781,-0.626953,0.000000,33.776703,6.000000
4.798828,-0.152344,-0.804688,0.000000,30.115704,6.000000
4.826172,-0.154297,1.083984,0.000000,30.704073,6.000000
0.009766,0.031250,0.025391,0.000000,29.314579,6.000000
0.041016,-0.033203,0.062500,0.000000,30.081741,6.000000
0.044922,-0.046875,0.103516,0.000000,28.965261,6.000000
0.011719,-0.039062,-0.007812,0.000000,30.655798,7.000000
0.017578,-0.080078,-0.007812,0.000000,31.903316,7.000000
0.029297,-0.119141,-0.005859,0.000000,30.149403,7.000000
0.056641,-0.154297,0.005859,0.000000,25.440680,7.000000
0.412109,-0.000000,-1.199219,0.000000,22.648178,7.000000
1.214844,-0.408203,0.263672,0.000000,26.785183,7.000000
1.277344,-0.347656,-0.423828,0.000000,30.203613,7.000000
1.341797,-0.402344,-0.298828,0.000000,30.711452,7.000000
1.396484,-0.367188,-0.289062,0.000000,27.371927,7.000000
2.615234,-0.175781,1.046875,0.000000,29.030899,7.000000
2.687500,-0.089844,0.986328,0.000000,32.187981,7.000000
2.744141,-0.089844,0.945312,0.000000,31.136091,7.000000
4.335938,-0.142578,1.341797,0.000000,27.543484,7.000000
4.400391,-0.142578,1.269531,0.000000,31.357685,7.000000
4.439453,-0.144531,1.277344,0.000000,31.115986,7.000000
4.738281,-0.298828,-0.597656,0.000000,33.072819,7.000000
4.777344,-0.300781,-0.625000,0.000000,33.626709,7.000000
4.804688,-0.152344,-0.767578,0.000000,29.938768,7.000000
4.835938,-0.154297,1.041016,0.000000,30.891983,7.000000
1.216797,-0.337891,0.474609,0.614669,28.027737,7.000000
0.009766,0.031250,0.025391,0.000000,29.314579,7.000000
0.041016,-0.033203,0.062500,0.000000,30.077478,7.000000
0.044922,-0.046875,0.103516,0.000000,28.954226,7.000000
1.164062,-0.435547,0.253906,0.000000,21.335388,7.000000
0.443359,0.041016,-1.230469,0.000000,24.842999,7.000000
0.011719,-0.039062,-0.007812,0.000000,30.652061,8.000000
0.017578,-0.080078,-0.007812,0.000000,31.900515,8.000000
0.029297,-0.119141,-0.005859,0.000000,30.149403,8.000000
0.056641,-0.154297,0.005859,0.000000,25.440680,8.000000
0.386719,-0.080078,1.205078,0.000000,23.384565,8.000000
1.306641,-0.337891,0.035156,0.000000,29.319662,8.000000
1.341797,-0.347656,-0.105469,0.000000,30.770042,8.000000
1.394531,-0.312500,-0.091797,0.000000,28.893017,8.000000
2.626953,-0.175781,1.019531,0.000000,29.020029,8.000000
2.693359,-0.089844,0.966797,0.000000,32.206310,8.000000
2.755859,-0.089844,0.914062,0.000000,31.162756,8.000000
4.324219,-0.142578,1.378906,0.000000,27.641762,8.000000
4.392578,-0.142578,1.296875,0.000000,31.395643,8.000000
4.429688,-0.144531,1.314453,0.000000,31.189257,8.000000
4.636719,-0.000000,0.500000,0.000000,29.523081,8.000000
4.738281,-0.298828,-0.605469,0.000000,33.155506,8.000000
4.775391,-0.300781,-0.638672,0.000000,33.681007,8.000000
4.804688,-0.152344,-0.765625,0.000000,29.986952,8.000000
4.847656,-0.154297,0.986328,0.000000,30.941216,8.000000
1.207031,-0.328125,0.388672,0.614669,25.490032,8.000000
1.398438,-0.414062,0.207031,0.614669,24.913616,8.000000
0.009766,0.031250,0.025391,0.000000,29.304396,8.000000
0.041016,-0.033203,0.062500,0.000000,30.081741,8.000000
0.044922,-0.046875,0.103516,0.000000,28.965261,8.000000
0.011719,-0.039062,-0.007812,0.000000,30.652061,9.000000
0.017578,-0.080078,-0.007812,0.000000,31.897709,9.000000
0.029297,-0.119141,-0.005859,0.000000,30.145205,9.000000
0.056641,-0.154297,0.005859,0.000000,25.428255,9.000000
0.152344,-0.080078,1.255859,0.000000,23.201464,9.000000
1.332031,-0.390625,-0.091797,0.000000,29.786369,9.000000
1.384766,-0.357422,-0.070312,0.000000,29.595184,9.000000
1.425781,-0.367188,-0.031250,0.000000,26.803354,9.000000
2.619141,-0.175781,1.039062,0.000000,28.970770,9.000000
2.691406,-0.089844,0.974609,0.000000,32.172207,9.000000
2.751953,-0.089844,0.921875,0.000000,31.149445,9.000000
4.394531,-0.142578,1.285156,0.000000,31.442627,9.000000
4.443359,-0.144531,1.263672,0.000000,31.172712,9.000000
4.738281,-0.298828,-0.597656,0.000000,32.935837,9.000000
4.775391,-0.300781,-0.634766,0.000000,33.516029,9.000000
4.804688,-0.152344,-0.773438,0.000000,29.921114,9.000000
4.855469,-0.154297,0.953125,0.000000,30.962147,9.000000
1.212891,-0.490234,-0.031250,0.614669,25.092026,9.000000
1.267578,-0.464844,0.021484,0.614669,28.785217,9.000000
0.009766,0.031250,0.025391,0.000000,29.314579,9.000000
0.041016,-0.033203,0.062500,0.000000,30.086002,9.000000
0.044922,-0.046875,0.103516,0.000000,28.959747,9.000000
0.750000,-0.041016,-1.072266,0.614669,22.380461,9.000000
0.011719,-0.039062,-0.007812,0.000000,30.648323,10.000000
0.017578,-0.080078,-0.007812,0.000000,31.894903,10.000000
0.029297,-0.119141,-0.005859,0.000000,30.141003,10.000000
0.056641,-0.154297,0.005859,0.000000,25.440680,10.000000
0.130859,-0.080078,1.259766,0.000000,23.117538,10.000000
0.068359,-0.082031,-1.304688,0.000000,24.828735,10.000000
0.941406,-0.210938,-0.943359,0.000000,25.797836,10.000000
1.314453,-0.261719,-0.369141,0.000000,27.874605,10.000000
2.615234,-0.175781,1.048828,0.000000,28.987251,10.000000
2.689453,-0.089844,0.980469,0.000000,32.172207,10.000000
2.751953,-0.089844,0.923828,0.000000,31.149445,10.000000
4.423828,-0.142578,1.181641,0.000000,31.398790,10.000000
4.468750,-0.144531,1.173828,0.000000,31.115986,10.000000
4.740234,-0.298828,-0.593750,0.000000,33.023308,10.000000
4.779297,-0.300781,-0.613281,0.000000,33.782162,10.000000
4.808594,-0.152344,-0.740234,0.000000,30.453230,10.000000
4.843750,-0.154297,1.003906,0.000000,30.842186,10.000000
1.343750,-0.492188,-0.005859,0.614669,27.535831,10.000000
1.376953,-0.505859,-0.117188,0.614669,27.781513,10.000000
1.437500,-0.472656,-0.023438,0.614669,24.955442,10.000000
0.009766,0.031250,0.025391,0.000000,29.309490,10.000000
0.041016,-0.033203,0.062500,0.000000,30.081741,10.000000
0.044922,-0.046875,0.103516,0.000000,28.965261,10.000000
0.011719,-0.039062,-0.007812,0.000000,30.648323,11.000000
0.017578,-0.080078,-0.007812,0.000000,31.900515,11.000000
0.029297,-0.119141,-0.005859,0.000000,30.145205,11.000000
0.056641,-0.154297,0.005859,0.000000,25.428255,11.000000
0.101562,-0.080078,1.261719,0.000000,23.074961,11.000000
0.064453,-0.082031,-1.304688,0.000000,24.638929,11.000000
