1.242188,-0.464844,0.255859,0.000000,19.684830,0.000000
0.011719,-0.039062,-0.007812,0.000000,30.648323,1.000000
0.027344,-0.076172,-0.009766,0.000000,31.852587,1.000000
0.029297,-0.119141,-0.003906,0.000000,30.068937,1.000000
0.056641,-0.154297,0.007812,0.000000,25.340261,1.000000
0.296875,0.039062,-1.232422,0.000000,23.463530,1.000000
0.238281,0.041016,-1.287109,0.000000,24.329693,1.000000
0.476562,0.042969,1.261719,0.000000,22.430380,1.000000
2.667969,-0.179688,1.021484,0.000000,32.516380,1.000000
2.765625,-0.089844,0.882812,0.000000,31.789770,1.000000
4.302734,-0.142578,1.441406,0.000000,28.109043,1.000000
4.402344,-0.142578,1.257812,0.000000,31.708483,1.000000
4.474609,-0.144531,1.152344,0.000000,31.442627,1.000000
2.330078,0.072266,-0.070312,0.614669,27.839035,1.000000
2.367188,0.148438,-0.011719,0.614669,29.095560,1.000000
2.412109,0.076172,0.005859,0.614669,28.254261,1.000000
0.037109,-0.035156,0.064453,0.000000,30.086002,1.000000
0.046875,-0.046875,0.103516,0.000000,28.998205,1.000000
1.236328,-0.464844,0.281250,0.000000,19.637878,1.000000
0.011719,-0.039062,-0.007812,0.000000,30.655798,2.000000
0.027344,-0.076172,-0.009766,0.000000,31.858253,2.000000
0.029297,-0.119141,-0.003906,0.000000,30.073210,2.000000
0.056641,-0.154297,0.007812,0.000000,25.365585,2.000000
0.296875,0.039062,-1.232422,0.000000,23.483049,2.000000
0.218750,0.041016,-1.289062,0.000000,24.329693,2.000000
0.466797,0.042969,1.265625,0.000000,22.455126,2.000000
2.675781,-0.179688,1.001953,0.000000,32.564774,2.000000
2.775391,-0.089844,0.851562,0.000000,31.861084,2.000000
4.294922,-0.142578,1.468750,0.000000,27.951845,2.000000
4.398438,-0.142578,1.273438,0.000000,31.528996,2.000000
4.472656,-0.144531,1.160156,0.000000,31.261314,2.000000
2.324219,0.072266,-0.175781,0.614669,26.739420,2.000000
2.371094,0.074219,-0.060547,0.614669,28.221682,2.000000
2.402344,0.076172,0.222656,0.614669,26.580114,2.000000
0.037109,-0.035156,0.064453,0.000000,30.081741,2.000000
0.046875,-0.046875,0.103516,0.000000,28.992731,2.000000
1.177734,-0.449219,0.353516,0.000000,21.367207,2.000000
1.230469,-0.464844,0.304688,0.000000,19.684830,2.000000
0.011719,-0.039062,-0.007812,0.000000,30.659531,3.000000
0.027344,-0.076172,-0.009766,0.000000,31.855421,3.000000
0.029297,-0.119141,-0.003906,0.000000,30.068937,3.000000
0.056641,-0.154297,0.007812,0.000000,25.340261,3.000000
0.251953,0.039062,-1.242188,0.000000,23.463530,3.000000
0.175781,0.041016,-1.296875,0.000000,24.329693,3.000000
0.503906,0.042969,1.251953,0.000000,22.430380,3.000000
2.673828,-0.179688,1.007812,0.000000,32.598328,3.000000
2.765625,-0.089844,0.878906,0.000000,31.863913,3.000000
4.291016,-0.142578,1.474609,0.000000,27.824726,3.000000
4.394531,-0.142578,1.285156,0.000000,31.436392,3.000000
4.470703,-0.144531,1.167969,0.000000,31.169397,3.000000
2.332031,-0.000000,0.007812,0.614669,25.132175,3.000000
2.371094,0.074219,-0.005859,0.614669,27.895807,3.000000
2.408203,0.150391,0.017578,0.614669,27.411516,3.000000
0.037109,-0.035156,0.064453,0.000000,30.081741,3.000000
0.046875,-0.046875,0.103516,0.000000,28.992731,3.000000
1.179688,-0.449219,0.347656,0.000000,21.367207,3.000000
1.236328,-0.464844,0.281250,0.000000,19.637878,3.000000
2.326172,0.146484,-0.003906,0.614669,25.105450,3.000000
0.011719,-0.039062,-0.007812,0.000000,30.655798,4.000000
0.027344,-0.076172,-0.009766,0.000000,31.858253,4.000000
0.029297,-0.119141,-0.003906,0.000000,30.073210,4.000000
0.056641,-0.154297,0.007812,0.000000,25.352942,4.000000
0.269531,0.039062,-1.238281,0.000000,23.463530,4.000000
0.203125,0.041016,-1.292969,0.000000,24.345690,4.000000
0.480469,0.042969,1.259766,0.000000,22.405493,4.000000
2.666016,-0.179688,1.031250,0.000000,32.612629,4.000000
2.757812,-0.089844,0.904297,0.000000,31.889284,4.000000
4.294922,-0.142578,1.462891,0.000000,27.730547,4.000000
4.394531,-0.142578,1.287109,0.000000,31.344959,4.000000
4.472656,-0.000000,1.164062,0.000000,31.102530,4.000000
0.037109,-0.035156,0.064453,0.000000,30.081741,4.000000
0.044922,-0.046875,0.103516,0.000000,28.992731,4.000000
1.181641,-0.449219,0.341797,0.000000,21.398790,4.000000
1.236328,-0.464844,0.279297,0.000000,19.684830,4.000000
0.011719,-0.039062,-0.007812,0.000000,30.659531,5.000000
0.027344,-0.076172,-0.009766,0.000000,31.858253,5.000000
0.029297,-0.119141,-0.003906,0.000000,30.068937,5.000000
0.056641,-0.154297,0.007812,0.000000,25.327543,5.000000
0.269531,0.039062,-1.238281,0.000000,23.424227,5.000000
0.203125,0.041016,-1.292969,0.000000,24.329693,5.000000
0.451172,0.042969,1.271484,0.000000,22.405493,5.000000
2.669922,-0.179688,1.021484,0.000000,32.550312,5.000000
2.757812,-0.089844,0.908203,0.000000,31.809856,5.000000
4.304688,-0.142578,1.439453,0.000000,27.715876,5.000000
4.396484,-0.142578,1.283203,0.000000,31.319393,5.000000
4.472656,-0.000000,1.169922,0.000000,31.010593,5.000000
0.037109,-0.035156,0.064453,0.000000,30.081741,5.000000
0.044922,-0.046875,0.103516,0.000000,28.992731,5.000000
1.179688,-0.449219,0.341797,0.000000,21.398790,5.000000
1.234375,-0.464844,0.291016,0.000000,19.731279,5.000000
0.011719,-0.039062,-0.007812,0.000000,30.663260,6.000000
0.027344,-0.076172,-0.009766,0.000000,31.858253,6.000000
0.029297,-0.119141,-0.003906,0.000000,30.068937,6.000000
0.056641,-0.154297,0.007812,0.000000,25.340261,6.000000
0.275391,0.039062,-1.236328,0.000000,23.483049,6.000000
0.203125,0.041016,-1.292969,0.000000,24.345690,6.000000
0.449219,0.042969,1.271484,0.000000,22.405493,6.000000
2.628906,-0.175781,1.011719,0.000000,29.294189,6.000000
2.662109,-0.179688,1.039062,0.000000,32.569580,6.000000
2.748047,-0.089844,0.937500,0.000000,31.829849,6.000000
4.300781,-0.142578,1.449219,0.000000,27.867514,6.000000
4.394531,-0.142578,1.289062,0.000000,31.439510,6.000000
4.476562,-0.000000,1.154297,0.000000,31.222158,6.000000
2.453125,-0.000000,-0.056641,0.614669,25.403296,6.000000
0.037109,-0.035156,0.064453,0.000000,30.081741,6.000000
0.044922,-0.046875,0.103516,0.000000,28.992731,6.000000
1.234375,-0.464844,0.289062,0.000000,19.590414,6.000000
0.011719,-0.039062,-0.007812,0.000000,30.655798,7.000000
0.027344,-0.076172,-0.009766,0.000000,31.855421,7.000000
0.029297,-0.119141,-0.003906,0.000000,30.068937,7.000000
0.056641,-0.154297,0.007812,0.000000,25.340261,7.000000
0.273438,0.039062,-1.238281,0.000000,23.521826,7.000000
0.230469,0.041016,-1.287109,0.000000,24.345690,7.000000
0.460938,0.042969,1.267578,0.000000,22.455126,7.000000
2.431641,-0.000000,-0.328125,0.000000,26.570559,7.000000
2.492188,-0.000000,-0.105469,0.000000,26.444386,7.000000
2.625000,-0.175781,1.023438,0.000000,29.294189,7.000000
2.662109,-0.179688,1.037109,0.000000,32.559956,7.000000
2.757812,-0.089844,0.904297,0.000000,31.852587,7.000000
4.298828,-0.142578,1.455078,0.000000,27.781513,7.000000
4.394531,-0.142578,1.287109,0.000000,31.386185,7.000000
4.472656,-0.000000,1.164062,0.000000,31.109262,7.000000
0.037109,-0.035156,0.064453,0.000000,30.081741,7.000000
0.044922,-0.046875,0.103516,0.000000,28.992731,7.000000
1.177734,-0.449219,0.351562,0.000000,21.367207,7.000000
1.232422,-0.464844,0.298828,0.000000,19.684830,7.000000
0.011719,-0.039062,-0.007812,0.000000,30.659531,8.000000
0.027344,-0.076172,-0.009766,0.000000,31.855421,8.000000
0.029297,-0.119141,-0.003906,0.000000,30.068937,8.000000
0.056641,-0.154297,0.007812,0.000000,25.352942,8.000000
0.255859,0.039062,-1.242188,0.000000,23.502480,8.000000
0.246094,0.041016,-1.285156,0.000000,24.361626,8.000000
0.445312,0.042969,1.273438,0.000000,22.479733,8.000000
2.621094,-0.175781,1.029297,0.000000,29.294189,8.000000
2.667969,-0.179688,1.021484,0.000000,32.545483,8.000000
2.765625,-0.089844,0.882812,0.000000,31.835545,8.000000
4.312500,-0.142578,1.412109,0.000000,27.774269,8.000000
4.396484,-0.142578,1.279297,0.000000,31.398790,8.000000
4.472656,-0.000000,1.167969,0.000000,31.095785,8.000000
0.037109,-0.035156,0.064453,0.000000,30.081741,8.000000
0.046875,-0.046875,0.103516,0.000000,28.992731,8.000000
1.230469,-0.464844,0.304688,0.000000,19.637878,8.000000
0.011719,-0.039062,-0.007812,0.000000,30.655798,9.000000
0.027344,-0.076172,-0.009766,0.000000,31.855421,9.000000
0.029297,-0.119141,-0.005859,0.000000,30.068937,9.000000
0.056641,-0.154297,0.007812,0.000000,25.327543,9.000000
0.251953,0.039062,-1.242188,0.000000,23.483049,9.000000
0.197266,0.041016,-1.292969,0.000000,24.361626,9.000000
0.484375,0.042969,1.259766,0.000000,22.455126,9.000000
2.626953,-0.175781,1.017578,0.000000,29.370161,9.000000
2.664062,-0.179688,1.035156,0.000000,32.559956,9.000000
2.755859,-0.089844,0.910156,0.000000,31.815578,9.000000
4.302734,-0.142578,1.441406,0.000000,27.767012,9.000000
4.394531,-0.142578,1.289062,0.000000,31.335388,9.000000
4.472656,-0.000000,1.169922,0.000000,31.061909,9.000000
0.037109,-0.035156,0.064453,0.000000,30.081741,9.000000
0.046875,-0.046875,0.103516,0.000000,28.992731,9.000000
0.005859,-0.056641,0.154297,0.000000,25.237465,9.000000
1.238281,-0.464844,0.271484,0.000000,19.684830,9.000000
0.011719,-0.039062,-0.007812,0.000000,30.659531,10.000000
0.027344,-0.076172,-0.009766,0.000000,31.858253,10.000000
0.029297,-0.119141,-0.003906,0.000000,30.073210,10.000000
0.056641,-0.154297,0.007812,0.000000,25.352942,10.000000
0.261719,0.039062,-1.240234,0.000000,23.502480,10.000000
0.207031,0.041016,-1.292969,0.000000,24.393328,10.000000
0.468750,0.042969,1.265625,0.000000,22.479733,10.000000
2.617188,-0.175781,1.041016,0.000000,29.324738,10.000000
2.662109,-0.179688,1.041016,0.000000,32.552727,10.000000
2.759766,-0.089844,0.902344,0.000000,31.801258,10.000000
4.392578,-0.142578,1.291016,0.000000,31.287222,10.000000
4.470703,-0.000000,1.175781,0.000000,31.085649,10.000000
0.037109,-0.035156,0.064453,0.000000,30.086002,10.000000
0.046875,-0.046875,0.103516,0.000000,28.992731,10.000000
1.238281,-0.464844,0.273438,0.000000,19.637878,10.000000
0.011719,-0.039062,-0.007812,0.000000,30.663260,11.000000
0.027344,-0.076172,-0.009766,0.000000,31.858253,11.000000
0.029297,-0.119141,-0.005859,0.000000,30.068937,11.000000
0.056641,-0.154297,0.007812,0.000000,25.340261,11.000000
0.294922,0.039062,-1.232422,0.000000,23.443922,11.000000
0.255859,0.041016,-1.283203,0.000000,24.329693,11.000000
0.455078,0.042969,1.269531,0.000000,22.430380,11.000000
2.630859,-0.175781,1.005859,0.000000,29.365137,11.000000
2.669922,-0.179688,1.021484,0.000000,32.583977,11.000000
2.763672,-0.089844,0.886719,0.000000,31.821293,11.000000
4.396484,-0.142578,1.283203,0.000000,31.280760,11.000000
4.478516,-0.000000,1.140625,0.000000,31.075491,11.000000
4.902344,-0.935547,0.070312,0.000000,28.796692,11.000000
0.037109,-0.035156,0.064453,0.000000,30.090258,11.000000
0.046875,-0.046875,0.103516,0.000000,28.992731,11.000000
1.175781,-0.449219,0.355469,0.000000,21.367207,11.000000
1.230469,-0.464844,0.302734,0.000000,19.590414,11.000000
0.011719,-0.039062,-0.007812,0.000000,30.663260,12.000000
0.027344,-0.076172,-0.009766,0.000000,31.858253,12.000000
0.029297,-0.119141,-0.003906,0.000000,30.073210,12.000000
0.056641,-0.154297,0.007812,0.000000,25.352942,12.000000
0.269531,0.039062,-1.238281,0.000000,23.463530,12.000000
0.205078,0.041016,-1.292969,0.000000,24.313637,12.000000
0.468750,0.042969,1.265625,0.000000,22.380461,12.000000
2.439453,0.076172,-0.263672,0.000000,26.637009,12.000000
2.669922,-0.179688,1.017578,0.000000,32.564774,12.000000
2.759766,-0.089844,0.898438,0.000000,31.838390,12.000000
4.394531,-0.142578,1.291016,0.000000,31.271048,12.000000
4.474609,-0.000000,1.160156,0.000000,31.065308,12.000000
4.900391,-0.935547,0.156250,0.000000,28.779470,12.000000
2.371094,-0.000000,-0.050781,-0.614669,27.767012,12.000000
2.408203,0.076172,-0.125000,-0.614669,28.549129,12.000000
0.037109,-0.035156,0.064453,0.000000,30.086002,12.000000
0.044922,-0.046875,0.103516,0.000000,28.992731,12.000000
1.179688,-0.449219,0.343750,0.000000,21.367207,12.000000
1.236328,-0.464844,0.281250,0.000000,19.637878,12.000000
0.011719,-0.039062,-0.007812,0.000000,30.663260,13.000000
0.027344,-0.076172,-0.009766,0.000000,31.858253,13.000000
0.029297,-0.119141,-0.005859,0.000000,30.068937,13.000000
0.056641,-0.154297,0.007812,0.000000,25.340261,13.000000
0.263672,0.039062,-1.240234,0.000000,23.463530,13.000000
0.208984,0.041016,-1.291016,0.000000,24.313637,13.000000
0.474609,0.042969,1.263672,0.000000,22.405493,13.000000
2.636719,-0.175781,0.990234,0.000000,29.410143,13.000000
2.673828,-0.179688,1.007812,0.000000,32.595940,13.000000
2.767578,-0.089844,0.875000,0.000000,31.815578,13.000000
4.308594,-0.142578,1.427734,0.000000,27.686380,13.000000
4.394531,-0.142578,1.289062,0.000000,31.287222,13.000000
4.470703,-0.000000,1.171875,0.000000,30.989897,13.000000
4.919922,-0.779297,0.302734,0.000000,29.222063,13.000000
2.164062,0.134766,0.023438,-0.614669,25.965971,13.000000
0.037109,-0.035156,0.064453,0.000000,30.081741,13.000000
0.044922,-0.046875,0.103516,0.000000,28.998205,13.000000
1.175781,-0.449219,0.357422,0.000000,21.335388,13.000000
1.232422,-0.464844,0.300781,0.000000,19.637878,13.000000
0.011719,-0.039062,-0.007812,0.000000,30.659531,14.000000
0.027344,-0.076172,-0.009766,0.000000,31.858253,14.000000
0.029297,-0.119141,-0.003906,0.000000,30.073210,14.000000
0.056641,-0.154297,0.007812,0.000000,25.340261,14.000000
0.283203,0.039062,-1.236328,0.000000,23.483049,14.000000
0.226562,0.041016,-1.289062,0.000000,24.329693,14.000000
0.458984,0.042969,1.269531,0.000000,22.430380,14.000000
2.625000,-0.175781,1.021484,0.000000,29.268568,14.000000
2.667969,-0.179688,1.025391,0.000000,32.516380,14.000000
2.761719,-0.089844,0.896484,0.000000,31.760912,14.000000
4.312500,-0.142578,1.412109,0.000000,27.803173,14.000000
4.398438,-0.142578,1.277344,0.000000,31.379868,14.000000
4.476562,-0.000000,1.154297,0.000000,31.176027,14.000000
4.824219,-0.464844,1.001953,0.000000,29.637878,14.000000
4.914062,-0.779297,0.380859,0.000000,29.380192,14.000000
2.312500,-0.000000,-0.533203,-0.614669,27.218105,14.000000
2.371094,-0.000000,-0.451172,-0.614669,27.817554,14.000000
0.037109,-0.035156,0.064453,0.000000,30.086002,14.000000
0.046875,-0.046875,0.103516,0.000000,28.998205,14.000000
1.236328,-0.464844,0.277344,0.000000,19.590414,14.000000
0.011719,-0.039062,-0.007812,0.000000,30.663260,15.000000
0.027344,-0.076172,-0.009766,0.000000,31.858253,15.000000
0.029297,-0.119141,-0.003906,0.000000,30.073210,15.000000
0.056641,-0.154297,0.007812,0.000000,25.340261,15.000000
0.226562,0.039062,-1.248047,0.000000,23.463530,15.000000
0.179688,0.041016,-1.294922,0.000000,24.329693,15.000000
0.501953,0.042969,1.251953,0.000000,22.405493,15.000000
