0.017578,-0.080078,-0.007812,0.000000,31.972805,0.000000
0.041016,-0.115234,-0.007812,0.000000,30.232525,0.000000
0.056641,-0.154297,0.005859,0.000000,25.490032,0.000000
0.267578,-0.080078,1.236328,0.000000,22.041201,0.000000
1.132812,-0.164062,0.634766,0.000000,24.899586,0.000000
1.386719,-0.357422,-0.025391,0.000000,30.899052,0.000000
1.410156,-0.414062,-0.093750,0.000000,31.872387,0.000000
1.457031,-0.378906,-0.148438,0.000000,30.310043,0.000000
1.496094,-0.291016,-0.308594,0.000000,26.232492,0.000000
2.550781,-0.263672,1.177734,0.000000,29.518230,0.000000
2.607422,-0.267578,1.150391,0.000000,32.814880,0.000000
2.667969,-0.181641,1.134766,0.000000,31.978317,0.000000
4.421875,-0.287109,1.164062,0.000000,30.986437,0.000000
4.486328,-0.289062,1.072266,0.000000,30.718821,0.000000
4.740234,-0.449219,-0.478516,0.000000,32.317245,0.000000
4.777344,-0.453125,-0.513672,0.000000,33.008129,0.000000
4.851562,-0.308594,0.929688,0.000000,30.191162,0.000000
1.326172,-0.210938,0.132812,-0.614669,28.567289,0.000000
1.365234,-0.261719,0.060547,-0.614669,29.912260,0.000000
0.041016,-0.033203,0.062500,0.000000,30.132587,0.000000
0.052734,-0.042969,0.101562,0.000000,28.998205,0.000000
0.392578,0.679688,1.341797,0.000000,25.105450,0.000000
2.863281,-2.003906,-2.962891,0.000000,28.088860,0.000000
2.847656,-2.021484,-3.027344,0.000000,27.752462,0.000000
0.011719,-0.039062,-0.007812,0.000000,30.737183,1.000000
0.017578,-0.080078,-0.007812,0.000000,31.970047,1.000000
0.041016,-0.115234,-0.007812,0.000000,30.224283,1.000000
0.056641,-0.154297,0.005859,0.000000,25.477747,1.000000
0.462891,-0.039062,-1.179688,0.000000,22.041201,1.000000
0.644531,-0.041016,1.138672,0.000000,23.053514,1.000000
1.302734,-0.253906,0.251953,0.000000,25.809250,1.000000
1.363281,-0.216797,0.175781,0.000000,27.134905,1.000000
1.406250,-0.267578,0.000000,0.000000,27.134905,1.000000
1.429688,-0.322266,-0.142578,0.000000,27.520485,1.000000
1.457031,-0.283203,-0.300781,0.000000,26.522463,1.000000
2.550781,-0.263672,1.179688,0.000000,29.503649,1.000000
2.603516,-0.267578,1.160156,0.000000,32.808060,1.000000
2.662109,-0.181641,1.144531,0.000000,31.986570,1.000000
4.417969,-0.287109,1.177734,0.000000,31.024338,1.000000
4.482422,-0.289062,1.091797,0.000000,30.748165,1.000000
4.726562,-0.449219,-0.603516,0.000000,30.895519,1.000000
4.761719,-0.453125,-0.644531,0.000000,31.461281,1.000000
4.861328,-0.308594,0.875000,0.000000,30.406023,1.000000
0.041016,-0.033203,0.062500,0.000000,30.128372,1.000000
0.052734,-0.042969,0.101562,0.000000,28.998205,1.000000
1.167969,-0.474609,0.132812,0.000000,21.986570,1.000000
1.240234,-0.408203,0.083984,0.000000,22.810333,1.000000
0.947266,1.134766,-0.322266,0.000000,23.654881,1.000000
2.939453,-2.003906,-2.886719,0.000000,28.169039,1.000000
2.945312,-2.021484,-2.933594,0.000000,27.860413,1.000000
0.011719,-0.039062,-0.007812,0.000000,30.740847,2.000000
0.017578,-0.080078,-0.007812,0.000000,31.970047,2.000000
0.041016,-0.115234,-0.007812,0.000000,30.228407,2.000000
0.056641,-0.154297,0.005859,0.000000,25.477747,2.000000
1.103516,-0.460938,0.277344,0.000000,19.444826,2.000000
1.173828,-0.474609,0.054688,0.000000,23.802113,2.000000
1.267578,-0.328125,0.017578,0.000000,25.740313,2.000000
1.316406,-0.294922,0.052734,0.000000,28.020893,2.000000
1.365234,-0.261719,0.035156,0.000000,27.958799,2.000000
1.394531,-0.267578,-0.173828,0.000000,28.488047,2.000000
1.431641,-0.275391,-0.207031,0.000000,30.115704,2.000000
1.470703,-0.332031,-0.123047,0.000000,28.234743,2.000000
2.550781,-0.263672,1.179688,0.000000,29.532763,2.000000
2.605469,-0.267578,1.154297,0.000000,32.810333,2.000000
2.664062,-0.181641,1.140625,0.000000,31.994808,2.000000
4.416016,-0.287109,1.183594,0.000000,30.982975,2.000000
4.472656,-0.289062,1.126953,0.000000,30.685570,2.000000
4.744141,-0.449219,-0.439453,0.000000,31.122698,2.000000
4.783203,-0.453125,-0.455078,0.000000,31.849752,2.000000
4.859375,-0.308594,0.886719,0.000000,30.468851,2.000000
0.041016,-0.033203,0.062500,0.000000,30.132587,2.000000
0.044922,-0.046875,0.103516,0.000000,29.003672,2.000000
1.011719,0.306641,0.623047,0.000000,17.323938,2.000000
0.582031,-0.000000,-1.126953,0.000000,22.041201,2.000000
2.951172,-2.003906,-2.875000,0.000000,28.088860,2.000000
2.992188,-2.021484,-2.884766,0.000000,27.752462,2.000000
0.011719,-0.039062,-0.007812,0.000000,30.744507,3.000000
0.017578,-0.080078,-0.007812,0.000000,31.970047,3.000000
0.041016,-0.115234,-0.007812,0.000000,30.232525,3.000000
0.056641,-0.154297,0.005859,0.000000,25.502283,3.000000
1.041016,-0.396484,0.607422,0.000000,20.863598,3.000000
1.261719,-0.287109,0.197266,0.000000,24.593925,3.000000
1.318359,-0.253906,0.134766,0.000000,26.803354,3.000000
1.345703,-0.304688,0.171875,0.000000,26.424644,3.000000
1.386719,-0.357422,0.031250,0.000000,27.596678,3.000000
1.421875,-0.367188,-0.105469,0.000000,28.686445,3.000000
1.437500,-0.378906,-0.283203,0.000000,27.419392,3.000000
2.548828,-0.263672,1.183594,0.000000,29.474337,3.000000
2.607422,-0.267578,1.152344,0.000000,32.780674,3.000000
2.669922,-0.181641,1.130859,0.000000,31.953461,3.000000
4.416016,-0.287109,1.183594,0.000000,31.010593,3.000000
4.472656,-0.289062,1.128906,0.000000,30.670708,3.000000
4.742188,-0.449219,-0.460938,0.000000,30.488300,3.000000
4.781250,-0.453125,-0.492188,0.000000,31.225435,3.000000
4.861328,-0.308594,0.873047,0.000000,30.496056,3.000000
1.166016,-0.474609,-0.144531,1.229337,23.283796,3.000000
1.201172,-0.490234,-0.169922,1.229337,25.465427,3.000000
1.253906,-0.464844,-0.185547,1.229337,23.961994,3.000000
0.041016,-0.033203,0.062500,0.000000,30.141003,3.000000
0.052734,-0.042969,0.101562,0.000000,29.009130,3.000000
0.812500,0.039062,-0.972656,0.000000,19.242792,3.000000
2.945312,-2.003906,-2.880859,0.000000,28.068581,3.000000
2.974609,-2.021484,-2.902344,0.000000,27.730547,3.000000
0.011719,-0.039062,-0.007812,0.000000,30.744507,4.000000
0.017578,-0.080078,-0.007812,0.000000,31.970047,4.000000
0.029297,-0.119141,-0.005859,0.000000,30.228407,4.000000
0.056641,-0.154297,0.005859,0.000000,25.477747,4.000000
0.931641,-0.000000,-0.861328,0.000000,19.684830,4.000000
1.285156,-0.246094,-0.027344,0.000000,25.037907,4.000000
1.326172,-0.253906,0.031250,0.000000,26.646420,4.000000
1.357422,-0.304688,0.033203,0.000000,25.987906,4.000000
1.375000,-0.357422,-0.171875,0.000000,28.585373,4.000000
1.423828,-0.322266,-0.189453,0.000000,29.726656,4.000000
1.449219,-0.332031,-0.285156,0.000000,28.061800,4.000000
2.541016,-0.263672,1.201172,0.000000,29.523081,4.000000
2.601562,-0.267578,1.167969,0.000000,32.817150,4.000000
2.662109,-0.181641,1.146484,0.000000,31.994808,4.000000
4.419922,-0.287109,1.167969,0.000000,31.003706,4.000000
4.462891,-0.289062,1.167969,0.000000,30.629578,4.000000
4.730469,-0.449219,-0.576172,0.000000,30.064661,4.000000
4.757812,-0.453125,-0.671875,0.000000,30.740847,4.000000
4.863281,-0.308594,0.865234,0.000000,30.492180,4.000000
0.041016,-0.033203,0.062500,0.000000,30.128372,4.000000
0.052734,-0.042969,0.101562,0.000000,28.992731,4.000000
1.167969,0.396484,0.296875,0.000000,18.633228,4.000000
2.968750,-2.003906,-2.855469,0.000000,28.048206,4.000000
3.082031,-2.021484,-2.789062,0.000000,27.752462,4.000000
0.011719,-0.039062,-0.007812,0.000000,30.744507,5.000000
0.017578,-0.080078,-0.007812,0.000000,31.972805,5.000000
0.041016,-0.115234,-0.007812,0.000000,30.228407,5.000000
0.056641,-0.154297,0.005859,0.000000,25.490032,5.000000
0.691406,-0.119141,1.056641,0.000000,22.013971,5.000000
0.876953,-0.082031,0.968750,0.000000,22.479733,5.000000
1.214844,-0.253906,0.533203,0.000000,20.211893,5.000000
1.300781,-0.261719,-0.416016,0.000000,26.541765,5.000000
1.365234,-0.312500,-0.292969,0.000000,31.655411,5.000000
1.419922,-0.275391,-0.275391,0.000000,32.151085,5.000000
1.468750,-0.283203,-0.232422,0.000000,28.475727,5.000000
2.546875,-0.263672,1.185547,0.000000,29.498777,5.000000
2.603516,-0.267578,1.160156,0.000000,32.810333,5.000000
2.664062,-0.181641,1.142578,0.000000,32.003033,5.000000
4.416016,-0.287109,1.183594,0.000000,30.989897,5.000000
4.468750,-0.289062,1.148438,0.000000,30.633333,5.000000
4.740234,-0.449219,-0.484375,0.000000,31.325798,5.000000
4.775391,-0.453125,-0.541016,0.000000,31.975563,5.000000
4.863281,-0.308594,0.863281,0.000000,30.273497,5.000000
0.041016,-0.033203,0.062500,0.000000,30.132587,5.000000
0.052734,-0.042969,0.101562,0.000000,28.998205,5.000000
1.109375,0.449219,0.529297,0.000000,19.912260,5.000000
0.410156,0.042969,1.285156,0.000000,19.190781,5.000000
2.927734,-2.003906,-2.900391,0.000000,28.088860,5.000000
2.982422,-2.021484,-2.896484,0.000000,27.767012,5.000000
0.011719,-0.039062,-0.007812,0.000000,30.744507,6.000000
0.017578,-0.080078,-0.007812,0.000000,31.970047,6.000000
0.041016,-0.115234,-0.007812,0.000000,30.228407,6.000000
0.056641,-0.154297,0.005859,0.000000,25.490032,6.000000
0.726562,-0.119141,-1.033203,0.000000,22.430380,6.000000
1.056641,-0.123047,-0.763672,0.000000,24.313637,6.000000
1.181641,-0.042969,-0.730469,0.000000,22.013971,6.000000
2.542969,-0.263672,1.197266,0.000000,29.508514,6.000000
2.601562,-0.267578,1.164062,0.000000,32.796669,6.000000
2.664062,-0.181641,1.144531,0.000000,31.956230,6.000000
4.421875,-0.287109,1.162109,0.000000,30.955181,6.000000
4.486328,-0.289062,1.072266,0.000000,30.707766,6.000000
4.742188,-0.449219,-0.470703,0.000000,32.153732,6.000000
4.777344,-0.453125,-0.511719,0.000000,32.814880,6.000000
4.871094,-0.308594,0.824219,0.000000,30.342272,6.000000
1.326172,-0.253906,0.019531,0.614669,24.265112,6.000000
1.291016,-0.537109,-0.306641,1.229337,21.172712,6.000000
1.386719,-0.224609,-0.275391,-0.614669,26.324574,6.000000
1.433594,-0.230469,-0.246094,-0.614669,27.937904,6.000000
1.484375,-0.236328,-0.171875,-0.614669,25.118834,6.000000
0.041016,-0.033203,0.062500,0.000000,30.136797,6.000000
0.052734,-0.042969,0.101562,0.000000,29.003672,6.000000
2.865234,-2.003906,-2.958984,0.000000,28.129133,6.000000
2.837891,-2.021484,-3.037109,0.000000,27.831886,6.000000
0.011719,-0.039062,-0.007812,0.000000,30.751818,7.000000
0.017578,-0.080078,-0.007812,0.000000,31.970047,7.000000
0.041016,-0.115234,-0.007812,0.000000,30.224283,7.000000
0.056641,-0.154297,0.005859,0.000000,25.465427,7.000000
0.357422,-0.080078,1.214844,0.000000,22.148439,7.000000
1.109375,-0.164062,0.673828,0.000000,24.471581,7.000000
1.322266,-0.253906,0.085938,0.000000,27.937904,7.000000
1.359375,-0.261719,-0.142578,0.000000,32.284004,7.000000
1.398438,-0.224609,-0.207031,0.000000,34.292675,7.000000
1.425781,-0.275391,-0.246094,0.000000,33.079239,7.000000
1.455078,-0.236328,-0.339844,0.000000,28.095596,7.000000
2.546875,-0.263672,1.187500,0.000000,29.508514,7.000000
2.603516,-0.267578,1.160156,0.000000,32.785248,7.000000
2.662109,-0.181641,1.146484,0.000000,31.947918,7.000000
4.414062,-0.287109,1.195312,0.000000,30.824263,7.000000
4.492188,-0.289062,1.046875,0.000000,30.663260,7.000000
4.736328,-0.449219,-0.515625,0.000000,33.275631,7.000000
4.775391,-0.453125,-0.533203,0.000000,34.008831,7.000000
4.806641,-0.457031,-0.625000,0.000000,30.614525,7.000000
4.869141,-0.308594,0.837891,0.000000,30.362295,7.000000
0.041016,-0.033203,0.062500,0.000000,30.132587,7.000000
0.052734,-0.042969,0.101562,0.000000,29.003672,7.000000
2.994141,-2.003906,-2.830078,0.000000,28.014036,7.000000
2.904297,-2.021484,-2.974609,0.000000,27.781513,7.000000
0.011719,-0.039062,-0.007812,0.000000,30.748165,8.000000
0.017578,-0.080078,-0.007812,0.000000,31.967287,8.000000
0.041016,-0.115234,-0.007812,0.000000,30.224283,8.000000
0.056641,-0.154297,0.005859,0.000000,25.477747,8.000000
0.410156,-0.080078,-1.197266,0.000000,21.903316,8.000000
0.205078,-0.041016,-1.292969,0.000000,23.384565,8.000000
0.919922,-0.042969,0.988281,0.000000,22.764618,8.000000
1.359375,-0.173828,0.238281,0.000000,25.132175,8.000000
1.406250,-0.179688,0.203125,0.000000,26.972294,8.000000
1.455078,-0.183594,0.142578,0.000000,25.987906,8.000000
1.476562,-0.236328,-0.234375,0.000000,24.814426,8.000000
2.544922,-0.263672,1.191406,0.000000,29.537598,8.000000
2.603516,-0.267578,1.162109,0.000000,32.801228,8.000000
2.664062,-0.181641,1.144531,0.000000,31.992065,8.000000
4.408203,-0.287109,1.214844,0.000000,30.744507,8.000000
4.464844,-0.289062,1.160156,0.000000,30.441477,8.000000
4.687500,-0.445312,-0.585938,0.000000,29.585638,8.000000
4.736328,-0.449219,-0.515625,0.000000,33.809345,8.000000
4.779297,-0.453125,-0.496094,0.000000,34.543873,8.000000
4.824219,-0.457031,-0.455078,0.000000,31.646502,8.000000
4.851562,-0.464844,0.869141,0.000000,30.906107,8.000000
0.041016,-0.033203,0.062500,0.000000,30.128372,8.000000
0.044922,-0.046875,0.103516,0.000000,29.003672,8.000000
1.203125,0.357422,0.183594,0.000000,19.084850,8.000000
1.189453,-0.505859,-0.388672,0.000000,20.043213,8.000000
0.996094,-0.689453,-0.835938,0.000000,23.031961,8.000000
3.005859,-2.003906,-2.818359,0.000000,28.007172,8.000000
3.082031,-2.021484,-2.789062,0.000000,27.715876,8.000000
0.011719,-0.039062,-0.007812,0.000000,30.751818,9.000000
0.017578,-0.080078,-0.007812,0.000000,31.970047,9.000000
0.041016,-0.115234,-0.007812,0.000000,30.228407,9.000000
0.056641,-0.154297,0.005859,0.000000,25.490032,9.000000
0.320312,-0.080078,-1.224609,0.000000,21.875208,9.000000
0.257812,-0.041016,-1.283203,0.000000,22.922562,9.000000
1.451172,-0.230469,0.091797,0.000000,25.976952,9.000000
1.501953,-0.189453,-0.001953,0.000000,23.053514,9.000000
2.554688,-0.263672,1.169922,0.000000,29.518230,9.000000
2.603516,-0.267578,1.162109,0.000000,32.782963,9.000000
2.656250,-0.181641,1.160156,0.000000,31.936810,9.000000
4.408203,-0.287109,1.214844,0.000000,30.759117,9.000000
4.425781,-0.289062,1.302734,0.000000,30.269417,9.000000
4.691406,-0.445312,-0.548828,0.000000,29.498777,9.000000
4.740234,-0.449219,-0.488281,0.000000,33.760292,9.000000
4.763672,-0.603516,-0.494141,0.000000,34.442009,9.000000
4.822266,-0.457031,-0.480469,0.000000,31.442627,9.000000
4.871094,-0.308594,0.820312,0.000000,30.986437,9.000000
1.300781,-0.337891,0.128906,0.614669,26.364880,9.000000
1.337891,-0.347656,0.144531,0.614669,27.774269,9.000000
1.359375,-0.447266,-0.029297,0.614669,24.377506,9.000000
0.041016,-0.033203,0.062500,0.000000,30.128372,9.000000
0.044922,-0.046875,0.103516,0.000000,28.998205,9.000000
1.207031,0.357422,0.150391,0.000000,18.976271,9.000000
1.226562,-0.449219,0.074219,0.000000,21.139433,9.000000
3.009766,-2.003906,-2.814453,0.000000,27.923918,9.000000
3.228516,-2.021484,-2.619141,0.000000,27.581547,9.000000
4.794922,-0.300781,-0.472656,0.000000,34.416950,9.000000
