1.482422,0.734375,-0.275391,0.000000,27.803173,0.000000
1.556641,0.697266,-0.201172,0.000000,27.551123,0.000000
2.611328,-0.175781,1.058594,0.000000,28.998205,0.000000
2.689453,-0.089844,0.976562,0.000000,32.185356,0.000000
2.755859,-0.089844,0.914062,0.000000,31.132748,0.000000
4.414062,-0.142578,1.220703,0.000000,31.376705,0.000000
4.447266,-0.144531,1.255859,0.000000,31.195858,0.000000
4.722656,-0.298828,-0.716797,0.000000,33.358589,0.000000
4.773438,-0.300781,-0.656250,0.000000,33.988079,0.000000
4.806641,-0.152344,-0.751953,0.000000,30.666985,0.000000
4.894531,-0.308594,0.664062,0.000000,31.126051,0.000000
4.951172,-0.623047,0.085938,0.000000,29.849771,0.000000
0.009766,0.031250,0.025391,0.000000,29.314579,0.000000
0.041016,-0.033203,0.062500,0.000000,30.081741,0.000000
0.044922,-0.046875,0.103516,0.000000,28.965261,0.000000
0.011719,-0.039062,-0.007812,0.000000,30.648323,1.000000
0.017578,-0.080078,-0.007812,0.000000,31.900515,1.000000
0.029297,-0.119141,-0.005859,0.000000,30.149403,1.000000
0.056641,-0.154297,0.005859,0.000000,25.440680,1.000000
0.126953,-0.080078,1.259766,0.000000,23.096302,1.000000
0.035156,-0.082031,-1.306641,0.000000,24.593925,1.000000
0.429688,-0.083984,-1.277344,0.000000,22.988531,1.000000
0.466797,-0.087891,-1.306641,0.000000,21.522884,1.000000
1.478516,0.681641,-0.400391,0.000000,27.007038,1.000000
1.533203,0.697266,-0.333984,0.000000,26.972294,1.000000
2.611328,-0.175781,1.058594,0.000000,28.965261,1.000000
2.691406,-0.089844,0.972656,0.000000,32.161659,1.000000
2.753906,-0.089844,0.916016,0.000000,31.126051,1.000000
4.416016,-0.142578,1.210938,0.000000,31.408222,1.000000
4.451172,-0.144531,1.238281,0.000000,31.202448,1.000000
4.726562,-0.298828,-0.695312,0.000000,33.428173,1.000000
4.773438,-0.300781,-0.652344,0.000000,34.003654,1.000000
4.804688,-0.152344,-0.771484,0.000000,30.655798,1.000000
4.890625,-0.308594,0.695312,0.000000,31.051695,1.000000
4.951172,-0.623047,0.097656,0.000000,29.795485,1.000000
1.318359,0.537109,-0.162109,0.614669,22.833012,1.000000
0.009766,0.031250,0.025391,0.000000,29.319662,1.000000
0.041016,-0.033203,0.062500,0.000000,30.094509,1.000000
0.044922,-0.046875,0.103516,0.000000,28.970770,1.000000
0.011719,-0.039062,-0.007812,0.000000,30.652061,2.000000
0.017578,-0.080078,-0.007812,0.000000,31.903316,2.000000
0.029297,-0.119141,-0.005859,0.000000,30.149403,2.000000
0.056641,-0.154297,0.005859,0.000000,25.440680,2.000000
0.107422,-0.080078,1.261719,0.000000,23.074961,2.000000
0.029297,-0.082031,-1.306641,0.000000,24.593925,2.000000
0.431641,-0.083984,-1.275391,0.000000,23.031961,2.000000
0.501953,-0.087891,-1.294922,0.000000,21.522884,2.000000
1.572266,0.644531,-0.259766,0.000000,26.232492,2.000000
1.582031,0.769531,-0.039062,0.000000,26.954817,2.000000
1.609375,0.787109,0.173828,0.000000,26.570559,2.000000
2.611328,-0.175781,1.056641,0.000000,28.976271,2.000000
2.689453,-0.089844,0.980469,0.000000,32.145790,2.000000
2.753906,-0.089844,0.919922,0.000000,31.105898,2.000000
4.414062,-0.142578,1.218750,0.000000,31.395643,2.000000
4.449219,-0.144531,1.244141,0.000000,31.176027,2.000000
4.736328,-0.298828,-0.625000,0.000000,33.380577,2.000000
4.773438,-0.300781,-0.644531,0.000000,34.001926,2.000000
4.800781,-0.152344,-0.796875,0.000000,30.652061,2.000000
4.900391,-0.308594,0.623047,0.000000,31.000257,2.000000
4.951172,-0.623047,0.042969,0.000000,29.768084,2.000000
1.298828,0.582031,-0.164062,0.614669,23.283796,2.000000
1.341797,0.597656,-0.101562,0.614669,24.533184,2.000000
0.009766,0.031250,0.025391,0.000000,29.309490,2.000000
0.041016,-0.033203,0.062500,0.000000,30.081741,2.000000
0.044922,-0.046875,0.103516,0.000000,28.965261,2.000000
1.527344,0.751953,-0.228516,0.000000,26.222139,2.000000
0.011719,-0.039062,-0.007812,0.000000,30.655798,3.000000
0.017578,-0.080078,-0.007812,0.000000,31.906118,3.000000
0.029297,-0.119141,-0.005859,0.000000,30.153597,3.000000
0.056641,-0.154297,0.005859,0.000000,25.453072,3.000000
0.105469,-0.080078,1.261719,0.000000,23.074961,3.000000
0.423828,-0.083984,-1.279297,0.000000,23.010300,3.000000
0.523438,-0.042969,-1.287109,0.000000,21.789770,3.000000
1.312500,0.537109,-0.201172,0.000000,26.020599,3.000000
1.345703,0.552734,-0.226562,0.000000,27.693773,3.000000
2.615234,-0.175781,1.048828,0.000000,29.003672,3.000000
2.689453,-0.089844,0.980469,0.000000,32.174839,3.000000
2.750000,-0.089844,0.931641,0.000000,31.136091,3.000000
4.416016,-0.142578,1.212891,0.000000,31.392492,3.000000
4.445312,-0.144531,1.259766,0.000000,31.189257,3.000000
4.742188,-0.298828,-0.572266,0.000000,33.312248,3.000000
4.779297,-0.300781,-0.601562,0.000000,33.967224,3.000000
4.814453,-0.152344,-0.699219,0.000000,30.678144,3.000000
4.898438,-0.308594,0.634766,0.000000,31.176027,3.000000
4.966797,-0.468750,0.097656,0.000000,29.890047,3.000000
1.398438,0.568359,-0.101562,0.614669,25.415792,3.000000
0.009766,0.031250,0.025391,0.000000,29.314579,3.000000
0.041016,-0.033203,0.062500,0.000000,30.081741,3.000000
0.044922,-0.046875,0.103516,0.000000,28.965261,3.000000
1.306641,0.478516,-0.011719,0.000000,21.003706,3.000000
0.302734,-0.000000,1.482422,0.614669,22.900347,3.000000
0.011719,-0.039062,-0.007812,0.000000,30.652061,4.000000
0.017578,-0.080078,-0.007812,0.000000,31.900515,4.000000
0.029297,-0.119141,-0.005859,0.000000,30.149403,4.000000
0.056641,-0.154297,0.005859,0.000000,25.453072,4.000000
0.099609,-0.080078,1.261719,0.000000,23.117538,4.000000
0.070312,-0.082031,-1.304688,0.000000,24.593925,4.000000
0.431641,-0.083984,-1.275391,0.000000,23.010300,4.000000
0.589844,-0.042969,-1.259766,0.000000,21.398790,4.000000
1.357422,0.552734,-0.150391,0.000000,24.771212,4.000000
2.611328,-0.175781,1.056641,0.000000,28.998205,4.000000
2.691406,-0.089844,0.976562,0.000000,32.156376,4.000000
2.751953,-0.089844,0.921875,0.000000,31.122698,4.000000
4.417969,-0.142578,1.203125,0.000000,31.395643,4.000000
4.449219,-0.144531,1.248047,0.000000,31.199154,4.000000
4.746094,-0.298828,-0.537109,0.000000,33.326405,4.000000
4.781250,-0.300781,-0.587891,0.000000,33.986343,4.000000
4.816406,-0.152344,-0.695312,0.000000,30.711452,4.000000
4.886719,-0.308594,0.728516,0.000000,31.159431,4.000000
4.949219,-0.623047,0.142578,0.000000,29.921114,4.000000
0.009766,0.031250,0.025391,0.000000,29.309490,4.000000
0.041016,-0.033203,0.062500,0.000000,30.086002,4.000000
0.046875,-0.046875,0.103516,0.000000,28.970770,4.000000
0.011719,-0.039062,-0.007812,0.000000,30.648323,5.000000
0.017578,-0.080078,-0.007812,0.000000,31.903316,5.000000
0.029297,-0.119141,-0.005859,0.000000,30.149403,5.000000
0.056641,-0.154297,0.005859,0.000000,25.440680,5.000000
0.095703,-0.080078,1.261719,0.000000,23.096302,5.000000
0.031250,-0.082031,-1.306641,0.000000,24.623980,5.000000
0.425781,-0.083984,-1.277344,0.000000,23.074961,5.000000
1.289062,0.521484,0.000000,0.000000,21.492191,5.000000
2.611328,-0.175781,1.058594,0.000000,29.030899,5.000000
2.691406,-0.089844,0.974609,0.000000,32.180099,5.000000
2.753906,-0.089844,0.919922,0.000000,31.142773,5.000000
4.421875,-0.142578,1.187500,0.000000,31.405081,5.000000
4.455078,-0.144531,1.222656,0.000000,31.209028,5.000000
4.740234,-0.298828,-0.582031,0.000000,33.336487,5.000000
4.777344,-0.300781,-0.623047,0.000000,34.029488,5.000000
4.800781,-0.152344,-0.785156,0.000000,30.802656,5.000000
4.910156,-0.308594,0.546875,0.000000,31.109262,5.000000
4.951172,-0.623047,0.052734,0.000000,29.929951,5.000000
1.316406,0.537109,-0.175781,-0.614669,26.473829,5.000000
1.355469,0.552734,-0.167969,-0.614669,28.014036,5.000000
1.419922,0.519531,-0.074219,-0.614669,25.340261,5.000000
0.009766,0.031250,0.025391,0.000000,29.314579,5.000000
0.041016,-0.033203,0.062500,0.000000,30.086002,5.000000
0.044922,-0.046875,0.103516,0.000000,28.965261,5.000000
0.578125,-0.042969,-1.263672,0.000000,21.461281,5.000000
0.544922,-0.000000,1.412109,-0.614669,22.671717,5.000000
0.011719,-0.039062,-0.007812,0.000000,30.648323,6.000000
0.017578,-0.080078,-0.007812,0.000000,31.900515,6.000000
0.029297,-0.119141,-0.005859,0.000000,30.149403,6.000000
0.056641,-0.154297,0.005859,0.000000,25.440680,6.000000
0.134766,-0.080078,1.257812,0.000000,23.138672,6.000000
0.408203,-0.083984,-1.285156,0.000000,22.988531,6.000000
2.615234,-0.175781,1.046875,0.000000,29.009130,6.000000
2.689453,-0.089844,0.980469,0.000000,32.190605,6.000000
2.750000,-0.089844,0.931641,0.000000,31.159431,6.000000
4.416016,-0.142578,1.212891,0.000000,31.383026,6.000000
4.449219,-0.144531,1.246094,0.000000,31.176027,6.000000
4.738281,-0.298828,-0.601562,0.000000,33.291943,6.000000
4.777344,-0.300781,-0.617188,0.000000,33.946266,6.000000
4.808594,-0.152344,-0.736328,0.000000,30.603201,6.000000
4.882812,-0.308594,0.744141,0.000000,31.061909,6.000000
4.949219,-0.623047,0.154297,0.000000,29.735897,6.000000
0.009766,0.031250,0.025391,0.000000,29.309490,6.000000
0.041016,-0.033203,0.062500,0.000000,30.086002,6.000000
0.044922,-0.046875,0.103516,0.000000,28.965261,6.000000
0.011719,-0.039062,-0.007812,0.000000,30.648323,7.000000
0.017578,-0.080078,-0.007812,0.000000,31.900515,7.000000
0.029297,-0.119141,-0.005859,0.000000,30.145205,7.000000
0.056641,-0.154297,0.005859,0.000000,25.453072,7.000000
0.064453,-0.080078,1.263672,0.000000,23.096302,7.000000
0.429688,-0.083984,-1.277344,0.000000,23.010300,7.000000
2.619141,-0.175781,1.039062,0.000000,29.036325,7.000000
2.693359,-0.089844,0.968750,0.000000,32.193226,7.000000
2.757812,-0.089844,0.906250,0.000000,31.139433,7.000000
4.419922,-0.142578,1.197266,0.000000,31.392492,7.000000
4.449219,-0.144531,1.244141,0.000000,31.179338,7.000000
4.738281,-0.298828,-0.599609,0.000000,33.269501,7.000000
4.777344,-0.300781,-0.613281,0.000000,33.965481,7.000000
4.810547,-0.152344,-0.730469,0.000000,30.655798,7.000000
4.896484,-0.308594,0.654297,0.000000,31.041456,7.000000
4.951172,-0.623047,0.076172,0.000000,29.777237,7.000000
0.009766,0.031250,0.025391,0.000000,29.309490,7.000000
0.041016,-0.033203,0.062500,0.000000,30.086002,7.000000
0.044922,-0.046875,0.103516,0.000000,28.965261,7.000000
0.011719,-0.039062,-0.007812,0.000000,30.648323,8.000000
0.017578,-0.080078,-0.007812,0.000000,31.903316,8.000000
0.029297,-0.119141,-0.005859,0.000000,30.149403,8.000000
0.056641,-0.154297,0.005859,0.000000,25.440680,8.000000
0.123047,-0.080078,1.259766,0.000000,23.096302,8.000000
0.011719,-0.082031,-1.306641,0.000000,24.578819,8.000000
0.437500,-0.083984,-1.273438,0.000000,22.900347,8.000000
1.595703,0.787109,0.275391,0.000000,27.092699,8.000000
2.615234,-0.175781,1.046875,0.000000,29.003672,8.000000
2.691406,-0.089844,0.970703,0.000000,32.177471,8.000000
2.757812,-0.089844,0.908203,0.000000,31.132748,8.000000
4.416016,-0.142578,1.208984,0.000000,31.398790,8.000000
4.449219,-0.144531,1.248047,0.000000,31.202448,8.000000
4.750000,-0.298828,-0.511719,0.000000,33.362595,8.000000
4.777344,-0.300781,-0.617188,0.000000,33.988079,8.000000
4.800781,-0.152344,-0.787109,0.000000,30.704073,8.000000
4.894531,-0.308594,0.664062,0.000000,31.085649,8.000000
4.951172,-0.623047,0.087891,0.000000,29.840771,8.000000
1.244141,0.609375,-0.123047,-0.614669,22.624512,8.000000
0.009766,0.031250,0.025391,0.000000,29.314579,8.000000
0.041016,-0.033203,0.062500,0.000000,30.090258,8.000000
0.044922,-0.046875,0.103516,0.000000,28.970770,8.000000
0.011719,-0.039062,-0.007812,0.000000,30.648323,9.000000
0.017578,-0.080078,-0.007812,0.000000,31.900515,9.000000
0.029297,-0.119141,-0.005859,0.000000,30.145205,9.000000
0.056641,-0.154297,0.005859,0.000000,25.440680,9.000000
0.076172,-0.080078,1.263672,0.000000,23.117538,9.000000
0.060547,-0.082031,-1.304688,0.000000,24.593925,9.000000
0.439453,-0.083984,-1.273438,0.000000,22.966652,9.000000
2.615234,-0.175781,1.044922,0.000000,28.987251,9.000000
2.691406,-0.089844,0.972656,0.000000,32.182728,9.000000
2.753906,-0.089844,0.917969,0.000000,31.166077,9.000000
4.417969,-0.142578,1.207031,0.000000,31.392492,9.000000
4.449219,-0.144531,1.246094,0.000000,31.195858,9.000000
4.736328,-0.298828,-0.615234,0.000000,33.445889,9.000000
4.775391,-0.300781,-0.634766,0.000000,34.050045,9.000000
4.806641,-0.152344,-0.751953,0.000000,30.737183,9.000000
4.900391,-0.308594,0.625000,0.000000,30.993353,9.000000
4.951172,-0.623047,0.089844,0.000000,29.689497,9.000000
1.250000,0.609375,-0.041016,-0.614669,21.673174,9.000000
1.460938,0.804688,0.408203,-0.614669,26.444386,9.000000
1.519531,0.824219,0.328125,-0.614669,26.954817,9.000000
0.009766,0.031250,0.025391,0.000000,29.314579,9.000000
0.041016,-0.033203,0.062500,0.000000,30.090258,9.000000
0.044922,-0.046875,0.103516,0.000000,28.970770,9.000000
0.337891,-0.173828,1.337891,-0.614669,18.920946,9.000000
0.011719,-0.039062,-0.007812,0.000000,30.648323,10.000000
0.017578,-0.080078,-0.007812,0.000000,31.900515,10.000000
0.029297,-0.119141,-0.005859,0.000000,30.149403,10.000000
0.056641,-0.154297,0.005859,0.000000,25.440680,10.000000
0.041016,-0.080078,1.265625,0.000000,23.053514,10.000000
2.611328,-0.175781,1.058594,0.000000,29.025467,10.000000
2.689453,-0.089844,0.978516,0.000000,32.182728,10.000000
2.757812,-0.089844,0.906250,0.000000,31.132748,10.000000
4.408203,-0.142578,1.236328,0.000000,31.408222,10.000000
4.443359,-0.144531,1.265625,0.000000,31.192558,10.000000
4.753906,-0.298828,-0.458984,0.000000,33.340515,10.000000
4.781250,-0.300781,-0.587891,0.000000,33.998466,10.000000
4.816406,-0.152344,-0.695312,0.000000,30.644581,10.000000
4.884766,-0.308594,0.732422,0.000000,31.209028,10.000000
4.949219,-0.623047,0.140625,0.000000,29.929951,10.000000
1.132812,0.654297,-0.017578,-0.614669,28.055008,10.000000
1.169922,0.675781,-0.001953,-0.614669,30.207754,10.000000
1.205078,0.695312,0.011719,-0.614669,28.585373,10.000000
1.265625,0.671875,0.007812,-0.614669,22.718416,10.000000
0.009766,0.031250,0.025391,0.000000,29.309490,10.000000
0.041016,-0.033203,0.062500,0.000000,30.086002,10.000000
0.044922,-0.046875,0.103516,0.000000,28.970770,10.000000
0.107422,0.134766,1.421875,-0.614669,21.760912,10.000000
0.011719,-0.039062,-0.007812,0.000000,30.652061,11.000000
0.017578,-0.080078,-0.007812,0.000000,31.903316,11.000000
0.029297,-0.119141,-0.005859,0.000000,30.149403,11.000000
0.056641,-0.154297,0.005859,0.000000,25.428255,11.000000
2.613281,-0.175781,1.050781,0.000000,29.030899,11.000000
2.689453,-0.089844,0.982422,0.000000,32.182728,11.000000
2.750000,-0.089844,0.931641,0.000000,31.146111,11.000000
4.414062,-0.142578,1.216797,0.000000,31.376705,11.000000
4.445312,-0.144531,1.259766,0.000000,31.199154,11.000000
4.732422,-0.298828,-0.646484,0.000000,33.455696,11.000000
