0.046875,-0.046875,0.103516,0.000000,28.992731,0.000000
1.216797,-0.464844,0.357422,0.000000,19.637878,0.000000
0.302734,0.087891,1.355469,0.000000,22.068258,0.000000
0.011719,-0.039062,-0.007812,0.000000,30.648323,1.000000
0.027344,-0.076172,-0.009766,0.000000,31.855421,1.000000
0.029297,-0.119141,-0.005859,0.000000,30.073210,1.000000
0.056641,-0.154297,0.007812,0.000000,25.352942,1.000000
0.246094,0.039062,-1.244141,0.000000,23.483049,1.000000
0.193359,0.041016,-1.292969,0.000000,24.361626,1.000000
0.466797,0.042969,1.265625,0.000000,22.455126,1.000000
1.359375,-0.357422,-0.267578,0.000000,24.548449,1.000000
1.410156,-0.367188,-0.208984,0.000000,26.085260,1.000000
2.619141,-0.175781,1.035156,0.000000,29.180304,1.000000
2.664062,-0.179688,1.035156,0.000000,32.494431,1.000000
2.757812,-0.089844,0.904297,0.000000,31.781132,1.000000
4.388672,-0.142578,1.306641,0.000000,31.541195,1.000000
4.460938,-0.144531,1.205078,0.000000,31.479853,1.000000
4.794922,-0.154297,1.214844,0.000000,30.366289,1.000000
1.427734,-0.472656,-0.175781,0.614669,24.800070,1.000000
0.037109,-0.035156,0.064453,0.000000,30.081741,1.000000
0.046875,-0.046875,0.103516,0.000000,28.992731,1.000000
0.011719,-0.039062,-0.007812,0.000000,30.652061,2.000000
0.027344,-0.076172,-0.009766,0.000000,31.858253,2.000000
0.029297,-0.119141,-0.003906,0.000000,30.073210,2.000000
0.056641,-0.154297,0.007812,0.000000,25.352942,2.000000
0.257812,0.039062,-1.240234,0.000000,23.463530,2.000000
0.240234,0.041016,-1.285156,0.000000,24.329693,2.000000
0.453125,0.042969,1.271484,0.000000,22.455126,2.000000
1.326172,-0.357422,-0.402344,0.000000,21.731863,2.000000
1.388672,-0.322266,-0.367188,0.000000,23.283796,2.000000
1.654297,-0.000000,-0.277344,0.000000,27.730547,2.000000
1.703125,-0.000000,-0.230469,0.000000,27.007038,2.000000
1.744141,-0.220703,0.017578,0.000000,26.493349,2.000000
1.765625,-0.281250,0.210938,0.000000,28.401060,2.000000
1.814453,-0.230469,0.207031,0.000000,27.881683,2.000000
2.626953,-0.175781,1.017578,0.000000,29.232441,2.000000
2.669922,-0.179688,1.021484,0.000000,32.543064,2.000000
2.765625,-0.089844,0.878906,0.000000,31.861084,2.000000
4.400391,-0.142578,1.269531,0.000000,31.280760,2.000000
4.468750,-0.144531,1.169922,0.000000,31.218880,2.000000
4.824219,-0.154297,1.099609,0.000000,30.322157,2.000000
0.037109,-0.035156,0.064453,0.000000,30.086002,2.000000
0.046875,-0.046875,0.103516,0.000000,28.998205,2.000000
1.238281,-0.464844,0.275391,0.000000,19.542425,2.000000
0.673828,0.044922,-1.263672,0.000000,20.606977,2.000000
0.011719,-0.039062,-0.007812,0.000000,30.655798,3.000000
0.027344,-0.076172,-0.009766,0.000000,31.858253,3.000000
0.029297,-0.119141,-0.005859,0.000000,30.073210,3.000000
0.056641,-0.154297,0.007812,0.000000,25.340261,3.000000
0.275391,0.039062,-1.236328,0.000000,23.463530,3.000000
0.226562,0.041016,-1.289062,0.000000,24.329693,3.000000
0.443359,0.042969,1.275391,0.000000,22.479733,3.000000
1.763672,-0.281250,0.222656,0.000000,27.419392,3.000000
2.630859,-0.175781,1.003906,0.000000,29.268568,3.000000
2.669922,-0.179688,1.017578,0.000000,32.562366,3.000000
2.763672,-0.089844,0.886719,0.000000,31.875208,3.000000
4.371094,-0.142578,1.365234,0.000000,30.644581,3.000000
4.437500,-0.000000,1.294922,0.000000,30.390173,3.000000
4.798828,-0.154297,1.203125,0.000000,29.858753,3.000000
0.037109,-0.035156,0.064453,0.000000,30.086002,3.000000
0.044922,-0.046875,0.103516,0.000000,28.992731,3.000000
1.175781,-0.449219,0.355469,0.000000,21.367207,3.000000
1.236328,-0.464844,0.277344,0.000000,19.590414,3.000000
0.011719,-0.039062,-0.007812,0.000000,30.659531,4.000000
0.027344,-0.076172,-0.009766,0.000000,31.858253,4.000000
0.029297,-0.119141,-0.003906,0.000000,30.068937,4.000000
0.056641,-0.154297,0.007812,0.000000,25.340261,4.000000
0.228516,0.039062,-1.246094,0.000000,23.502480,4.000000
0.183594,0.041016,-1.294922,0.000000,24.361626,4.000000
0.468750,0.042969,1.265625,0.000000,22.430380,4.000000
1.761719,-0.281250,0.232422,0.000000,26.739420,4.000000
2.619141,-0.175781,1.035156,0.000000,29.196011,4.000000
2.703125,-0.089844,0.941406,0.000000,32.535805,4.000000
2.767578,-0.089844,0.878906,0.000000,31.897709,4.000000
4.382812,-0.000000,1.335938,0.000000,30.549959,4.000000
4.455078,-0.144531,1.226562,0.000000,29.978231,4.000000
4.849609,-0.308594,0.943359,0.000000,30.025980,4.000000
0.037109,-0.035156,0.064453,0.000000,30.081741,4.000000
0.046875,-0.046875,0.103516,0.000000,28.992731,4.000000
1.236328,-0.464844,0.277344,0.000000,19.637878,4.000000
3.439453,-1.734375,-2.556641,0.000000,26.981005,4.000000
0.011719,-0.039062,-0.007812,0.000000,30.652061,5.000000
0.027344,-0.076172,-0.009766,0.000000,31.855421,5.000000
0.029297,-0.119141,-0.005859,0.000000,30.068937,5.000000
0.056641,-0.154297,0.007812,0.000000,25.340261,5.000000
0.269531,0.039062,-1.238281,0.000000,23.463530,5.000000
0.214844,0.041016,-1.291016,0.000000,24.361626,5.000000
0.486328,0.042969,1.257812,0.000000,22.430380,5.000000
1.605469,-0.000000,-0.316406,0.000000,27.916906,5.000000
1.648438,-0.000000,-0.314453,0.000000,29.263424,5.000000
1.687500,-0.000000,-0.320312,0.000000,26.963564,5.000000
2.626953,-0.175781,1.015625,0.000000,29.355072,5.000000
2.666016,-0.179688,1.031250,0.000000,32.581581,5.000000
2.759766,-0.089844,0.898438,0.000000,31.866739,5.000000
4.275391,-0.000000,1.527344,0.000000,27.979597,5.000000
4.390625,-0.142578,1.300781,0.000000,31.332195,5.000000
4.482422,-0.000000,1.128906,0.000000,30.996807,5.000000
4.830078,-0.308594,1.041016,0.000000,29.628428,5.000000
1.498047,-0.093750,-0.197266,0.614669,23.729120,5.000000
0.037109,-0.035156,0.064453,0.000000,30.086002,5.000000
0.044922,-0.046875,0.103516,0.000000,28.998205,5.000000
1.238281,-0.464844,0.273438,0.000000,19.637878,5.000000
3.669922,-1.703125,-2.060547,0.000000,25.024271,5.000000
0.011719,-0.039062,-0.007812,0.000000,30.655798,6.000000
0.027344,-0.076172,-0.009766,0.000000,31.858253,6.000000
0.029297,-0.119141,-0.003906,0.000000,30.073210,6.000000
0.056641,-0.154297,0.007812,0.000000,25.352942,6.000000
0.230469,0.039062,-1.246094,0.000000,23.483049,6.000000
0.179688,0.041016,-1.296875,0.000000,24.361626,6.000000
0.496094,0.042969,1.255859,0.000000,22.430380,6.000000
2.623047,-0.175781,1.027344,0.000000,29.365137,6.000000
2.664062,-0.179688,1.033203,0.000000,32.603100,6.000000
2.761719,-0.089844,0.894531,0.000000,31.911715,6.000000
4.281250,-0.142578,1.507812,0.000000,28.656961,6.000000
4.394531,-0.142578,1.287109,0.000000,32.237553,6.000000
4.468750,-0.144531,1.175781,0.000000,32.022160,6.000000
4.812500,-0.154297,1.146484,0.000000,29.561684,6.000000
0.037109,-0.035156,0.064453,0.000000,30.086002,6.000000
0.046875,-0.046875,0.103516,0.000000,28.998205,6.000000
1.177734,-0.449219,0.353516,0.000000,21.398790,6.000000
1.232422,-0.464844,0.298828,0.000000,19.684830,6.000000
0.011719,-0.039062,-0.007812,0.000000,30.659531,7.000000
0.027344,-0.076172,-0.009766,0.000000,31.858253,7.000000
0.029297,-0.119141,-0.005859,0.000000,30.073210,7.000000
0.056641,-0.154297,0.007812,0.000000,25.352942,7.000000
0.263672,0.039062,-1.240234,0.000000,23.502480,7.000000
0.218750,0.041016,-1.289062,0.000000,24.377506,7.000000
0.464844,0.042969,1.267578,0.000000,22.504200,7.000000
1.744141,-0.281250,0.343750,0.000000,26.998377,7.000000
2.611328,-0.175781,1.058594,0.000000,29.268568,7.000000
2.666016,-0.179688,1.029297,0.000000,32.567177,7.000000
2.763672,-0.089844,0.890625,0.000000,31.835545,7.000000
4.302734,-0.142578,1.441406,0.000000,28.904211,7.000000
4.396484,-0.142578,1.279297,0.000000,32.662315,7.000000
4.460938,-0.144531,1.205078,0.000000,32.362854,7.000000
4.822266,-0.154297,1.105469,0.000000,29.647308,7.000000
1.488281,-0.046875,-0.267578,0.614669,26.493349,7.000000
1.535156,-0.048828,-0.246094,0.614669,28.715729,7.000000
1.580078,-0.050781,-0.214844,0.614669,27.481880,7.000000
0.037109,-0.035156,0.064453,0.000000,30.086002,7.000000
0.044922,-0.046875,0.103516,0.000000,28.998205,7.000000
1.236328,-0.464844,0.281250,0.000000,19.542425,7.000000
0.011719,-0.039062,-0.007812,0.000000,30.659531,8.000000
0.027344,-0.076172,-0.009766,0.000000,31.858253,8.000000
0.029297,-0.119141,-0.005859,0.000000,30.077478,8.000000
0.056641,-0.154297,0.007812,0.000000,25.352942,8.000000
0.298828,0.039062,-1.232422,0.000000,23.521826,8.000000
0.253906,0.041016,-1.283203,0.000000,24.361626,8.000000
0.464844,0.042969,1.267578,0.000000,22.430380,8.000000
2.621094,-0.175781,1.033203,0.000000,29.222063,8.000000
2.666016,-0.179688,1.031250,0.000000,32.499317,8.000000
2.761719,-0.089844,0.896484,0.000000,31.801258,8.000000
4.328125,-0.142578,1.365234,0.000000,28.954226,8.000000
4.406250,-0.142578,1.250000,0.000000,32.739269,8.000000
4.455078,-0.144531,1.220703,0.000000,32.397999,8.000000
4.810547,-0.154297,1.154297,0.000000,30.374266,8.000000
4.921875,-0.623047,0.544922,0.000000,28.830935,8.000000
1.546875,-0.048828,-0.140625,0.614669,24.608978,8.000000
1.585938,-0.000000,-0.167969,0.614669,25.538830,8.000000
1.654297,-0.000000,-0.273438,0.614669,25.237465,8.000000
1.687500,-0.052734,-0.322266,0.614669,25.550945,8.000000
0.037109,-0.035156,0.064453,0.000000,30.090258,8.000000
0.046875,-0.046875,0.103516,0.000000,28.998205,8.000000
1.177734,-0.449219,0.351562,0.000000,21.398790,8.000000
1.234375,-0.464844,0.285156,0.000000,19.637878,8.000000
0.011719,-0.039062,-0.007812,0.000000,30.648323,9.000000
0.027344,-0.076172,-0.009766,0.000000,31.852587,9.000000
0.029297,-0.119141,-0.005859,0.000000,30.068937,9.000000
0.056641,-0.154297,0.007812,0.000000,25.340261,9.000000
0.232422,0.039062,-1.246094,0.000000,23.483049,9.000000
0.164062,0.041016,-1.298828,0.000000,24.345690,9.000000
0.488281,0.042969,1.257812,0.000000,22.430380,9.000000
2.615234,-0.175781,1.046875,0.000000,29.405165,9.000000
2.667969,-0.179688,1.023438,0.000000,32.624512,9.000000
2.765625,-0.089844,0.884766,0.000000,31.872387,9.000000
4.324219,-0.142578,1.375000,0.000000,28.709888,9.000000
4.398438,-0.142578,1.277344,0.000000,32.579185,9.000000
4.449219,-0.144531,1.248047,0.000000,32.273724,9.000000
4.828125,-0.154297,1.080078,0.000000,30.867157,9.000000
4.925781,-0.779297,0.179688,0.000000,29.537598,9.000000
1.582031,-0.050781,-0.203125,0.614669,25.797836,9.000000
0.037109,-0.035156,0.064453,0.000000,30.086002,9.000000
0.046875,-0.046875,0.103516,0.000000,28.998205,9.000000
1.236328,-0.464844,0.277344,0.000000,19.637878,9.000000
0.011719,-0.039062,-0.007812,0.000000,30.648323,10.000000
0.027344,-0.076172,-0.009766,0.000000,31.855421,10.000000
0.029297,-0.119141,-0.003906,0.000000,30.068937,10.000000
0.056641,-0.154297,0.007812,0.000000,25.340261,10.000000
0.242188,0.039062,-1.244141,0.000000,23.404442,10.000000
0.228516,0.041016,-1.289062,0.000000,24.313637,10.000000
0.455078,0.042969,1.269531,0.000000,22.405493,10.000000
2.621094,-0.175781,1.033203,0.000000,29.324738,10.000000
2.667969,-0.179688,1.025391,0.000000,32.576786,10.000000
2.763672,-0.089844,0.886719,0.000000,31.869564,10.000000
4.343750,-0.142578,1.316406,0.000000,28.656961,10.000000
4.398438,-0.142578,1.273438,0.000000,32.432861,10.000000
4.455078,-0.144531,1.226562,0.000000,32.296818,10.000000
4.564453,-0.000000,0.957031,0.000000,28.825245,10.000000
4.837891,-0.154297,1.037109,0.000000,30.937717,10.000000
4.935547,-0.623047,0.392578,0.000000,29.247959,10.000000
1.691406,-0.107422,-0.283203,0.614669,26.053051,10.000000
0.037109,-0.035156,0.064453,0.000000,30.086002,10.000000
0.046875,-0.046875,0.103516,0.000000,28.998205,10.000000
1.177734,-0.449219,0.353516,0.000000,21.430147,10.000000
1.230469,-0.464844,0.302734,0.000000,19.731279,10.000000
0.011719,-0.039062,-0.007812,0.000000,30.652061,11.000000
0.027344,-0.076172,-0.009766,0.000000,31.858253,11.000000
0.029297,-0.119141,-0.003906,0.000000,30.073210,11.000000
0.056641,-0.154297,0.007812,0.000000,25.340261,11.000000
0.250000,0.039062,-1.242188,0.000000,23.443922,11.000000
0.173828,0.041016,-1.296875,0.000000,24.329693,11.000000
0.500000,0.042969,1.253906,0.000000,22.405493,11.000000
2.617188,-0.175781,1.041016,0.000000,29.278833,11.000000
2.667969,-0.179688,1.025391,0.000000,32.593548,11.000000
2.763672,-0.089844,0.888672,0.000000,31.908916,11.000000
4.347656,-0.142578,1.304688,0.000000,28.543060,11.000000
4.398438,-0.142578,1.271484,0.000000,32.263420,11.000000
4.462891,-0.144531,1.193359,0.000000,32.265999,11.000000
4.582031,-0.000000,0.863281,0.000000,29.484129,11.000000
4.826172,-0.154297,1.087891,0.000000,30.820669,11.000000
4.921875,-0.779297,0.265625,0.000000,29.355072,11.000000
1.625000,0.050781,-0.185547,0.614669,27.275414,11.000000
1.671875,0.105469,-0.080078,0.614669,26.608654,11.000000
1.619141,-0.160156,-0.550781,0.614669,25.943926,11.000000
1.695312,-0.054688,-0.462891,0.614669,27.535831,11.000000
1.783203,-0.000000,-0.240234,1.229337,23.010300,11.000000
0.037109,-0.035156,0.064453,0.000000,30.081741,11.000000
0.046875,-0.046875,0.103516,0.000000,28.992731,11.000000
1.179688,-0.449219,0.343750,0.000000,21.367207,11.000000
1.230469,-0.464844,0.300781,0.000000,19.590414,11.000000
0.011719,-0.039062,-0.007812,0.000000,30.648323,12.000000
0.027344,-0.076172,-0.009766,0.000000,31.858253,12.000000
0.029297,-0.119141,-0.003906,0.000000,30.073210,12.000000
0.056641,-0.154297,0.007812,0.000000,25.340261,12.000000
0.279297,0.039062,-1.236328,0.000000,23.463530,12.000000
0.212891,0.041016,-1.291016,0.000000,24.313637,12.000000
0.474609,0.042969,1.263672,0.000000,22.405493,12.000000
2.617188,-0.175781,1.039062,0.000000,29.294189,12.000000
2.664062,-0.179688,1.035156,0.000000,32.557549,12.000000
2.759766,-0.089844,0.902344,0.000000,31.789770,12.000000
4.345703,-0.142578,1.310547,0.000000,28.494194,12.000000
4.400391,-0.142578,1.265625,0.000000,32.198463,12.000000
4.466797,-0.144531,1.181641,0.000000,32.187981,12.000000
4.582031,-0.000000,0.869141,0.000000,29.132839,12.000000
4.830078,-0.308594,1.035156,0.000000,30.370279,12.000000
4.929688,-0.623047,0.466797,0.000000,28.847954,12.000000
1.714844,-0.000000,-0.089844,0.614669,26.821451,12.000000
1.751953,-0.054688,-0.146484,0.614669,28.785217,12.000000
1.794922,-0.113281,-0.068359,0.614669,28.260748,12.000000
1.832031,-0.171875,0.048828,0.614669,25.514500,12.000000
0.037109,-0.035156,0.064453,0.000000,30.081741,12.000000
0.046875,-0.046875,0.103516,0.000000,28.992731,12.000000
1.177734,-0.449219,0.349609,0.000000,21.335388,12.000000
1.238281,-0.464844,0.271484,0.000000,19.684830,12.000000
0.011719,-0.039062,-0.007812,0.000000,30.655798,13.000000
0.027344,-0.076172,-0.009766,0.000000,31.855421,13.000000
