4.656250,-0.000000,0.248047,0.000000,29.947569,0.000000
4.697266,0.146484,0.199219,0.000000,31.115986,0.000000
4.736328,-0.000000,-0.279297,0.000000,29.703468,0.000000
4.726562,-0.298828,-0.683594,0.000000,32.922562,0.000000
4.789062,-0.300781,-0.523438,0.000000,33.749317,0.000000
4.822266,-0.304688,-0.599609,0.000000,30.305998,0.000000
4.884766,-0.308594,0.734375,0.000000,30.817072,0.000000
4.949219,-0.623047,0.126953,0.000000,29.623693,0.000000
0.037109,-0.035156,0.064453,0.000000,30.081741,0.000000
0.044922,-0.046875,0.103516,0.000000,29.009130,0.000000
1.244141,-0.464844,0.238281,0.000000,19.637878,0.000000
0.011719,-0.039062,-0.007812,0.000000,30.670708,1.000000
0.027344,-0.076172,-0.009766,0.000000,31.872387,1.000000
0.029297,-0.119141,-0.003906,0.000000,30.086002,1.000000
0.056641,-0.154297,0.007812,0.000000,25.352942,1.000000
0.248047,0.039062,-1.242188,0.000000,23.521826,1.000000
0.220703,0.041016,-1.289062,0.000000,24.361626,1.000000
0.458984,0.042969,1.269531,0.000000,22.455126,1.000000
2.613281,-0.175781,1.054688,0.000000,29.324738,1.000000
2.697266,-0.089844,0.957031,0.000000,32.631626,1.000000
2.761719,-0.089844,0.896484,0.000000,31.878027,1.000000
4.298828,-0.000000,1.460938,0.000000,27.708521,1.000000
4.392578,-0.142578,1.296875,0.000000,31.411362,1.000000
4.470703,-0.144531,1.166016,0.000000,31.000257,1.000000
4.650391,-0.000000,0.353516,0.000000,29.618956,1.000000
4.699219,-0.000000,0.208984,0.000000,30.211893,1.000000
4.726562,-0.298828,-0.689453,0.000000,32.884727,1.000000
4.785156,-0.300781,-0.560547,0.000000,33.736473,1.000000
4.826172,-0.000000,-0.638672,0.000000,30.297895,1.000000
4.882812,-0.308594,0.753906,0.000000,30.835026,1.000000
4.949219,-0.623047,0.142578,0.000000,29.609463,1.000000
1.779297,0.660156,-0.304688,-1.229337,24.756712,1.000000
1.714844,0.576172,-0.337891,-0.614669,26.875290,1.000000
1.759766,0.587891,-0.314453,-0.614669,27.259117,1.000000
0.037109,-0.035156,0.064453,0.000000,30.086002,1.000000
0.044922,-0.046875,0.103516,0.000000,29.003672,1.000000
1.242188,-0.464844,0.255859,0.000000,19.684830,1.000000
0.011719,-0.039062,-0.007812,0.000000,30.678144,2.000000
0.027344,-0.076172,-0.009766,0.000000,31.872387,2.000000
0.029297,-0.119141,-0.005859,0.000000,30.081741,2.000000
0.056641,-0.154297,0.007812,0.000000,25.352942,2.000000
0.216797,0.039062,-1.248047,0.000000,23.541084,2.000000
0.191406,0.041016,-1.294922,0.000000,24.377506,2.000000
0.482422,0.042969,1.259766,0.000000,22.479733,2.000000
2.607422,-0.175781,1.066406,0.000000,29.294189,2.000000
2.699219,-0.089844,0.951172,0.000000,32.619762,2.000000
2.763672,-0.089844,0.888672,0.000000,31.878027,2.000000
4.296875,-0.000000,1.470703,0.000000,27.839035,2.000000
4.386719,-0.142578,1.316406,0.000000,31.451963,2.000000
4.458984,-0.144531,1.208984,0.000000,31.055101,2.000000
4.648438,-0.000000,0.375000,0.000000,29.991306,2.000000
4.693359,-0.000000,0.306641,0.000000,30.637085,2.000000
4.732422,-0.148438,-0.302734,0.000000,29.258276,2.000000
4.738281,-0.298828,-0.601562,0.000000,32.926991,2.000000
4.787109,-0.300781,-0.548828,0.000000,33.776703,2.000000
4.826172,-0.000000,-0.636719,0.000000,30.378248,2.000000
4.878906,-0.308594,0.775391,0.000000,30.755470,2.000000
4.947266,-0.623047,0.199219,0.000000,29.532763,2.000000
0.037109,-0.035156,0.064453,0.000000,30.090258,2.000000
0.044922,-0.046875,0.103516,0.000000,29.009130,2.000000
1.236328,-0.464844,0.283203,0.000000,19.590414,2.000000
4.806641,-0.304688,-0.712891,0.000000,30.322157,2.000000
0.011719,-0.039062,-0.007812,0.000000,30.670708,3.000000
0.027344,-0.076172,-0.009766,0.000000,31.872387,3.000000
0.029297,-0.119141,-0.005859,0.000000,30.086002,3.000000
0.056641,-0.154297,0.007812,0.000000,25.352942,3.000000
0.230469,0.039062,-1.246094,0.000000,23.521826,3.000000
0.193359,0.041016,-1.294922,0.000000,24.361626,3.000000
0.468750,0.042969,1.265625,0.000000,22.455126,3.000000
2.609375,-0.175781,1.062500,0.000000,29.278833,3.000000
2.699219,-0.089844,0.949219,0.000000,32.615009,3.000000
2.763672,-0.089844,0.890625,0.000000,31.894903,3.000000
4.296875,-0.000000,1.468750,0.000000,27.803173,3.000000
4.392578,-0.142578,1.296875,0.000000,31.436392,3.000000
4.464844,-0.144531,1.189453,0.000000,31.031193,3.000000
4.638672,-0.000000,0.478516,0.000000,29.822712,3.000000
4.667969,-0.000000,0.585938,0.000000,30.523090,3.000000
4.740234,-0.000000,0.214844,0.000000,28.680563,3.000000
4.748047,-0.298828,-0.515625,0.000000,32.730011,3.000000
4.787109,-0.300781,-0.544922,0.000000,33.740147,3.000000
4.802734,-0.304688,-0.728516,0.000000,30.318123,3.000000
4.878906,-0.308594,0.773438,0.000000,30.770042,3.000000
4.949219,-0.623047,0.177734,0.000000,29.556877,3.000000
0.037109,-0.035156,0.064453,0.000000,30.086002,3.000000
0.046875,-0.046875,0.103516,0.000000,29.003672,3.000000
1.177734,-0.449219,0.351562,0.000000,21.430147,3.000000
1.238281,-0.464844,0.273438,0.000000,19.731279,3.000000
4.824219,-0.000000,-0.646484,0.000000,30.285713,3.000000
0.011719,-0.039062,-0.007812,0.000000,30.666985,4.000000
0.027344,-0.076172,-0.009766,0.000000,31.869564,4.000000
0.029297,-0.119141,-0.005859,0.000000,30.086002,4.000000
0.056641,-0.154297,0.007812,0.000000,25.365585,4.000000
0.242188,0.039062,-1.244141,0.000000,23.502480,4.000000
0.181641,0.041016,-1.294922,0.000000,24.361626,4.000000
0.441406,0.042969,1.275391,0.000000,22.479733,4.000000
2.603516,-0.175781,1.074219,0.000000,29.242792,4.000000
2.695312,-0.089844,0.960938,0.000000,32.579185,4.000000
2.761719,-0.089844,0.896484,0.000000,31.863913,4.000000
4.294922,-0.000000,1.472656,0.000000,27.759743,4.000000
4.386719,-0.142578,1.312500,0.000000,31.423895,4.000000
4.457031,-0.144531,1.216797,0.000000,31.027765,4.000000
4.642578,-0.000000,0.445312,0.000000,29.818186,4.000000
4.689453,-0.000000,0.371094,0.000000,30.277573,4.000000
4.734375,-0.148438,-0.277344,0.000000,29.542425,4.000000
4.748047,-0.298828,-0.529297,0.000000,33.130230,4.000000
4.798828,-0.150391,-0.507812,0.000000,33.854275,4.000000
4.832031,-0.000000,-0.587891,0.000000,30.492180,4.000000
4.871094,-0.308594,0.826172,0.000000,30.820669,4.000000
4.945312,-0.623047,0.248047,0.000000,29.595184,4.000000
0.037109,-0.035156,0.064453,0.000000,30.081741,4.000000
0.046875,-0.046875,0.103516,0.000000,28.998205,4.000000
1.236328,-0.464844,0.283203,0.000000,19.637878,4.000000
0.011719,-0.039062,-0.007812,0.000000,30.670708,5.000000
0.027344,-0.076172,-0.009766,0.000000,31.872387,5.000000
0.029297,-0.119141,-0.005859,0.000000,30.081741,5.000000
0.056641,-0.154297,0.007812,0.000000,25.352942,5.000000
0.234375,0.039062,-1.246094,0.000000,23.502480,5.000000
0.179688,0.041016,-1.294922,0.000000,24.345690,5.000000
0.474609,0.042969,1.263672,0.000000,22.455126,5.000000
2.615234,-0.175781,1.046875,0.000000,29.253120,5.000000
2.701172,-0.089844,0.947266,0.000000,32.569580,5.000000
2.763672,-0.089844,0.886719,0.000000,31.841234,5.000000
4.292969,-0.000000,1.478516,0.000000,27.730547,5.000000
4.390625,-0.142578,1.302734,0.000000,31.405081,5.000000
4.464844,-0.144531,1.189453,0.000000,30.979511,5.000000
4.640625,-0.000000,0.460938,0.000000,29.395193,5.000000
4.695312,-0.000000,0.302734,0.000000,29.585638,5.000000
4.740234,-0.298828,-0.593750,0.000000,33.005955,5.000000
4.789062,-0.300781,-0.529297,0.000000,33.856064,5.000000
4.826172,-0.000000,-0.632812,0.000000,30.534626,5.000000
4.869141,-0.308594,0.832031,0.000000,30.773680,5.000000
4.943359,-0.623047,0.281250,0.000000,29.604708,5.000000
0.037109,-0.035156,0.064453,0.000000,30.086002,5.000000
0.044922,-0.046875,0.103516,0.000000,29.003672,5.000000
1.177734,-0.449219,0.355469,0.000000,21.367207,5.000000
1.236328,-0.464844,0.281250,0.000000,19.637878,5.000000
0.609375,-1.763672,-4.318359,0.000000,26.972294,5.000000
0.011719,-0.039062,-0.007812,0.000000,30.674429,6.000000
0.027344,-0.076172,-0.009766,0.000000,31.872387,6.000000
0.029297,-0.119141,-0.005859,0.000000,30.086002,6.000000
0.056641,-0.154297,0.007812,0.000000,25.352942,6.000000
0.203125,0.039062,-1.251953,0.000000,23.483049,6.000000
0.138672,0.041016,-1.300781,0.000000,24.345690,6.000000
0.500000,0.042969,1.253906,0.000000,22.430380,6.000000
2.619141,-0.175781,1.035156,0.000000,29.365137,6.000000
2.701172,-0.089844,0.947266,0.000000,32.607868,6.000000
2.765625,-0.089844,0.882812,0.000000,31.829849,6.000000
4.291016,-0.000000,1.486328,0.000000,27.730547,6.000000
4.386719,-0.142578,1.314453,0.000000,31.398790,6.000000
4.458984,-0.144531,1.210938,0.000000,30.955181,6.000000
4.652344,-0.000000,0.324219,0.000000,29.666109,6.000000
4.691406,-0.000000,0.335938,0.000000,30.902580,6.000000
4.740234,-0.298828,-0.595703,0.000000,32.659966,6.000000
4.787109,-0.300781,-0.537109,0.000000,33.767593,6.000000
4.826172,-0.000000,-0.640625,0.000000,30.402067,6.000000
4.873047,-0.308594,0.810547,0.000000,30.820669,6.000000
4.947266,-0.623047,0.214844,0.000000,29.585638,6.000000
0.037109,-0.035156,0.064453,0.000000,30.081741,6.000000
0.044922,-0.046875,0.103516,0.000000,28.998205,6.000000
1.173828,-0.449219,0.361328,0.000000,21.367207,6.000000
1.230469,-0.464844,0.306641,0.000000,19.590414,6.000000
0.011719,-0.039062,-0.007812,0.000000,30.674429,7.000000
0.027344,-0.076172,-0.009766,0.000000,31.872387,7.000000
0.029297,-0.119141,-0.005859,0.000000,30.086002,7.000000
0.056641,-0.154297,0.007812,0.000000,25.365585,7.000000
0.216797,0.039062,-1.248047,0.000000,23.541084,7.000000
0.158203,0.041016,-1.298828,0.000000,24.377506,7.000000
0.509766,0.042969,1.250000,0.000000,22.455126,7.000000
2.613281,-0.175781,1.050781,0.000000,29.324738,7.000000
2.705078,-0.089844,0.937500,0.000000,32.615009,7.000000
2.771484,-0.089844,0.861328,0.000000,31.872387,7.000000
4.306641,-0.000000,1.439453,0.000000,27.737864,7.000000
4.388672,-0.142578,1.308594,0.000000,31.411362,7.000000
4.460938,-0.144531,1.203125,0.000000,31.027765,7.000000
4.644531,-0.000000,0.427734,0.000000,30.253059,7.000000
4.691406,-0.000000,0.359375,0.000000,31.510633,7.000000
4.744141,-0.000000,0.134766,0.000000,30.161974,7.000000
4.753906,-0.298828,-0.460938,0.000000,32.926991,7.000000
4.791016,-0.300781,-0.509766,0.000000,33.816566,7.000000
4.828125,-0.000000,-0.615234,0.000000,30.406023,7.000000
4.878906,-0.308594,0.769531,0.000000,30.780941,7.000000
4.947266,-0.623047,0.189453,0.000000,29.542425,7.000000
1.748047,0.576172,-0.027344,0.614669,25.502283,7.000000
1.781250,0.587891,-0.142578,0.614669,27.201593,7.000000
1.820312,0.601562,-0.156250,0.614669,26.866364,7.000000
0.037109,-0.035156,0.064453,0.000000,30.086002,7.000000
0.044922,-0.046875,0.103516,0.000000,29.014584,7.000000
1.181641,-0.449219,0.341797,0.000000,21.398790,7.000000
1.242188,-0.464844,0.253906,0.000000,19.637878,7.000000
0.011719,-0.039062,-0.007812,0.000000,30.670708,8.000000
0.027344,-0.076172,-0.009766,0.000000,31.872387,8.000000
0.029297,-0.119141,-0.005859,0.000000,30.086002,8.000000
0.056641,-0.154297,0.007812,0.000000,25.365585,8.000000
0.269531,0.039062,-1.238281,0.000000,23.541084,8.000000
0.236328,0.041016,-1.287109,0.000000,24.377506,8.000000
0.451172,0.042969,1.271484,0.000000,22.455126,8.000000
2.625000,-0.175781,1.021484,0.000000,29.309490,8.000000
2.707031,-0.089844,0.931641,0.000000,32.648178,8.000000
2.765625,-0.089844,0.882812,0.000000,31.917303,8.000000
4.296875,-0.000000,1.468750,0.000000,27.723217,8.000000
4.384766,-0.142578,1.318359,0.000000,31.411362,8.000000
4.455078,-0.144531,1.222656,0.000000,31.020905,8.000000
4.654297,-0.000000,0.283203,0.000000,29.973864,8.000000
4.703125,-0.000000,0.099609,0.000000,31.000257,8.000000
4.732422,-0.148438,-0.324219,0.000000,29.969492,8.000000
4.748047,-0.298828,-0.517578,0.000000,33.051365,8.000000
4.791016,-0.300781,-0.500000,0.000000,33.771240,8.000000
4.812500,-0.304688,-0.667969,0.000000,30.191162,8.000000
4.875000,-0.308594,0.798828,0.000000,30.704073,8.000000
4.947266,-0.623047,0.208984,0.000000,29.420080,8.000000
0.037109,-0.035156,0.064453,0.000000,30.081741,8.000000
0.044922,-0.046875,0.103516,0.000000,28.998205,8.000000
1.179688,-0.449219,0.343750,0.000000,21.398790,8.000000
1.236328,-0.464844,0.283203,0.000000,19.684830,8.000000
0.011719,-0.039062,-0.007812,0.000000,30.678144,9.000000
0.027344,-0.076172,-0.009766,0.000000,31.875208,9.000000
0.029297,-0.119141,-0.005859,0.000000,30.086002,9.000000
0.056641,-0.154297,0.007812,0.000000,25.365585,9.000000
0.253906,0.039062,-1.242188,0.000000,23.502480,9.000000
0.205078,0.041016,-1.292969,0.000000,24.361626,9.000000
0.441406,0.042969,1.275391,0.000000,22.455126,9.000000
2.630859,-0.175781,1.005859,0.000000,29.324738,9.000000
2.708984,-0.089844,0.921875,0.000000,32.650539,9.000000
2.771484,-0.089844,0.867188,0.000000,31.928461,9.000000
4.308594,-0.000000,1.433594,0.000000,27.831886,9.000000
4.394531,-0.142578,1.285156,0.000000,31.433271,9.000000
4.472656,-0.144531,1.158203,0.000000,31.051695,9.000000
4.646484,-0.000000,0.392578,0.000000,30.305998,9.000000
4.693359,-0.000000,0.306641,0.000000,31.245043,9.000000
4.740234,-0.148438,-0.160156,0.000000,30.511526,9.000000
4.748047,-0.298828,-0.523438,0.000000,33.123890,9.000000
4.787109,-0.300781,-0.546875,0.000000,33.681007,9.000000
4.798828,-0.304688,-0.757812,0.000000,29.973864,9.000000
4.876953,-0.308594,0.781250,0.000000,30.773680,9.000000
4.947266,-0.623047,0.193359,0.000000,29.595184,9.000000
1.830078,0.541016,-0.234375,0.614669,25.774918,9.000000
0.037109,-0.035156,0.064453,0.000000,30.086002,9.000000
0.046875,-0.046875,0.103516,0.000000,29.003672,9.000000
1.177734,-0.449219,0.353516,0.000000,21.430147,9.000000
1.238281,-0.464844,0.273438,0.000000,19.637878,9.000000
0.011719,-0.039062,-0.007812,0.000000,30.678144,10.000000
0.027344,-0.076172,-0.009766,0.000000,31.869564,10.000000
0.029297,-0.119141,-0.005859,0.000000,30.081741,10.000000
0.056641,-0.154297,0.007812,0.000000,25.352942,10.000000
0.246094,0.039062,-1.244141,0.000000,23.521826,10.000000
0.207031,0.041016,-1.291016,0.000000,24.361626,10.000000
0.453125,0.042969,1.271484,0.000000,22.455126,10.000000
2.617188,-0.175781,1.042969,0.000000,29.283958,10.000000
2.697266,-0.089844,0.955078,0.000000,32.603100,10.000000
2.761719,-0.089844,0.894531,0.000000,31.883659,10.000000
4.292969,-0.000000,1.480469,0.000000,27.759743,10.000000
4.384766,-0.142578,1.320312,0.000000,31.423895,10.000000
4.445312,-0.144531,1.257812,0.000000,30.969101,10.000000
4.650391,-0.146484,0.312500,0.000000,29.405165,10.000000
4.701172,-0.000000,0.169922,0.000000,29.912260,10.000000
4.740234,-0.298828,-0.591797,0.000000,32.891430,10.000000
