0.029297,-0.119141,-0.005859,0.000000,30.073210,0.000000
0.056641,-0.154297,0.007812,0.000000,25.340261,0.000000
0.271484,0.039062,-1.238281,0.000000,23.463530,0.000000
0.248047,0.041016,-1.285156,0.000000,24.329693,0.000000
0.416016,0.042969,1.283203,0.000000,22.405493,0.000000
2.613281,-0.175781,1.052734,0.000000,29.263424,0.000000
2.658203,-0.179688,1.046875,0.000000,32.491985,0.000000
2.751953,-0.089844,0.921875,0.000000,31.740599,0.000000
4.296875,-0.142578,1.460938,0.000000,27.831886,0.000000
4.396484,-0.142578,1.283203,0.000000,31.495270,0.000000
4.470703,-0.144531,1.162109,0.000000,31.300119,0.000000
2.076172,0.064453,-0.183594,0.614669,27.604225,0.000000
2.119141,0.066406,-0.166016,0.614669,26.857418,0.000000
0.037109,-0.035156,0.064453,0.000000,30.086002,0.000000
0.046875,-0.046875,0.103516,0.000000,28.992731,0.000000
1.177734,-0.449219,0.353516,0.000000,21.367207,0.000000
1.234375,-0.464844,0.289062,0.000000,19.684830,0.000000
0.011719,-0.039062,-0.007812,0.000000,30.659531,1.000000
0.027344,-0.076172,-0.009766,0.000000,31.863913,1.000000
0.029297,-0.119141,-0.005859,0.000000,30.077478,1.000000
0.056641,-0.154297,0.007812,0.000000,25.352942,1.000000
0.255859,0.039062,-1.242188,0.000000,23.502480,1.000000
0.201172,0.041016,-1.292969,0.000000,24.361626,1.000000
0.468750,0.042969,1.265625,0.000000,22.455126,1.000000
2.617188,-0.175781,1.042969,0.000000,29.247959,1.000000
2.662109,-0.179688,1.037109,0.000000,32.530956,1.000000
2.759766,-0.089844,0.902344,0.000000,31.883659,1.000000
4.380859,-0.142578,1.335938,0.000000,31.038036,1.000000
4.457031,-0.144531,1.216797,0.000000,30.773680,1.000000
4.873047,-0.464844,0.728516,0.000000,29.907827,1.000000
4.923828,-0.779297,0.226562,0.000000,29.237619,1.000000
2.042969,0.064453,-0.085938,0.614669,27.403627,1.000000
2.066406,0.130859,-0.250000,0.614669,30.338257,1.000000
2.105469,0.132812,-0.271484,0.614669,30.965624,1.000000
2.148438,0.134766,-0.251953,0.614669,28.014036,1.000000
0.037109,-0.035156,0.064453,0.000000,30.086002,1.000000
0.044922,-0.046875,0.103516,0.000000,28.998205,1.000000
1.232422,-0.464844,0.294922,0.000000,19.684830,1.000000
0.011719,-0.039062,-0.007812,0.000000,30.648323,2.000000
0.027344,-0.076172,-0.009766,0.000000,31.858253,2.000000
0.029297,-0.119141,-0.005859,0.000000,30.073210,2.000000
0.056641,-0.154297,0.007812,0.000000,25.340261,2.000000
0.259766,0.039062,-1.240234,0.000000,23.483049,2.000000
0.197266,0.041016,-1.292969,0.000000,24.361626,2.000000
0.478516,0.042969,1.261719,0.000000,22.430380,2.000000
2.628906,-0.175781,1.011719,0.000000,29.319662,2.000000
2.673828,-0.179688,1.007812,0.000000,32.567177,2.000000
2.771484,-0.089844,0.865234,0.000000,31.852587,2.000000
4.312500,-0.000000,1.421875,0.000000,27.626785,2.000000
4.390625,-0.142578,1.300781,0.000000,31.277525,2.000000
4.470703,-0.000000,1.173828,0.000000,31.149445,2.000000
4.843750,-0.152344,-0.466797,0.000000,30.425755,2.000000
4.861328,-0.464844,0.812500,0.000000,29.827234,2.000000
4.898438,-0.935547,0.208984,0.000000,29.148718,2.000000
2.072266,0.064453,-0.240234,0.614669,29.652018,2.000000
2.113281,0.132812,-0.207031,0.614669,31.267805,2.000000
2.154297,0.134766,-0.205078,0.614669,29.532763,2.000000
0.037109,-0.035156,0.064453,0.000000,30.086002,2.000000
0.046875,-0.046875,0.103516,0.000000,28.998205,2.000000
1.236328,-0.464844,0.281250,0.000000,19.637878,2.000000
0.011719,-0.039062,-0.007812,0.000000,30.655798,3.000000
0.027344,-0.076172,-0.009766,0.000000,31.861084,3.000000
0.029297,-0.119141,-0.005859,0.000000,30.077478,3.000000
0.056641,-0.154297,0.007812,0.000000,25.365585,3.000000
0.263672,0.039062,-1.240234,0.000000,23.502480,3.000000
0.214844,0.041016,-1.291016,0.000000,24.377506,3.000000
0.451172,0.042969,1.271484,0.000000,22.455126,3.000000
2.615234,-0.175781,1.048828,0.000000,29.329807,3.000000
2.667969,-0.179688,1.023438,0.000000,32.547897,3.000000
2.769531,-0.089844,0.871094,0.000000,31.815578,3.000000
4.318359,-0.142578,1.396484,0.000000,28.041395,3.000000
4.400391,-0.142578,1.267578,0.000000,31.622656,3.000000
4.484375,-0.000000,1.123047,0.000000,31.613680,3.000000
4.595703,-0.000000,0.792969,0.000000,29.355072,3.000000
4.847656,-0.308594,0.949219,0.000000,30.119930,3.000000
4.923828,-0.779297,0.234375,0.000000,29.258276,3.000000
0.037109,-0.035156,0.064453,0.000000,30.081741,3.000000
0.046875,-0.046875,0.103516,0.000000,28.998205,3.000000
1.183594,-0.449219,0.333984,0.000000,21.398790,3.000000
1.240234,-0.464844,0.265625,0.000000,19.684830,3.000000
0.011719,-0.039062,-0.007812,0.000000,30.655798,4.000000
0.027344,-0.076172,-0.009766,0.000000,31.861084,4.000000
0.029297,-0.119141,-0.003906,0.000000,30.077478,4.000000
0.056641,-0.154297,0.007812,0.000000,25.352942,4.000000
0.296875,0.039062,-1.232422,0.000000,23.502480,4.000000
0.244141,0.041016,-1.285156,0.000000,24.377506,4.000000
0.445312,0.042969,1.273438,0.000000,22.455126,4.000000
2.625000,-0.175781,1.023438,0.000000,29.258276,4.000000
2.710938,-0.089844,0.916016,0.000000,32.530956,4.000000
2.777344,-0.089844,0.845703,0.000000,31.835545,4.000000
4.316406,-0.142578,1.402344,0.000000,27.839035,4.000000
4.402344,-0.142578,1.263672,0.000000,31.398790,4.000000
4.505859,-0.000000,1.033203,0.000000,31.682028,4.000000
4.623047,-0.000000,0.615234,0.000000,30.902580,4.000000
4.685547,0.146484,0.398438,0.000000,30.098757,4.000000
4.843750,-0.308594,0.966797,0.000000,30.437551,4.000000
4.921875,-0.779297,0.265625,0.000000,29.304396,4.000000
0.037109,-0.035156,0.064453,0.000000,30.086002,4.000000
0.044922,-0.046875,0.103516,0.000000,28.998205,4.000000
1.177734,-0.449219,0.353516,0.000000,21.398790,4.000000
1.232422,-0.464844,0.294922,0.000000,19.731279,4.000000
0.011719,-0.039062,-0.007812,0.000000,30.663260,5.000000
0.027344,-0.076172,-0.009766,0.000000,31.861084,5.000000
0.029297,-0.119141,-0.005859,0.000000,30.077478,5.000000
0.056641,-0.154297,0.007812,0.000000,25.340261,5.000000
0.289062,0.039062,-1.234375,0.000000,23.502480,5.000000
0.230469,0.041016,-1.287109,0.000000,24.377506,5.000000
0.457031,0.042969,1.269531,0.000000,22.504200,5.000000
2.611328,-0.175781,1.054688,0.000000,29.390198,5.000000
2.646484,-0.179688,1.076172,0.000000,32.655254,5.000000
2.746094,-0.089844,0.941406,0.000000,31.917303,5.000000
4.312500,-0.142578,1.412109,0.000000,27.810369,5.000000
4.396484,-0.142578,1.283203,0.000000,31.455072,5.000000
4.519531,-0.000000,0.966797,0.000000,32.177471,5.000000
4.634766,-0.000000,0.513672,0.000000,32.762321,5.000000
4.689453,-0.000000,0.373047,0.000000,32.741577,5.000000
4.730469,0.148438,0.345703,0.000000,29.726656,5.000000
4.835938,-0.308594,1.005859,0.000000,30.421816,5.000000
4.923828,-0.779297,0.236328,0.000000,29.309490,5.000000
0.037109,-0.035156,0.064453,0.000000,30.090258,5.000000
0.046875,-0.046875,0.103516,0.000000,28.998205,5.000000
1.234375,-0.464844,0.285156,0.000000,19.637878,5.000000
0.011719,-0.039062,-0.007812,0.000000,30.655798,6.000000
0.027344,-0.076172,-0.009766,0.000000,31.861084,6.000000
0.029297,-0.119141,-0.005859,0.000000,30.077478,6.000000
0.056641,-0.154297,0.007812,0.000000,25.352942,6.000000
0.287109,0.039062,-1.234375,0.000000,23.521826,6.000000
0.214844,0.041016,-1.291016,0.000000,24.361626,6.000000
0.466797,0.042969,1.265625,0.000000,22.430380,6.000000
2.113281,0.132812,-0.208984,0.000000,29.561684,6.000000
2.156250,0.134766,-0.175781,0.000000,28.350561,6.000000
2.626953,-0.175781,1.019531,0.000000,29.278833,6.000000
2.683594,-0.179688,0.982422,0.000000,32.516380,6.000000
2.777344,-0.089844,0.843750,0.000000,31.812717,6.000000
4.318359,-0.142578,1.392578,0.000000,27.867514,6.000000
4.404297,-0.142578,1.251953,0.000000,31.516762,6.000000
4.542969,-0.144531,0.843750,0.000000,32.533379,6.000000
4.646484,-0.000000,0.392578,0.000000,34.060291,6.000000
4.693359,-0.000000,0.324219,0.000000,34.578819,6.000000
4.734375,0.148438,0.285156,0.000000,31.892096,6.000000
4.843750,-0.308594,0.970703,0.000000,30.394140,6.000000
4.919922,-0.779297,0.308594,0.000000,29.623693,6.000000
0.037109,-0.035156,0.064453,0.000000,30.090258,6.000000
0.046875,-0.046875,0.103516,0.000000,28.998205,6.000000
1.236328,-0.464844,0.279297,0.000000,19.590414,6.000000
0.011719,-0.039062,-0.007812,0.000000,30.659531,7.000000
0.027344,-0.076172,-0.009766,0.000000,31.863913,7.000000
0.029297,-0.119141,-0.003906,0.000000,30.077478,7.000000
0.056641,-0.154297,0.007812,0.000000,25.352942,7.000000
0.246094,0.039062,-1.244141,0.000000,23.483049,7.000000
0.201172,0.041016,-1.292969,0.000000,24.377506,7.000000
0.460938,0.042969,1.267578,0.000000,22.479733,7.000000
2.623047,-0.175781,1.025391,0.000000,29.329807,7.000000
2.658203,-0.179688,1.046875,0.000000,32.579185,7.000000
2.751953,-0.089844,0.923828,0.000000,31.798389,7.000000
4.324219,-0.142578,1.376953,0.000000,27.881683,7.000000
4.402344,-0.142578,1.261719,0.000000,31.486027,7.000000
4.546875,-0.000000,0.832031,0.000000,31.824146,7.000000
4.656250,-0.000000,0.242188,0.000000,34.102711,7.000000
4.695312,-0.000000,0.275391,0.000000,35.293018,7.000000
4.738281,-0.000000,0.250000,0.000000,33.018978,7.000000
4.804688,-0.306641,0.955078,0.000000,30.094509,7.000000
4.826172,-0.308594,1.058594,0.000000,30.813473,7.000000
4.917969,-0.779297,0.341797,0.000000,29.585638,7.000000
0.037109,-0.035156,0.064453,0.000000,30.086002,7.000000
0.044922,-0.046875,0.103516,0.000000,28.998205,7.000000
1.179688,-0.449219,0.343750,0.000000,21.398790,7.000000
1.232422,-0.464844,0.296875,0.000000,19.777237,7.000000
0.011719,-0.039062,-0.007812,0.000000,30.663260,8.000000
0.027344,-0.076172,-0.009766,0.000000,31.863913,8.000000
0.029297,-0.119141,-0.003906,0.000000,30.077478,8.000000
0.056641,-0.154297,0.007812,0.000000,25.352942,8.000000
0.271484,0.039062,-1.238281,0.000000,23.502480,8.000000
0.218750,0.041016,-1.289062,0.000000,24.377506,8.000000
0.455078,0.042969,1.269531,0.000000,22.479733,8.000000
2.636719,-0.175781,0.992188,0.000000,29.334873,8.000000
2.673828,-0.179688,1.007812,0.000000,32.564774,8.000000
2.767578,-0.089844,0.873047,0.000000,31.849752,8.000000
4.316406,-0.142578,1.400391,0.000000,27.846172,8.000000
4.398438,-0.142578,1.277344,0.000000,31.411362,8.000000
4.363281,-0.144531,1.521484,0.000000,30.102999,8.000000
4.664062,-0.000000,-0.029297,0.000000,31.699682,8.000000
4.701172,-0.000000,0.187500,0.000000,33.991543,8.000000
4.742188,-0.000000,0.158203,0.000000,32.105862,8.000000
4.826172,-0.308594,1.054688,0.000000,30.507664,8.000000
4.919922,-0.779297,0.289062,0.000000,29.429996,8.000000
0.037109,-0.035156,0.064453,0.000000,30.086002,8.000000
0.044922,-0.046875,0.103516,0.000000,28.998205,8.000000
1.236328,-0.464844,0.275391,0.000000,19.684830,8.000000
0.011719,-0.039062,-0.007812,0.000000,30.663260,9.000000
0.027344,-0.076172,-0.009766,0.000000,31.863913,9.000000
0.029297,-0.119141,-0.003906,0.000000,30.077478,9.000000
0.056641,-0.154297,0.007812,0.000000,25.352942,9.000000
0.253906,0.039062,-1.242188,0.000000,23.483049,9.000000
0.201172,0.041016,-1.292969,0.000000,24.361626,9.000000
0.472656,0.042969,1.263672,0.000000,22.455126,9.000000
2.072266,0.064453,-0.230469,0.000000,29.670797,9.000000
2.115234,0.066406,-0.216797,0.000000,29.222063,9.000000
2.589844,-0.175781,1.109375,0.000000,29.444826,9.000000
2.644531,-0.179688,1.083984,0.000000,32.598328,9.000000
2.746094,-0.089844,0.941406,0.000000,31.792645,9.000000
4.316406,-0.142578,1.400391,0.000000,27.788744,9.000000
4.396484,-0.142578,1.277344,0.000000,31.401937,9.000000
4.419922,-0.144531,1.347656,0.000000,30.640835,9.000000
4.703125,-0.000000,-0.068359,0.000000,29.804579,9.000000
4.841797,-0.308594,0.976562,0.000000,30.409977,9.000000
4.921875,-0.779297,0.263672,0.000000,29.444826,9.000000
0.037109,-0.035156,0.064453,0.000000,30.081741,9.000000
0.044922,-0.046875,0.103516,0.000000,28.998205,9.000000
1.236328,-0.464844,0.279297,0.000000,19.684830,9.000000
0.011719,-0.039062,-0.007812,0.000000,30.663260,10.000000
0.027344,-0.076172,-0.009766,0.000000,31.861084,10.000000
0.029297,-0.119141,-0.005859,0.000000,30.077478,10.000000
0.056641,-0.154297,0.007812,0.000000,25.340261,10.000000
0.261719,0.039062,-1.240234,0.000000,23.463530,10.000000
0.251953,0.041016,-1.283203,0.000000,24.345690,10.000000
0.423828,0.042969,1.281250,0.000000,22.430380,10.000000
2.035156,0.126953,-0.158203,0.000000,29.637878,10.000000
2.070312,0.195312,-0.156250,0.000000,31.328999,10.000000
2.111328,0.199219,-0.158203,0.000000,29.556877,10.000000
2.582031,-0.175781,1.125000,0.000000,29.334873,10.000000
2.650391,-0.179688,1.066406,0.000000,32.559956,10.000000
2.751953,-0.089844,0.923828,0.000000,31.892096,10.000000
4.316406,-0.142578,1.402344,0.000000,27.944880,10.000000
4.394531,-0.142578,1.285156,0.000000,31.473671,10.000000
4.494141,-0.000000,1.083984,0.000000,31.670218,10.000000
4.625000,0.146484,0.578125,0.000000,30.827854,10.000000
4.693359,0.146484,0.269531,0.000000,30.599419,10.000000
4.861328,-0.308594,0.882812,0.000000,30.503798,10.000000
4.923828,-0.779297,0.246094,0.000000,29.370161,10.000000
0.037109,-0.035156,0.064453,0.000000,30.090258,10.000000
0.046875,-0.046875,0.103516,0.000000,29.003672,10.000000
1.230469,-0.464844,0.308594,0.000000,19.637878,10.000000
0.011719,-0.039062,-0.007812,0.000000,30.659531,11.000000
0.027344,-0.076172,-0.009766,0.000000,31.863913,11.000000
0.029297,-0.119141,-0.005859,0.000000,30.077478,11.000000
0.056641,-0.154297,0.007812,0.000000,25.352942,11.000000
0.244141,0.039062,-1.244141,0.000000,23.502480,11.000000
0.214844,0.041016,-1.291016,0.000000,24.361626,11.000000
0.464844,0.042969,1.267578,0.000000,22.405493,11.000000
2.648438,-0.175781,0.957031,0.000000,29.334873,11.000000
2.681641,-0.179688,0.990234,0.000000,32.603100,11.000000
2.769531,-0.089844,0.871094,0.000000,31.894903,11.000000
4.320312,-0.142578,1.390625,0.000000,27.874605,11.000000
4.398438,-0.142578,1.277344,0.000000,31.427023,11.000000
4.519531,-0.000000,0.972656,0.000000,32.011238,11.000000
4.632812,0.146484,0.513672,0.000000,32.506638,11.000000
4.687500,0.146484,0.378906,0.000000,32.617386,11.000000
4.734375,0.148438,0.279297,0.000000,30.064661,11.000000
4.845703,-0.308594,0.962891,0.000000,30.464952,11.000000
4.921875,-0.779297,0.277344,0.000000,29.395193,11.000000
2.003906,0.255859,-0.320312,-0.614669,28.228216,11.000000
2.044922,0.261719,-0.324219,-0.614669,28.668777,11.000000
0.037109,-0.035156,0.064453,0.000000,30.081741,11.000000
0.046875,-0.046875,0.103516,0.000000,28.998205,11.000000
1.234375,-0.464844,0.285156,0.000000,19.637878,11.000000
