1.380859,-0.505859,0.068359,0.000000,27.067179,0.000000
1.453125,-0.425781,-0.003906,0.000000,23.944517,0.000000
1.492188,-0.437500,0.029297,0.000000,26.424644,0.000000
1.531250,-0.449219,0.009766,0.000000,27.134905,0.000000
2.625000,-0.175781,1.021484,0.000000,29.324738,0.000000
2.703125,-0.089844,0.943359,0.000000,32.607868,0.000000
2.763672,-0.089844,0.890625,0.000000,31.906118,0.000000
4.298828,-0.142578,1.453125,0.000000,27.573959,0.000000
4.390625,-0.142578,1.298828,0.000000,31.238516,0.000000
4.464844,-0.144531,1.185547,0.000000,30.982975,0.000000
4.648438,-0.000000,0.367188,0.000000,30.013010,0.000000
4.693359,-0.000000,0.314453,0.000000,30.899052,0.000000
4.744141,-0.000000,-0.066406,0.000000,29.498777,0.000000
4.748047,-0.298828,-0.529297,0.000000,33.161800,0.000000
4.791016,-0.300781,-0.501953,0.000000,34.070507,0.000000
4.837891,-0.152344,-0.525391,0.000000,30.930714,0.000000
4.843750,-0.154297,1.005859,0.000000,30.895519,0.000000
1.048828,-0.345703,0.048828,-1.844006,19.777237,0.000000
1.085938,-0.357422,0.066406,-1.844006,23.483049,0.000000
1.134766,-0.333984,0.080078,-1.844006,23.074961,0.000000
0.037109,-0.035156,0.064453,0.000000,30.090258,0.000000
0.044922,-0.046875,0.103516,0.000000,29.009130,0.000000
1.169922,-0.449219,0.375000,0.000000,21.303337,0.000000
1.179688,-0.548828,0.361328,0.000000,19.822712,0.000000
0.451172,0.804688,-1.201172,0.000000,22.810333,0.000000
0.865234,1.263672,-0.267578,0.000000,24.440449,0.000000
0.011719,-0.039062,-0.007812,0.000000,30.681858,1.000000
0.027344,-0.076172,-0.009766,0.000000,31.880844,1.000000
0.029297,-0.119141,-0.005859,0.000000,30.094509,1.000000
0.056641,-0.154297,0.007812,0.000000,25.365585,1.000000
0.289062,-0.000000,1.234375,0.000000,23.783979,1.000000
0.234375,-0.000000,1.287109,0.000000,24.548449,1.000000
2.625000,-0.175781,1.021484,0.000000,29.380192,1.000000
2.703125,-0.089844,0.941406,0.000000,32.631626,1.000000
2.765625,-0.089844,0.878906,0.000000,31.956230,1.000000
4.404297,-0.142578,1.255859,0.000000,31.136091,1.000000
4.480469,-0.144531,1.128906,0.000000,30.813473,1.000000
4.642578,-0.000000,0.439453,0.000000,29.726656,1.000000
4.689453,-0.000000,0.376953,0.000000,30.674429,1.000000
4.748047,-0.298828,-0.531250,0.000000,33.040596,1.000000
4.791016,-0.300781,-0.511719,0.000000,33.988079,1.000000
4.814453,-0.304688,-0.656250,0.000000,30.553783,1.000000
4.830078,-0.308594,1.033203,0.000000,30.944712,1.000000
1.019531,-0.298828,0.054688,-0.614669,24.149733,1.000000
1.068359,-0.275391,0.060547,-0.614669,25.378191,1.000000
1.097656,-0.322266,0.042969,-0.614669,23.283796,1.000000
0.037109,-0.035156,0.064453,0.000000,30.086002,1.000000
0.044922,-0.046875,0.103516,0.000000,29.009130,1.000000
1.183594,-0.449219,0.332031,0.000000,21.613680,1.000000
0.011719,-0.039062,-0.007812,0.000000,30.681858,2.000000
0.027344,-0.076172,-0.009766,0.000000,31.878027,2.000000
0.029297,-0.119141,-0.005859,0.000000,30.090258,2.000000
0.056641,-0.154297,0.007812,0.000000,25.378191,2.000000
0.066406,0.039062,-1.265625,0.000000,23.463530,2.000000
0.156250,0.041016,-1.298828,0.000000,24.329693,2.000000
1.505859,-0.388672,-0.023438,0.000000,27.867514,2.000000
2.628906,-0.175781,1.013672,0.000000,29.370161,2.000000
2.701172,-0.089844,0.945312,0.000000,32.605484,2.000000
2.761719,-0.089844,0.892578,0.000000,31.936810,2.000000
4.410156,-0.142578,1.230469,0.000000,31.254812,2.000000
4.480469,-0.144531,1.125000,0.000000,30.958664,2.000000
4.636719,-0.000000,0.494141,0.000000,29.454685,2.000000
4.689453,-0.000000,0.373047,0.000000,30.269417,2.000000
4.736328,-0.148438,-0.244141,0.000000,29.484129,2.000000
4.748047,-0.298828,-0.529297,0.000000,33.564083,2.000000
4.798828,-0.150391,-0.500000,0.000000,34.387005,2.000000
4.833984,-0.152344,-0.552734,0.000000,31.376705,2.000000
4.822266,-0.308594,1.074219,0.000000,31.166077,2.000000
4.832031,-0.156250,1.234375,0.000000,29.206450,2.000000
1.027344,-0.265625,0.066406,0.614669,23.654881,2.000000
1.080078,-0.207031,0.101562,0.614669,23.579348,2.000000
0.037109,-0.035156,0.064453,0.000000,30.090258,2.000000
0.046875,-0.046875,0.103516,0.000000,29.003672,2.000000
1.177734,-0.449219,0.353516,0.000000,21.461281,2.000000
0.011719,-0.039062,-0.007812,0.000000,30.681858,3.000000
0.027344,-0.076172,-0.009766,0.000000,31.880844,3.000000
0.029297,-0.119141,-0.005859,0.000000,30.094509,3.000000
0.056641,-0.154297,0.007812,0.000000,25.365585,3.000000
0.248047,0.039062,-1.242188,0.000000,23.541084,3.000000
0.199219,0.041016,-1.292969,0.000000,24.361626,3.000000
0.519531,0.042969,1.246094,0.000000,22.576786,3.000000
1.320312,-0.435547,0.035156,0.000000,22.455126,3.000000
1.359375,-0.447266,-0.033203,0.000000,23.820171,3.000000
1.439453,-0.425781,-0.187500,0.000000,25.670263,3.000000
1.482422,-0.437500,-0.162109,0.000000,29.731279,3.000000
1.525391,-0.449219,-0.136719,0.000000,30.244856,3.000000
1.566406,-0.460938,-0.107422,0.000000,27.050079,3.000000
2.623047,-0.175781,1.027344,0.000000,29.319662,3.000000
2.701172,-0.089844,0.947266,0.000000,32.588768,3.000000
2.759766,-0.089844,0.898438,0.000000,31.886473,3.000000
4.328125,-0.142578,1.365234,0.000000,27.781513,3.000000
4.414062,-0.142578,1.222656,0.000000,31.271048,3.000000
4.482422,-0.144531,1.119141,0.000000,30.849337,3.000000
4.638672,-0.000000,0.488281,0.000000,29.633156,3.000000
4.689453,-0.000000,0.382812,0.000000,30.530785,3.000000
4.734375,-0.298828,-0.636719,0.000000,31.809856,3.000000
4.777344,-0.300781,-0.619141,0.000000,32.821690,3.000000
4.808594,-0.308594,1.134766,0.000000,30.835026,3.000000
1.037109,-0.232422,0.015625,1.229337,22.648178,3.000000
1.078125,-0.242188,0.009766,1.229337,26.608654,3.000000
1.117188,-0.250000,0.003906,1.229337,26.857418,3.000000
1.158203,-0.259766,-0.007812,1.229337,23.926970,3.000000
1.203125,-0.396484,-0.062500,-1.844006,20.413927,3.000000
1.240234,-0.408203,-0.078125,-1.844006,23.242825,3.000000
1.277344,-0.421875,-0.101562,-1.844006,22.944662,3.000000
1.328125,-0.390625,-0.125000,-1.844006,19.777237,3.000000
0.037109,-0.035156,0.064453,0.000000,30.090258,3.000000
0.044922,-0.046875,0.103516,0.000000,29.009130,3.000000
1.183594,-0.449219,0.333984,0.000000,21.492191,3.000000
1.275391,-0.421875,0.126953,0.000000,20.863598,3.000000
0.699219,0.042969,1.201172,0.000000,21.367207,3.000000
0.742188,0.044922,1.222656,0.000000,21.553360,3.000000
0.412109,0.755859,-1.244141,0.000000,23.053514,3.000000
0.011719,-0.039062,-0.007812,0.000000,30.681858,4.000000
0.027344,-0.076172,-0.009766,0.000000,31.880844,4.000000
0.029297,-0.119141,-0.005859,0.000000,30.090258,4.000000
0.056641,-0.154297,0.007812,0.000000,25.352942,4.000000
0.246094,0.039062,-1.244141,0.000000,23.502480,4.000000
0.185547,0.041016,-1.294922,0.000000,24.345690,4.000000
0.441406,0.042969,1.275391,0.000000,22.624512,4.000000
1.304688,-0.478516,0.054688,0.000000,22.576786,4.000000
1.359375,-0.447266,-0.001953,0.000000,24.313637,4.000000
1.412109,-0.414062,-0.070312,0.000000,23.483049,4.000000
2.625000,-0.175781,1.021484,0.000000,29.370161,4.000000
2.701172,-0.089844,0.943359,0.000000,32.619762,4.000000
2.761719,-0.089844,0.894531,0.000000,31.922886,4.000000
4.308594,-0.142578,1.423828,0.000000,27.671558,4.000000
4.402344,-0.142578,1.263672,0.000000,31.251558,4.000000
4.472656,-0.144531,1.158203,0.000000,30.877813,4.000000
4.638672,-0.000000,0.482422,0.000000,29.708117,4.000000
4.691406,-0.000000,0.343750,0.000000,30.802656,4.000000
4.796875,-0.308594,1.177734,0.000000,30.958664,4.000000
1.117188,-0.250000,-0.037109,1.229337,22.355284,4.000000
1.148438,-0.296875,-0.033203,1.229337,23.180634,4.000000
1.197266,-0.267578,-0.027344,1.229337,20.453230,4.000000
1.267578,-0.328125,-0.031250,-2.458675,20.969101,4.000000
1.216797,-0.357422,0.019531,-1.844006,21.522884,4.000000
0.037109,-0.035156,0.064453,0.000000,30.090258,4.000000
0.044922,-0.046875,0.103516,0.000000,29.009130,4.000000
1.177734,-0.449219,0.353516,0.000000,21.461281,4.000000
1.248047,-0.464844,0.224609,0.000000,20.934217,4.000000
0.458984,0.042969,1.312500,0.000000,21.702618,4.000000
0.449219,0.044922,1.359375,0.000000,22.227165,4.000000
1.244141,-0.408203,-0.025391,-2.458675,20.969101,4.000000
0.011719,-0.039062,-0.007812,0.000000,30.678144,5.000000
0.027344,-0.076172,-0.009766,0.000000,31.880844,5.000000
0.029297,-0.119141,-0.005859,0.000000,30.094509,5.000000
0.056641,-0.154297,0.005859,0.000000,25.365585,5.000000
0.285156,0.039062,-1.234375,0.000000,23.541084,5.000000
0.228516,0.041016,-1.289062,0.000000,24.393328,5.000000
0.472656,0.042969,1.263672,0.000000,22.600714,5.000000
1.296875,-0.267578,0.542969,0.000000,22.121876,5.000000
1.361328,-0.414062,0.376953,0.000000,23.873898,5.000000
2.623047,-0.175781,1.025391,0.000000,29.355072,5.000000
2.701172,-0.089844,0.943359,0.000000,32.612629,5.000000
2.763672,-0.089844,0.890625,0.000000,31.911715,5.000000
4.316406,-0.142578,1.404297,0.000000,27.831886,5.000000
4.404297,-0.142578,1.253906,0.000000,31.309767,5.000000
4.480469,-0.144531,1.125000,0.000000,31.024338,5.000000
4.644531,-0.000000,0.419922,0.000000,29.863237,5.000000
4.691406,-0.000000,0.335938,0.000000,30.795429,5.000000
4.767578,-0.150391,-0.740234,0.000000,29.434946,5.000000
4.818359,-0.308594,1.085938,0.000000,31.024338,5.000000
1.199219,-0.230469,-0.117188,1.229337,19.444826,5.000000
1.048828,-0.345703,0.003906,-2.458675,20.334238,5.000000
1.087891,-0.357422,0.003906,-2.458675,25.037907,5.000000
1.126953,-0.371094,0.007812,-2.458675,26.117233,5.000000
1.177734,-0.345703,0.011719,-2.458675,23.961994,5.000000
0.037109,-0.035156,0.064453,0.000000,30.086002,5.000000
0.044922,-0.046875,0.103516,0.000000,29.003672,5.000000
1.175781,-0.449219,0.361328,0.000000,21.522884,5.000000
1.253906,-0.464844,0.179688,0.000000,20.492180,5.000000
0.011719,-0.039062,-0.007812,0.000000,30.681858,6.000000
0.027344,-0.076172,-0.009766,0.000000,31.878027,6.000000
0.029297,-0.119141,-0.005859,0.000000,30.090258,6.000000
0.056641,-0.154297,0.007812,0.000000,25.378191,6.000000
0.201172,0.039062,-1.251953,0.000000,23.502480,6.000000
0.173828,0.041016,-1.296875,0.000000,24.329693,6.000000
0.490234,0.042969,1.257812,0.000000,22.528530,6.000000
0.666016,0.042969,1.220703,0.000000,21.238516,6.000000
1.353516,-0.447266,-0.123047,0.000000,22.253094,6.000000
1.560547,-0.298828,-0.140625,0.000000,29.956352,6.000000
1.582031,-0.357422,-0.212891,0.000000,28.020893,6.000000
2.619141,-0.175781,1.037109,0.000000,29.365137,6.000000
2.701172,-0.089844,0.947266,0.000000,32.605484,6.000000
2.763672,-0.089844,0.890625,0.000000,31.903316,6.000000
4.318359,-0.142578,1.392578,0.000000,27.853298,6.000000
4.404297,-0.142578,1.253906,0.000000,31.322598,6.000000
4.476562,-0.144531,1.144531,0.000000,30.993353,6.000000
4.640625,-0.000000,0.462891,0.000000,29.809120,6.000000
4.691406,-0.000000,0.349609,0.000000,30.733517,6.000000
4.787109,-0.150391,-0.601562,0.000000,30.182842,6.000000
4.833984,-0.308594,1.013672,0.000000,30.791813,6.000000
1.494141,-0.236328,-0.044922,0.614669,24.440449,6.000000
1.527344,-0.291016,-0.037109,0.614669,29.100906,6.000000
1.197266,-0.191406,-0.191406,1.229337,20.413927,6.000000
1.240234,-0.158203,-0.212891,1.229337,21.931246,6.000000
1.009766,-0.332031,-0.023438,-1.844006,20.492180,6.000000
1.048828,-0.345703,-0.009766,-1.844006,21.583626,6.000000
1.099609,-0.322266,0.017578,-1.844006,19.912260,6.000000
0.037109,-0.035156,0.064453,0.000000,30.094509,6.000000
0.044922,-0.046875,0.103516,0.000000,29.003672,6.000000
1.175781,-0.449219,0.355469,0.000000,21.367207,6.000000
1.257812,-0.464844,0.162109,0.000000,20.374266,6.000000
1.320312,-0.435547,0.017578,0.000000,20.791813,6.000000
0.716797,0.044922,1.238281,0.000000,21.553360,6.000000
0.011719,-0.039062,-0.007812,0.000000,30.685570,7.000000
0.027344,-0.076172,-0.009766,0.000000,31.878027,7.000000
0.029297,-0.119141,-0.005859,0.000000,30.090258,7.000000
0.056641,-0.154297,0.007812,0.000000,25.365585,7.000000
1.007812,-0.332031,0.068359,0.000000,23.242825,7.000000
1.058594,-0.310547,0.056641,0.000000,24.149733,7.000000
1.093750,-0.322266,0.107422,0.000000,21.553360,7.000000
0.248047,0.039062,-1.242188,0.000000,23.502480,7.000000
0.175781,0.041016,-1.296875,0.000000,24.313637,7.000000
1.542969,-0.398438,-0.087891,0.000000,26.848454,7.000000
2.628906,-0.175781,1.013672,0.000000,29.370161,7.000000
2.703125,-0.089844,0.939453,0.000000,32.624512,7.000000
2.765625,-0.089844,0.882812,0.000000,31.894903,7.000000
4.404297,-0.142578,1.250000,0.000000,31.395643,7.000000
4.474609,-0.144531,1.148438,0.000000,31.044870,7.000000
4.648438,-0.000000,0.376953,0.000000,29.912260,7.000000
4.691406,-0.000000,0.339844,0.000000,30.740847,7.000000
4.734375,-0.298828,-0.626953,0.000000,31.720188,7.000000
4.787109,-0.150391,-0.603516,0.000000,32.895889,7.000000
4.814453,-0.000000,-0.716797,0.000000,29.698816,7.000000
4.828125,-0.308594,1.041016,0.000000,31.024338,7.000000
1.578125,-0.150391,-0.177734,1.229337,27.520485,7.000000
1.619141,-0.154297,-0.175781,1.229337,26.444386,7.000000
0.037109,-0.035156,0.064453,0.000000,30.090258,7.000000
0.044922,-0.046875,0.103516,0.000000,29.009130,7.000000
1.179688,-0.449219,0.345703,0.000000,21.398790,7.000000
0.011719,-0.039062,-0.007812,0.000000,30.681858,8.000000
0.027344,-0.076172,-0.009766,0.000000,31.880844,8.000000
0.029297,-0.119141,-0.005859,0.000000,30.090258,8.000000
0.056641,-0.154297,0.007812,0.000000,25.365585,8.000000
0.242188,0.039062,-1.244141,0.000000,23.521826,8.000000
0.214844,0.041016,-1.291016,0.000000,24.329693,8.000000
1.361328,-0.402344,0.183594,0.000000,25.538830,8.000000
2.625000,-0.175781,1.023438,0.000000,29.395193,8.000000
2.701172,-0.089844,0.947266,0.000000,32.633995,8.000000
2.761719,-0.089844,0.894531,0.000000,31.956230,8.000000
4.333984,-0.142578,1.347656,0.000000,27.916906,8.000000
4.406250,-0.142578,1.246094,0.000000,31.392492,8.000000
4.480469,-0.144531,1.128906,0.000000,31.003706,8.000000
4.652344,-0.000000,0.330078,0.000000,29.800034,8.000000
4.695312,-0.000000,0.296875,0.000000,30.629578,8.000000
4.736328,-0.298828,-0.623047,0.000000,32.190605,8.000000
4.779297,-0.300781,-0.599609,0.000000,33.477203,8.000000
4.808594,-0.152344,-0.736328,0.000000,30.692980,8.000000
4.810547,-0.308594,1.125000,0.000000,30.835026,8.000000
0.970703,-0.320312,-0.003906,0.614669,21.367207,8.000000
0.998047,-0.365234,-0.037109,0.614669,23.856062,8.000000
1.033203,-0.378906,-0.097656,0.614669,21.903316,8.000000
1.113281,-0.250000,0.093750,1.229337,20.413927,8.000000
0.037109,-0.035156,0.064453,0.000000,30.090258,8.000000
