0.242188,0.039062,-1.244141,0.000000,23.502480,0.000000
0.177734,0.041016,-1.296875,0.000000,24.361626,0.000000
0.486328,0.042969,1.257812,0.000000,22.455126,0.000000
2.625000,-0.175781,1.021484,0.000000,29.405165,0.000000
2.699219,-0.089844,0.951172,0.000000,32.645817,0.000000
2.759766,-0.089844,0.898438,0.000000,31.920095,0.000000
4.306641,-0.000000,1.437500,0.000000,27.867514,0.000000
4.396484,-0.142578,1.279297,0.000000,31.455072,0.000000
4.490234,-0.144531,1.083984,0.000000,31.119343,0.000000
4.658203,-0.000000,0.232422,0.000000,31.513699,0.000000
4.693359,-0.000000,0.318359,0.000000,32.886963,0.000000
4.734375,0.148438,0.292969,0.000000,30.499929,0.000000
4.845703,-0.308594,0.962891,0.000000,31.051695,0.000000
4.919922,-0.779297,0.304688,0.000000,29.527924,0.000000
1.261719,0.119141,-0.013672,1.844006,20.413927,0.000000
1.302734,0.123047,-0.023438,1.844006,24.857214,0.000000
1.343750,0.126953,-0.033203,1.844006,25.526682,0.000000
1.384766,0.130859,-0.046875,1.844006,22.922562,0.000000
0.037109,-0.035156,0.064453,0.000000,30.090258,0.000000
0.044922,-0.046875,0.103516,0.000000,29.003672,0.000000
1.175781,-0.449219,0.355469,0.000000,21.430147,0.000000
1.232422,-0.464844,0.298828,0.000000,19.731279,0.000000
0.011719,-0.039062,-0.007812,0.000000,30.674429,1.000000
0.027344,-0.076172,-0.009766,0.000000,31.875208,1.000000
0.029297,-0.119141,-0.005859,0.000000,30.086002,1.000000
0.056641,-0.154297,0.007812,0.000000,25.352942,1.000000
0.250000,0.039062,-1.242188,0.000000,23.483049,1.000000
0.193359,0.041016,-1.294922,0.000000,24.345690,1.000000
0.472656,0.042969,1.263672,0.000000,22.504200,1.000000
2.630859,-0.175781,1.009766,0.000000,29.339931,1.000000
2.701172,-0.089844,0.943359,0.000000,32.610249,1.000000
2.763672,-0.089844,0.888672,0.000000,31.922886,1.000000
4.308594,-0.000000,1.433594,0.000000,27.916906,1.000000
4.396484,-0.142578,1.281250,0.000000,31.489109,1.000000
4.437500,-0.144531,1.289062,0.000000,30.722500,1.000000
4.664062,-0.000000,-0.011719,0.000000,28.976271,1.000000
4.695312,-0.000000,0.277344,0.000000,31.258064,1.000000
4.738281,-0.000000,0.265625,0.000000,29.469433,1.000000
4.855469,-0.308594,0.906250,0.000000,30.707766,1.000000
4.900391,-0.935547,0.138672,0.000000,29.294189,1.000000
0.542969,-2.218750,-0.164062,1.229337,22.900347,1.000000
1.384766,0.130859,0.021484,2.458675,22.855574,1.000000
1.425781,0.134766,0.017578,2.458675,22.878017,1.000000
0.037109,-0.035156,0.064453,0.000000,30.081741,1.000000
0.044922,-0.046875,0.103516,0.000000,28.998205,1.000000
1.177734,-0.449219,0.349609,0.000000,21.398790,1.000000
1.240234,-0.464844,0.259766,0.000000,19.731279,1.000000
4.943359,-0.623047,0.296875,0.000000,29.283958,1.000000
0.011719,-0.039062,-0.007812,0.000000,30.678144,2.000000
0.027344,-0.076172,-0.009766,0.000000,31.878027,2.000000
0.029297,-0.119141,-0.005859,0.000000,30.086002,2.000000
0.056641,-0.154297,0.007812,0.000000,25.352942,2.000000
0.240234,0.039062,-1.244141,0.000000,23.483049,2.000000
0.164062,0.041016,-1.298828,0.000000,24.329693,2.000000
0.488281,0.042969,1.257812,0.000000,22.479733,2.000000
2.623047,-0.175781,1.029297,0.000000,29.400181,2.000000
2.701172,-0.089844,0.947266,0.000000,32.643456,2.000000
2.763672,-0.089844,0.890625,0.000000,31.920095,2.000000
4.310547,-0.000000,1.425781,0.000000,27.831886,2.000000
4.402344,-0.142578,1.259766,0.000000,31.442627,2.000000
4.470703,-0.144531,1.167969,0.000000,30.856472,2.000000
4.642578,-0.000000,0.449219,0.000000,28.813847,2.000000
4.669922,-0.000000,0.572266,0.000000,30.047512,2.000000
4.839844,-0.306641,0.757812,0.000000,30.572857,2.000000
4.865234,-0.308594,0.861328,0.000000,31.146111,2.000000
4.939453,-0.623047,0.353516,0.000000,29.735897,2.000000
1.429688,0.089844,0.017578,2.458675,22.504200,2.000000
1.466797,0.138672,-0.001953,2.458675,23.483049,2.000000
1.505859,0.142578,-0.015625,2.458675,21.673174,2.000000
0.037109,-0.035156,0.064453,0.000000,30.086002,2.000000
0.044922,-0.046875,0.103516,0.000000,29.009130,2.000000
1.175781,-0.449219,0.359375,0.000000,21.398790,2.000000
1.234375,-0.464844,0.291016,0.000000,19.684830,2.000000
0.011719,-0.039062,-0.007812,0.000000,30.681858,3.000000
0.027344,-0.076172,-0.009766,0.000000,31.878027,3.000000
0.029297,-0.119141,-0.005859,0.000000,30.086002,3.000000
0.056641,-0.154297,0.007812,0.000000,25.352942,3.000000
0.222656,0.039062,-1.248047,0.000000,23.502480,3.000000
0.148438,0.041016,-1.300781,0.000000,24.329693,3.000000
0.505859,0.042969,1.250000,0.000000,22.479733,3.000000
2.619141,-0.175781,1.039062,0.000000,29.400181,3.000000
2.699219,-0.089844,0.951172,0.000000,32.633995,3.000000
2.761719,-0.089844,0.892578,0.000000,31.934029,3.000000
4.318359,-0.000000,1.404297,0.000000,27.860413,3.000000
4.406250,-0.142578,1.248047,0.000000,31.473671,3.000000
4.472656,-0.144531,1.160156,0.000000,30.951693,3.000000
4.656250,-0.146484,0.648438,0.000000,29.355072,3.000000
4.845703,-0.306641,0.726562,0.000000,30.330214,3.000000
4.859375,-0.308594,0.886719,0.000000,30.888445,3.000000
4.939453,-0.623047,0.351562,0.000000,29.493900,3.000000
1.468750,0.091797,-0.062500,1.844006,21.731863,3.000000
1.509766,0.093750,-0.068359,1.844006,24.183012,3.000000
1.550781,0.097656,-0.058594,1.844006,22.764618,3.000000
0.037109,-0.035156,0.064453,0.000000,30.090258,3.000000
0.044922,-0.046875,0.103516,0.000000,29.003672,3.000000
1.177734,-0.449219,0.349609,0.000000,21.367207,3.000000
1.234375,-0.464844,0.285156,0.000000,19.637878,3.000000
0.011719,-0.039062,-0.007812,0.000000,30.674429,4.000000
0.027344,-0.076172,-0.009766,0.000000,31.875208,4.000000
0.029297,-0.119141,-0.005859,0.000000,30.090258,4.000000
0.056641,-0.154297,0.007812,0.000000,25.378191,4.000000
0.240234,0.039062,-1.244141,0.000000,23.502480,4.000000
0.164062,0.041016,-1.298828,0.000000,24.329693,4.000000
0.474609,0.042969,1.263672,0.000000,22.479733,4.000000
2.607422,-0.175781,1.068359,0.000000,29.263424,4.000000
2.697266,-0.089844,0.957031,0.000000,32.600716,4.000000
2.761719,-0.089844,0.896484,0.000000,31.903316,4.000000
4.306641,-0.000000,1.441406,0.000000,27.853298,4.000000
4.398438,-0.142578,1.275391,0.000000,31.439510,4.000000
4.476562,-0.000000,1.154297,0.000000,30.993353,4.000000
4.833984,-0.154297,0.845703,0.000000,30.098757,4.000000
4.859375,-0.308594,0.888672,0.000000,30.930714,4.000000
4.937500,-0.623047,0.369141,0.000000,29.503649,4.000000
1.546875,0.048828,-0.144531,1.229337,22.855574,4.000000
1.589844,0.050781,-0.132812,1.229337,22.380461,4.000000
0.037109,-0.035156,0.064453,0.000000,30.090258,4.000000
0.046875,-0.046875,0.103516,0.000000,29.003672,4.000000
1.179688,-0.449219,0.343750,0.000000,21.430147,4.000000
1.238281,-0.464844,0.269531,0.000000,19.684830,4.000000
0.011719,-0.039062,-0.007812,0.000000,30.678144,5.000000
0.027344,-0.076172,-0.009766,0.000000,31.878027,5.000000
0.029297,-0.119141,-0.005859,0.000000,30.090258,5.000000
0.056641,-0.154297,0.007812,0.000000,25.365585,5.000000
0.226562,0.039062,-1.246094,0.000000,23.521826,5.000000
0.193359,0.041016,-1.294922,0.000000,24.345690,5.000000
0.486328,0.042969,1.257812,0.000000,22.455126,5.000000
2.615234,-0.175781,1.046875,0.000000,29.370161,5.000000
2.697266,-0.089844,0.958984,0.000000,32.607868,5.000000
2.759766,-0.089844,0.902344,0.000000,31.894903,5.000000
4.302734,-0.000000,1.453125,0.000000,27.888752,5.000000
4.394531,-0.142578,1.287109,0.000000,31.455072,5.000000
4.464844,-0.000000,1.199219,0.000000,30.930714,5.000000
4.820312,-0.154297,0.912109,0.000000,29.876663,5.000000
4.859375,-0.308594,0.892578,0.000000,31.024338,5.000000
4.937500,-0.623047,0.369141,0.000000,29.493900,5.000000
1.710938,-0.000000,-0.162109,0.614669,26.812412,5.000000
1.750000,-0.000000,-0.173828,0.614669,26.711729,5.000000
0.037109,-0.035156,0.064453,0.000000,30.090258,5.000000
0.044922,-0.046875,0.103516,0.000000,29.003672,5.000000
1.177734,-0.449219,0.353516,0.000000,21.430147,5.000000
1.232422,-0.464844,0.292969,0.000000,19.684830,5.000000
0.011719,-0.039062,-0.007812,0.000000,30.678144,6.000000
0.027344,-0.076172,-0.009766,0.000000,31.875208,6.000000
0.029297,-0.119141,-0.005859,0.000000,30.090258,6.000000
0.056641,-0.154297,0.007812,0.000000,25.365585,6.000000
0.230469,0.039062,-1.246094,0.000000,23.521826,6.000000
0.195312,0.041016,-1.292969,0.000000,24.345690,6.000000
0.478516,0.042969,1.261719,0.000000,22.504200,6.000000
1.701172,0.214844,0.109375,0.000000,28.305887,6.000000
2.613281,-0.175781,1.050781,0.000000,29.380192,6.000000
2.699219,-0.089844,0.953125,0.000000,32.626884,6.000000
2.759766,-0.089844,0.898438,0.000000,31.931246,6.000000
4.312500,-0.000000,1.419922,0.000000,27.817554,6.000000
4.398438,-0.142578,1.273438,0.000000,31.417633,6.000000
4.445312,-0.144531,1.261719,0.000000,30.704073,6.000000
4.699219,-0.146484,0.140625,0.000000,29.547249,6.000000
4.857422,-0.308594,0.904297,0.000000,30.944712,6.000000
4.935547,-0.623047,0.390625,0.000000,29.633156,6.000000
0.037109,-0.035156,0.064453,0.000000,30.086002,6.000000
0.046875,-0.046875,0.103516,0.000000,29.003672,6.000000
1.177734,-0.449219,0.351562,0.000000,21.461281,6.000000
1.238281,-0.464844,0.271484,0.000000,19.822712,6.000000
0.011719,-0.039062,-0.007812,0.000000,30.678144,7.000000
0.027344,-0.076172,-0.009766,0.000000,31.875208,7.000000
0.029297,-0.119141,-0.005859,0.000000,30.090258,7.000000
0.056641,-0.154297,0.007812,0.000000,25.378191,7.000000
0.253906,0.039062,-1.242188,0.000000,23.502480,7.000000
0.224609,0.041016,-1.289062,0.000000,24.313637,7.000000
0.462891,0.042969,1.267578,0.000000,22.405493,7.000000
2.603516,-0.175781,1.076172,0.000000,29.247959,7.000000
2.697266,-0.089844,0.958984,0.000000,32.533379,7.000000
2.761719,-0.089844,0.892578,0.000000,31.812717,7.000000
4.318359,-0.000000,1.404297,0.000000,27.831886,7.000000
4.400391,-0.142578,1.265625,0.000000,31.439510,7.000000
4.439453,-0.144531,1.279297,0.000000,30.526939,7.000000
4.662109,-0.000000,0.087891,0.000000,30.350292,7.000000
4.695312,-0.000000,0.277344,0.000000,32.516380,7.000000
4.738281,0.148438,0.187500,0.000000,30.689276,7.000000
4.849609,-0.308594,0.939453,0.000000,30.685570,7.000000
4.935547,-0.623047,0.392578,0.000000,29.400181,7.000000
0.037109,-0.035156,0.064453,0.000000,30.090258,7.000000
0.044922,-0.046875,0.103516,0.000000,29.009130,7.000000
1.177734,-0.449219,0.351562,0.000000,21.367207,7.000000
1.236328,-0.464844,0.279297,0.000000,19.684830,7.000000
0.011719,-0.039062,-0.007812,0.000000,30.674429,8.000000
0.027344,-0.076172,-0.009766,0.000000,31.875208,8.000000
0.029297,-0.119141,-0.005859,0.000000,30.090258,8.000000
0.056641,-0.154297,0.007812,0.000000,25.365585,8.000000
0.236328,0.039062,-1.246094,0.000000,23.521826,8.000000
0.212891,0.041016,-1.291016,0.000000,24.345690,8.000000
0.453125,0.042969,1.271484,0.000000,22.479733,8.000000
1.751953,0.109375,-0.113281,0.000000,28.432327,8.000000
1.791016,0.167969,-0.056641,0.000000,28.048206,8.000000
2.607422,-0.175781,1.066406,0.000000,29.429996,8.000000
2.658203,-0.179688,1.050781,0.000000,32.605484,8.000000
2.757812,-0.089844,0.908203,0.000000,31.886473,8.000000
4.306641,-0.000000,1.435547,0.000000,27.860413,8.000000
4.398438,-0.142578,1.273438,0.000000,31.516762,8.000000
4.476562,-0.144531,1.144531,0.000000,31.182648,8.000000
4.654297,-0.000000,0.279297,0.000000,30.576660,8.000000
4.691406,-0.146484,0.314453,0.000000,31.731863,8.000000
4.849609,-0.308594,0.939453,0.000000,30.755470,8.000000
4.937500,-0.623047,0.376953,0.000000,29.493900,8.000000
0.037109,-0.035156,0.064453,0.000000,30.090258,8.000000
0.044922,-0.046875,0.103516,0.000000,29.009130,8.000000
1.177734,-0.449219,0.353516,0.000000,21.430147,8.000000
1.232422,-0.464844,0.294922,0.000000,19.684830,8.000000
0.011719,-0.039062,-0.007812,0.000000,30.674429,9.000000
0.027344,-0.076172,-0.009766,0.000000,31.872387,9.000000
0.029297,-0.119141,-0.005859,0.000000,30.090258,9.000000
0.056641,-0.154297,0.007812,0.000000,25.378191,9.000000
0.197266,0.039062,-1.251953,0.000000,23.502480,9.000000
0.138672,0.041016,-1.300781,0.000000,24.345690,9.000000
0.490234,0.042969,1.257812,0.000000,22.479733,9.000000
1.710938,0.107422,-0.105469,0.000000,26.954817,9.000000
1.748047,0.054688,-0.181641,0.000000,27.387806,9.000000
2.632812,-0.175781,1.001953,0.000000,29.375179,9.000000
2.705078,-0.089844,0.935547,0.000000,32.631626,9.000000
2.767578,-0.089844,0.876953,0.000000,31.934029,9.000000
4.312500,-0.142578,1.416016,0.000000,27.860413,9.000000
4.406250,-0.142578,1.250000,0.000000,31.510633,9.000000
4.515625,-0.144531,0.974609,0.000000,31.367207,9.000000
4.658203,-0.000000,0.238281,0.000000,32.562366,9.000000
4.693359,0.146484,0.275391,0.000000,33.914642,9.000000
4.736328,-0.000000,0.277344,0.000000,31.696745,9.000000
4.841797,-0.308594,0.978516,0.000000,30.689276,9.000000
4.931641,-0.623047,0.441406,0.000000,29.273705,9.000000
0.037109,-0.035156,0.064453,0.000000,30.094509,9.000000
0.044922,-0.046875,0.103516,0.000000,29.009130,9.000000
1.179688,-0.449219,0.347656,0.000000,21.398790,9.000000
1.234375,-0.464844,0.285156,0.000000,19.684830,9.000000
0.011719,-0.039062,-0.007812,0.000000,30.674429,10.000000
0.027344,-0.076172,-0.009766,0.000000,31.875208,10.000000
0.029297,-0.119141,-0.005859,0.000000,30.090258,10.000000
0.056641,-0.154297,0.007812,0.000000,25.365585,10.000000
0.255859,0.039062,-1.242188,0.000000,23.521826,10.000000
0.179688,0.041016,-1.294922,0.000000,24.361626,10.000000
0.488281,0.042969,1.257812,0.000000,22.479733,10.000000
1.777344,0.113281,-0.255859,0.000000,27.930916,10.000000
2.626953,-0.175781,1.015625,0.000000,29.319662,10.000000
2.707031,-0.089844,0.927734,0.000000,32.576786,10.000000
2.771484,-0.089844,0.867188,0.000000,31.838390,10.000000
4.314453,-0.000000,1.417969,0.000000,27.803173,10.000000
4.404297,-0.142578,1.253906,0.000000,31.507565,10.000000
4.472656,-0.144531,1.154297,0.000000,31.129400,10.000000
4.660156,-0.146484,0.107422,0.000000,29.459606,10.000000
4.697266,-0.146484,0.207031,0.000000,30.445398,10.000000
4.833984,-0.308594,1.017578,0.000000,30.640835,10.000000
4.929688,-0.623047,0.468750,0.000000,29.400181,10.000000
0.037109,-0.035156,0.064453,0.000000,30.090258,10.000000
0.044922,-0.046875,0.103516,0.000000,29.009130,10.000000
1.175781,-0.449219,0.359375,0.000000,21.461281,10.000000
1.234375,-0.464844,0.285156,0.000000,19.684830,10.000000
0.011719,-0.039062,-0.007812,0.000000,30.674429,11.000000
0.027344,-0.076172,-0.009766,0.000000,31.875208,11.000000
0.029297,-0.119141,-0.005859,0.000000,30.090258,11.000000
