1.214844,0.357422,0.052734,0.000000,19.242792,0.000000
0.011719,-0.039062,-0.007812,0.000000,30.726175,1.000000
0.017578,-0.080078,-0.007812,0.000000,31.972805,1.000000
0.029297,-0.119141,-0.003906,0.000000,30.207754,1.000000
0.056641,-0.154297,0.005859,0.000000,25.502283,1.000000
0.308594,-0.080078,-1.226562,0.000000,21.903316,1.000000
0.326172,-0.041016,1.267578,0.000000,23.201464,1.000000
0.488281,-0.042969,1.257812,0.000000,21.903316,1.000000
1.712891,-0.107422,-0.068359,0.000000,28.115749,1.000000
2.564453,-0.263672,1.148438,0.000000,29.365137,1.000000
2.623047,-0.179688,1.132812,0.000000,32.762321,1.000000
2.666016,-0.181641,1.134766,0.000000,32.038486,1.000000
1.742188,-0.109375,0.208984,0.614669,25.786392,1.000000
1.666016,0.158203,-0.125000,1.844006,23.404442,1.000000
1.705078,0.160156,-0.142578,1.844006,22.201080,1.000000
0.041016,-0.033203,0.062500,0.000000,30.145205,1.000000
0.044922,-0.046875,0.103516,0.000000,29.047155,1.000000
1.216797,0.357422,0.039062,0.000000,19.242792,1.000000
0.011719,-0.039062,-0.007812,0.000000,30.726175,2.000000
0.017578,-0.080078,-0.007812,0.000000,31.967287,2.000000
0.029297,-0.119141,-0.005859,0.000000,30.195316,2.000000
0.056641,-0.154297,0.005859,0.000000,25.490032,2.000000
0.324219,-0.080078,-1.222656,0.000000,21.958996,2.000000
0.324219,-0.041016,1.267578,0.000000,23.222193,2.000000
0.443359,-0.000000,1.275391,0.000000,21.931246,2.000000
1.656250,-0.052734,-0.259766,0.000000,27.226339,2.000000
2.554688,-0.263672,1.169922,0.000000,29.355072,2.000000
2.607422,-0.267578,1.152344,0.000000,32.711445,2.000000
2.666016,-0.181641,1.140625,0.000000,31.934029,2.000000
1.712891,-0.052734,-0.107422,0.614669,30.047512,2.000000
1.755859,-0.054688,-0.095703,0.614669,29.211660,2.000000
1.794922,0.113281,-0.087891,1.229337,25.010593,2.000000
0.041016,-0.033203,0.062500,0.000000,30.141003,2.000000
0.044922,-0.046875,0.103516,0.000000,29.041744,2.000000
1.214844,0.357422,0.052734,0.000000,19.242792,2.000000
0.011719,-0.039062,-0.007812,0.000000,30.729847,3.000000
0.017578,-0.080078,-0.007812,0.000000,31.972805,3.000000
0.029297,-0.119141,-0.003906,0.000000,30.203613,3.000000
0.056641,-0.154297,0.005859,0.000000,25.514500,3.000000
0.343750,-0.080078,-1.218750,0.000000,21.986570,3.000000
0.310547,-0.041016,1.271484,0.000000,23.242825,3.000000
0.509766,-0.042969,1.250000,0.000000,21.931246,3.000000
2.544922,-0.263672,1.191406,0.000000,29.350031,3.000000
2.619141,-0.179688,1.140625,0.000000,32.704460,3.000000
2.669922,-0.181641,1.128906,0.000000,32.005768,3.000000
1.753906,-0.054688,-0.115234,0.614669,28.932068,3.000000
1.798828,-0.056641,-0.017578,0.614669,28.727388,3.000000
0.041016,-0.033203,0.062500,0.000000,30.145205,3.000000
0.044922,-0.046875,0.103516,0.000000,29.052561,3.000000
1.214844,0.357422,0.064453,0.000000,19.190781,3.000000
0.011719,-0.039062,-0.007812,0.000000,30.733517,4.000000
0.017578,-0.080078,-0.007812,0.000000,31.975563,4.000000
0.029297,-0.119141,-0.003906,0.000000,30.207754,4.000000
0.056641,-0.154297,0.005859,0.000000,25.514500,4.000000
0.333984,-0.080078,-1.220703,0.000000,21.958996,4.000000
0.306641,-0.041016,1.271484,0.000000,23.201464,4.000000
0.425781,-0.000000,1.281250,0.000000,21.903316,4.000000
2.541016,-0.263672,1.201172,0.000000,29.498777,4.000000
2.615234,-0.179688,1.150391,0.000000,32.801228,4.000000
2.662109,-0.181641,1.144531,0.000000,32.024883,4.000000
1.716797,-0.000000,-0.066406,0.614669,30.191162,4.000000
1.755859,-0.000000,-0.091797,0.614669,31.417633,4.000000
1.794922,0.056641,-0.109375,0.614669,28.727388,4.000000
1.818359,0.171875,0.236328,1.229337,23.598354,4.000000
0.041016,-0.033203,0.062500,0.000000,30.149403,4.000000
0.044922,-0.046875,0.103516,0.000000,29.052561,4.000000
1.214844,0.357422,0.058594,0.000000,19.190781,4.000000
0.617188,2.417969,-0.048828,0.000000,24.653828,4.000000
0.011719,-0.039062,-0.007812,0.000000,30.726175,5.000000
0.017578,-0.080078,-0.007812,0.000000,31.970047,5.000000
0.029297,-0.119141,-0.003906,0.000000,30.203613,5.000000
0.056641,-0.154297,0.005859,0.000000,25.514500,5.000000
0.367188,-0.080078,-1.210938,0.000000,21.931246,5.000000
0.261719,-0.041016,1.281250,0.000000,23.242825,5.000000
0.380859,-0.000000,1.294922,0.000000,21.931246,5.000000
2.552734,-0.263672,1.171875,0.000000,29.434946,5.000000
2.615234,-0.179688,1.152344,0.000000,32.699799,5.000000
2.660156,-0.181641,1.150391,0.000000,31.869564,5.000000
4.380859,-0.287109,1.312500,0.000000,29.670797,5.000000
4.404297,-0.289062,1.375000,0.000000,29.314579,5.000000
1.718750,-0.000000,0.013672,0.614669,26.138418,5.000000
1.757812,0.054688,0.042969,0.614669,29.237619,5.000000
1.798828,0.056641,-0.001953,0.614669,28.943161,5.000000
1.773438,-0.281250,-0.134766,-0.614669,26.803354,5.000000
1.818359,-0.230469,-0.177734,-0.614669,25.998831,5.000000
0.041016,-0.033203,0.062500,0.000000,30.145205,5.000000
0.044922,-0.046875,0.103516,0.000000,29.047155,5.000000
1.216797,0.357422,0.033203,0.000000,19.294189,5.000000
0.011719,-0.039062,-0.007812,0.000000,30.726175,6.000000
0.017578,-0.080078,-0.007812,0.000000,31.970047,6.000000
0.029297,-0.119141,-0.003906,0.000000,30.203613,6.000000
0.056641,-0.154297,0.005859,0.000000,25.502283,6.000000
0.353516,-0.080078,-1.214844,0.000000,22.013971,6.000000
0.312500,-0.041016,1.269531,0.000000,23.283796,6.000000
0.425781,-0.000000,1.281250,0.000000,21.958996,6.000000
1.792969,-0.113281,-0.107422,0.000000,30.863598,6.000000
1.830078,-0.115234,-0.162109,0.000000,29.717396,6.000000
2.541016,-0.263672,1.201172,0.000000,29.415113,6.000000
2.601562,-0.267578,1.164062,0.000000,32.780674,6.000000
2.664062,-0.181641,1.144531,0.000000,32.070957,6.000000
4.417969,-0.287109,1.179688,0.000000,32.000294,6.000000
4.464844,-0.289062,1.160156,0.000000,31.571545,6.000000
4.841797,-0.306641,0.748047,0.000000,30.170334,6.000000
4.890625,-0.308594,0.699219,0.000000,30.877813,6.000000
1.757812,-0.000000,0.031250,0.614669,28.394781,6.000000
1.867188,-0.000000,-0.226562,0.614669,25.843311,6.000000
0.041016,-0.033203,0.062500,0.000000,30.145205,6.000000
0.044922,-0.046875,0.103516,0.000000,29.047155,6.000000
1.214844,0.357422,0.058594,0.000000,19.344984,6.000000
0.011719,-0.039062,-0.007812,0.000000,30.733517,7.000000
0.017578,-0.080078,-0.007812,0.000000,31.975563,7.000000
0.029297,-0.119141,-0.003906,0.000000,30.203613,7.000000
0.056641,-0.154297,0.005859,0.000000,25.502283,7.000000
0.316406,-0.080078,-1.224609,0.000000,21.958996,7.000000
0.328125,-0.041016,1.265625,0.000000,23.222193,7.000000
0.519531,-0.042969,1.244141,0.000000,21.903316,7.000000
1.759766,-0.113281,-0.359375,0.000000,27.363964,7.000000
2.560547,-0.263672,1.156250,0.000000,29.405165,7.000000
2.623047,-0.179688,1.132812,0.000000,32.706787,7.000000
2.664062,-0.181641,1.140625,0.000000,31.883659,7.000000
4.412109,-0.287109,1.199219,0.000000,30.244856,7.000000
4.468750,-0.433594,1.097656,0.000000,29.429996,7.000000
4.798828,-0.460938,0.929688,0.000000,30.603201,7.000000
4.873047,-0.308594,0.814453,0.000000,31.702618,7.000000
1.746094,-0.054688,-0.212891,0.614669,26.946053,7.000000
1.837891,0.056641,0.095703,0.614669,26.589649,7.000000
1.873047,0.117188,0.148438,0.614669,26.273659,7.000000
1.615234,0.205078,-0.164062,1.229337,23.404442,7.000000
0.041016,-0.033203,0.062500,0.000000,30.145205,7.000000
0.044922,-0.046875,0.103516,0.000000,29.047155,7.000000
1.216797,0.357422,0.037109,0.000000,19.138138,7.000000
2.873047,-2.003906,-2.953125,0.000000,27.474117,7.000000
2.923828,-2.021484,-2.955078,0.000000,26.972294,7.000000
0.011719,-0.039062,-0.007812,0.000000,30.726175,8.000000
0.017578,-0.080078,-0.007812,0.000000,31.972805,8.000000
0.029297,-0.119141,-0.005859,0.000000,30.199467,8.000000
0.056641,-0.154297,0.005859,0.000000,25.490032,8.000000
0.386719,-0.080078,-1.205078,0.000000,21.986570,8.000000
0.269531,-0.041016,1.281250,0.000000,23.263359,8.000000
0.406250,-0.000000,1.287109,0.000000,21.958996,8.000000
1.750000,-0.109375,-0.142578,0.000000,28.061800,8.000000
1.789062,-0.056641,-0.185547,0.000000,30.301949,8.000000
2.542969,-0.263672,1.197266,0.000000,29.294189,8.000000
2.605469,-0.267578,1.158203,0.000000,32.723057,8.000000
2.664062,-0.181641,1.142578,0.000000,32.005768,8.000000
4.414062,-0.287109,1.191406,0.000000,31.115986,8.000000
4.472656,-0.289062,1.134766,0.000000,30.569048,8.000000
4.890625,-0.308594,0.695312,0.000000,29.689497,8.000000
1.839844,-0.000000,0.068359,0.614669,29.355072,8.000000
1.818359,-0.000000,0.486328,0.614669,26.739420,8.000000
0.041016,-0.033203,0.062500,0.000000,30.145205,8.000000
0.044922,-0.046875,0.103516,0.000000,29.047155,8.000000
1.214844,0.357422,0.068359,0.000000,19.138138,8.000000
0.011719,-0.039062,-0.007812,0.000000,30.726175,9.000000
0.017578,-0.080078,-0.007812,0.000000,31.972805,9.000000
0.029297,-0.119141,-0.003906,0.000000,30.207754,9.000000
0.056641,-0.154297,0.005859,0.000000,25.514500,9.000000
0.320312,-0.080078,-1.224609,0.000000,21.986570,9.000000
0.337891,-0.041016,1.263672,0.000000,23.263359,9.000000
0.525391,-0.042969,1.242188,0.000000,21.958996,9.000000
1.794922,-0.113281,-0.085938,0.000000,27.379873,9.000000
2.537109,-0.263672,1.207031,0.000000,29.405165,9.000000
2.605469,-0.267578,1.156250,0.000000,32.748505,9.000000
2.669922,-0.181641,1.130859,0.000000,31.945143,9.000000
4.412109,-0.287109,1.203125,0.000000,30.718821,9.000000
4.472656,-0.289062,1.128906,0.000000,30.102999,9.000000
4.791016,-0.460938,0.964844,0.000000,30.149403,9.000000
4.880859,-0.308594,0.757812,0.000000,31.296900,9.000000
1.916016,0.060547,-0.146484,0.614669,26.646420,9.000000
1.986328,0.250000,-0.074219,0.614669,26.127838,9.000000
0.041016,-0.033203,0.062500,0.000000,30.136797,9.000000
0.044922,-0.046875,0.103516,0.000000,29.041744,9.000000
1.216797,0.357422,0.041016,0.000000,19.294189,9.000000
3.037109,-2.021484,-2.837891,0.000000,27.259117,9.000000
0.011719,-0.039062,-0.007812,0.000000,30.722500,10.000000
0.017578,-0.080078,-0.007812,0.000000,31.967287,10.000000
0.029297,-0.119141,-0.005859,0.000000,30.195316,10.000000
0.056641,-0.154297,0.005859,0.000000,25.490032,10.000000
0.347656,-0.080078,-1.216797,0.000000,22.013971,10.000000
0.298828,-0.041016,1.273438,0.000000,23.283796,10.000000
0.505859,-0.042969,1.250000,0.000000,21.986570,10.000000
2.542969,-0.263672,1.195312,0.000000,29.324738,10.000000
2.597656,-0.267578,1.171875,0.000000,32.736958,10.000000
2.654297,-0.181641,1.166016,0.000000,31.970047,10.000000
4.417969,-0.287109,1.183594,0.000000,30.759117,10.000000
4.482422,-0.289062,1.093750,0.000000,30.043213,10.000000
4.734375,-0.449219,-0.542969,0.000000,31.448854,10.000000
4.787109,-0.453125,-0.412109,0.000000,31.778250,10.000000
4.865234,-0.464844,0.781250,0.000000,30.584261,10.000000
1.876953,0.058594,0.121094,0.614669,28.651039,10.000000
1.917969,0.121094,0.017578,0.614669,29.242792,10.000000
0.041016,-0.033203,0.062500,0.000000,30.149403,10.000000
0.044922,-0.046875,0.103516,0.000000,29.052561,10.000000
1.216797,0.357422,0.050781,0.000000,19.344984,10.000000
2.912109,-2.021484,-2.966797,0.000000,27.395723,10.000000
0.011719,-0.039062,-0.007812,0.000000,30.733517,11.000000
0.017578,-0.080078,-0.007812,0.000000,31.970047,11.000000
0.041016,-0.115234,-0.007812,0.000000,30.195316,11.000000
0.056641,-0.154297,0.005859,0.000000,25.490032,11.000000
0.371094,-0.080078,-1.210938,0.000000,22.013971,11.000000
0.267578,-0.041016,1.281250,0.000000,23.263359,11.000000
0.390625,-0.000000,1.291016,0.000000,21.931246,11.000000
2.556641,-0.263672,1.167969,0.000000,29.380192,11.000000
2.609375,-0.267578,1.148438,0.000000,32.778385,11.000000
2.666016,-0.181641,1.138672,0.000000,32.030331,11.000000
4.414062,-0.287109,1.191406,0.000000,30.849337,11.000000
4.472656,-0.289062,1.130859,0.000000,30.409977,11.000000
4.738281,-0.449219,-0.507812,0.000000,33.228394,11.000000
4.791016,-0.453125,-0.380859,0.000000,33.376591,11.000000
4.865234,-0.306641,0.576172,0.000000,30.530785,11.000000
4.886719,-0.308594,0.724609,0.000000,30.996807,11.000000
0.041016,-0.033203,0.062500,0.000000,30.145205,11.000000
0.044922,-0.046875,0.103516,0.000000,29.047155,11.000000
1.214844,0.357422,0.082031,0.000000,19.242792,11.000000
2.912109,-2.021484,-2.964844,0.000000,27.520485,11.000000
0.011719,-0.039062,-0.007812,0.000000,30.733517,12.000000
0.017578,-0.080078,-0.007812,0.000000,31.972805,12.000000
0.029297,-0.119141,-0.003906,0.000000,30.203613,12.000000
0.056641,-0.154297,0.005859,0.000000,25.502283,12.000000
0.339844,-0.080078,-1.218750,0.000000,22.013971,12.000000
0.308594,-0.041016,1.271484,0.000000,23.263359,12.000000
0.400391,-0.000000,1.289062,0.000000,21.875208,12.000000
1.669922,0.052734,-0.152344,0.000000,28.419847,12.000000
1.705078,0.107422,-0.181641,0.000000,28.494194,12.000000
2.544922,-0.263672,1.191406,0.000000,29.365137,12.000000
2.605469,-0.267578,1.158203,0.000000,32.769211,12.000000
2.660156,-0.181641,1.150391,0.000000,32.038486,12.000000
4.417969,-0.287109,1.181641,0.000000,30.817072,12.000000
4.513672,-0.289062,0.955078,0.000000,30.685570,12.000000
4.687500,-0.445312,-0.589844,0.000000,29.661417,12.000000
4.740234,-0.449219,-0.490234,0.000000,33.117538,12.000000
4.792969,-0.453125,-0.355469,0.000000,33.310223,12.000000
4.857422,-0.304688,0.111328,0.000000,29.670797,12.000000
4.855469,-0.306641,0.648438,0.000000,30.326187,12.000000
4.890625,-0.308594,0.703125,0.000000,30.817072,12.000000
1.851562,0.179688,0.486328,0.614669,27.126497,12.000000
1.945312,0.183594,0.201172,0.614669,26.989700,12.000000
0.041016,-0.033203,0.062500,0.000000,30.149403,12.000000
0.044922,-0.046875,0.103516,0.000000,29.052561,12.000000
1.216797,0.357422,0.021484,0.000000,19.344984,12.000000
0.011719,-0.039062,-0.007812,0.000000,30.722500,13.000000
0.017578,-0.080078,-0.007812,0.000000,31.970047,13.000000
0.029297,-0.119141,-0.003906,0.000000,30.203613,13.000000
0.056641,-0.154297,0.007812,0.000000,25.514500,13.000000
0.353516,-0.080078,-1.214844,0.000000,21.986570,13.000000
0.308594,-0.041016,1.271484,0.000000,23.263359,13.000000
0.429688,-0.000000,1.279297,0.000000,21.931246,13.000000
2.546875,-0.263672,1.189453,0.000000,29.324738,13.000000
2.605469,-0.267578,1.154297,0.000000,32.720737,13.000000
2.664062,-0.181641,1.142578,0.000000,31.992065,13.000000
4.406250,-0.287109,1.222656,0.000000,30.827854,13.000000
4.410156,-0.289062,1.357422,0.000000,30.421816,13.000000
4.738281,-0.449219,-0.498047,0.000000,33.074959,13.000000
4.791016,-0.453125,-0.373047,0.000000,33.416325,13.000000
4.845703,-0.457031,-0.023438,0.000000,30.174507,13.000000
4.867188,-0.306641,0.566406,0.000000,30.285713,13.000000
