1.500000,-0.046875,0.199219,0.614669,28.686445,0.000000
1.539062,-0.048828,0.210938,0.614669,29.763500,0.000000
1.583984,-0.050781,0.181641,0.614669,27.007038,0.000000
1.289062,0.082031,-0.212891,1.229337,25.514500,0.000000
1.328125,0.083984,-0.220703,1.229337,26.063814,0.000000
0.041016,-0.033203,0.062500,0.000000,30.136797,0.000000
0.052734,-0.042969,0.101562,0.000000,28.998205,0.000000
2.849609,-2.003906,-2.974609,0.000000,27.781513,0.000000
2.974609,-2.021484,-2.904297,0.000000,27.067179,0.000000
0.011719,-0.039062,-0.007812,0.000000,30.748165,1.000000
0.017578,-0.080078,-0.007812,0.000000,31.967287,1.000000
0.041016,-0.115234,-0.007812,0.000000,30.224283,1.000000
0.056641,-0.154297,0.005859,0.000000,25.477747,1.000000
0.322266,-0.080078,-1.224609,0.000000,21.760912,1.000000
0.511719,-0.041016,1.205078,0.000000,21.398790,1.000000
1.550781,-0.048828,0.082031,0.000000,29.804579,1.000000
1.593750,-0.000000,0.074219,0.000000,29.561684,1.000000
1.634766,0.050781,-0.005859,0.000000,27.151674,1.000000
2.537109,-0.263672,1.207031,0.000000,29.434946,1.000000
2.601562,-0.267578,1.166016,0.000000,32.778385,1.000000
2.664062,-0.181641,1.142578,0.000000,31.997551,1.000000
4.414062,-0.287109,1.195312,0.000000,30.835026,1.000000
4.458984,-0.289062,1.183594,0.000000,29.969492,1.000000
4.736328,-0.449219,-0.525391,0.000000,33.512165,1.000000
4.775391,-0.453125,-0.537109,0.000000,34.488609,1.000000
4.812500,-0.457031,-0.574219,0.000000,31.939590,1.000000
1.335938,-0.042969,-0.187500,0.614669,24.814426,1.000000
1.380859,-0.042969,-0.156250,0.614669,25.786392,1.000000
1.431641,-0.000000,-0.048828,0.614669,24.265112,1.000000
1.470703,0.046875,-0.035156,0.614669,25.314789,1.000000
1.509766,-0.000000,0.115234,0.614669,27.619278,1.000000
0.041016,-0.033203,0.062500,0.000000,30.132587,1.000000
0.044922,-0.046875,0.103516,0.000000,28.998205,1.000000
1.210938,0.357422,0.125000,0.000000,19.030899,1.000000
1.242188,0.408203,-0.048828,0.000000,18.976271,1.000000
2.779297,-2.003906,-3.041016,0.000000,27.888752,1.000000
2.857422,-2.021484,-3.019531,0.000000,27.134905,1.000000
0.011719,-0.039062,-0.007812,0.000000,30.751818,2.000000
0.017578,-0.080078,-0.007812,0.000000,31.972805,2.000000
0.041016,-0.115234,-0.007812,0.000000,30.228407,2.000000
0.056641,-0.154297,0.005859,0.000000,25.477747,2.000000
0.341797,-0.080078,-1.218750,0.000000,21.875208,2.000000
0.253906,-0.041016,1.283203,0.000000,23.324385,2.000000
0.160156,-0.000000,-1.339844,0.000000,22.355284,2.000000
0.857422,-0.000000,-1.095703,0.000000,21.818436,2.000000
1.501953,-0.189453,0.042969,0.000000,24.048338,2.000000
1.529297,-0.146484,-0.238281,0.000000,25.538830,2.000000
2.544922,-0.263672,1.193359,0.000000,29.489017,2.000000
2.601562,-0.267578,1.164062,0.000000,32.780674,2.000000
2.656250,-0.181641,1.160156,0.000000,31.950689,2.000000
4.419922,-0.287109,1.171875,0.000000,30.930714,2.000000
4.474609,-0.289062,1.119141,0.000000,30.068937,2.000000
4.740234,-0.449219,-0.478516,0.000000,32.271152,2.000000
4.779297,-0.453125,-0.500000,0.000000,33.248997,2.000000
4.818359,-0.457031,-0.525391,0.000000,30.820669,2.000000
1.365234,0.089844,-0.423828,0.614669,22.878017,2.000000
1.443359,0.183594,-0.228516,0.614669,23.710678,2.000000
0.041016,-0.033203,0.062500,0.000000,30.132587,2.000000
0.044922,-0.046875,0.103516,0.000000,28.998205,2.000000
1.115234,-0.515625,0.312500,0.000000,19.084850,2.000000
2.732422,-2.003906,-3.083984,0.000000,27.979597,2.000000
2.683594,-2.021484,-3.173828,0.000000,27.411516,2.000000
0.011719,-0.039062,-0.007812,0.000000,30.751818,3.000000
0.017578,-0.080078,-0.007812,0.000000,31.972805,3.000000
0.041016,-0.115234,-0.007812,0.000000,30.232525,3.000000
0.056641,-0.154297,0.005859,0.000000,25.490032,3.000000
0.304688,-0.080078,-1.228516,0.000000,21.875208,3.000000
0.326172,-0.041016,1.267578,0.000000,23.222193,3.000000
0.488281,-0.042969,1.257812,0.000000,22.174839,3.000000
0.853516,-0.000000,-1.099609,0.000000,22.121876,3.000000
1.310547,0.089844,-0.568359,0.000000,24.014006,3.000000
1.443359,0.091797,-0.271484,0.000000,26.693169,3.000000
1.507812,0.093750,-0.085938,0.000000,27.075703,3.000000
1.591797,-0.000000,0.103516,0.000000,25.276299,3.000000
2.544922,-0.263672,1.191406,0.000000,29.464523,3.000000
2.601562,-0.267578,1.164062,0.000000,32.780674,3.000000
2.662109,-0.181641,1.144531,0.000000,31.983822,3.000000
4.412109,-0.287109,1.201172,0.000000,30.852905,3.000000
4.457031,-0.289062,1.193359,0.000000,30.004341,3.000000
4.740234,-0.449219,-0.484375,0.000000,31.989319,3.000000
4.781250,-0.453125,-0.478516,0.000000,32.990711,3.000000
4.820312,-0.457031,-0.494141,0.000000,30.515385,3.000000
0.041016,-0.033203,0.062500,0.000000,30.132587,3.000000
0.052734,-0.042969,0.101562,0.000000,28.998205,3.000000
1.207031,0.357422,0.148438,0.000000,18.976271,3.000000
0.449219,0.615234,1.308594,0.000000,24.517864,3.000000
0.718750,-0.388672,-1.322266,0.000000,23.909351,3.000000
3.023438,-2.021484,-2.851562,0.000000,27.075703,3.000000
0.011719,-0.039062,-0.007812,0.000000,30.748165,4.000000
0.017578,-0.080078,-0.007812,0.000000,31.972805,4.000000
0.041016,-0.115234,-0.007812,0.000000,30.232525,4.000000
0.056641,-0.154297,0.005859,0.000000,25.502283,4.000000
0.376953,-0.080078,-1.208984,0.000000,21.903316,4.000000
0.294922,-0.041016,1.275391,0.000000,23.222193,4.000000
0.326172,-0.000000,1.310547,0.000000,21.553360,4.000000
2.548828,-0.263672,1.181641,0.000000,29.527924,4.000000
2.599609,-0.267578,1.171875,0.000000,32.819420,4.000000
2.654297,-0.181641,1.164062,0.000000,31.986570,4.000000
4.417969,-0.287109,1.175781,0.000000,30.937717,4.000000
4.468750,-0.289062,1.144531,0.000000,30.145205,4.000000
4.742188,-0.449219,-0.468750,0.000000,30.955181,4.000000
4.783203,-0.453125,-0.457031,0.000000,31.997551,4.000000
1.412109,-0.224609,-0.072266,0.614669,22.695129,4.000000
1.441406,0.230469,-0.197266,0.614669,25.526682,4.000000
1.490234,0.189453,-0.181641,0.614669,26.857418,4.000000
1.539062,0.193359,-0.113281,0.614669,25.145477,4.000000
1.546875,-0.146484,0.009766,-0.614669,25.954962,4.000000
0.041016,-0.033203,0.062500,0.000000,30.136797,4.000000
0.052734,-0.042969,0.101562,0.000000,29.003672,4.000000
1.205078,0.357422,0.164062,0.000000,18.976271,4.000000
2.767578,-2.003906,-3.052734,0.000000,27.937904,4.000000
2.759766,-2.021484,-3.109375,0.000000,27.283537,4.000000
0.623047,-0.275391,-1.304688,0.614669,23.424227,4.000000
0.451172,-0.332031,-1.406250,0.614669,24.248816,4.000000
0.884766,-0.339844,-1.232422,0.614669,23.710678,4.000000
0.011719,-0.039062,-0.007812,0.000000,30.744507,5.000000
0.017578,-0.080078,-0.007812,0.000000,31.967287,5.000000
0.041016,-0.115234,-0.007812,0.000000,30.224283,5.000000
0.056641,-0.154297,0.005859,0.000000,25.477747,5.000000
0.373047,-0.080078,-1.208984,0.000000,21.875208,5.000000
0.291016,-0.041016,1.275391,0.000000,23.201464,5.000000
0.345703,-0.000000,1.304688,0.000000,21.760912,5.000000
1.550781,0.097656,0.017578,0.000000,28.976271,5.000000
1.589844,-0.000000,0.126953,0.000000,27.395723,5.000000
2.546875,-0.263672,1.187500,0.000000,29.561684,5.000000
2.601562,-0.267578,1.166016,0.000000,32.810333,5.000000
2.658203,-0.181641,1.156250,0.000000,31.950689,5.000000
4.419922,-0.287109,1.173828,0.000000,30.902580,5.000000
4.476562,-0.289062,1.115234,0.000000,30.107239,5.000000
4.742188,-0.449219,-0.457031,0.000000,30.203613,5.000000
4.783203,-0.453125,-0.460938,0.000000,31.254812,5.000000
1.388672,0.138672,-0.468750,0.614669,26.095943,5.000000
1.470703,0.142578,-0.328125,0.614669,28.686445,5.000000
0.041016,-0.033203,0.062500,0.000000,30.136797,5.000000
0.052734,-0.042969,0.101562,0.000000,28.998205,5.000000
1.111328,-0.515625,0.330078,0.000000,18.976271,5.000000
0.853516,0.630859,1.134766,0.000000,26.263403,5.000000
2.781250,-2.003906,-3.039062,0.000000,27.902851,5.000000
2.787109,-2.021484,-3.082031,0.000000,27.267273,5.000000
0.011719,-0.039062,-0.007812,0.000000,30.755470,6.000000
0.017578,-0.080078,-0.007812,0.000000,31.972805,6.000000
0.041016,-0.115234,-0.007812,0.000000,30.228407,6.000000
0.056641,-0.154297,0.005859,0.000000,25.477747,6.000000
0.390625,-0.080078,-1.203125,0.000000,21.846914,6.000000
0.279297,-0.041016,1.277344,0.000000,23.222193,6.000000
0.484375,-0.042969,1.259766,0.000000,21.903316,6.000000
1.431641,0.183594,-0.292969,0.000000,24.014006,6.000000
1.492188,0.189453,-0.169922,0.000000,27.041506,6.000000
1.539062,0.193359,-0.099609,0.000000,26.414742,6.000000
2.531250,-0.263672,1.218750,0.000000,29.444826,6.000000
2.597656,-0.267578,1.173828,0.000000,32.766914,6.000000
2.652344,-0.181641,1.169922,0.000000,31.922886,6.000000
4.417969,-0.287109,1.177734,0.000000,30.913151,6.000000
4.472656,-0.289062,1.130859,0.000000,30.073210,6.000000
4.785156,-0.453125,-0.443359,0.000000,30.310043,6.000000
0.041016,-0.033203,0.062500,0.000000,30.132587,6.000000
0.052734,-0.042969,0.101562,0.000000,28.992731,6.000000
1.117188,-0.474609,0.365234,0.000000,18.976271,6.000000
0.306641,0.728516,1.337891,0.000000,25.301996,6.000000
2.822266,-2.021484,-3.052734,0.000000,27.226339,6.000000
0.011719,-0.039062,-0.007812,0.000000,30.748165,7.000000
0.017578,-0.080078,-0.007812,0.000000,31.970047,7.000000
0.041016,-0.115234,-0.007812,0.000000,30.228407,7.000000
0.056641,-0.154297,0.005859,0.000000,25.477747,7.000000
0.343750,-0.080078,-1.218750,0.000000,21.903316,7.000000
0.298828,-0.041016,1.273438,0.000000,23.201464,7.000000
0.421875,-0.000000,1.283203,0.000000,21.875208,7.000000
1.466797,0.138672,0.017578,0.000000,24.248816,7.000000
1.503906,0.093750,0.148438,0.000000,26.263403,7.000000
1.537109,0.048828,0.226562,0.000000,27.323938,7.000000
2.519531,-0.263672,1.244141,0.000000,29.571281,7.000000
2.593750,-0.267578,1.181641,0.000000,32.805782,7.000000
2.658203,-0.181641,1.154297,0.000000,31.970047,7.000000
4.417969,-0.287109,1.179688,0.000000,30.813473,7.000000
4.468750,-0.289062,1.142578,0.000000,29.965117,7.000000
0.041016,-0.033203,0.062500,0.000000,30.136797,7.000000
0.052734,-0.042969,0.101562,0.000000,28.998205,7.000000
2.785156,-2.003906,-3.035156,0.000000,27.831886,7.000000
2.837891,-2.021484,-3.037109,0.000000,27.185017,7.000000
0.011719,-0.039062,-0.007812,0.000000,30.740847,8.000000
0.017578,-0.080078,-0.007812,0.000000,31.967287,8.000000
0.041016,-0.115234,-0.007812,0.000000,30.224283,8.000000
0.056641,-0.154297,0.005859,0.000000,25.477747,8.000000
0.345703,-0.080078,-1.216797,0.000000,21.875208,8.000000
0.296875,-0.041016,1.273438,0.000000,23.222193,8.000000
0.488281,-0.042969,1.257812,0.000000,21.903316,8.000000
1.591797,-0.000000,-0.119141,0.000000,26.273659,8.000000
2.539062,-0.263672,1.205078,0.000000,29.365137,8.000000
2.603516,-0.267578,1.162109,0.000000,32.753113,8.000000
2.664062,-0.181641,1.142578,0.000000,31.956230,8.000000
4.416016,-0.287109,1.187500,0.000000,30.881361,8.000000
4.468750,-0.289062,1.144531,0.000000,30.253059,8.000000
4.873047,-0.464844,0.730469,0.000000,30.289778,8.000000
1.382812,-0.044922,0.369141,-0.614669,22.900347,8.000000
1.468750,-0.046875,0.091797,-0.614669,26.901960,8.000000
1.513672,-0.000000,0.011719,-0.614669,28.591383,8.000000
1.552734,-0.000000,-0.048828,-0.614669,28.109043,8.000000
0.041016,-0.033203,0.062500,0.000000,30.132587,8.000000
0.044922,-0.046875,0.103516,0.000000,28.992731,8.000000
1.117188,-0.515625,0.308594,0.000000,19.030899,8.000000
2.910156,-2.021484,-2.966797,0.000000,27.315887,8.000000
0.011719,-0.039062,-0.007812,0.000000,30.748165,9.000000
0.017578,-0.080078,-0.007812,0.000000,31.967287,9.000000
0.041016,-0.115234,-0.007812,0.000000,30.228407,9.000000
0.056641,-0.154297,0.005859,0.000000,25.477747,9.000000
0.337891,-0.080078,-1.218750,0.000000,21.846914,9.000000
0.308594,-0.041016,1.271484,0.000000,23.222193,9.000000
0.488281,-0.042969,1.257812,0.000000,21.875208,9.000000
1.343750,0.437500,-0.648438,0.000000,25.145477,9.000000
2.546875,-0.263672,1.185547,0.000000,29.474337,9.000000
2.603516,-0.267578,1.160156,0.000000,32.776093,9.000000
2.666016,-0.181641,1.138672,0.000000,31.967287,9.000000
4.416016,-0.287109,1.187500,0.000000,30.740847,9.000000
4.478516,-0.289062,1.111328,0.000000,30.191162,9.000000
4.808594,-0.460938,0.869141,0.000000,30.004341,9.000000
4.884766,-0.308594,0.738281,0.000000,31.386185,9.000000
1.380859,-0.000000,0.171875,-0.614669,22.900347,9.000000
1.425781,-0.000000,0.138672,-0.614669,28.068581,9.000000
1.462891,-0.046875,0.156250,-0.614669,29.790930,9.000000
1.507812,-0.000000,0.128906,-0.614669,27.993406,9.000000
0.041016,-0.033203,0.062500,0.000000,30.136797,9.000000
0.046875,-0.046875,0.103516,0.000000,28.998205,9.000000
1.208984,0.357422,0.134766,0.000000,18.976271,9.000000
0.507812,0.970703,-1.101562,0.000000,24.800070,9.000000
2.818359,-2.003906,-3.003906,0.000000,27.810369,9.000000
2.701172,-2.021484,-3.158203,0.000000,27.339993,9.000000
0.011719,-0.039062,-0.007812,0.000000,30.748165,10.000000
0.017578,-0.080078,-0.007812,0.000000,31.970047,10.000000
0.041016,-0.115234,-0.007812,0.000000,30.228407,10.000000
0.056641,-0.154297,0.005859,0.000000,25.490032,10.000000
0.380859,-0.080078,-1.207031,0.000000,21.875208,10.000000
0.273438,-0.041016,1.279297,0.000000,23.201464,10.000000
0.259766,-0.000000,-1.324219,0.000000,21.789770,10.000000
1.437500,0.091797,-0.304688,0.000000,24.409090,10.000000
1.468750,0.142578,-0.339844,0.000000,28.870544,10.000000
1.507812,0.146484,-0.353516,0.000000,29.138138,10.000000
1.568359,0.099609,-0.271484,0.000000,26.263403,10.000000
2.546875,-0.263672,1.187500,0.000000,29.420080,10.000000
2.605469,-0.267578,1.156250,0.000000,32.780674,10.000000
2.667969,-0.181641,1.130859,0.000000,32.008507,10.000000
4.414062,-0.287109,1.193359,0.000000,30.972572,10.000000
4.464844,-0.289062,1.164062,0.000000,30.370279,10.000000
4.865234,-0.464844,0.789062,0.000000,30.277573,10.000000
1.382812,0.042969,-0.136719,-0.614669,21.522884,10.000000
1.429688,-0.000000,0.085938,-0.614669,22.504200,10.000000
0.041016,-0.033203,0.062500,0.000000,30.136797,10.000000
0.052734,-0.042969,0.101562,0.000000,28.998205,10.000000
1.115234,-0.515625,0.316406,0.000000,19.030899,10.000000
2.826172,-2.021484,-3.048828,0.000000,27.411516,10.000000
0.011719,-0.039062,-0.007812,0.000000,30.744507,11.000000
0.017578,-0.080078,-0.007812,0.000000,31.972805,11.000000
0.041016,-0.115234,-0.007812,0.000000,30.232525,11.000000
0.056641,-0.154297,0.005859,0.000000,25.477747,11.000000
0.349609,-0.080078,-1.216797,0.000000,21.875208,11.000000
0.308594,-0.041016,1.271484,0.000000,23.222193,11.000000
0.484375,-0.000000,1.259766,0.000000,21.903316,11.000000
