0.566406,-0.042969,-1.269531,0.000000,21.702618,0.000000
2.617188,-0.175781,1.039062,0.000000,28.926510,0.000000
2.660156,-0.179688,1.042969,0.000000,32.097832,0.000000
2.757812,-0.089844,0.908203,0.000000,31.095785,0.000000
4.406250,-0.287109,1.224609,0.000000,31.142773,0.000000
4.458984,-0.144531,1.208984,0.000000,31.020905,0.000000
1.552734,0.048828,-0.027344,-0.614669,26.884199,0.000000
1.593750,0.050781,-0.074219,-0.614669,28.129133,0.000000
1.630859,0.050781,-0.117188,-0.614669,26.748611,0.000000
0.041016,-0.033203,0.062500,0.000000,30.090258,0.000000
0.044922,-0.046875,0.103516,0.000000,28.998205,0.000000
0.011719,-0.039062,-0.007812,0.000000,30.633333,1.000000
0.017578,-0.080078,-0.007812,0.000000,31.894903,1.000000
0.029297,-0.119141,-0.005859,0.000000,30.111473,1.000000
0.056641,-0.154297,0.007812,0.000000,25.440680,1.000000
0.101562,-0.080078,1.261719,0.000000,23.074961,1.000000
0.417969,-0.083984,-1.281250,0.000000,23.053514,1.000000
2.603516,-0.175781,1.074219,0.000000,28.898617,1.000000
2.654297,-0.179688,1.056641,0.000000,32.089787,1.000000
2.748047,-0.089844,0.933594,0.000000,31.159431,1.000000
4.421875,-0.142578,1.191406,0.000000,30.102999,1.000000
4.460938,-0.144531,1.205078,0.000000,29.840771,1.000000
1.916016,-0.306641,-0.296875,-0.614669,26.190933,1.000000
1.955078,-0.312500,-0.316406,-0.614669,28.709888,1.000000
1.994141,-0.320312,-0.328125,-0.614669,27.641762,1.000000
0.041016,-0.033203,0.062500,0.000000,30.094509,1.000000
0.046875,-0.046875,0.103516,0.000000,29.003672,1.000000
0.011719,-0.039062,-0.007812,0.000000,30.640835,2.000000
0.017578,-0.080078,-0.007812,0.000000,31.894903,2.000000
0.029297,-0.119141,-0.005859,0.000000,30.107239,2.000000
0.056641,-0.154297,0.005859,0.000000,25.428255,2.000000
0.162109,-0.080078,1.255859,0.000000,23.096302,2.000000
0.083984,-0.082031,1.304688,0.000000,24.623980,2.000000
0.390625,-0.083984,-1.289062,0.000000,23.053514,2.000000
0.529297,-0.042969,-1.285156,0.000000,21.731863,2.000000
1.542969,0.097656,-0.156250,0.000000,28.790958,2.000000
2.623047,-0.175781,1.029297,0.000000,28.909796,2.000000
2.691406,-0.089844,0.972656,0.000000,32.049335,2.000000
2.755859,-0.089844,0.912109,0.000000,31.010593,2.000000
1.859375,-0.361328,-0.330078,-1.229337,23.579348,2.000000
1.902344,-0.367188,-0.320312,-1.229337,26.884199,2.000000
1.941406,-0.375000,-0.330078,-1.229337,26.454224,2.000000
1.562500,0.050781,-0.314453,-0.614669,31.510633,2.000000
1.601562,0.050781,-0.330078,-0.614669,31.142773,2.000000
1.640625,-0.000000,-0.345703,-0.614669,27.118073,2.000000
0.041016,-0.033203,0.062500,0.000000,30.090258,2.000000
0.044922,-0.046875,0.103516,0.000000,29.003672,2.000000
0.011719,-0.039062,-0.007812,0.000000,30.640835,3.000000
0.017578,-0.080078,-0.007812,0.000000,31.900515,3.000000
0.029297,-0.119141,-0.005859,0.000000,30.119930,3.000000
0.056641,-0.154297,0.005859,0.000000,25.453072,3.000000
0.144531,-0.080078,1.257812,0.000000,23.117538,3.000000
0.062500,-0.082031,1.304688,0.000000,24.638929,3.000000
0.431641,-0.083984,-1.275391,0.000000,23.096302,3.000000
0.546875,-0.042969,-1.277344,0.000000,21.731863,3.000000
1.509766,-0.093750,-0.023438,0.000000,26.821451,3.000000
1.531250,-0.000000,-0.263672,0.000000,28.937618,3.000000
1.587891,0.050781,-0.152344,0.000000,31.405081,3.000000
1.628906,0.050781,-0.136719,0.000000,30.314085,3.000000
2.607422,-0.175781,1.066406,0.000000,28.954226,3.000000
2.685547,-0.089844,0.988281,0.000000,32.024883,3.000000
2.746094,-0.089844,0.941406,0.000000,30.881361,3.000000
1.863281,-0.361328,-0.310547,-1.844006,21.303337,3.000000
0.041016,-0.033203,0.062500,0.000000,30.090258,3.000000
0.044922,-0.046875,0.103516,0.000000,29.003672,3.000000
0.011719,-0.039062,-0.007812,0.000000,30.640835,4.000000
0.017578,-0.080078,-0.007812,0.000000,31.900515,4.000000
0.029297,-0.119141,-0.005859,0.000000,30.115704,4.000000
0.056641,-0.154297,0.005859,0.000000,25.440680,4.000000
0.136719,-0.080078,1.257812,0.000000,23.159704,4.000000
0.449219,-0.083984,-1.271484,0.000000,23.138672,4.000000
1.539062,-0.048828,-0.208984,0.000000,28.915375,4.000000
1.572266,-0.000000,-0.271484,0.000000,31.316187,4.000000
1.611328,-0.000000,-0.287109,0.000000,30.111473,4.000000
2.621094,-0.175781,1.033203,0.000000,28.992731,4.000000
2.656250,-0.179688,1.054688,0.000000,32.159019,4.000000
2.748047,-0.089844,0.933594,0.000000,31.176027,4.000000
0.041016,-0.033203,0.062500,0.000000,30.094509,4.000000
0.044922,-0.046875,0.103516,0.000000,29.009130,4.000000
0.011719,-0.039062,-0.007812,0.000000,30.637085,5.000000
0.017578,-0.080078,-0.007812,0.000000,31.897709,5.000000
0.029297,-0.119141,-0.005859,0.000000,30.111473,5.000000
0.056641,-0.154297,0.007812,0.000000,25.428255,5.000000
0.164062,-0.080078,1.255859,0.000000,23.159704,5.000000
0.058594,-0.082031,1.304688,0.000000,24.653828,5.000000
0.437500,-0.083984,-1.273438,0.000000,23.117538,5.000000
0.548828,-0.042969,-1.277344,0.000000,21.702618,5.000000
1.541016,-0.097656,-0.181641,0.000000,30.301949,5.000000
1.589844,-0.050781,-0.128906,0.000000,32.477280,5.000000
1.630859,-0.050781,-0.132812,0.000000,30.849337,5.000000
2.611328,-0.175781,1.058594,0.000000,29.009130,5.000000
2.656250,-0.179688,1.054688,0.000000,32.174839,5.000000
2.748047,-0.089844,0.933594,0.000000,31.149445,5.000000
0.041016,-0.033203,0.062500,0.000000,30.086002,5.000000
0.044922,-0.046875,0.103516,0.000000,28.998205,5.000000
0.011719,-0.039062,-0.007812,0.000000,30.640835,6.000000
0.017578,-0.080078,-0.007812,0.000000,31.900515,6.000000
0.029297,-0.119141,-0.003906,0.000000,30.115704,6.000000
0.056641,-0.154297,0.007812,0.000000,25.453072,6.000000
0.148438,-0.080078,1.257812,0.000000,23.096302,6.000000
0.074219,-0.082031,1.304688,0.000000,24.623980,6.000000
0.398438,-0.083984,-1.287109,0.000000,23.096302,6.000000
1.505859,-0.000000,-0.144531,0.000000,25.965971,6.000000
1.546875,-0.048828,-0.136719,0.000000,29.370161,6.000000
1.591797,-0.050781,-0.103516,0.000000,30.468851,6.000000
1.634766,-0.050781,-0.031250,0.000000,28.518696,6.000000
2.625000,-0.175781,1.019531,0.000000,28.970770,6.000000
2.666016,-0.179688,1.031250,0.000000,32.180099,6.000000
2.761719,-0.089844,0.890625,0.000000,31.241781,6.000000
1.564453,-0.298828,-0.078125,-1.844006,22.227165,6.000000
1.607422,-0.306641,-0.042969,-1.844006,23.541084,6.000000
1.646484,-0.314453,-0.025391,-1.844006,21.303337,6.000000
0.041016,-0.033203,0.062500,0.000000,30.094509,6.000000
0.044922,-0.046875,0.103516,0.000000,29.009130,6.000000
0.011719,-0.039062,-0.007812,0.000000,30.644581,7.000000
0.017578,-0.080078,-0.007812,0.000000,31.897709,7.000000
0.029297,-0.119141,-0.005859,0.000000,30.111473,7.000000
0.056641,-0.154297,0.007812,0.000000,25.440680,7.000000
0.177734,-0.080078,1.253906,0.000000,23.117538,7.000000
0.060547,-0.082031,1.304688,0.000000,24.653828,7.000000
0.417969,-0.083984,-1.281250,0.000000,23.117538,7.000000
0.572266,-0.042969,-1.267578,0.000000,21.731863,7.000000
2.605469,-0.175781,1.074219,0.000000,28.920946,7.000000
2.652344,-0.179688,1.064453,0.000000,32.092468,7.000000
2.744141,-0.089844,0.945312,0.000000,31.068705,7.000000
1.152344,-0.421875,-0.017578,-4.302680,22.787537,7.000000
1.191406,-0.435547,-0.019531,-4.302680,22.944662,7.000000
1.476562,-0.332031,-0.021484,-2.458675,23.710678,7.000000
1.503906,-0.388672,-0.033203,-2.458675,25.575071,7.000000
1.544922,-0.398438,-0.031250,-2.458675,23.729120,7.000000
1.494141,-0.189453,0.146484,-0.614669,26.512779,7.000000
1.537109,-0.193359,0.121094,-0.614669,30.102999,7.000000
1.578125,-0.199219,0.123047,-0.614669,30.119930,7.000000
1.619141,-0.205078,0.125000,-0.614669,26.848454,7.000000
0.041016,-0.033203,0.062500,0.000000,30.090258,7.000000
0.044922,-0.046875,0.103516,0.000000,28.998205,7.000000
0.011719,-0.039062,-0.007812,0.000000,30.633333,8.000000
0.017578,-0.080078,-0.007812,0.000000,31.894903,8.000000
0.029297,-0.119141,-0.005859,0.000000,30.115704,8.000000
0.056641,-0.154297,0.007812,0.000000,25.453072,8.000000
0.166016,-0.080078,1.253906,0.000000,23.096302,8.000000
0.417969,-0.083984,-1.281250,0.000000,23.096302,8.000000
0.572266,-0.042969,-1.267578,0.000000,21.731863,8.000000
1.550781,-0.097656,0.013672,0.000000,26.180481,8.000000
2.621094,-0.175781,1.033203,0.000000,29.079485,8.000000
2.662109,-0.179688,1.041016,0.000000,32.273724,8.000000
2.757812,-0.089844,0.908203,0.000000,31.376705,8.000000
1.621094,-0.000000,-0.220703,0.614669,26.384893,8.000000
1.037109,-0.232422,0.021484,-2.458675,20.453230,8.000000
1.070312,-0.275391,0.009766,-2.458675,25.105450,8.000000
1.109375,-0.287109,0.007812,-2.458675,25.865873,8.000000
1.107422,-0.287109,0.068359,-1.844006,25.587086,8.000000
1.156250,-0.259766,0.068359,-1.844006,23.502480,8.000000
0.041016,-0.033203,0.062500,0.000000,30.090258,8.000000
0.044922,-0.046875,0.103516,0.000000,29.003672,8.000000
0.011719,-0.039062,-0.007812,0.000000,30.637085,9.000000
0.017578,-0.080078,-0.007812,0.000000,31.897709,9.000000
0.029297,-0.119141,-0.005859,0.000000,30.115704,9.000000
0.056641,-0.154297,0.005859,0.000000,25.440680,9.000000
1.052734,-0.132812,0.076172,0.000000,20.718821,9.000000
1.095703,-0.138672,0.044922,0.000000,21.238516,9.000000
0.191406,-0.080078,-1.251953,0.000000,23.138672,9.000000
0.091797,-0.082031,-1.302734,0.000000,24.623980,9.000000
1.546875,-0.000000,0.152344,0.000000,27.535831,9.000000
1.591797,-0.000000,0.111328,0.000000,29.618956,9.000000
1.630859,-0.050781,0.113281,0.000000,28.739016,9.000000
2.613281,-0.175781,1.054688,0.000000,28.987251,9.000000
2.660156,-0.179688,1.044922,0.000000,32.153732,9.000000
2.759766,-0.089844,0.900391,0.000000,31.172712,9.000000
4.740234,-1.558594,-0.080078,0.000000,28.645111,9.000000
1.142578,-0.072266,0.033203,0.614669,20.086002,9.000000
1.148438,-0.222656,0.191406,-0.614669,21.238516,9.000000
0.041016,-0.033203,0.062500,0.000000,30.090258,9.000000
0.044922,-0.046875,0.103516,0.000000,29.009130,9.000000
0.138672,0.630859,1.414062,0.000000,25.078558,9.000000
0.011719,-0.039062,-0.007812,0.000000,30.640835,10.000000
0.017578,-0.080078,-0.007812,0.000000,31.897709,10.000000
0.029297,-0.119141,-0.005859,0.000000,30.111473,10.000000
0.056641,-0.154297,0.005859,0.000000,25.428255,10.000000
0.091797,-0.080078,1.261719,0.000000,22.966652,10.000000
0.412109,-0.083984,-1.283203,0.000000,23.053514,10.000000
0.568359,-0.042969,-1.269531,0.000000,21.673174,10.000000
2.611328,-0.175781,1.056641,0.000000,28.970770,10.000000
2.654297,-0.179688,1.058594,0.000000,32.081726,10.000000
2.751953,-0.089844,0.925781,0.000000,31.051695,10.000000
1.140625,-0.072266,0.066406,1.229337,21.958996,10.000000
1.181641,-0.074219,0.070312,1.229337,23.521826,10.000000
1.222656,-0.039062,0.095703,1.229337,21.271048,10.000000
1.101562,-0.000000,0.089844,2.458675,21.003706,10.000000
1.140625,0.035156,0.089844,2.458675,22.355284,10.000000
1.181641,0.037109,0.087891,2.458675,20.000000,10.000000
0.041016,-0.033203,0.062500,0.000000,30.094509,10.000000
0.044922,-0.046875,0.103516,0.000000,29.003672,10.000000
0.011719,-0.039062,-0.007812,0.000000,30.637085,11.000000
0.017578,-0.080078,-0.007812,0.000000,31.897709,11.000000
0.029297,-0.119141,-0.003906,0.000000,30.115704,11.000000
0.056641,-0.154297,0.007812,0.000000,25.453072,11.000000
0.224609,-0.080078,1.246094,0.000000,23.384565,11.000000
0.158203,-0.082031,-1.296875,0.000000,24.712917,11.000000
0.458984,-0.083984,-1.265625,0.000000,23.031961,11.000000
2.626953,-0.175781,1.017578,0.000000,29.111576,11.000000
2.662109,-0.179688,1.037109,0.000000,32.245331,11.000000
2.755859,-0.089844,0.910156,0.000000,31.290451,11.000000
1.183594,0.037109,0.066406,1.844006,28.394781,11.000000
1.224609,-0.000000,0.074219,1.844006,31.547281,11.000000
1.265625,0.039062,0.072266,1.844006,30.972572,11.000000
1.306641,0.041016,0.072266,1.844006,26.541765,11.000000
0.041016,-0.033203,0.062500,0.000000,30.090258,11.000000
0.044922,-0.046875,0.103516,0.000000,29.003672,11.000000
0.011719,-0.039062,-0.007812,0.000000,30.637085,12.000000
0.017578,-0.080078,-0.007812,0.000000,31.897709,12.000000
0.029297,-0.119141,-0.005859,0.000000,30.111473,12.000000
0.056641,-0.154297,0.007812,0.000000,25.440680,12.000000
0.599609,-0.042969,-1.253906,0.000000,21.958996,12.000000
2.619141,-0.175781,1.037109,0.000000,28.881796,12.000000
2.687500,-0.089844,0.984375,0.000000,32.049335,12.000000
2.751953,-0.089844,0.921875,0.000000,31.082266,12.000000
1.224609,-0.076172,0.021484,0.614669,27.403627,12.000000
1.265625,-0.080078,0.003906,0.614669,30.503798,12.000000
1.306641,-0.082031,-0.035156,0.614669,29.898945,12.000000
1.333984,-0.042969,-0.195312,0.614669,25.921768,12.000000
0.041016,-0.033203,0.062500,0.000000,30.094509,12.000000
0.044922,-0.046875,0.103516,0.000000,29.003672,12.000000
0.011719,-0.039062,-0.007812,0.000000,30.637085,13.000000
0.017578,-0.080078,-0.007812,0.000000,31.897709,13.000000
0.029297,-0.119141,-0.005859,0.000000,30.115704,13.000000
0.056641,-0.154297,0.007812,0.000000,25.453072,13.000000
0.835938,-0.126953,1.052734,0.000000,22.764618,13.000000
2.605469,-0.175781,1.070312,0.000000,28.932068,13.000000
2.654297,-0.179688,1.058594,0.000000,32.054749,13.000000
2.751953,-0.089844,0.923828,0.000000,31.003706,13.000000
1.248047,-0.119141,0.195312,0.614669,21.335388,13.000000
1.265625,-0.123047,0.312500,0.614669,23.242825,13.000000
1.662109,-0.000000,0.224609,0.614669,27.218105,13.000000
0.041016,-0.033203,0.062500,0.000000,30.090258,13.000000
0.044922,-0.046875,0.103516,0.000000,29.009130,13.000000
0.011719,-0.039062,-0.007812,0.000000,30.640835,14.000000
0.017578,-0.080078,-0.007812,0.000000,31.900515,14.000000
0.029297,-0.119141,-0.005859,0.000000,30.115704,14.000000
0.056641,-0.154297,0.005859,0.000000,25.440680,14.000000
0.548828,-0.080078,-1.140625,0.000000,22.278868,14.000000
0.654297,-0.041016,-1.132812,0.000000,22.455126,14.000000
2.605469,-0.175781,1.068359,0.000000,29.148718,14.000000
2.683594,-0.089844,0.992188,0.000000,32.201080,14.000000
2.742188,-0.089844,0.951172,0.000000,31.142773,14.000000
4.414062,-0.142578,1.216797,0.000000,29.232441,14.000000
4.453125,-0.144531,1.234375,0.000000,28.762178,14.000000
1.347656,0.042969,-0.064453,0.614669,23.138672,14.000000
1.376953,0.087891,0.181641,0.614669,22.148439,14.000000
0.041016,-0.033203,0.062500,0.000000,30.094509,14.000000
0.046875,-0.046875,0.103516,0.000000,29.009130,14.000000
1.082031,-0.408203,0.613281,0.000000,19.731279,14.000000
0.011719,-0.039062,-0.007812,0.000000,30.633333,15.000000
0.017578,-0.080078,-0.007812,0.000000,31.894903,15.000000
0.029297,-0.119141,-0.005859,0.000000,30.107239,15.000000
0.056641,-0.154297,0.005859,0.000000,25.440680,15.000000
