0.029297,-0.119141,-0.003906,0.000000,30.068937,0.000000
0.056641,-0.154297,0.007812,0.000000,25.340261,0.000000
0.240234,0.039062,-1.244141,0.000000,23.483049,0.000000
0.216797,0.041016,-1.291016,0.000000,24.345690,0.000000
0.458984,0.042969,1.269531,0.000000,22.455126,0.000000
2.621094,-0.175781,1.029297,0.000000,29.339931,0.000000
2.666016,-0.179688,1.029297,0.000000,32.579185,0.000000
2.757812,-0.089844,0.908203,0.000000,31.846914,0.000000
4.332031,-0.142578,1.351562,0.000000,27.972675,0.000000
4.400391,-0.142578,1.267578,0.000000,31.436392,0.000000
4.474609,-0.000000,1.156250,0.000000,31.146111,0.000000
4.750000,-0.298828,-0.501953,0.000000,31.806992,0.000000
4.792969,-0.300781,-0.490234,0.000000,32.457592,0.000000
4.841797,-0.152344,-0.470703,0.000000,29.934362,0.000000
4.857422,-0.308594,0.902344,0.000000,30.366289,0.000000
4.921875,-0.779297,0.287109,0.000000,29.375179,0.000000
0.037109,-0.035156,0.064453,0.000000,30.086002,0.000000
0.044922,-0.046875,0.103516,0.000000,28.998205,0.000000
1.232422,-0.464844,0.294922,0.000000,19.684830,0.000000
0.011719,-0.039062,-0.007812,0.000000,30.644581,1.000000
0.027344,-0.076172,-0.009766,0.000000,31.855421,1.000000
0.029297,-0.119141,-0.003906,0.000000,30.073210,1.000000
0.056641,-0.154297,0.007812,0.000000,25.352942,1.000000
0.257812,0.039062,-1.240234,0.000000,23.463530,1.000000
0.201172,0.041016,-1.292969,0.000000,24.297523,1.000000
0.486328,0.042969,1.257812,0.000000,22.355284,1.000000
2.628906,-0.175781,1.011719,0.000000,29.334873,1.000000
2.667969,-0.179688,1.023438,0.000000,32.550312,1.000000
2.765625,-0.089844,0.884766,0.000000,31.815578,1.000000
4.328125,-0.000000,1.375000,0.000000,27.909885,1.000000
4.398438,-0.142578,1.273438,0.000000,31.461281,1.000000
4.488281,-0.000000,1.109375,0.000000,31.501421,1.000000
4.589844,0.146484,0.814453,0.000000,30.729847,1.000000
4.640625,0.146484,0.757812,0.000000,30.715137,1.000000
4.726562,-0.000000,0.410156,0.000000,29.232441,1.000000
4.849609,-0.308594,0.937500,0.000000,30.722500,1.000000
4.935547,-0.623047,0.404297,0.000000,29.712759,1.000000
2.160156,0.351562,-0.525391,-0.614669,25.646660,1.000000
2.238281,0.287109,-0.396484,-0.614669,26.821451,1.000000
0.037109,-0.035156,0.064453,0.000000,30.081741,1.000000
0.046875,-0.046875,0.103516,0.000000,28.987251,1.000000
1.238281,-0.464844,0.269531,0.000000,19.542425,1.000000
0.011719,-0.039062,-0.007812,0.000000,30.648323,2.000000
0.027344,-0.076172,-0.009766,0.000000,31.852587,2.000000
0.029297,-0.119141,-0.003906,0.000000,30.064661,2.000000
0.056641,-0.154297,0.007812,0.000000,25.327543,2.000000
0.275391,0.039062,-1.236328,0.000000,23.483049,2.000000
0.228516,0.041016,-1.289062,0.000000,24.361626,2.000000
0.460938,0.042969,1.267578,0.000000,22.455126,2.000000
2.623047,-0.175781,1.027344,0.000000,29.294189,2.000000
2.662109,-0.179688,1.037109,0.000000,32.540646,2.000000
2.759766,-0.089844,0.902344,0.000000,31.798389,2.000000
4.312500,-0.142578,1.414062,0.000000,27.860413,2.000000
4.398438,-0.142578,1.273438,0.000000,31.442627,2.000000
4.484375,-0.144531,1.113281,0.000000,31.354507,2.000000
4.615234,0.146484,0.654297,0.000000,30.737183,2.000000
4.660156,0.146484,0.621094,0.000000,31.370375,2.000000
4.710938,0.148438,0.550781,0.000000,29.273705,2.000000
4.837891,-0.308594,0.996094,0.000000,31.007151,2.000000
4.933594,-0.623047,0.425781,0.000000,29.795485,2.000000
2.169922,0.138672,-0.394531,-0.614669,25.943926,2.000000
2.214844,0.140625,-0.369141,-0.614669,27.275414,2.000000
0.037109,-0.035156,0.064453,0.000000,30.081741,2.000000
0.044922,-0.046875,0.103516,0.000000,28.992731,2.000000
1.232422,-0.464844,0.292969,0.000000,19.684830,2.000000
0.011719,-0.039062,-0.007812,0.000000,30.648323,3.000000
0.027344,-0.076172,-0.009766,0.000000,31.852587,3.000000
0.029297,-0.119141,-0.003906,0.000000,30.068937,3.000000
0.056641,-0.154297,0.007812,0.000000,25.340261,3.000000
0.253906,0.039062,-1.242188,0.000000,23.483049,3.000000
0.197266,0.041016,-1.292969,0.000000,24.329693,3.000000
0.484375,0.042969,1.259766,0.000000,22.430380,3.000000
2.628906,-0.175781,1.011719,0.000000,29.314579,3.000000
2.669922,-0.179688,1.017578,0.000000,32.547897,3.000000
2.767578,-0.089844,0.873047,0.000000,31.798389,3.000000
4.302734,-0.142578,1.443359,0.000000,27.853298,3.000000
4.392578,-0.142578,1.294922,0.000000,31.411362,3.000000
4.429688,-0.000000,1.322266,0.000000,30.398106,3.000000
4.691406,-0.000000,0.339844,0.000000,30.557604,3.000000
4.833984,-0.308594,1.015625,0.000000,30.906107,3.000000
4.931641,-0.623047,0.451172,0.000000,29.675480,3.000000
2.207031,0.210938,-0.376953,-0.614669,26.655809,3.000000
0.037109,-0.035156,0.064453,0.000000,30.081741,3.000000
0.046875,-0.046875,0.103516,0.000000,28.992731,3.000000
1.179688,-0.449219,0.347656,0.000000,21.398790,3.000000
1.236328,-0.464844,0.279297,0.000000,19.731279,3.000000
0.011719,-0.039062,-0.007812,0.000000,30.655798,4.000000
0.027344,-0.076172,-0.009766,0.000000,31.855421,4.000000
0.029297,-0.119141,-0.005859,0.000000,30.073210,4.000000
0.056641,-0.154297,0.007812,0.000000,25.352942,4.000000
0.232422,0.039062,-1.246094,0.000000,23.483049,4.000000
0.197266,0.041016,-1.292969,0.000000,24.361626,4.000000
0.464844,0.042969,1.265625,0.000000,22.455126,4.000000
2.648438,-0.175781,0.958984,0.000000,29.375179,4.000000
2.675781,-0.179688,1.005859,0.000000,32.626884,4.000000
2.757812,-0.089844,0.906250,0.000000,31.917303,4.000000
4.304688,-0.142578,1.435547,0.000000,27.846172,4.000000
4.398438,-0.142578,1.275391,0.000000,31.420765,4.000000
4.460938,-0.144531,1.205078,0.000000,30.951693,4.000000
4.634766,0.146484,0.503906,0.000000,29.786369,4.000000
4.675781,0.146484,0.492188,0.000000,31.209028,4.000000
4.794922,-0.300781,-0.472656,0.000000,29.938768,4.000000
4.835938,-0.308594,1.011719,0.000000,30.817072,4.000000
4.931641,-0.623047,0.435547,0.000000,29.614210,4.000000
0.037109,-0.035156,0.064453,0.000000,30.081741,4.000000
0.046875,-0.046875,0.103516,0.000000,28.992731,4.000000
1.179688,-0.449219,0.349609,0.000000,21.398790,4.000000
1.234375,-0.464844,0.287109,0.000000,19.684830,4.000000
0.011719,-0.039062,-0.007812,0.000000,30.648323,5.000000
0.027344,-0.076172,-0.009766,0.000000,31.852587,5.000000
0.029297,-0.119141,-0.003906,0.000000,30.068937,5.000000
0.056641,-0.154297,0.007812,0.000000,25.340261,5.000000
0.273438,0.039062,-1.238281,0.000000,23.463530,5.000000
0.238281,0.041016,-1.287109,0.000000,24.329693,5.000000
0.427734,0.042969,1.279297,0.000000,22.455126,5.000000
2.605469,-0.175781,1.070312,0.000000,29.365137,5.000000
2.644531,-0.179688,1.082031,0.000000,32.600716,5.000000
2.732422,-0.089844,0.982422,0.000000,31.866739,5.000000
4.318359,-0.142578,1.394531,0.000000,27.937904,5.000000
4.402344,-0.142578,1.261719,0.000000,31.473671,5.000000
4.464844,-0.144531,1.189453,0.000000,31.003706,5.000000
4.632812,0.146484,0.505859,0.000000,29.420080,5.000000
4.679688,0.146484,0.451172,0.000000,30.795429,5.000000
4.841797,-0.308594,0.978516,0.000000,30.842186,5.000000
4.935547,-0.623047,0.408203,0.000000,29.532763,5.000000
1.898438,0.179688,-0.248047,1.229337,22.695129,5.000000
1.941406,0.183594,-0.236328,1.229337,24.313637,5.000000
0.037109,-0.035156,0.064453,0.000000,30.081741,5.000000
0.044922,-0.046875,0.103516,0.000000,28.992731,5.000000
1.175781,-0.449219,0.355469,0.000000,21.398790,5.000000
1.228516,-0.464844,0.312500,0.000000,19.731279,5.000000
0.011719,-0.039062,-0.007812,0.000000,30.655798,6.000000
0.027344,-0.076172,-0.009766,0.000000,31.855421,6.000000
0.029297,-0.119141,-0.003906,0.000000,30.064661,6.000000
0.056641,-0.154297,0.007812,0.000000,25.327543,6.000000
0.269531,0.039062,-1.238281,0.000000,23.463530,6.000000
0.207031,0.041016,-1.291016,0.000000,24.329693,6.000000
0.482422,0.042969,1.259766,0.000000,22.430380,6.000000
2.142578,0.068359,-0.328125,0.000000,28.055008,6.000000
2.181641,0.138672,-0.318359,0.000000,27.403627,6.000000
2.628906,-0.175781,1.013672,0.000000,29.339931,6.000000
2.656250,-0.179688,1.052734,0.000000,32.581581,6.000000
2.746094,-0.089844,0.943359,0.000000,31.812717,6.000000
4.308594,-0.142578,1.425781,0.000000,27.888752,6.000000
4.394531,-0.142578,1.289062,0.000000,31.398790,6.000000
4.417969,-0.144531,1.353516,0.000000,30.390173,6.000000
4.697266,-0.000000,0.265625,0.000000,30.433622,6.000000
4.851562,-0.308594,0.929688,0.000000,31.041456,6.000000
4.935547,-0.623047,0.408203,0.000000,29.656719,6.000000
0.037109,-0.035156,0.064453,0.000000,30.086002,6.000000
0.044922,-0.046875,0.103516,0.000000,28.992731,6.000000
1.238281,-0.464844,0.275391,0.000000,19.542425,6.000000
0.011719,-0.039062,-0.007812,0.000000,30.655798,7.000000
0.027344,-0.076172,-0.009766,0.000000,31.855421,7.000000
0.029297,-0.119141,-0.005859,0.000000,30.068937,7.000000
0.056641,-0.154297,0.007812,0.000000,25.340261,7.000000
0.275391,0.039062,-1.236328,0.000000,23.483049,7.000000
0.218750,0.041016,-1.291016,0.000000,24.361626,7.000000
0.455078,0.042969,1.269531,0.000000,22.455126,7.000000
2.611328,-0.175781,1.058594,0.000000,29.278833,7.000000
2.662109,-0.179688,1.039062,0.000000,32.567177,7.000000
2.767578,-0.089844,0.878906,0.000000,31.900515,7.000000
4.314453,-0.142578,1.410156,0.000000,27.909885,7.000000
4.400391,-0.142578,1.269531,0.000000,31.482941,7.000000
4.498047,-0.000000,1.068359,0.000000,31.670218,7.000000
4.619141,-0.000000,0.634766,0.000000,30.852905,7.000000
4.683594,0.146484,0.406250,0.000000,30.726175,7.000000
4.851562,-0.308594,0.931641,0.000000,30.955181,7.000000
4.933594,-0.623047,0.414062,0.000000,29.758911,7.000000
1.974609,0.187500,-0.292969,1.229337,22.600714,7.000000
2.017578,0.191406,-0.275391,1.229337,24.955442,7.000000
2.060547,0.195312,-0.259766,1.229337,23.783979,7.000000
0.037109,-0.035156,0.064453,0.000000,30.081741,7.000000
0.046875,-0.046875,0.103516,0.000000,28.992731,7.000000
1.179688,-0.449219,0.349609,0.000000,21.398790,7.000000
1.232422,-0.464844,0.298828,0.000000,19.684830,7.000000
0.011719,-0.039062,-0.007812,0.000000,30.655798,8.000000
0.027344,-0.076172,-0.009766,0.000000,31.855421,8.000000
0.029297,-0.119141,-0.003906,0.000000,30.073210,8.000000
0.056641,-0.154297,0.007812,0.000000,25.340261,8.000000
0.251953,0.039062,-1.242188,0.000000,23.483049,8.000000
0.189453,0.041016,-1.294922,0.000000,24.345690,8.000000
0.470703,0.042969,1.263672,0.000000,22.455126,8.000000
2.623047,-0.175781,1.027344,0.000000,29.360107,8.000000
2.664062,-0.179688,1.037109,0.000000,32.595940,8.000000
2.755859,-0.089844,0.914062,0.000000,31.863913,8.000000
4.310547,-0.142578,1.421875,0.000000,27.874605,8.000000
4.398438,-0.142578,1.275391,0.000000,31.430147,8.000000
4.453125,-0.144531,1.234375,0.000000,30.759117,8.000000
4.667969,-0.000000,0.580078,0.000000,30.618294,8.000000
4.849609,-0.308594,0.941406,0.000000,31.195858,8.000000
4.931641,-0.623047,0.451172,0.000000,29.921114,8.000000
0.037109,-0.035156,0.064453,0.000000,30.081741,8.000000
0.046875,-0.046875,0.103516,0.000000,28.992731,8.000000
1.181641,-0.449219,0.335938,0.000000,21.430147,8.000000
1.240234,-0.464844,0.261719,0.000000,19.684830,8.000000
0.011719,-0.039062,-0.007812,0.000000,30.655798,9.000000
0.027344,-0.076172,-0.009766,0.000000,31.855421,9.000000
0.029297,-0.119141,-0.003906,0.000000,30.068937,9.000000
0.056641,-0.154297,0.007812,0.000000,25.340261,9.000000
0.271484,0.039062,-1.238281,0.000000,23.424227,9.000000
0.212891,0.041016,-1.291016,0.000000,24.313637,9.000000
0.443359,0.042969,1.273438,0.000000,22.380461,9.000000
2.621094,-0.175781,1.031250,0.000000,29.253120,9.000000
2.669922,-0.179688,1.019531,0.000000,32.545483,9.000000
2.765625,-0.089844,0.882812,0.000000,31.872387,9.000000
4.304688,-0.142578,1.435547,0.000000,27.788744,9.000000
4.396484,-0.142578,1.283203,0.000000,31.408222,9.000000
4.490234,-0.000000,1.095703,0.000000,31.482941,9.000000
4.595703,-0.000000,0.789062,0.000000,30.610754,9.000000
4.644531,0.146484,0.736328,0.000000,30.421816,9.000000
4.847656,-0.308594,0.953125,0.000000,30.301949,9.000000
4.919922,-0.779297,0.318359,0.000000,29.489017,9.000000
0.037109,-0.035156,0.064453,0.000000,30.081741,9.000000
0.046875,-0.046875,0.103516,0.000000,28.992731,9.000000
1.177734,-0.449219,0.351562,0.000000,21.398790,9.000000
1.230469,-0.464844,0.308594,0.000000,19.684830,9.000000
0.011719,-0.039062,-0.007812,0.000000,30.655798,10.000000
0.027344,-0.076172,-0.009766,0.000000,31.855421,10.000000
0.029297,-0.119141,-0.003906,0.000000,30.068937,10.000000
0.056641,-0.154297,0.007812,0.000000,25.340261,10.000000
0.287109,0.039062,-1.234375,0.000000,23.463530,10.000000
0.250000,0.041016,-1.285156,0.000000,24.329693,10.000000
0.400391,0.042969,1.289062,0.000000,22.405493,10.000000
2.181641,0.068359,-0.337891,0.000000,26.919651,10.000000
2.613281,-0.175781,1.052734,0.000000,29.247959,10.000000
2.658203,-0.179688,1.048828,0.000000,32.552727,10.000000
2.761719,-0.089844,0.894531,0.000000,31.795517,10.000000
4.314453,-0.000000,1.416016,0.000000,27.817554,10.000000
4.398438,-0.142578,1.275391,0.000000,31.458178,10.000000
4.474609,-0.000000,1.160156,0.000000,31.322598,10.000000
4.816406,-0.308594,1.101562,0.000000,30.081741,10.000000
4.919922,-0.779297,0.304688,0.000000,29.175055,10.000000
2.226562,0.281250,-0.144531,1.229337,25.415792,10.000000
2.269531,0.287109,-0.132812,1.229337,24.668676,10.000000
0.037109,-0.035156,0.064453,0.000000,30.086002,10.000000
0.044922,-0.046875,0.103516,0.000000,28.998205,10.000000
1.179688,-0.449219,0.343750,0.000000,21.367207,10.000000
1.232422,-0.464844,0.298828,0.000000,19.684830,10.000000
0.011719,-0.039062,-0.007812,0.000000,30.655798,11.000000
0.027344,-0.076172,-0.009766,0.000000,31.852587,11.000000
0.029297,-0.119141,-0.005859,0.000000,30.064661,11.000000
0.056641,-0.154297,0.007812,0.000000,25.340261,11.000000
0.275391,0.039062,-1.236328,0.000000,23.463530,11.000000
0.242188,0.041016,-1.285156,0.000000,24.313637,11.000000
0.474609,0.042969,1.263672,0.000000,22.430380,11.000000
2.644531,-0.175781,0.972656,0.000000,29.247959,11.000000
2.689453,-0.179688,0.966797,0.000000,32.571983,11.000000
2.783203,-0.089844,0.824219,0.000000,31.906118,11.000000
4.312500,-0.142578,1.414062,0.000000,27.895807,11.000000
4.398438,-0.142578,1.277344,0.000000,31.411362,11.000000
4.472656,-0.000000,1.169922,0.000000,31.162756,11.000000
4.802734,-0.154297,1.189453,0.000000,30.457140,11.000000
4.914062,-0.779297,0.380859,0.000000,29.309490,11.000000
0.037109,-0.035156,0.064453,0.000000,30.081741,11.000000
0.044922,-0.046875,0.103516,0.000000,28.992731,11.000000
