0.310547,-0.041016,1.271484,0.000000,23.242825,0.000000
0.470703,-0.042969,1.265625,0.000000,21.958996,0.000000
1.914062,0.179688,-0.007812,0.000000,27.641762,0.000000
1.955078,0.183594,-0.035156,0.000000,30.561422,0.000000
1.994141,0.187500,-0.054688,0.000000,30.232525,0.000000
2.019531,0.320312,-0.015625,0.000000,27.109631,0.000000
2.550781,-0.263672,1.181641,0.000000,29.360107,0.000000
2.603516,-0.267578,1.162109,0.000000,32.741577,0.000000
2.660156,-0.181641,1.152344,0.000000,32.019432,0.000000
4.412109,-0.287109,1.197266,0.000000,30.842186,0.000000
4.453125,-0.289062,1.203125,0.000000,30.449316,0.000000
4.740234,-0.449219,-0.492188,0.000000,33.251049,0.000000
4.791016,-0.453125,-0.378906,0.000000,33.624825,0.000000
4.857422,-0.304688,-0.019531,0.000000,30.257154,0.000000
4.859375,-0.306641,0.625000,0.000000,30.182842,0.000000
4.865234,-0.464844,0.787109,0.000000,30.770042,0.000000
0.041016,-0.033203,0.062500,0.000000,30.149403,0.000000
0.044922,-0.046875,0.103516,0.000000,29.057959,0.000000
1.212891,0.357422,0.087891,0.000000,19.190781,0.000000
2.998047,-2.021484,-2.878906,0.000000,27.489628,0.000000
0.011719,-0.039062,-0.007812,0.000000,30.737183,1.000000
0.017578,-0.080078,-0.007812,0.000000,31.983822,1.000000
0.029297,-0.119141,-0.003906,0.000000,30.216026,1.000000
0.056641,-0.154297,0.005859,0.000000,25.502283,1.000000
0.335938,-0.080078,-1.220703,0.000000,21.986570,1.000000
0.339844,-0.041016,1.263672,0.000000,23.263359,1.000000
0.455078,-0.000000,1.271484,0.000000,21.958996,1.000000
1.957031,0.123047,0.093750,0.000000,28.965261,1.000000
1.990234,0.125000,0.201172,0.000000,29.041744,1.000000
2.544922,-0.263672,1.189453,0.000000,29.439888,1.000000
2.605469,-0.267578,1.156250,0.000000,32.762321,1.000000
2.666016,-0.181641,1.136719,0.000000,31.992065,1.000000
4.406250,-0.287109,1.224609,0.000000,30.909630,1.000000
4.416016,-0.289062,1.337891,0.000000,30.476643,1.000000
4.740234,-0.449219,-0.480469,0.000000,33.193142,1.000000
4.791016,-0.453125,-0.371094,0.000000,33.565994,1.000000
4.857422,-0.304688,0.005859,0.000000,30.362295,1.000000
4.863281,-0.306641,0.589844,0.000000,30.370279,1.000000
4.861328,-0.464844,0.806641,0.000000,30.817072,1.000000
0.041016,-0.033203,0.062500,0.000000,30.153597,1.000000
0.044922,-0.046875,0.103516,0.000000,29.057959,1.000000
1.216797,0.357422,0.042969,0.000000,19.294189,1.000000
0.011719,-0.039062,-0.007812,0.000000,30.729847,2.000000
0.017578,-0.080078,-0.007812,0.000000,31.975563,2.000000
0.029297,-0.119141,-0.003906,0.000000,30.211893,2.000000
0.056641,-0.154297,0.005859,0.000000,25.514500,2.000000
0.355469,-0.080078,-1.214844,0.000000,22.013971,2.000000
0.281250,-0.041016,1.277344,0.000000,23.283796,2.000000
0.480469,-0.042969,1.261719,0.000000,21.931246,2.000000
2.550781,-0.263672,1.181641,0.000000,29.479237,2.000000
2.599609,-0.267578,1.171875,0.000000,32.785248,2.000000
2.652344,-0.181641,1.167969,0.000000,31.986570,2.000000
4.414062,-0.287109,1.193359,0.000000,30.762762,2.000000
4.460938,-0.289062,1.173828,0.000000,30.362295,2.000000
4.738281,-0.449219,-0.505859,0.000000,33.203541,2.000000
4.791016,-0.453125,-0.384766,0.000000,33.638000,2.000000
4.857422,-0.304688,-0.046875,0.000000,30.610754,2.000000
4.845703,-0.460938,0.636719,0.000000,30.253059,2.000000
4.876953,-0.464844,0.707031,0.000000,30.625820,2.000000
1.796875,0.345703,0.210938,0.614669,27.611757,2.000000
1.837891,0.353516,0.193359,0.614669,26.512779,2.000000
0.041016,-0.033203,0.062500,0.000000,30.149403,2.000000
0.044922,-0.046875,0.103516,0.000000,29.052561,2.000000
1.214844,0.357422,0.074219,0.000000,19.242792,2.000000
2.943359,-2.021484,-2.935547,0.000000,27.442930,2.000000
0.011719,-0.039062,-0.007812,0.000000,30.737183,3.000000
0.017578,-0.080078,-0.007812,0.000000,31.978317,3.000000
0.029297,-0.119141,-0.003906,0.000000,30.207754,3.000000
0.056641,-0.154297,0.005859,0.000000,25.502283,3.000000
0.347656,-0.080078,-1.216797,0.000000,22.013971,3.000000
0.298828,-0.041016,1.273438,0.000000,23.283796,3.000000
0.416016,-0.000000,1.285156,0.000000,21.958996,3.000000
1.947266,0.183594,-0.179688,0.000000,29.299295,3.000000
1.984375,0.187500,-0.212891,0.000000,28.842287,3.000000
2.541016,-0.263672,1.199219,0.000000,29.380192,3.000000
2.605469,-0.267578,1.160156,0.000000,32.723057,3.000000
2.662109,-0.181641,1.148438,0.000000,31.997551,3.000000
4.410156,-0.287109,1.207031,0.000000,30.955181,3.000000
4.449219,-0.289062,1.220703,0.000000,30.689276,3.000000
4.685547,-0.445312,-0.607422,0.000000,29.498777,3.000000
4.738281,-0.449219,-0.503906,0.000000,33.340515,3.000000
4.791016,-0.453125,-0.373047,0.000000,33.769417,3.000000
4.857422,-0.304688,-0.033203,0.000000,30.663260,3.000000
4.839844,-0.460938,0.681641,0.000000,30.244856,3.000000
4.861328,-0.464844,0.802734,0.000000,30.845762,3.000000
0.041016,-0.033203,0.062500,0.000000,30.149403,3.000000
0.044922,-0.046875,0.103516,0.000000,29.052561,3.000000
1.212891,0.357422,0.097656,0.000000,19.190781,3.000000
0.011719,-0.039062,-0.007812,0.000000,30.737183,4.000000
0.017578,-0.080078,-0.007812,0.000000,31.978317,4.000000
0.029297,-0.119141,-0.003906,0.000000,30.207754,4.000000
0.056641,-0.154297,0.005859,0.000000,25.502283,4.000000
0.380859,-0.080078,-1.207031,0.000000,22.041201,4.000000
0.298828,-0.041016,1.273438,0.000000,23.304138,4.000000
0.447266,-0.000000,1.273438,0.000000,21.986570,4.000000
2.562500,-0.263672,1.152344,0.000000,29.385197,4.000000
2.623047,-0.179688,1.134766,0.000000,32.727695,4.000000
2.666016,-0.181641,1.140625,0.000000,31.994808,4.000000
4.419922,-0.287109,1.169922,0.000000,30.809870,4.000000
4.509766,-0.289062,0.970703,0.000000,30.655798,4.000000
4.687500,-0.445312,-0.585938,0.000000,29.518230,4.000000
4.738281,-0.449219,-0.503906,0.000000,33.291943,4.000000
4.789062,-0.453125,-0.398438,0.000000,33.721752,4.000000
4.855469,-0.304688,-0.150391,0.000000,30.488300,4.000000
4.843750,-0.460938,0.644531,0.000000,29.863237,4.000000
4.867188,-0.464844,0.773438,0.000000,30.534626,4.000000
0.041016,-0.033203,0.062500,0.000000,30.145205,4.000000
0.044922,-0.046875,0.103516,0.000000,29.052561,4.000000
1.214844,0.357422,0.082031,0.000000,19.084850,4.000000
0.011719,-0.039062,-0.007812,0.000000,30.733517,5.000000
0.017578,-0.080078,-0.007812,0.000000,31.978317,5.000000
0.029297,-0.119141,-0.003906,0.000000,30.211893,5.000000
0.056641,-0.154297,0.005859,0.000000,25.502283,5.000000
0.355469,-0.080078,-1.214844,0.000000,22.013971,5.000000
0.310547,-0.041016,1.271484,0.000000,23.283796,5.000000
0.423828,-0.000000,1.281250,0.000000,21.958996,5.000000
1.958984,0.123047,-0.009766,0.000000,27.355989,5.000000
2.003906,0.062500,-0.009766,0.000000,26.857418,5.000000
2.566406,-0.263672,1.144531,0.000000,29.498777,5.000000
2.607422,-0.267578,1.150391,0.000000,32.789822,5.000000
2.664062,-0.181641,1.140625,0.000000,32.054749,5.000000
4.416016,-0.287109,1.189453,0.000000,30.962147,5.000000
4.490234,-0.289062,1.062500,0.000000,30.881361,5.000000
4.738281,-0.449219,-0.509766,0.000000,33.098431,5.000000
4.789062,-0.453125,-0.396484,0.000000,33.406425,5.000000
4.845703,-0.457031,-0.076172,0.000000,30.000000,5.000000
4.841797,-0.460938,0.666016,0.000000,30.145205,5.000000
4.863281,-0.464844,0.796875,0.000000,30.729847,5.000000
0.041016,-0.033203,0.062500,0.000000,30.149403,5.000000
0.044922,-0.046875,0.103516,0.000000,29.057959,5.000000
1.214844,0.357422,0.070312,0.000000,19.242792,5.000000
0.011719,-0.039062,-0.007812,0.000000,30.737183,6.000000
0.017578,-0.080078,-0.007812,0.000000,31.981070,6.000000
0.029297,-0.119141,-0.003906,0.000000,30.207754,6.000000
0.056641,-0.154297,0.007812,0.000000,25.490032,6.000000
0.332031,-0.080078,-1.220703,0.000000,22.041201,6.000000
0.322266,-0.041016,1.267578,0.000000,23.304138,6.000000
0.515625,-0.042969,1.248047,0.000000,22.013971,6.000000
1.753906,0.109375,0.060547,0.000000,31.014034,6.000000
1.794922,0.113281,0.046875,0.000000,30.530785,6.000000
2.566406,-0.263672,1.142578,0.000000,29.469433,6.000000
2.621094,-0.179688,1.138672,0.000000,32.771507,6.000000
2.660156,-0.181641,1.150391,0.000000,32.022160,6.000000
4.421875,-0.287109,1.162109,0.000000,30.863598,6.000000
4.511719,-0.289062,0.966797,0.000000,30.670708,6.000000
4.740234,-0.449219,-0.492188,0.000000,33.130230,6.000000
4.791016,-0.453125,-0.365234,0.000000,33.394516,6.000000
4.857422,-0.304688,0.054688,0.000000,30.013010,6.000000
4.865234,-0.306641,0.568359,0.000000,30.390173,6.000000
4.869141,-0.464844,0.761719,0.000000,30.759117,6.000000
0.041016,-0.033203,0.062500,0.000000,30.153597,6.000000
0.044922,-0.046875,0.103516,0.000000,29.063351,6.000000
1.214844,0.357422,0.066406,0.000000,19.294189,6.000000
2.769531,-2.021484,-3.099609,0.000000,27.671558,6.000000
0.011719,-0.039062,-0.007812,0.000000,30.748165,7.000000
0.017578,-0.080078,-0.007812,0.000000,31.981070,7.000000
0.029297,-0.119141,-0.003906,0.000000,30.207754,7.000000
0.056641,-0.154297,0.005859,0.000000,25.502283,7.000000
0.345703,-0.080078,-1.216797,0.000000,21.986570,7.000000
0.291016,-0.041016,1.275391,0.000000,23.283796,7.000000
0.492188,-0.042969,1.255859,0.000000,21.986570,7.000000
1.755859,0.054688,0.068359,0.000000,28.981766,7.000000
2.535156,-0.263672,1.210938,0.000000,29.523081,7.000000
2.599609,-0.267578,1.167969,0.000000,32.769211,7.000000
2.654297,-0.181641,1.164062,0.000000,31.989319,7.000000
4.416016,-0.287109,1.183594,0.000000,30.751818,7.000000
4.498047,-0.289062,1.023438,0.000000,30.338257,7.000000
4.740234,-0.449219,-0.484375,0.000000,33.191059,7.000000
4.792969,-0.453125,-0.353516,0.000000,33.475250,7.000000
4.857422,-0.304688,0.076172,0.000000,30.008677,7.000000
4.867188,-0.306641,0.554688,0.000000,30.326187,7.000000
4.892578,-0.308594,0.681641,0.000000,30.603201,7.000000
0.041016,-0.033203,0.062500,0.000000,30.149403,7.000000
0.044922,-0.046875,0.103516,0.000000,29.052561,7.000000
1.214844,0.357422,0.062500,0.000000,19.242792,7.000000
2.847656,-2.021484,-3.027344,0.000000,27.395723,7.000000
0.011719,-0.039062,-0.007812,0.000000,30.737183,8.000000
0.017578,-0.080078,-0.007812,0.000000,31.981070,8.000000
0.029297,-0.119141,-0.003906,0.000000,30.211893,8.000000
0.056641,-0.154297,0.007812,0.000000,25.514500,8.000000
0.363281,-0.080078,-1.212891,0.000000,21.958996,8.000000
0.287109,-0.041016,1.277344,0.000000,23.263359,8.000000
0.433594,-0.000000,1.279297,0.000000,21.958996,8.000000
1.945312,0.123047,-0.240234,0.000000,29.164539,8.000000
1.994141,0.125000,-0.171875,0.000000,29.459606,8.000000
2.033203,0.191406,-0.093750,0.000000,28.041395,8.000000
2.541016,-0.263672,1.199219,0.000000,29.464523,8.000000
2.603516,-0.267578,1.160156,0.000000,32.748505,8.000000
2.660156,-0.181641,1.150391,0.000000,31.970047,8.000000
4.417969,-0.287109,1.175781,0.000000,30.982975,8.000000
4.490234,-0.289062,1.062500,0.000000,30.678144,8.000000
4.738281,-0.449219,-0.505859,0.000000,33.085644,8.000000
4.773438,-0.603516,-0.390625,0.000000,33.277676,8.000000
4.876953,-0.308594,0.783203,0.000000,30.979511,8.000000
0.041016,-0.033203,0.062500,0.000000,30.149403,8.000000
0.044922,-0.046875,0.103516,0.000000,29.052561,8.000000
1.214844,0.357422,0.068359,0.000000,19.395193,8.000000
0.011719,-0.039062,-0.007812,0.000000,30.733517,9.000000
0.017578,-0.080078,-0.007812,0.000000,31.978317,9.000000
0.029297,-0.119141,-0.003906,0.000000,30.211893,9.000000
0.056641,-0.154297,0.005859,0.000000,25.514500,9.000000
0.351562,-0.080078,-1.216797,0.000000,21.958996,9.000000
0.300781,-0.041016,1.273438,0.000000,23.263359,9.000000
0.484375,-0.042969,1.259766,0.000000,21.958996,9.000000
2.613281,-0.175781,1.050781,0.000000,29.415113,9.000000
2.628906,-0.179688,1.123047,0.000000,32.716091,9.000000
2.662109,-0.181641,1.146484,0.000000,31.942368,9.000000
4.416016,-0.287109,1.185547,0.000000,30.700378,9.000000
4.490234,-0.433594,1.005859,0.000000,30.301949,9.000000
4.740234,-0.449219,-0.482422,0.000000,33.220123,9.000000
4.792969,-0.453125,-0.349609,0.000000,33.449814,9.000000
4.845703,-0.457031,0.033203,0.000000,29.822712,9.000000
4.855469,-0.306641,0.656250,0.000000,30.081741,9.000000
4.888672,-0.308594,0.710938,0.000000,30.584261,9.000000
0.041016,-0.033203,0.062500,0.000000,30.145205,9.000000
0.044922,-0.046875,0.103516,0.000000,29.047155,9.000000
1.214844,0.357422,0.070312,0.000000,19.294189,9.000000
2.873047,-2.021484,-3.003906,0.000000,27.427252,9.000000
0.011719,-0.039062,-0.007812,0.000000,30.744507,10.000000
0.017578,-0.080078,-0.007812,0.000000,31.981070,10.000000
0.029297,-0.119141,-0.003906,0.000000,30.211893,10.000000
0.056641,-0.154297,0.005859,0.000000,25.502283,10.000000
0.328125,-0.080078,-1.222656,0.000000,22.013971,10.000000
0.322266,-0.041016,1.267578,0.000000,23.263359,10.000000
0.445312,-0.000000,1.273438,0.000000,21.931246,10.000000
1.906250,-0.000000,-0.248047,0.000000,28.142475,10.000000
1.933594,0.060547,-0.333984,0.000000,29.324738,10.000000
2.542969,-0.263672,1.197266,0.000000,29.365137,10.000000
2.595703,-0.267578,1.177734,0.000000,32.730011,10.000000
2.652344,-0.181641,1.169922,0.000000,31.989319,10.000000
4.421875,-0.287109,1.164062,0.000000,31.115986,10.000000
4.513672,-0.289062,0.957031,0.000000,30.930714,10.000000
4.740234,-0.449219,-0.482422,0.000000,33.136562,10.000000
4.792969,-0.453125,-0.359375,0.000000,33.378586,10.000000
4.857422,-0.304688,0.052734,0.000000,30.017338,10.000000
4.867188,-0.306641,0.560547,0.000000,30.614525,10.000000
4.892578,-0.308594,0.685547,0.000000,31.122698,10.000000
0.041016,-0.033203,0.062500,0.000000,30.149403,10.000000
0.044922,-0.046875,0.103516,0.000000,29.052561,10.000000
1.214844,0.357422,0.068359,0.000000,19.190781,10.000000
0.011719,-0.039062,-0.007812,0.000000,30.737183,11.000000
0.017578,-0.080078,-0.007812,0.000000,31.981070,11.000000
0.029297,-0.119141,-0.003906,0.000000,30.211893,11.000000
0.056641,-0.154297,0.005859,0.000000,25.502283,11.000000
0.390625,-0.080078,-1.203125,0.000000,22.068258,11.000000
0.279297,-0.041016,1.277344,0.000000,23.304138,11.000000
0.486328,-0.042969,1.257812,0.000000,22.013971,11.000000
1.718750,-0.000000,-0.003906,0.000000,30.297895,11.000000
1.759766,-0.000000,-0.019531,0.000000,30.248960,11.000000
1.939453,0.060547,-0.294922,0.000000,28.847954,11.000000
1.976562,0.062500,-0.332031,0.000000,28.506462,11.000000
2.511719,-0.263672,1.259766,0.000000,29.479237,11.000000
2.599609,-0.267578,1.171875,0.000000,32.780674,11.000000
2.662109,-0.181641,1.148438,0.000000,32.033051,11.000000
4.410156,-0.287109,1.208984,0.000000,30.762762,11.000000
4.492188,-0.289062,1.050781,0.000000,30.530785,11.000000
