2.541016,-0.263672,1.201172,0.000000,29.449759,0.000000
2.603516,-0.267578,1.160156,0.000000,32.798950,0.000000
2.666016,-0.181641,1.138672,0.000000,31.970047,0.000000
4.416016,-0.287109,1.185547,0.000000,30.799046,0.000000
4.492188,-0.289062,1.052734,0.000000,30.561422,0.000000
4.736328,-0.449219,-0.523438,0.000000,33.253105,0.000000
4.787109,-0.453125,-0.412109,0.000000,33.811150,0.000000
4.843750,-0.457031,-0.162109,0.000000,30.433622,0.000000
4.824219,-0.460938,0.783203,0.000000,29.703468,0.000000
4.878906,-0.308594,0.769531,0.000000,30.770042,0.000000
0.882812,0.324219,0.005859,-1.229337,26.354837,0.000000
0.910156,0.367188,0.001953,-1.229337,27.092699,0.000000
0.947266,0.382812,0.009766,-1.229337,24.099331,0.000000
0.832031,0.337891,0.058594,-0.614669,21.613680,0.000000
1.333984,0.390625,-0.007812,-0.614669,26.294096,0.000000
0.041016,-0.033203,0.062500,0.000000,30.132587,0.000000
0.052734,-0.042969,0.101562,0.000000,29.003672,0.000000
1.236328,0.421875,-0.341797,0.000000,26.454224,0.000000
0.011719,-0.039062,-0.007812,0.000000,30.751818,1.000000
0.017578,-0.080078,-0.007812,0.000000,31.975563,1.000000
0.029297,-0.119141,-0.005859,0.000000,30.232525,1.000000
0.056641,-0.154297,0.005859,0.000000,25.490032,1.000000
1.041016,0.076172,0.646484,0.000000,25.976952,1.000000
1.167969,0.080078,-0.488281,0.000000,28.082109,1.000000
1.281250,0.123047,-0.234375,0.000000,29.609463,1.000000
1.333984,0.210938,-0.009766,0.000000,28.155777,1.000000
2.552734,-0.263672,1.175781,0.000000,29.474337,1.000000
2.599609,-0.267578,1.171875,0.000000,32.778385,1.000000
2.648438,-0.181641,1.177734,0.000000,31.983822,1.000000
4.419922,-0.287109,1.169922,0.000000,30.835026,1.000000
4.509766,-0.289062,0.974609,0.000000,30.748165,1.000000
4.738281,-0.449219,-0.505859,0.000000,33.255157,1.000000
4.787109,-0.453125,-0.412109,0.000000,33.756638,1.000000
4.843750,-0.457031,-0.167969,0.000000,30.281645,1.000000
4.830078,-0.460938,0.744141,0.000000,29.781805,1.000000
4.875000,-0.308594,0.796875,0.000000,30.711452,1.000000
0.832031,0.337891,0.062500,0.614669,19.590414,1.000000
0.869141,0.353516,0.062500,0.614669,23.692158,1.000000
0.919922,0.337891,0.072266,0.614669,23.979401,1.000000
0.945312,0.382812,0.078125,0.614669,20.681858,1.000000
0.041016,-0.033203,0.062500,0.000000,30.136797,1.000000
0.052734,-0.042969,0.101562,0.000000,29.003672,1.000000
2.802734,-2.003906,-3.019531,0.000000,27.839035,1.000000
0.011719,-0.039062,-0.007812,0.000000,30.748165,2.000000
0.017578,-0.080078,-0.007812,0.000000,31.972805,2.000000
0.029297,-0.119141,-0.005859,0.000000,30.232525,2.000000
0.056641,-0.154297,0.005859,0.000000,25.490032,2.000000
1.152344,0.222656,0.169922,0.000000,24.031206,2.000000
1.210938,0.191406,0.044922,0.000000,27.693773,2.000000
1.250000,0.197266,-0.085938,0.000000,30.659531,2.000000
1.287109,0.205078,-0.128906,0.000000,31.544239,2.000000
1.328125,0.210938,-0.121094,0.000000,29.360107,2.000000
2.548828,-0.263672,1.181641,0.000000,29.580858,2.000000
2.605469,-0.267578,1.156250,0.000000,32.833012,2.000000
2.667969,-0.181641,1.132812,0.000000,31.994808,2.000000
4.416016,-0.287109,1.183594,0.000000,30.888445,2.000000
4.505859,-0.289062,0.992188,0.000000,30.835026,2.000000
4.740234,-0.449219,-0.494141,0.000000,32.886963,2.000000
4.791016,-0.453125,-0.373047,0.000000,33.384563,2.000000
4.845703,-0.457031,-0.083984,0.000000,30.073210,2.000000
4.837891,-0.460938,0.689453,0.000000,29.912260,2.000000
4.878906,-0.308594,0.773438,0.000000,30.681858,2.000000
0.900391,0.263672,0.068359,1.229337,21.789770,2.000000
0.941406,0.275391,0.052734,1.229337,24.471581,2.000000
0.980469,0.287109,0.039062,1.229337,23.765770,2.000000
0.041016,-0.033203,0.062500,0.000000,30.132587,2.000000
0.044922,-0.046875,0.103516,0.000000,28.998205,2.000000
2.767578,-2.003906,-3.052734,0.000000,27.930916,2.000000
0.011719,-0.039062,-0.007812,0.000000,30.748165,3.000000
0.017578,-0.080078,-0.007812,0.000000,31.972805,3.000000
0.041016,-0.115234,-0.007812,0.000000,30.232525,3.000000
0.056641,-0.154297,0.005859,0.000000,25.490032,3.000000
1.156250,0.148438,0.220703,0.000000,24.031206,3.000000
1.210938,0.154297,0.123047,0.000000,26.304279,3.000000
1.253906,0.158203,-0.113281,0.000000,27.972675,3.000000
1.287109,0.164062,-0.177734,0.000000,29.175055,3.000000
1.320312,0.167969,-0.226562,0.000000,27.839035,3.000000
2.554688,-0.263672,1.171875,0.000000,29.410143,3.000000
2.601562,-0.267578,1.166016,0.000000,32.771507,3.000000
2.652344,-0.181641,1.171875,0.000000,31.997551,3.000000
4.412109,-0.287109,1.203125,0.000000,30.895519,3.000000
4.500000,-0.289062,1.019531,0.000000,30.809870,3.000000
4.742188,-0.449219,-0.464844,0.000000,32.778385,3.000000
4.792969,-0.453125,-0.343750,0.000000,33.402458,3.000000
4.845703,-0.457031,-0.056641,0.000000,30.530785,3.000000
4.863281,-0.306641,0.597656,0.000000,30.128372,3.000000
4.878906,-0.308594,0.777344,0.000000,30.722500,3.000000
0.902344,0.263672,0.005859,1.229337,22.095150,3.000000
0.941406,0.275391,0.001953,1.229337,29.232441,3.000000
0.970703,0.320312,-0.005859,1.229337,31.821293,3.000000
1.021484,0.298828,0.007812,1.229337,31.024338,3.000000
1.060547,0.310547,0.019531,1.229337,26.541765,3.000000
0.041016,-0.033203,0.062500,0.000000,30.141003,3.000000
0.052734,-0.042969,0.101562,0.000000,29.009130,3.000000
2.785156,-2.003906,-3.035156,0.000000,27.972675,3.000000
0.011719,-0.039062,-0.007812,0.000000,30.744507,4.000000
0.017578,-0.080078,-0.007812,0.000000,31.975563,4.000000
0.041016,-0.115234,-0.007812,0.000000,30.232525,4.000000
0.056641,-0.154297,0.005859,0.000000,25.490032,4.000000
1.136719,0.111328,0.322266,0.000000,23.263359,4.000000
1.210938,0.115234,0.167969,0.000000,25.820633,4.000000
1.236328,0.277344,0.064453,0.000000,26.304279,4.000000
1.289062,0.205078,0.089844,0.000000,29.390198,4.000000
1.332031,0.210938,0.054688,0.000000,28.621313,4.000000
1.376953,0.173828,-0.078125,0.000000,24.116198,4.000000
2.541016,-0.263672,1.199219,0.000000,29.527924,4.000000
2.607422,-0.267578,1.154297,0.000000,32.801228,4.000000
2.671875,-0.181641,1.123047,0.000000,31.970047,4.000000
4.419922,-0.287109,1.173828,0.000000,30.958664,4.000000
4.498047,-0.289062,1.023438,0.000000,30.881361,4.000000
4.738281,-0.449219,-0.509766,0.000000,33.119656,4.000000
4.789062,-0.453125,-0.410156,0.000000,33.916409,4.000000
4.853516,-0.304688,-0.203125,0.000000,31.283993,4.000000
4.876953,-0.306641,0.466797,0.000000,30.269417,4.000000
4.896484,-0.308594,0.648438,0.000000,30.852905,4.000000
1.005859,0.332031,-0.087891,1.229337,21.958996,4.000000
1.058594,0.310547,-0.068359,1.229337,20.334238,4.000000
0.041016,-0.033203,0.062500,0.000000,30.141003,4.000000
0.052734,-0.042969,0.101562,0.000000,29.003672,4.000000
0.011719,-0.039062,-0.007812,0.000000,30.751818,5.000000
0.017578,-0.080078,-0.007812,0.000000,31.975563,5.000000
0.029297,-0.119141,-0.005859,0.000000,30.232525,5.000000
0.056641,-0.154297,0.005859,0.000000,25.490032,5.000000
1.136719,0.333984,-0.062500,0.000000,20.253059,5.000000
1.179688,0.306641,-0.148438,0.000000,24.281347,5.000000
1.228516,0.277344,-0.146484,0.000000,28.603380,5.000000
1.271484,0.287109,-0.125000,0.000000,29.474337,5.000000
1.296875,0.337891,-0.164062,0.000000,26.720978,5.000000
2.537109,-0.263672,1.208984,0.000000,29.547249,5.000000
2.595703,-0.267578,1.177734,0.000000,32.846561,5.000000
2.656250,-0.181641,1.160156,0.000000,32.065559,5.000000
4.410156,-0.287109,1.210938,0.000000,30.927206,5.000000
4.484375,-0.289062,1.085938,0.000000,30.788193,5.000000
4.736328,-0.449219,-0.515625,0.000000,33.504417,5.000000
4.785156,-0.453125,-0.449219,0.000000,34.328091,5.000000
4.849609,-0.304688,-0.285156,0.000000,31.528996,5.000000
4.867188,-0.306641,0.560547,0.000000,30.004341,5.000000
4.882812,-0.308594,0.746094,0.000000,30.831442,5.000000
1.007812,0.298828,-0.166016,0.614669,20.755470,5.000000
1.048828,0.310547,-0.152344,0.614669,23.138672,5.000000
1.091797,0.322266,-0.123047,0.614669,22.304489,5.000000
0.041016,-0.033203,0.062500,0.000000,30.141003,5.000000
0.052734,-0.042969,0.101562,0.000000,29.003672,5.000000
0.701172,-0.074219,0.955078,0.000000,19.030899,5.000000
0.521484,-0.126953,1.238281,0.000000,24.623980,5.000000
0.011719,-0.039062,-0.007812,0.000000,30.751818,6.000000
0.017578,-0.080078,-0.007812,0.000000,31.978317,6.000000
0.041016,-0.115234,-0.007812,0.000000,30.236639,6.000000
0.056641,-0.154297,0.005859,0.000000,25.514500,6.000000
1.121094,0.111328,0.371094,0.000000,23.159704,6.000000
1.220703,0.115234,0.046875,0.000000,28.363241,6.000000
1.255859,0.158203,-0.085938,0.000000,30.791813,6.000000
1.287109,0.205078,-0.113281,0.000000,31.498346,6.000000
1.318359,0.253906,-0.136719,0.000000,29.818186,6.000000
2.544922,-0.263672,1.193359,0.000000,29.479237,6.000000
2.599609,-0.267578,1.171875,0.000000,32.853321,6.000000
2.654297,-0.181641,1.166016,0.000000,32.087101,6.000000
4.414062,-0.287109,1.193359,0.000000,31.014034,6.000000
4.490234,-0.289062,1.056641,0.000000,30.791813,6.000000
4.736328,-0.449219,-0.523438,0.000000,33.710678,6.000000
4.783203,-0.453125,-0.458984,0.000000,34.468475,6.000000
4.833984,-0.457031,-0.339844,0.000000,31.430147,6.000000
4.855469,-0.306641,0.652344,0.000000,29.642597,6.000000
4.884766,-0.308594,0.736328,0.000000,30.733517,6.000000
1.328125,0.390625,-0.130859,0.614669,26.148972,6.000000
1.035156,0.345703,-0.175781,1.229337,19.867718,6.000000
1.072266,0.357422,-0.187500,1.229337,21.583626,6.000000
1.072266,0.171875,-0.205078,-0.614669,21.553360,6.000000
1.101562,0.214844,-0.226562,-0.614669,21.986570,6.000000
0.041016,-0.033203,0.062500,0.000000,30.136797,6.000000
0.052734,-0.042969,0.101562,0.000000,29.009130,6.000000
0.011719,-0.039062,-0.007812,0.000000,30.751818,7.000000
0.017578,-0.080078,-0.007812,0.000000,31.975563,7.000000
0.041016,-0.115234,-0.007812,0.000000,30.232525,7.000000
0.056641,-0.154297,0.005859,0.000000,25.490032,7.000000
1.148438,0.148438,0.253906,0.000000,24.996870,7.000000
1.207031,0.154297,0.166016,0.000000,28.068581,7.000000
1.236328,0.197266,0.205078,0.000000,28.082109,7.000000
1.269531,0.287109,0.130859,0.000000,27.535831,7.000000
1.314453,0.294922,0.097656,0.000000,26.190933,7.000000
2.541016,-0.263672,1.201172,0.000000,29.503649,7.000000
2.597656,-0.267578,1.175781,0.000000,32.826221,7.000000
2.652344,-0.181641,1.167969,0.000000,32.035767,7.000000
4.417969,-0.287109,1.179688,0.000000,30.951693,7.000000
4.486328,-0.289062,1.076172,0.000000,30.685570,7.000000
4.736328,-0.449219,-0.517578,0.000000,33.628593,7.000000
4.783203,-0.453125,-0.455078,0.000000,34.326488,7.000000
4.833984,-0.457031,-0.355469,0.000000,31.172712,7.000000
4.830078,-0.460938,0.740234,0.000000,29.454685,7.000000
4.884766,-0.308594,0.732422,0.000000,30.773680,7.000000
1.037109,0.132812,-0.199219,-0.614669,20.606977,7.000000
1.078125,0.138672,-0.195312,-0.614669,23.502480,7.000000
1.109375,0.142578,-0.246094,-0.614669,22.718416,7.000000
0.041016,-0.033203,0.062500,0.000000,30.136797,7.000000
0.052734,-0.042969,0.101562,0.000000,29.003672,7.000000
0.492188,-0.205078,-1.195312,0.000000,24.913616,7.000000
0.011719,-0.039062,-0.007812,0.000000,30.755470,8.000000
0.017578,-0.080078,-0.007812,0.000000,31.975563,8.000000
0.041016,-0.115234,-0.007812,0.000000,30.232525,8.000000
0.056641,-0.154297,0.005859,0.000000,25.490032,8.000000
1.119141,0.142578,0.199219,0.000000,20.899052,8.000000
1.164062,0.148438,0.167969,0.000000,27.267273,8.000000
1.220703,0.115234,0.044922,0.000000,30.777311,8.000000
1.257812,0.119141,-0.105469,0.000000,31.264561,8.000000
1.271484,0.082031,-0.300781,0.000000,28.401060,8.000000
1.273438,0.421875,0.156250,0.000000,22.201080,8.000000
2.546875,-0.263672,1.189453,0.000000,29.542425,8.000000
2.599609,-0.267578,1.171875,0.000000,32.808060,8.000000
2.656250,-0.181641,1.162109,0.000000,32.013969,8.000000
4.416016,-0.287109,1.187500,0.000000,30.895519,8.000000
4.478516,-0.289062,1.105469,0.000000,30.591846,8.000000
4.736328,-0.449219,-0.515625,0.000000,33.552601,8.000000
4.785156,-0.453125,-0.449219,0.000000,34.287827,8.000000
4.835938,-0.457031,-0.330078,0.000000,31.258064,8.000000
4.837891,-0.460938,0.699219,0.000000,29.609463,8.000000
4.890625,-0.308594,0.693359,0.000000,30.799046,8.000000
1.080078,0.138672,-0.183594,-1.229337,20.043213,8.000000
0.041016,-0.033203,0.062500,0.000000,30.136797,8.000000
0.044922,-0.046875,0.103516,0.000000,29.009130,8.000000
0.958984,-0.083984,-0.945312,0.000000,20.569048,8.000000
0.011719,-0.039062,-0.007812,0.000000,30.755470,9.000000
0.017578,-0.080078,-0.007812,0.000000,31.978317,9.000000
0.041016,-0.115234,-0.007812,0.000000,30.236639,9.000000
0.056641,-0.154297,0.005859,0.000000,25.490032,9.000000
1.177734,0.074219,0.117188,0.000000,21.461281,9.000000
1.224609,0.076172,0.029297,0.000000,27.715876,9.000000
1.265625,0.080078,-0.044922,0.000000,30.102999,9.000000
1.298828,0.123047,-0.107422,0.000000,30.030294,9.000000
1.332031,0.167969,-0.138672,0.000000,28.715729,9.000000
1.353516,0.261719,-0.189453,0.000000,27.024305,9.000000
2.556641,-0.263672,1.167969,0.000000,29.503649,9.000000
2.613281,-0.267578,1.138672,0.000000,32.792107,9.000000
2.677734,-0.181641,1.109375,0.000000,31.964525,9.000000
4.406250,-0.287109,1.224609,0.000000,30.820669,9.000000
4.468750,-0.289062,1.142578,0.000000,30.480532,9.000000
4.736328,-0.449219,-0.527344,0.000000,33.673561,9.000000
4.783203,-0.453125,-0.464844,0.000000,34.452927,9.000000
4.833984,-0.457031,-0.343750,0.000000,31.486027,9.000000
4.835938,-0.460938,0.707031,0.000000,29.542425,9.000000
4.894531,-0.308594,0.675781,0.000000,30.700378,9.000000
1.373047,0.402344,-0.056641,0.614669,26.031445,9.000000
0.041016,-0.033203,0.062500,0.000000,30.136797,9.000000
0.044922,-0.046875,0.103516,0.000000,29.003672,9.000000
2.826172,-2.003906,-2.996094,0.000000,27.853298,9.000000
0.011719,-0.039062,-0.007812,0.000000,30.751818,10.000000
0.017578,-0.080078,-0.007812,0.000000,31.975563,10.000000
0.029297,-0.119141,-0.005859,0.000000,30.232525,10.000000
0.056641,-0.154297,0.005859,0.000000,25.490032,10.000000
1.142578,0.111328,0.300781,0.000000,21.139433,10.000000
1.125000,0.154297,0.462891,0.000000,25.352942,10.000000
1.246094,0.039062,0.236328,0.000000,25.526682,10.000000
2.548828,-0.263672,1.183594,0.000000,29.415113,10.000000
2.603516,-0.267578,1.160156,0.000000,32.755417,10.000000
2.660156,-0.271484,1.130859,0.000000,31.936810,10.000000
4.410156,-0.287109,1.205078,0.000000,30.762762,10.000000
4.474609,-0.289062,1.121094,0.000000,30.374266,10.000000
