2.667969,-0.179688,1.023438,0.000000,32.108532,0.000000
2.759766,-0.089844,0.900391,0.000000,31.014034,0.000000
4.404297,-0.142578,1.253906,0.000000,31.152777,0.000000
4.429688,-0.144531,1.314453,0.000000,30.496056,0.000000
4.898438,-0.308594,0.644531,0.000000,31.274288,0.000000
4.951172,-0.623047,-0.023438,0.000000,29.689497,0.000000
1.093750,0.035156,-0.148438,0.614669,20.211893,0.000000
1.130859,0.035156,-0.173828,0.614669,22.068258,0.000000
1.164062,0.074219,-0.216797,0.614669,20.827854,0.000000
1.642578,-0.105469,-0.318359,1.229337,21.760912,0.000000
1.742188,-0.164062,-0.177734,1.844006,20.681858,0.000000
0.041016,-0.033203,0.062500,0.000000,30.098757,0.000000
0.044922,-0.046875,0.103516,0.000000,29.014584,0.000000
0.011719,-0.039062,-0.007812,0.000000,30.648323,1.000000
0.017578,-0.080078,-0.007812,0.000000,31.903316,1.000000
0.029297,-0.119141,-0.005859,0.000000,30.119930,1.000000
0.056641,-0.154297,0.005859,0.000000,25.453072,1.000000
0.394531,-0.080078,1.203125,0.000000,22.900347,1.000000
0.201172,-0.082031,1.291016,0.000000,24.593925,1.000000
0.423828,-0.083984,-1.279297,0.000000,23.074961,1.000000
2.605469,-0.175781,1.072266,0.000000,28.987251,1.000000
2.656250,-0.179688,1.056641,0.000000,32.159019,1.000000
2.755859,-0.089844,0.910156,0.000000,31.248301,1.000000
4.402344,-0.142578,1.257812,0.000000,30.770042,1.000000
4.423828,-0.144531,1.332031,0.000000,30.030294,1.000000
4.906250,-0.308594,0.574219,0.000000,30.817072,1.000000
4.949219,-0.623047,-0.177734,0.000000,29.449759,1.000000
1.103516,0.035156,0.021484,1.229337,20.211893,1.000000
1.144531,-0.000000,0.013672,1.229337,24.800070,1.000000
1.185547,0.037109,0.000000,1.229337,25.378191,1.000000
1.224609,0.039062,0.064453,1.844006,22.121876,1.000000
0.041016,-0.033203,0.062500,0.000000,30.098757,1.000000
0.046875,-0.046875,0.103516,0.000000,29.014584,1.000000
0.011719,-0.039062,-0.007812,0.000000,30.652061,2.000000
0.017578,-0.080078,-0.007812,0.000000,31.903316,2.000000
0.029297,-0.119141,-0.005859,0.000000,30.119930,2.000000
0.056641,-0.154297,0.005859,0.000000,25.440680,2.000000
0.205078,-0.080078,-1.248047,0.000000,23.263359,2.000000
0.087891,-0.082031,-1.302734,0.000000,24.698219,2.000000
0.416016,-0.083984,-1.281250,0.000000,23.180634,2.000000
0.585938,-0.042969,-1.259766,0.000000,21.789770,2.000000
1.605469,0.050781,-0.308594,0.000000,27.250946,2.000000
1.650391,-0.000000,-0.302734,0.000000,26.551384,2.000000
2.625000,-0.175781,1.021484,0.000000,28.987251,2.000000
2.660156,-0.179688,1.042969,0.000000,32.116543,2.000000
2.750000,-0.089844,0.929688,0.000000,31.075491,2.000000
4.404297,-0.142578,1.093750,0.000000,28.155777,2.000000
4.412109,-0.142578,1.226562,0.000000,31.189257,2.000000
4.441406,-0.144531,1.275391,0.000000,30.553783,2.000000
4.902344,-0.308594,0.605469,0.000000,30.394140,2.000000
4.927734,-0.779297,-0.111328,0.000000,29.095560,2.000000
1.183594,0.074219,0.039062,1.229337,24.166405,2.000000
1.224609,0.076172,0.037109,1.229337,26.512779,2.000000
1.265625,0.080078,0.039062,1.229337,25.327543,2.000000
0.041016,-0.033203,0.062500,0.000000,30.094509,2.000000
0.044922,-0.046875,0.103516,0.000000,29.009130,2.000000
0.011719,-0.039062,-0.007812,0.000000,30.652061,3.000000
0.017578,-0.080078,-0.007812,0.000000,31.906118,3.000000
0.029297,-0.119141,-0.005859,0.000000,30.119930,3.000000
0.056641,-0.154297,0.007812,0.000000,25.453072,3.000000
0.210938,-0.080078,1.248047,0.000000,22.966652,3.000000
0.167969,-0.082031,1.294922,0.000000,24.578819,3.000000
0.398438,-0.083984,-1.287109,0.000000,23.074961,3.000000
2.632812,-0.175781,1.001953,0.000000,29.003672,3.000000
2.666016,-0.179688,1.031250,0.000000,32.124538,3.000000
2.753906,-0.089844,0.919922,0.000000,31.061909,3.000000
4.394531,-0.142578,1.132812,0.000000,28.401060,3.000000
4.406250,-0.142578,1.250000,0.000000,31.592663,3.000000
4.433594,-0.144531,1.300781,0.000000,31.095785,3.000000
4.900391,-0.308594,0.623047,0.000000,30.047512,3.000000
1.453125,0.093750,0.414062,0.614669,24.548449,3.000000
1.503906,0.097656,0.376953,0.614669,26.866364,3.000000
1.214844,-0.039062,0.175781,1.844006,22.552725,3.000000
1.251953,-0.039062,0.203125,1.844006,26.618126,3.000000
1.289062,-0.000000,0.226562,1.844006,26.674530,3.000000
1.324219,-0.000000,0.259766,1.844006,23.096302,3.000000
0.041016,-0.033203,0.062500,0.000000,30.098757,3.000000
0.044922,-0.046875,0.103516,0.000000,29.009130,3.000000
0.011719,-0.039062,-0.007812,0.000000,30.640835,4.000000
0.017578,-0.080078,-0.007812,0.000000,31.900515,4.000000
0.029297,-0.119141,-0.005859,0.000000,30.115704,4.000000
0.056641,-0.154297,0.005859,0.000000,25.440680,4.000000
0.244141,-0.080078,1.242188,0.000000,23.180634,4.000000
0.273438,-0.082031,1.277344,0.000000,24.828735,4.000000
2.615234,-0.175781,1.046875,0.000000,28.943161,4.000000
2.656250,-0.179688,1.054688,0.000000,32.100510,4.000000
2.746094,-0.089844,0.939453,0.000000,31.156105,4.000000
4.400391,-0.142578,1.113281,0.000000,28.286598,4.000000
4.408203,-0.142578,1.240234,0.000000,31.417633,4.000000
4.435547,-0.144531,1.291016,0.000000,30.884905,4.000000
4.896484,-0.308594,0.650391,0.000000,30.261246,4.000000
1.505859,0.097656,0.375000,0.614669,25.921768,4.000000
1.566406,0.150391,0.259766,0.614669,26.794279,4.000000
1.632812,0.101562,0.056641,0.614669,25.921768,4.000000
1.669922,0.052734,-0.136719,0.614669,24.756712,4.000000
1.263672,0.080078,0.058594,1.229337,24.941545,4.000000
1.306641,0.041016,0.076172,1.229337,29.190781,4.000000
1.345703,0.042969,0.085938,1.229337,29.508514,4.000000
1.384766,0.087891,0.087891,1.229337,26.190933,4.000000
0.041016,-0.033203,0.062500,0.000000,30.094509,4.000000
0.044922,-0.046875,0.103516,0.000000,28.998205,4.000000
0.011719,-0.039062,-0.007812,0.000000,30.648323,5.000000
0.017578,-0.080078,-0.007812,0.000000,31.900515,5.000000
0.029297,-0.119141,-0.005859,0.000000,30.115704,5.000000
0.056641,-0.154297,0.005859,0.000000,25.440680,5.000000
0.121094,-0.080078,1.259766,0.000000,23.138672,5.000000
0.021484,-0.082031,1.306641,0.000000,24.668676,5.000000
2.626953,-0.175781,1.015625,0.000000,29.020029,5.000000
2.667969,-0.179688,1.025391,0.000000,32.187981,5.000000
2.761719,-0.089844,0.892578,0.000000,31.199154,5.000000
4.386719,-0.142578,1.164062,0.000000,27.867514,5.000000
4.386719,-0.287109,1.292969,0.000000,30.849337,5.000000
4.419922,-0.144531,1.343750,0.000000,30.207754,5.000000
4.886719,-0.308594,0.728516,0.000000,30.820669,5.000000
4.951172,-0.623047,0.029297,0.000000,29.390198,5.000000
1.632812,0.101562,0.021484,0.614669,26.211763,5.000000
1.675781,0.052734,-0.007812,0.614669,27.543484,5.000000
1.716797,0.052734,-0.001953,0.614669,25.538830,5.000000
1.304688,0.082031,0.082031,1.229337,23.324385,5.000000
1.343750,0.083984,0.093750,1.229337,27.853298,5.000000
1.384766,0.087891,0.095703,1.229337,28.549129,5.000000
1.425781,0.089844,0.087891,1.229337,25.682016,5.000000
0.041016,-0.033203,0.062500,0.000000,30.094509,5.000000
0.044922,-0.046875,0.103516,0.000000,29.003672,5.000000
0.011719,-0.039062,-0.007812,0.000000,30.644581,6.000000
0.017578,-0.080078,-0.007812,0.000000,31.903316,6.000000
0.029297,-0.119141,-0.005859,0.000000,30.119930,6.000000
0.056641,-0.154297,0.007812,0.000000,25.440680,6.000000
0.148438,-0.080078,1.257812,0.000000,23.138672,6.000000
0.429688,-0.083984,-1.277344,0.000000,23.096302,6.000000
2.619141,-0.175781,1.037109,0.000000,29.020029,6.000000
2.664062,-0.179688,1.035156,0.000000,32.240147,6.000000
2.757812,-0.089844,0.906250,0.000000,31.364035,6.000000
4.396484,-0.142578,1.283203,0.000000,30.472748,6.000000
4.417969,-0.144531,1.351562,0.000000,29.726656,6.000000
4.892578,-0.308594,0.683594,0.000000,31.364035,6.000000
4.951172,-0.623047,0.052734,0.000000,30.094509,6.000000
1.626953,0.154297,-0.078125,0.614669,25.786392,6.000000
1.664062,0.105469,-0.183594,0.614669,29.020029,6.000000
1.697266,0.107422,-0.244141,0.614669,28.413595,6.000000
1.722656,0.164062,-0.312500,0.614669,24.871384,6.000000
1.378906,0.173828,0.039062,1.229337,21.702618,6.000000
1.419922,0.179688,0.031250,1.229337,22.900347,6.000000
0.041016,-0.033203,0.062500,0.000000,30.094509,6.000000
0.044922,-0.046875,0.103516,0.000000,29.009130,6.000000
0.011719,-0.039062,-0.007812,0.000000,30.652061,7.000000
0.017578,-0.080078,-0.007812,0.000000,31.906118,7.000000
0.029297,-0.119141,-0.005859,0.000000,30.119930,7.000000
0.056641,-0.154297,0.005859,0.000000,25.453072,7.000000
0.068359,-0.080078,1.263672,0.000000,23.096302,7.000000
0.423828,-0.083984,-1.279297,0.000000,23.074961,7.000000
0.574219,-0.042969,-1.265625,0.000000,21.789770,7.000000
2.632812,-0.175781,1.001953,0.000000,29.020029,7.000000
2.666016,-0.179688,1.031250,0.000000,32.116543,7.000000
2.755859,-0.089844,0.912109,0.000000,31.109262,7.000000
4.398438,-0.142578,1.271484,0.000000,30.588055,7.000000
4.427734,-0.144531,1.320312,0.000000,29.827234,7.000000
4.812500,-0.306641,0.917969,0.000000,30.047512,7.000000
4.888672,-0.308594,0.712891,0.000000,31.383026,7.000000
4.951172,-0.623047,0.060547,0.000000,29.790930,7.000000
1.666016,0.105469,-0.152344,0.614669,27.701153,7.000000
1.710938,0.107422,-0.121094,0.614669,29.642597,7.000000
1.751953,0.109375,-0.109375,0.614669,27.209858,7.000000
1.416016,0.179688,0.109375,1.229337,21.903316,7.000000
1.460938,0.138672,0.113281,1.229337,22.900347,7.000000
1.498047,0.189453,0.115234,1.229337,20.755470,7.000000
1.560547,-0.000000,-0.332031,-1.844006,21.038036,7.000000
0.041016,-0.033203,0.062500,0.000000,30.094509,7.000000
0.044922,-0.046875,0.103516,0.000000,29.009130,7.000000
0.011719,-0.039062,-0.007812,0.000000,30.652061,8.000000
0.017578,-0.080078,-0.007812,0.000000,31.900515,8.000000
0.029297,-0.119141,-0.005859,0.000000,30.115704,8.000000
0.056641,-0.154297,0.007812,0.000000,25.453072,8.000000
0.166016,-0.080078,1.253906,0.000000,23.117538,8.000000
0.419922,-0.083984,-1.279297,0.000000,23.053514,8.000000
0.568359,-0.042969,-1.269531,0.000000,21.673174,8.000000
2.617188,-0.175781,1.042969,0.000000,29.030899,8.000000
2.656250,-0.179688,1.054688,0.000000,32.166935,8.000000
2.750000,-0.089844,0.931641,0.000000,31.146111,8.000000
4.402344,-0.142578,1.259766,0.000000,30.704073,8.000000
4.433594,-0.144531,1.296875,0.000000,30.030294,8.000000
4.894531,-0.308594,0.664062,0.000000,31.303337,8.000000
4.951172,-0.623047,0.007812,0.000000,29.822712,8.000000
1.628906,0.154297,0.023438,0.614669,28.698181,8.000000
1.666016,0.158203,-0.097656,0.614669,32.161659,8.000000
1.707031,0.160156,-0.109375,0.614669,32.732327,8.000000
1.748047,0.109375,-0.152344,0.614669,29.921114,8.000000
1.484375,0.283203,0.091797,1.844006,20.681858,8.000000
1.525391,0.291016,0.070312,1.844006,20.606977,8.000000
0.041016,-0.033203,0.062500,0.000000,30.094509,8.000000
0.044922,-0.046875,0.103516,0.000000,29.009130,8.000000
0.011719,-0.039062,-0.007812,0.000000,30.652061,9.000000
0.017578,-0.080078,-0.007812,0.000000,31.903316,9.000000
0.029297,-0.119141,-0.005859,0.000000,30.119930,9.000000
0.056641,-0.154297,0.007812,0.000000,25.453072,9.000000
0.181641,-0.080078,1.251953,0.000000,23.096302,9.000000
0.085938,-0.082031,1.302734,0.000000,24.623980,9.000000
0.392578,-0.083984,-1.289062,0.000000,23.074961,9.000000
0.529297,-0.042969,-1.285156,0.000000,21.702618,9.000000
1.630859,0.101562,0.082031,0.000000,25.965971,9.000000
1.656250,0.105469,-0.238281,0.000000,27.209858,9.000000
1.623047,0.107422,-0.552734,0.000000,27.745171,9.000000
2.611328,-0.175781,1.056641,0.000000,28.943161,9.000000
2.654297,-0.179688,1.060547,0.000000,32.087101,9.000000
2.748047,-0.089844,0.933594,0.000000,31.068705,9.000000
4.406250,-0.142578,1.246094,0.000000,30.580462,9.000000
4.429688,-0.144531,1.310547,0.000000,29.885590,9.000000
4.882812,-0.308594,0.750000,0.000000,31.132748,9.000000
4.949219,-0.623047,0.130859,0.000000,29.827234,9.000000
1.687500,0.322266,0.011719,1.229337,26.283890,9.000000
1.736328,0.275391,0.083984,1.229337,25.786392,9.000000
1.781250,0.224609,0.117188,1.229337,21.673174,9.000000
1.513672,0.291016,0.201172,1.844006,20.334238,9.000000
1.548828,0.349609,0.162109,1.844006,21.238516,9.000000
1.460938,-0.000000,-0.185547,-1.229337,21.875208,9.000000
1.501953,-0.000000,-0.187500,-1.229337,22.174839,9.000000
1.705078,-0.107422,-0.189453,-1.229337,24.608978,9.000000
1.746094,-0.109375,-0.177734,-1.229337,26.503075,9.000000
1.789062,-0.113281,-0.166016,-1.229337,24.771212,9.000000
0.041016,-0.033203,0.062500,0.000000,30.094509,9.000000
0.046875,-0.046875,0.103516,0.000000,29.009130,9.000000
0.011719,-0.039062,-0.007812,0.000000,30.648323,10.000000
0.017578,-0.080078,-0.007812,0.000000,31.903316,10.000000
0.029297,-0.119141,-0.005859,0.000000,30.115704,10.000000
0.056641,-0.154297,0.005859,0.000000,25.440680,10.000000
0.029297,-0.080078,1.265625,0.000000,23.117538,10.000000
0.423828,-0.083984,-1.279297,0.000000,23.053514,10.000000
0.509766,-0.042969,-1.292969,0.000000,21.673174,10.000000
1.630859,0.101562,0.089844,0.000000,26.085260,10.000000
1.662109,0.105469,-0.189453,0.000000,29.459606,10.000000
1.697266,0.160156,-0.205078,0.000000,31.222158,10.000000
1.746094,0.109375,-0.191406,0.000000,30.281645,10.000000
2.615234,-0.175781,1.046875,0.000000,29.030899,10.000000
2.660156,-0.179688,1.042969,0.000000,32.135178,10.000000
2.753906,-0.089844,0.917969,0.000000,31.129400,10.000000
4.408203,-0.142578,1.238281,0.000000,30.584261,10.000000
4.435547,-0.144531,1.291016,0.000000,29.916691,10.000000
4.882812,-0.308594,0.755859,0.000000,30.979511,10.000000
4.949219,-0.623047,0.152344,0.000000,29.863237,10.000000
1.630859,0.367188,0.146484,1.844006,20.569048,10.000000
1.646484,-0.105469,-0.306641,-1.844006,22.121876,10.000000
1.691406,-0.107422,-0.283203,-1.844006,23.541084,10.000000
0.041016,-0.033203,0.062500,0.000000,30.094509,10.000000
0.044922,-0.046875,0.103516,0.000000,29.009130,10.000000
1.701172,0.052734,-0.232422,0.000000,31.195858,10.000000
0.011719,-0.039062,-0.007812,0.000000,30.652061,11.000000
0.017578,-0.080078,-0.007812,0.000000,31.903316,11.000000
0.029297,-0.119141,-0.005859,0.000000,30.119930,11.000000
0.056641,-0.154297,0.005859,0.000000,25.453072,11.000000
0.156250,-0.080078,1.255859,0.000000,23.074961,11.000000
0.496094,-0.083984,-1.251953,0.000000,23.159704,11.000000
2.607422,-0.175781,1.064453,0.000000,29.041744,11.000000
2.656250,-0.179688,1.054688,0.000000,32.201080,11.000000
2.751953,-0.089844,0.923828,0.000000,31.241781,11.000000
4.406250,-0.142578,1.246094,0.000000,30.726175,11.000000
4.437500,-0.144531,1.283203,0.000000,30.086002,11.000000
