2.759766,-0.089844,0.900391,0.000000,31.844074,0.000000
4.291016,-0.142578,1.478516,0.000000,27.649229,0.000000
4.380859,-0.142578,1.335938,0.000000,31.389339,0.000000
4.466797,-0.144531,1.177734,0.000000,31.386185,0.000000
4.611328,-0.000000,0.697266,0.000000,29.890047,0.000000
4.675781,-0.146484,0.500000,0.000000,29.385197,0.000000
4.726562,-0.296875,-0.308594,0.000000,29.618956,0.000000
4.748047,-0.298828,-0.521484,0.000000,32.866810,0.000000
4.794922,-0.300781,-0.460938,0.000000,33.180634,0.000000
4.853516,-0.152344,-0.328125,0.000000,29.666109,0.000000
4.863281,-0.308594,0.865234,0.000000,30.692980,0.000000
4.943359,-0.623047,0.265625,0.000000,29.309490,0.000000
1.884766,0.552734,-0.041016,1.844006,21.461281,0.000000
1.941406,0.501953,-0.021484,1.844006,23.617279,0.000000
1.980469,0.511719,-0.017578,1.844006,22.121876,0.000000
0.037109,-0.035156,0.064453,0.000000,30.081741,0.000000
0.044922,-0.046875,0.103516,0.000000,28.998205,0.000000
1.175781,-0.449219,0.355469,0.000000,21.398790,0.000000
1.232422,-0.464844,0.296875,0.000000,19.684830,0.000000
0.011719,-0.039062,-0.007812,0.000000,30.652061,1.000000
0.027344,-0.076172,-0.009766,0.000000,31.858253,1.000000
0.029297,-0.119141,-0.005859,0.000000,30.073210,1.000000
0.056641,-0.154297,0.007812,0.000000,25.340261,1.000000
0.244141,0.039062,-1.244141,0.000000,23.483049,1.000000
0.205078,0.041016,-1.292969,0.000000,24.361626,1.000000
0.455078,0.042969,1.269531,0.000000,22.430380,1.000000
2.619141,-0.175781,1.039062,0.000000,29.334873,1.000000
2.666016,-0.179688,1.027344,0.000000,32.571983,1.000000
2.763672,-0.089844,0.886719,0.000000,31.866739,1.000000
4.296875,-0.142578,1.462891,0.000000,27.664129,1.000000
4.384766,-0.142578,1.322266,0.000000,31.398790,1.000000
4.496094,-0.144531,1.068359,0.000000,31.538149,1.000000
4.650391,-0.000000,0.343750,0.000000,31.182648,1.000000
4.695312,-0.000000,0.304688,0.000000,31.734776,1.000000
4.744141,-0.000000,-0.058594,0.000000,30.884905,1.000000
4.751953,-0.298828,-0.480469,0.000000,32.844307,1.000000
4.798828,-0.300781,-0.429688,0.000000,33.126003,1.000000
4.851562,-0.152344,-0.361328,0.000000,29.547249,1.000000
4.869141,-0.308594,0.833984,0.000000,30.519239,1.000000
4.927734,-0.779297,0.121094,0.000000,29.405165,1.000000
0.037109,-0.035156,0.064453,0.000000,30.086002,1.000000
0.044922,-0.046875,0.103516,0.000000,28.998205,1.000000
1.234375,-0.464844,0.289062,0.000000,19.684830,1.000000
0.011719,-0.039062,-0.007812,0.000000,30.648323,2.000000
0.027344,-0.076172,-0.009766,0.000000,31.855421,2.000000
0.029297,-0.119141,-0.003906,0.000000,30.073210,2.000000
0.056641,-0.154297,0.007812,0.000000,25.340261,2.000000
0.251953,0.039062,-1.242188,0.000000,23.483049,2.000000
0.208984,0.041016,-1.291016,0.000000,24.377506,2.000000
0.480469,0.042969,1.261719,0.000000,22.455126,2.000000
2.617188,-0.175781,1.042969,0.000000,29.334873,2.000000
2.666016,-0.179688,1.029297,0.000000,32.562366,2.000000
2.761719,-0.089844,0.896484,0.000000,31.855421,2.000000
4.292969,-0.142578,1.474609,0.000000,27.671558,2.000000
4.380859,-0.142578,1.330078,0.000000,31.392492,2.000000
4.480469,-0.144531,1.126953,0.000000,31.405081,2.000000
4.650391,-0.000000,0.333984,0.000000,30.920185,2.000000
4.695312,0.146484,0.251953,0.000000,31.682028,2.000000
4.742188,-0.000000,-0.173828,0.000000,30.314085,2.000000
4.734375,-0.298828,-0.640625,0.000000,32.727695,2.000000
4.789062,-0.300781,-0.515625,0.000000,33.106934,2.000000
4.843750,-0.152344,-0.458984,0.000000,29.324738,2.000000
4.867188,-0.308594,0.849609,0.000000,30.572857,2.000000
4.927734,-0.779297,0.125000,0.000000,29.429996,2.000000
2.125000,0.552734,-0.248047,0.614669,25.682016,2.000000
1.445312,0.275391,0.070312,1.229337,22.013971,2.000000
1.474609,0.332031,0.066406,1.229337,25.224442,2.000000
1.525391,0.291016,0.074219,1.229337,24.941545,2.000000
1.564453,0.298828,0.089844,1.229337,21.583626,2.000000
0.037109,-0.035156,0.064453,0.000000,30.086002,2.000000
0.046875,-0.046875,0.103516,0.000000,28.998205,2.000000
1.236328,-0.464844,0.277344,0.000000,19.590414,2.000000
0.011719,-0.039062,-0.007812,0.000000,30.644581,3.000000
0.027344,-0.076172,-0.009766,0.000000,31.855421,3.000000
0.029297,-0.119141,-0.003906,0.000000,30.073210,3.000000
0.056641,-0.154297,0.007812,0.000000,25.327543,3.000000
0.269531,0.039062,-1.238281,0.000000,23.483049,3.000000
0.197266,0.041016,-1.292969,0.000000,24.361626,3.000000
0.486328,0.042969,1.257812,0.000000,22.430380,3.000000
2.611328,-0.175781,1.056641,0.000000,29.314579,3.000000
2.664062,-0.179688,1.035156,0.000000,32.559956,3.000000
2.763672,-0.089844,0.886719,0.000000,31.841234,3.000000
4.292969,-0.142578,1.472656,0.000000,27.664129,3.000000
4.378906,-0.142578,1.337891,0.000000,31.398790,3.000000
4.476562,-0.144531,1.142578,0.000000,31.544239,3.000000
4.630859,-0.000000,0.548828,0.000000,31.179338,3.000000
4.683594,0.146484,0.410156,0.000000,31.473671,3.000000
4.742188,-0.148438,0.009766,0.000000,31.095785,3.000000
4.753906,-0.298828,-0.464844,0.000000,32.968845,3.000000
4.794922,-0.300781,-0.470703,0.000000,33.155506,3.000000
4.849609,-0.152344,-0.394531,0.000000,29.547249,3.000000
4.859375,-0.308594,0.892578,0.000000,30.622059,3.000000
4.923828,-0.779297,0.220703,0.000000,29.429996,3.000000
1.509766,0.339844,0.142578,1.844006,20.863598,3.000000
1.558594,0.298828,0.152344,1.844006,21.818436,3.000000
0.037109,-0.035156,0.064453,0.000000,30.081741,3.000000
0.044922,-0.046875,0.103516,0.000000,28.998205,3.000000
1.183594,-0.449219,0.330078,0.000000,21.398790,3.000000
1.238281,-0.464844,0.273438,0.000000,19.777237,3.000000
4.673828,-0.146484,0.509766,0.000000,31.439510,3.000000
0.011719,-0.039062,-0.007812,0.000000,30.648323,4.000000
0.027344,-0.076172,-0.009766,0.000000,31.858253,4.000000
0.029297,-0.119141,-0.005859,0.000000,30.077478,4.000000
0.056641,-0.154297,0.007812,0.000000,25.340261,4.000000
0.263672,0.039062,-1.240234,0.000000,23.502480,4.000000
0.208984,0.041016,-1.291016,0.000000,24.377506,4.000000
0.478516,0.042969,1.261719,0.000000,22.430380,4.000000
2.626953,-0.175781,1.017578,0.000000,29.294189,4.000000
2.669922,-0.179688,1.021484,0.000000,32.555138,4.000000
2.763672,-0.089844,0.886719,0.000000,31.852587,4.000000
4.294922,-0.142578,1.464844,0.000000,27.678976,4.000000
4.382812,-0.142578,1.324219,0.000000,31.405081,4.000000
4.480469,-0.144531,1.125000,0.000000,31.504494,4.000000
4.636719,-0.000000,0.496094,0.000000,30.874264,4.000000
4.681641,-0.000000,0.458984,0.000000,31.061909,4.000000
4.746094,-0.000000,0.017578,0.000000,30.437551,4.000000
4.751953,-0.298828,-0.484375,0.000000,32.778385,4.000000
4.796875,-0.300781,-0.443359,0.000000,33.087776,4.000000
4.855469,-0.152344,-0.302734,0.000000,29.493900,4.000000
4.863281,-0.308594,0.861328,0.000000,30.809870,4.000000
4.943359,-0.623047,0.269531,0.000000,29.652018,4.000000
0.037109,-0.035156,0.064453,0.000000,30.081741,4.000000
0.044922,-0.046875,0.103516,0.000000,28.998205,4.000000
1.232422,-0.464844,0.292969,0.000000,19.637878,4.000000
0.011719,-0.039062,-0.007812,0.000000,30.655798,5.000000
0.027344,-0.076172,-0.009766,0.000000,31.858253,5.000000
0.029297,-0.119141,-0.003906,0.000000,30.073210,5.000000
0.056641,-0.154297,0.007812,0.000000,25.340261,5.000000
0.240234,0.039062,-1.244141,0.000000,23.502480,5.000000
0.222656,0.041016,-1.289062,0.000000,24.377506,5.000000
0.466797,0.042969,1.265625,0.000000,22.455126,5.000000
2.171875,0.492188,-0.314453,0.000000,27.604225,5.000000
2.617188,-0.175781,1.041016,0.000000,29.294189,5.000000
2.666016,-0.179688,1.029297,0.000000,32.562366,5.000000
2.761719,-0.089844,0.896484,0.000000,31.869564,5.000000
4.291016,-0.142578,1.478516,0.000000,27.626785,5.000000
4.382812,-0.142578,1.328125,0.000000,31.395643,5.000000
4.476562,-0.144531,1.146484,0.000000,31.430147,5.000000
4.646484,-0.000000,0.396484,0.000000,30.515385,5.000000
4.695312,0.146484,0.236328,0.000000,30.944712,5.000000
4.736328,-0.000000,-0.292969,0.000000,29.845274,5.000000
4.722656,-0.298828,-0.710938,0.000000,32.615009,5.000000
4.787109,-0.300781,-0.542969,0.000000,33.038437,5.000000
4.849609,-0.152344,-0.390625,0.000000,29.400181,5.000000
4.878906,-0.308594,0.771484,0.000000,30.663260,5.000000
4.929688,-0.779297,0.072266,0.000000,29.580858,5.000000
2.089844,0.474609,0.330078,0.614669,25.877110,5.000000
2.138672,0.552734,-0.048828,0.614669,26.981005,5.000000
1.623047,0.419922,0.074219,1.844006,22.380461,5.000000
1.662109,0.429688,0.074219,1.844006,22.405493,5.000000
1.712891,0.384766,0.115234,1.844006,20.453230,5.000000
0.037109,-0.035156,0.064453,0.000000,30.086002,5.000000
0.046875,-0.046875,0.103516,0.000000,28.992731,5.000000
1.234375,-0.464844,0.289062,0.000000,19.637878,5.000000
0.011719,-0.039062,-0.007812,0.000000,30.652061,6.000000
0.027344,-0.076172,-0.009766,0.000000,31.858253,6.000000
0.029297,-0.119141,-0.005859,0.000000,30.073210,6.000000
0.056641,-0.154297,0.007812,0.000000,25.340261,6.000000
0.310547,0.039062,-1.228516,0.000000,23.483049,6.000000
0.232422,0.041016,-1.287109,0.000000,24.345690,6.000000
0.462891,0.042969,1.267578,0.000000,22.455126,6.000000
2.623047,-0.175781,1.025391,0.000000,29.237619,6.000000
2.666016,-0.179688,1.027344,0.000000,32.533379,6.000000
2.763672,-0.089844,0.888672,0.000000,31.821293,6.000000
4.292969,-0.142578,1.474609,0.000000,27.649229,6.000000
4.380859,-0.142578,1.333984,0.000000,31.433271,6.000000
4.478516,-0.144531,1.138672,0.000000,31.479853,6.000000
4.644531,-0.000000,0.429688,0.000000,30.370279,6.000000
4.699219,-0.000000,0.207031,0.000000,30.386202,6.000000
4.730469,-0.148438,-0.353516,0.000000,30.220158,6.000000
4.750000,-0.298828,-0.501953,0.000000,32.949070,6.000000
4.796875,-0.300781,-0.437500,0.000000,33.226326,6.000000
4.849609,-0.152344,-0.390625,0.000000,29.735897,6.000000
4.875000,-0.308594,0.804688,0.000000,30.496056,6.000000
4.927734,-0.779297,0.146484,0.000000,29.309490,6.000000
1.677734,0.494141,0.177734,2.458675,21.789770,6.000000
1.718750,0.505859,0.169922,2.458675,21.702618,6.000000
0.037109,-0.035156,0.064453,0.000000,30.086002,6.000000
0.044922,-0.046875,0.103516,0.000000,28.998205,6.000000
1.181641,-0.449219,0.335938,0.000000,21.367207,6.000000
1.238281,-0.464844,0.269531,0.000000,19.637878,6.000000
0.011719,-0.039062,-0.007812,0.000000,30.655798,7.000000
0.027344,-0.076172,-0.009766,0.000000,31.858253,7.000000
0.029297,-0.119141,-0.005859,0.000000,30.077478,7.000000
0.056641,-0.154297,0.007812,0.000000,25.352942,7.000000
0.250000,0.039062,-1.242188,0.000000,23.483049,7.000000
0.197266,0.041016,-1.292969,0.000000,24.361626,7.000000
0.464844,0.042969,1.267578,0.000000,22.430380,7.000000
2.146484,0.482422,-0.197266,0.000000,26.627579,7.000000
2.175781,0.492188,-0.285156,0.000000,29.003672,7.000000
2.218750,0.501953,-0.275391,0.000000,28.369568,7.000000
2.623047,-0.175781,1.027344,0.000000,29.268568,7.000000
2.667969,-0.179688,1.021484,0.000000,32.550312,7.000000
2.763672,-0.089844,0.890625,0.000000,31.846914,7.000000
4.384766,-0.142578,1.318359,0.000000,31.392492,7.000000
4.484375,-0.144531,1.115234,0.000000,31.414497,7.000000
4.642578,-0.000000,0.441406,0.000000,30.557604,7.000000
4.697266,-0.000000,0.250000,0.000000,30.737183,7.000000
4.728516,-0.148438,-0.357422,0.000000,30.297895,7.000000
4.740234,-0.298828,-0.589844,0.000000,32.830750,7.000000
4.792969,-0.300781,-0.482422,0.000000,33.085644,7.000000
4.853516,-0.152344,-0.349609,0.000000,29.390198,7.000000
4.869141,-0.308594,0.833984,0.000000,30.663260,7.000000
4.927734,-0.779297,0.119141,0.000000,29.489017,7.000000
0.037109,-0.035156,0.064453,0.000000,30.081741,7.000000
0.046875,-0.046875,0.103516,0.000000,28.998205,7.000000
1.234375,-0.464844,0.291016,0.000000,19.637878,7.000000
0.011719,-0.039062,-0.007812,0.000000,30.648323,8.000000
0.027344,-0.076172,-0.009766,0.000000,31.855421,8.000000
0.029297,-0.119141,-0.005859,0.000000,30.068937,8.000000
0.056641,-0.154297,0.007812,0.000000,25.327543,8.000000
0.283203,0.039062,-1.236328,0.000000,23.483049,8.000000
0.265625,0.041016,-1.281250,0.000000,24.361626,8.000000
0.427734,0.042969,1.279297,0.000000,22.479733,8.000000
2.158203,0.562500,-0.292969,0.000000,28.394781,8.000000
2.228516,0.501953,-0.173828,0.000000,28.394781,8.000000
2.619141,-0.175781,1.039062,0.000000,29.319662,8.000000
2.666016,-0.179688,1.027344,0.000000,32.559956,8.000000
2.763672,-0.089844,0.884766,0.000000,31.827000,8.000000
4.304688,-0.142578,1.439453,0.000000,27.649229,8.000000
4.386719,-0.142578,1.314453,0.000000,31.405081,8.000000
4.478516,-0.144531,1.134766,0.000000,31.461281,8.000000
4.632812,-0.000000,0.539062,0.000000,30.629578,8.000000
4.687500,-0.000000,0.396484,0.000000,30.674429,8.000000
4.742188,-0.148438,-0.089844,0.000000,30.248960,8.000000
4.757812,-0.298828,-0.425781,0.000000,32.769211,8.000000
4.800781,-0.300781,-0.406250,0.000000,33.089909,8.000000
4.853516,-0.152344,-0.333984,0.000000,29.498777,8.000000
4.875000,-0.308594,0.800781,0.000000,30.565237,8.000000
4.927734,-0.779297,0.080078,0.000000,29.439888,8.000000
1.802734,0.529297,0.101562,1.844006,21.643528,8.000000
1.841797,0.541016,0.105469,1.844006,21.105898,8.000000
0.037109,-0.035156,0.064453,0.000000,30.081741,8.000000
0.044922,-0.046875,0.103516,0.000000,28.998205,8.000000
1.179688,-0.449219,0.345703,0.000000,21.398790,8.000000
1.228516,-0.464844,0.310547,0.000000,19.731279,8.000000
0.011719,-0.039062,-0.007812,0.000000,30.659531,9.000000
0.027344,-0.076172,-0.009766,0.000000,31.858253,9.000000
0.029297,-0.119141,-0.003906,0.000000,30.073210,9.000000
0.056641,-0.154297,0.007812,0.000000,25.340261,9.000000
0.265625,0.039062,-1.240234,0.000000,23.502480,9.000000
0.218750,0.041016,-1.291016,0.000000,24.361626,9.000000
0.453125,0.042969,1.271484,0.000000,22.430380,9.000000
2.626953,-0.175781,1.015625,0.000000,29.268568,9.000000
2.669922,-0.179688,1.017578,0.000000,32.545483,9.000000
2.761719,-0.089844,0.892578,0.000000,31.855421,9.000000
4.384766,-0.142578,1.318359,0.000000,31.386185,9.000000
4.482422,-0.144531,1.117188,0.000000,31.430147,9.000000
4.636719,-0.000000,0.500000,0.000000,30.606977,9.000000
4.681641,-0.000000,0.462891,0.000000,30.870712,9.000000
4.744141,-0.000000,0.072266,0.000000,29.921114,9.000000
4.755859,-0.298828,-0.455078,0.000000,32.422928,9.000000
4.796875,-0.300781,-0.435547,0.000000,32.931416,9.000000
4.855469,-0.152344,-0.326172,0.000000,29.459606,9.000000
4.869141,-0.308594,0.837891,0.000000,30.659531,9.000000
4.925781,-0.779297,0.166016,0.000000,29.633156,9.000000
