0.027344,-0.076172,-0.009766,0.000000,31.863913,0.000000
0.029297,-0.119141,-0.005859,0.000000,30.077478,0.000000
0.056641,-0.154297,0.007812,0.000000,25.352942,0.000000
0.279297,0.039062,-1.236328,0.000000,23.502480,0.000000
0.244141,0.041016,-1.285156,0.000000,24.361626,0.000000
0.427734,0.042969,1.279297,0.000000,22.455126,0.000000
2.609375,-0.175781,1.060547,0.000000,29.237619,0.000000
2.664062,-0.179688,1.037109,0.000000,32.526104,0.000000
2.761719,-0.089844,0.896484,0.000000,31.841234,0.000000
4.320312,-0.142578,1.392578,0.000000,27.853298,0.000000
4.396484,-0.142578,1.281250,0.000000,31.430147,0.000000
4.472656,-0.000000,1.166016,0.000000,31.328999,0.000000
4.564453,0.146484,0.941406,0.000000,29.084850,0.000000
4.751953,-0.298828,-0.488281,0.000000,31.038036,0.000000
4.791016,-0.300781,-0.496094,0.000000,30.269417,0.000000
4.783203,-0.308594,1.230469,0.000000,30.979511,0.000000
4.906250,-0.623047,0.666016,0.000000,29.532763,0.000000
2.166016,0.068359,-0.068359,-0.614669,27.109631,0.000000
2.185547,0.138672,-0.283203,-0.614669,29.143431,0.000000
2.208984,0.210938,-0.373047,-0.614669,29.680157,0.000000
2.257812,0.214844,-0.324219,-0.614669,28.155777,0.000000
0.037109,-0.035156,0.064453,0.000000,30.086002,0.000000
0.046875,-0.046875,0.103516,0.000000,28.998205,0.000000
1.181641,-0.449219,0.341797,0.000000,21.398790,0.000000
1.232422,-0.464844,0.298828,0.000000,19.684830,0.000000
0.011719,-0.039062,-0.007812,0.000000,30.659531,1.000000
0.027344,-0.076172,-0.009766,0.000000,31.863913,1.000000
0.029297,-0.119141,-0.003906,0.000000,30.081741,1.000000
0.056641,-0.154297,0.007812,0.000000,25.352942,1.000000
0.267578,0.039062,-1.238281,0.000000,23.502480,1.000000
0.246094,0.041016,-1.285156,0.000000,24.361626,1.000000
0.455078,0.042969,1.269531,0.000000,22.455126,1.000000
2.626953,-0.175781,1.019531,0.000000,29.159271,1.000000
2.666016,-0.179688,1.027344,0.000000,32.533379,1.000000
2.761719,-0.089844,0.892578,0.000000,31.849752,1.000000
4.333984,-0.142578,1.347656,0.000000,27.944880,1.000000
4.398438,-0.142578,1.275391,0.000000,31.486027,1.000000
4.462891,-0.000000,1.201172,0.000000,31.176027,1.000000
4.751953,-0.298828,-0.488281,0.000000,31.109262,1.000000
4.800781,-0.300781,-0.390625,0.000000,30.591846,1.000000
4.808594,-0.464844,1.076172,0.000000,30.618294,1.000000
4.914062,-0.623047,0.613281,0.000000,29.344984,1.000000
1.933594,0.123047,-0.322266,-1.229337,21.673174,1.000000
0.037109,-0.035156,0.064453,0.000000,30.090258,1.000000
0.046875,-0.046875,0.103516,0.000000,28.998205,1.000000
1.179688,-0.449219,0.345703,0.000000,21.398790,1.000000
1.238281,-0.464844,0.275391,0.000000,19.684830,1.000000
0.011719,-0.039062,-0.007812,0.000000,30.659531,2.000000
0.027344,-0.076172,-0.009766,0.000000,31.863913,2.000000
0.029297,-0.119141,-0.003906,0.000000,30.077478,2.000000
0.056641,-0.154297,0.007812,0.000000,25.352942,2.000000
0.279297,0.039062,-1.236328,0.000000,23.463530,2.000000
0.230469,0.041016,-1.289062,0.000000,24.329693,2.000000
0.455078,0.042969,1.269531,0.000000,22.430380,2.000000
2.625000,-0.175781,1.021484,0.000000,29.180304,2.000000
2.667969,-0.179688,1.027344,0.000000,32.538223,2.000000
2.759766,-0.089844,0.902344,0.000000,31.858253,2.000000
4.343750,-0.142578,1.316406,0.000000,27.986506,2.000000
4.404297,-0.142578,1.255859,0.000000,31.492191,2.000000
4.476562,-0.000000,1.154297,0.000000,31.238516,2.000000
4.748047,-0.298828,-0.529297,0.000000,30.346285,2.000000
4.845703,-0.154297,0.773438,0.000000,29.951963,2.000000
4.818359,-0.308594,1.087891,0.000000,30.951693,2.000000
4.912109,-0.623047,0.628906,0.000000,29.513374,2.000000
0.037109,-0.035156,0.064453,0.000000,30.086002,2.000000
0.044922,-0.046875,0.103516,0.000000,28.998205,2.000000
1.181641,-0.449219,0.339844,0.000000,21.398790,2.000000
1.236328,-0.464844,0.279297,0.000000,19.731279,2.000000
0.011719,-0.039062,-0.007812,0.000000,30.659531,3.000000
0.027344,-0.076172,-0.009766,0.000000,31.863913,3.000000
0.029297,-0.119141,-0.005859,0.000000,30.077478,3.000000
0.056641,-0.154297,0.007812,0.000000,25.352942,3.000000
0.257812,0.039062,-1.240234,0.000000,23.483049,3.000000
0.205078,0.041016,-1.292969,0.000000,24.361626,3.000000
0.490234,0.042969,1.257812,0.000000,22.430380,3.000000
2.628906,-0.175781,1.011719,0.000000,29.289078,3.000000
2.662109,-0.179688,1.041016,0.000000,32.555138,3.000000
2.740234,-0.089844,0.957031,0.000000,31.855421,3.000000
4.310547,-0.142578,1.421875,0.000000,27.846172,3.000000
4.390625,-0.142578,1.298828,0.000000,31.379868,3.000000
4.460938,-0.000000,1.210938,0.000000,31.038036,3.000000
4.742188,-0.298828,-0.568359,0.000000,30.553783,3.000000
4.794922,-0.300781,-0.462891,0.000000,30.737183,3.000000
4.798828,-0.308594,1.171875,0.000000,30.827854,3.000000
4.904297,-0.623047,0.685547,0.000000,29.339931,3.000000
0.037109,-0.035156,0.064453,0.000000,30.086002,3.000000
0.044922,-0.046875,0.103516,0.000000,29.003672,3.000000
1.232422,-0.464844,0.298828,0.000000,19.684830,3.000000
0.011719,-0.039062,-0.007812,0.000000,30.655798,4.000000
0.027344,-0.076172,-0.009766,0.000000,31.861084,4.000000
0.029297,-0.119141,-0.003906,0.000000,30.077478,4.000000
0.056641,-0.154297,0.007812,0.000000,25.352942,4.000000
0.259766,0.039062,-1.240234,0.000000,23.443922,4.000000
0.216797,0.041016,-1.291016,0.000000,24.329693,4.000000
0.458984,0.042969,1.269531,0.000000,22.405493,4.000000
2.617188,-0.175781,1.042969,0.000000,29.355072,4.000000
2.664062,-0.179688,1.033203,0.000000,32.569580,4.000000
2.761719,-0.089844,0.894531,0.000000,31.875208,4.000000
4.306641,-0.142578,1.429688,0.000000,27.810369,4.000000
4.392578,-0.142578,1.292969,0.000000,31.401937,4.000000
4.464844,-0.000000,1.193359,0.000000,31.102530,4.000000
4.779297,-0.300781,-0.613281,0.000000,31.048285,4.000000
4.830078,-0.308594,1.035156,0.000000,30.425755,4.000000
4.919922,-0.623047,0.560547,0.000000,29.385197,4.000000
0.037109,-0.035156,0.064453,0.000000,30.086002,4.000000
0.046875,-0.046875,0.103516,0.000000,28.992731,4.000000
1.177734,-0.449219,0.353516,0.000000,21.430147,4.000000
1.232422,-0.464844,0.298828,0.000000,19.731279,4.000000
0.011719,-0.039062,-0.007812,0.000000,30.659531,5.000000
0.027344,-0.076172,-0.009766,0.000000,31.863913,5.000000
0.029297,-0.119141,-0.005859,0.000000,30.077478,5.000000
0.056641,-0.154297,0.007812,0.000000,25.340261,5.000000
0.259766,0.039062,-1.240234,0.000000,23.502480,5.000000
0.216797,0.041016,-1.291016,0.000000,24.393328,5.000000
0.458984,0.042969,1.269531,0.000000,22.504200,5.000000
2.638672,-0.175781,0.988281,0.000000,29.222063,5.000000
2.679688,-0.179688,0.994141,0.000000,32.494431,5.000000
2.777344,-0.089844,0.845703,0.000000,31.758017,5.000000
4.304688,-0.142578,1.439453,0.000000,27.881683,5.000000
4.392578,-0.142578,1.296875,0.000000,31.389339,5.000000
4.464844,-0.000000,1.197266,0.000000,31.072100,5.000000
4.843750,-0.308594,0.972656,0.000000,30.817072,5.000000
4.929688,-0.623047,0.460938,0.000000,29.827234,5.000000
0.037109,-0.035156,0.064453,0.000000,30.086002,5.000000
0.046875,-0.046875,0.103516,0.000000,29.003672,5.000000
1.238281,-0.464844,0.273438,0.000000,19.637878,5.000000
0.011719,-0.039062,-0.007812,0.000000,30.659531,6.000000
0.027344,-0.076172,-0.009766,0.000000,31.863913,6.000000
0.041016,-0.115234,-0.007812,0.000000,30.077478,6.000000
0.056641,-0.154297,0.007812,0.000000,25.352942,6.000000
0.257812,0.039062,-1.240234,0.000000,23.483049,6.000000
0.238281,0.041016,-1.287109,0.000000,24.329693,6.000000
0.455078,0.042969,1.269531,0.000000,22.430380,6.000000
2.625000,-0.175781,1.023438,0.000000,29.314579,6.000000
2.673828,-0.179688,1.007812,0.000000,32.567177,6.000000
2.773438,-0.089844,0.857422,0.000000,31.892096,6.000000
4.308594,-0.142578,1.425781,0.000000,27.888752,6.000000
4.394531,-0.142578,1.289062,0.000000,31.486027,6.000000
4.439453,-0.000000,1.285156,0.000000,30.838608,6.000000
4.847656,-0.308594,0.947266,0.000000,31.172712,6.000000
4.931641,-0.623047,0.449219,0.000000,29.925535,6.000000
0.037109,-0.035156,0.064453,0.000000,30.090258,6.000000
0.044922,-0.046875,0.103516,0.000000,29.003672,6.000000
1.232422,-0.464844,0.298828,0.000000,19.637878,6.000000
0.011719,-0.039062,-0.007812,0.000000,30.663260,7.000000
0.027344,-0.076172,-0.009766,0.000000,31.858253,7.000000
0.029297,-0.119141,-0.005859,0.000000,30.073210,7.000000
0.056641,-0.154297,0.007812,0.000000,25.340261,7.000000
0.253906,0.039062,-1.242188,0.000000,23.502480,7.000000
0.226562,0.041016,-1.289062,0.000000,24.345690,7.000000
0.470703,0.042969,1.265625,0.000000,22.430380,7.000000
2.648438,-0.175781,0.960938,0.000000,29.339931,7.000000
2.714844,-0.089844,0.906250,0.000000,32.562366,7.000000
2.779297,-0.089844,0.837891,0.000000,31.849752,7.000000
4.306641,-0.142578,1.433594,0.000000,27.795965,7.000000
4.392578,-0.142578,1.292969,0.000000,31.433271,7.000000
4.431641,-0.000000,1.316406,0.000000,30.576660,7.000000
4.683594,-0.000000,0.443359,0.000000,29.532763,7.000000
4.751953,-0.298828,-0.490234,0.000000,30.603201,7.000000
4.802734,-0.150391,-0.449219,0.000000,32.038486,7.000000
4.849609,-0.308594,0.939453,0.000000,30.982975,7.000000
4.933594,-0.623047,0.417969,0.000000,29.938768,7.000000
0.037109,-0.035156,0.064453,0.000000,30.090258,7.000000
0.044922,-0.046875,0.103516,0.000000,29.003672,7.000000
1.179688,-0.449219,0.347656,0.000000,21.367207,7.000000
1.234375,-0.464844,0.287109,0.000000,19.637878,7.000000
0.011719,-0.039062,-0.007812,0.000000,30.670708,8.000000
0.027344,-0.076172,-0.009766,0.000000,31.866739,8.000000
0.029297,-0.119141,-0.003906,0.000000,30.077478,8.000000
0.056641,-0.154297,0.007812,0.000000,25.340261,8.000000
0.273438,0.039062,-1.238281,0.000000,23.463530,8.000000
0.250000,0.041016,-1.283203,0.000000,24.345690,8.000000
0.429688,0.042969,1.279297,0.000000,22.430380,8.000000
2.644531,-0.175781,0.968750,0.000000,29.232441,8.000000
2.718750,-0.089844,0.896484,0.000000,32.509075,8.000000
2.781250,-0.089844,0.830078,0.000000,31.832699,8.000000
4.306641,-0.142578,1.433594,0.000000,27.860413,8.000000
4.392578,-0.142578,1.292969,0.000000,31.442627,8.000000
4.455078,-0.144531,1.220703,0.000000,31.102530,8.000000
4.632812,-0.000000,0.523438,0.000000,29.537598,8.000000
4.699219,-0.000000,0.236328,0.000000,31.430147,8.000000
4.742188,-0.000000,0.177734,0.000000,30.132587,8.000000
4.851562,-0.308594,0.931641,0.000000,30.820669,8.000000
4.933594,-0.623047,0.423828,0.000000,29.580858,8.000000
1.849609,0.175781,-0.292969,0.614669,27.664129,8.000000
1.894531,0.179688,-0.279297,0.614669,27.604225,8.000000
0.037109,-0.035156,0.064453,0.000000,30.086002,8.000000
0.044922,-0.046875,0.103516,0.000000,28.992731,8.000000
1.179688,-0.449219,0.347656,0.000000,21.398790,8.000000
1.226562,-0.464844,0.320312,0.000000,19.684830,8.000000
0.011719,-0.039062,-0.007812,0.000000,30.663260,9.000000
0.027344,-0.076172,-0.009766,0.000000,31.866739,9.000000
0.029297,-0.119141,-0.005859,0.000000,30.081741,9.000000
0.056641,-0.154297,0.007812,0.000000,25.365585,9.000000
0.253906,0.039062,-1.242188,0.000000,23.463530,9.000000
0.218750,0.041016,-1.289062,0.000000,24.345690,9.000000
0.460938,0.042969,1.267578,0.000000,22.455126,9.000000
2.707031,-0.175781,0.781250,0.000000,29.334873,9.000000
2.761719,-0.089844,0.753906,0.000000,32.671719,9.000000
2.812500,-0.089844,0.716797,0.000000,31.994808,9.000000
4.320312,-0.000000,1.396484,0.000000,27.846172,9.000000
4.398438,-0.142578,1.271484,0.000000,31.408222,9.000000
4.496094,-0.000000,1.072266,0.000000,31.699682,9.000000
4.607422,0.146484,0.708984,0.000000,31.553360,9.000000
4.662109,0.146484,0.607422,0.000000,31.705551,9.000000
4.730469,-0.000000,0.378906,0.000000,29.813656,9.000000
4.865234,-0.154297,0.630859,0.000000,29.982594,9.000000
4.853516,-0.308594,0.925781,0.000000,30.986437,9.000000
4.929688,-0.623047,0.457031,0.000000,29.894499,9.000000
0.037109,-0.035156,0.064453,0.000000,30.090258,9.000000
0.044922,-0.046875,0.103516,0.000000,29.003672,9.000000
1.181641,-0.449219,0.341797,0.000000,21.398790,9.000000
1.236328,-0.464844,0.279297,0.000000,19.684830,9.000000
0.980469,-2.646484,0.050781,0.000000,26.374897,9.000000
0.011719,-0.039062,-0.007812,0.000000,30.663260,10.000000
0.027344,-0.076172,-0.009766,0.000000,31.863913,10.000000
0.029297,-0.119141,-0.003906,0.000000,30.077478,10.000000
0.056641,-0.154297,0.007812,0.000000,25.352942,10.000000
0.275391,0.039062,-1.236328,0.000000,23.502480,10.000000
0.250000,0.041016,-1.283203,0.000000,24.345690,10.000000
0.457031,0.042969,1.269531,0.000000,22.430380,10.000000
2.619141,-0.175781,1.035156,0.000000,29.278833,10.000000
2.666016,-0.179688,1.029297,0.000000,32.506638,10.000000
2.763672,-0.089844,0.888672,0.000000,31.731863,10.000000
4.308594,-0.142578,1.423828,0.000000,27.824726,10.000000
4.394531,-0.142578,1.285156,0.000000,31.436392,10.000000
4.439453,-0.144531,1.281250,0.000000,30.845762,10.000000
4.693359,-0.000000,0.332031,0.000000,29.623693,10.000000
4.835938,-0.308594,1.011719,0.000000,30.464952,10.000000
4.916016,-0.779297,0.373047,0.000000,29.523081,10.000000
1.906250,0.240234,-0.060547,0.614669,29.084850,10.000000
1.955078,0.183594,-0.050781,0.614669,28.853613,10.000000
2.167969,-0.000000,-0.417969,-1.844006,20.755470,10.000000
2.210938,-0.000000,-0.419922,-1.844006,21.172712,10.000000
0.037109,-0.035156,0.064453,0.000000,30.094509,10.000000
0.046875,-0.046875,0.103516,0.000000,28.998205,10.000000
1.179688,-0.449219,0.343750,0.000000,21.367207,10.000000
1.236328,-0.464844,0.275391,0.000000,19.637878,10.000000
0.011719,-0.039062,-0.007812,0.000000,30.659531,11.000000
0.027344,-0.076172,-0.009766,0.000000,31.863913,11.000000
0.029297,-0.119141,-0.005859,0.000000,30.081741,11.000000
0.056641,-0.154297,0.007812,0.000000,25.352942,11.000000
0.267578,0.039062,-1.238281,0.000000,23.521826,11.000000
0.216797,0.041016,-1.291016,0.000000,24.393328,11.000000
0.431641,0.042969,1.277344,0.000000,22.504200,11.000000
2.082031,0.064453,-0.123047,0.000000,28.082109,11.000000
2.125000,0.066406,-0.054688,0.000000,29.890047,11.000000
2.166016,0.068359,-0.005859,0.000000,27.881683,11.000000
2.617188,-0.175781,1.039062,0.000000,29.299295,11.000000
2.662109,-0.179688,1.041016,0.000000,32.547897,11.000000
2.759766,-0.089844,0.900391,0.000000,31.804127,11.000000
4.310547,-0.142578,1.423828,0.000000,27.902851,11.000000
4.394531,-0.142578,1.289062,0.000000,31.492191,11.000000
4.453125,-0.144531,1.234375,0.000000,31.003706,11.000000
4.843750,-0.308594,0.974609,0.000000,30.354298,11.000000
4.921875,-0.779297,0.287109,0.000000,29.242792,11.000000
