4.455078,-0.144531,1.224609,0.000000,31.020905,0.000000
4.650391,-0.000000,0.349609,0.000000,29.858753,0.000000
4.691406,-0.000000,0.347656,0.000000,30.799046,0.000000
4.757812,-0.298828,-0.425781,0.000000,32.773800,0.000000
4.792969,-0.300781,-0.494141,0.000000,33.725437,0.000000
4.822266,-0.152344,-0.648438,0.000000,30.370279,0.000000
4.869141,-0.308594,0.833984,0.000000,30.748165,0.000000
4.937500,-0.623047,0.365234,0.000000,29.405165,0.000000
0.037109,-0.035156,0.064453,0.000000,30.077478,0.000000
0.046875,-0.046875,0.103516,0.000000,28.998205,0.000000
1.177734,-0.449219,0.349609,0.000000,21.367207,0.000000
1.236328,-0.464844,0.279297,0.000000,19.590414,0.000000
0.011719,-0.039062,-0.007812,0.000000,30.663260,1.000000
0.027344,-0.076172,-0.009766,0.000000,31.866739,1.000000
0.029297,-0.119141,-0.005859,0.000000,30.077478,1.000000
0.056641,-0.154297,0.007812,0.000000,25.352942,1.000000
0.234375,0.039062,-1.246094,0.000000,23.541084,1.000000
0.197266,0.041016,-1.292969,0.000000,24.361626,1.000000
0.462891,0.042969,1.267578,0.000000,22.504200,1.000000
2.623047,-0.175781,1.027344,0.000000,29.329807,1.000000
2.705078,-0.089844,0.937500,0.000000,32.576786,1.000000
2.767578,-0.089844,0.875000,0.000000,31.832699,1.000000
4.292969,-0.000000,1.478516,0.000000,27.649229,1.000000
4.384766,-0.142578,1.318359,0.000000,31.386185,1.000000
4.455078,-0.144531,1.222656,0.000000,31.031193,1.000000
4.652344,-0.000000,0.312500,0.000000,29.867718,1.000000
4.693359,-0.000000,0.320312,0.000000,30.726175,1.000000
4.738281,-0.298828,-0.605469,0.000000,32.904797,1.000000
4.792969,-0.150391,-0.542969,0.000000,33.773064,1.000000
4.820312,-0.152344,-0.660156,0.000000,30.236639,1.000000
4.843750,-0.308594,0.968750,0.000000,30.895519,1.000000
4.931641,-0.623047,0.447266,0.000000,29.365137,1.000000
0.037109,-0.035156,0.064453,0.000000,30.081741,1.000000
0.044922,-0.046875,0.103516,0.000000,28.998205,1.000000
1.177734,-0.449219,0.351562,0.000000,21.430147,1.000000
1.234375,-0.464844,0.285156,0.000000,19.684830,1.000000
0.011719,-0.039062,-0.007812,0.000000,30.674429,2.000000
0.027344,-0.076172,-0.009766,0.000000,31.869564,2.000000
0.029297,-0.119141,-0.005859,0.000000,30.081741,2.000000
0.056641,-0.154297,0.007812,0.000000,25.365585,2.000000
0.226562,0.039062,-1.248047,0.000000,23.502480,2.000000
0.146484,0.041016,-1.300781,0.000000,24.361626,2.000000
0.466797,0.042969,1.265625,0.000000,22.479733,2.000000
2.607422,-0.175781,1.064453,0.000000,29.350031,2.000000
2.656250,-0.179688,1.056641,0.000000,32.603100,2.000000
2.750000,-0.089844,0.927734,0.000000,31.880844,2.000000
4.292969,-0.142578,1.468750,0.000000,27.656685,2.000000
4.388672,-0.142578,1.304688,0.000000,31.370375,2.000000
4.458984,-0.144531,1.207031,0.000000,30.982975,2.000000
4.646484,-0.000000,0.394531,0.000000,29.822712,2.000000
4.695312,-0.000000,0.300781,0.000000,30.737183,2.000000
4.740234,-0.000000,-0.222656,0.000000,29.370161,2.000000
4.740234,-0.298828,-0.595703,0.000000,33.040596,2.000000
4.783203,-0.300781,-0.568359,0.000000,33.848907,2.000000
4.816406,-0.152344,-0.693359,0.000000,30.433622,2.000000
4.875000,-0.308594,0.798828,0.000000,30.913151,2.000000
4.933594,-0.623047,0.421875,0.000000,29.647308,2.000000
0.037109,-0.035156,0.064453,0.000000,30.081741,2.000000
0.044922,-0.046875,0.103516,0.000000,28.998205,2.000000
1.234375,-0.464844,0.285156,0.000000,19.684830,2.000000
0.011719,-0.039062,-0.007812,0.000000,30.670708,3.000000
0.027344,-0.076172,-0.009766,0.000000,31.872387,3.000000
0.029297,-0.119141,-0.005859,0.000000,30.086002,3.000000
0.056641,-0.154297,0.007812,0.000000,25.352942,3.000000
0.240234,0.039062,-1.244141,0.000000,23.502480,3.000000
0.199219,0.041016,-1.292969,0.000000,24.345690,3.000000
0.460938,0.042969,1.267578,0.000000,22.455126,3.000000
1.630859,0.660156,0.025391,0.000000,27.634279,3.000000
1.644531,0.730469,0.048828,0.000000,29.513374,3.000000
1.681641,0.748047,0.044922,0.000000,29.614210,3.000000
1.718750,0.763672,0.052734,0.000000,28.388491,3.000000
2.609375,-0.175781,1.058594,0.000000,29.344984,3.000000
2.697266,-0.089844,0.957031,0.000000,32.588768,3.000000
2.763672,-0.089844,0.888672,0.000000,31.866739,3.000000
4.291016,-0.000000,1.486328,0.000000,27.664129,3.000000
4.386719,-0.142578,1.312500,0.000000,31.373541,3.000000
4.455078,-0.144531,1.222656,0.000000,30.996807,3.000000
4.648438,-0.000000,0.367188,0.000000,29.872192,3.000000
4.691406,-0.146484,0.304688,0.000000,30.766405,3.000000
4.763672,-0.298828,-0.355469,0.000000,32.814880,3.000000
4.792969,-0.300781,-0.480469,0.000000,33.682869,3.000000
4.824219,-0.152344,-0.634766,0.000000,30.228407,3.000000
4.875000,-0.308594,0.802734,0.000000,30.906107,3.000000
4.935547,-0.623047,0.384766,0.000000,29.599949,3.000000
0.037109,-0.035156,0.064453,0.000000,30.081741,3.000000
0.046875,-0.046875,0.103516,0.000000,28.998205,3.000000
1.177734,-0.449219,0.353516,0.000000,21.398790,3.000000
1.236328,-0.464844,0.279297,0.000000,19.684830,3.000000
0.011719,-0.039062,-0.007812,0.000000,30.670708,4.000000
0.027344,-0.076172,-0.009766,0.000000,31.866739,4.000000
0.029297,-0.119141,-0.003906,0.000000,30.081741,4.000000
0.056641,-0.154297,0.007812,0.000000,25.365585,4.000000
0.248047,0.039062,-1.242188,0.000000,23.483049,4.000000
0.187500,0.041016,-1.294922,0.000000,24.329693,4.000000
0.486328,0.042969,1.259766,0.000000,22.479733,4.000000
2.617188,-0.175781,1.041016,0.000000,29.268568,4.000000
2.699219,-0.089844,0.951172,0.000000,32.579185,4.000000
2.761719,-0.089844,0.892578,0.000000,31.869564,4.000000
4.291016,-0.000000,1.486328,0.000000,27.708521,4.000000
4.384766,-0.142578,1.318359,0.000000,31.389339,4.000000
4.451172,-0.144531,1.236328,0.000000,31.020905,4.000000
4.654297,-0.000000,0.294922,0.000000,29.890047,4.000000
4.701172,-0.000000,0.166016,0.000000,30.729847,4.000000
4.716797,-0.148438,-0.496094,0.000000,29.365137,4.000000
4.732422,-0.298828,-0.646484,0.000000,33.085644,4.000000
4.783203,-0.300781,-0.570312,0.000000,33.816566,4.000000
4.820312,-0.152344,-0.656250,0.000000,30.293839,4.000000
4.867188,-0.308594,0.845703,0.000000,30.927206,4.000000
4.939453,-0.623047,0.335938,0.000000,29.604708,4.000000
1.412109,0.697266,0.248047,-1.844006,21.731863,4.000000
1.449219,0.716797,0.255859,-1.844006,20.253059,4.000000
0.037109,-0.035156,0.064453,0.000000,30.081741,4.000000
0.044922,-0.046875,0.103516,0.000000,29.003672,4.000000
1.177734,-0.449219,0.353516,0.000000,21.398790,4.000000
1.238281,-0.464844,0.275391,0.000000,19.637878,4.000000
0.011719,-0.039062,-0.007812,0.000000,30.674429,5.000000
0.027344,-0.076172,-0.009766,0.000000,31.872387,5.000000
0.029297,-0.119141,-0.005859,0.000000,30.086002,5.000000
0.056641,-0.154297,0.007812,0.000000,25.365585,5.000000
0.259766,0.039062,-1.240234,0.000000,23.521826,5.000000
0.234375,0.041016,-1.287109,0.000000,24.329693,5.000000
0.458984,0.042969,1.269531,0.000000,22.430380,5.000000
1.599609,0.714844,0.164062,0.000000,26.730209,5.000000
1.613281,0.787109,0.136719,0.000000,28.034571,5.000000
1.650391,0.804688,0.125000,0.000000,27.347998,5.000000
2.621094,-0.175781,1.033203,0.000000,29.304396,5.000000
2.703125,-0.089844,0.943359,0.000000,32.595940,5.000000
2.767578,-0.089844,0.876953,0.000000,31.894903,5.000000
4.292969,-0.000000,1.478516,0.000000,27.671558,5.000000
4.388672,-0.142578,1.310547,0.000000,31.367207,5.000000
4.457031,-0.144531,1.216797,0.000000,30.993353,5.000000
4.648438,-0.000000,0.376953,0.000000,29.845274,5.000000
4.687500,-0.000000,0.392578,0.000000,30.762762,5.000000
4.738281,0.148438,0.195312,0.000000,29.294189,5.000000
4.757812,-0.150391,-0.492188,0.000000,32.794388,5.000000
4.796875,-0.150391,-0.525391,0.000000,33.802113,5.000000
4.820312,-0.152344,-0.658203,0.000000,30.457140,5.000000
4.880859,-0.308594,0.765625,0.000000,30.881361,5.000000
4.941406,-0.623047,0.310547,0.000000,29.537598,5.000000
1.308594,0.708984,0.271484,-3.073343,21.139433,5.000000
1.343750,0.728516,0.287109,-3.073343,20.530785,5.000000
0.037109,-0.035156,0.064453,0.000000,30.086002,5.000000
0.044922,-0.046875,0.103516,0.000000,29.009130,5.000000
1.175781,-0.449219,0.359375,0.000000,21.430147,5.000000
1.238281,-0.464844,0.269531,0.000000,19.684830,5.000000
0.011719,-0.039062,-0.007812,0.000000,30.678144,6.000000
0.027344,-0.076172,-0.009766,0.000000,31.869564,6.000000
0.029297,-0.119141,-0.005859,0.000000,30.081741,6.000000
0.056641,-0.154297,0.007812,0.000000,25.365585,6.000000
0.238281,0.039062,-1.244141,0.000000,23.521826,6.000000
0.207031,0.041016,-1.291016,0.000000,24.345690,6.000000
0.451172,0.042969,1.271484,0.000000,22.479733,6.000000
2.617188,-0.175781,1.042969,0.000000,29.201233,6.000000
2.699219,-0.089844,0.953125,0.000000,32.562366,6.000000
2.761719,-0.089844,0.896484,0.000000,31.852587,6.000000
4.302734,-0.000000,1.453125,0.000000,27.686380,6.000000
4.394531,-0.142578,1.285156,0.000000,31.370375,6.000000
4.458984,-0.144531,1.208984,0.000000,30.958664,6.000000
4.646484,-0.000000,0.394531,0.000000,29.867718,6.000000
4.687500,-0.000000,0.406250,0.000000,30.644581,6.000000
4.738281,-0.298828,-0.599609,0.000000,32.631626,6.000000
4.779297,-0.300781,-0.609375,0.000000,33.697723,6.000000
4.806641,-0.152344,-0.750000,0.000000,30.281645,6.000000
4.859375,-0.308594,0.884766,0.000000,30.795429,6.000000
4.935547,-0.623047,0.386719,0.000000,29.420080,6.000000
1.208984,0.716797,0.275391,-2.458675,19.956352,6.000000
0.037109,-0.035156,0.064453,0.000000,30.077478,6.000000
0.044922,-0.046875,0.103516,0.000000,28.998205,6.000000
1.238281,-0.464844,0.273438,0.000000,19.542425,6.000000
0.011719,-0.039062,-0.007812,0.000000,30.674429,7.000000
0.027344,-0.076172,-0.009766,0.000000,31.869564,7.000000
0.029297,-0.119141,-0.005859,0.000000,30.086002,7.000000
0.056641,-0.154297,0.007812,0.000000,25.365585,7.000000
0.242188,0.039062,-1.244141,0.000000,23.521826,7.000000
0.197266,0.041016,-1.292969,0.000000,24.345690,7.000000
0.468750,0.042969,1.265625,0.000000,22.455126,7.000000
0.664062,-0.000000,1.222656,0.000000,20.969101,7.000000
2.617188,-0.175781,1.041016,0.000000,29.299295,7.000000
2.701172,-0.089844,0.943359,0.000000,32.622135,7.000000
2.765625,-0.089844,0.882812,0.000000,31.897709,7.000000
4.294922,-0.000000,1.472656,0.000000,27.693773,7.000000
4.388672,-0.142578,1.306641,0.000000,31.389339,7.000000
4.457031,-0.144531,1.218750,0.000000,30.986437,7.000000
4.650391,-0.000000,0.337891,0.000000,29.854265,7.000000
4.697266,-0.000000,0.265625,0.000000,30.802656,7.000000
4.765625,-0.298828,-0.326172,0.000000,32.798950,7.000000
4.798828,-0.300781,-0.414062,0.000000,33.654881,7.000000
4.835938,-0.152344,-0.542969,0.000000,30.157787,7.000000
4.863281,-0.308594,0.865234,0.000000,30.888445,7.000000
4.939453,-0.623047,0.335938,0.000000,29.552065,7.000000
0.037109,-0.035156,0.064453,0.000000,30.081741,7.000000
0.044922,-0.046875,0.103516,0.000000,29.003672,7.000000
1.179688,-0.449219,0.341797,0.000000,21.461281,7.000000
1.251953,-0.464844,0.197266,0.000000,19.912260,7.000000
1.113281,0.738281,0.386719,0.000000,20.334238,7.000000
0.011719,-0.039062,-0.007812,0.000000,30.670708,8.000000
0.027344,-0.076172,-0.009766,0.000000,31.866739,8.000000
0.029297,-0.119141,-0.005859,0.000000,30.081741,8.000000
0.056641,-0.154297,0.007812,0.000000,25.352942,8.000000
0.228516,0.039062,-1.246094,0.000000,23.541084,8.000000
0.162109,0.041016,-1.298828,0.000000,24.345690,8.000000
0.488281,0.042969,1.257812,0.000000,22.479733,8.000000
2.611328,-0.175781,1.056641,0.000000,29.344984,8.000000
2.664062,-0.179688,1.033203,0.000000,32.581581,8.000000
2.767578,-0.089844,0.875000,0.000000,31.846914,8.000000
4.296875,-0.000000,1.464844,0.000000,27.671558,8.000000
4.390625,-0.142578,1.302734,0.000000,31.370375,8.000000
4.457031,-0.144531,1.214844,0.000000,31.014034,8.000000
4.642578,-0.000000,0.435547,0.000000,29.858753,8.000000
4.683594,-0.000000,0.431641,0.000000,30.689276,8.000000
4.750000,-0.150391,-0.562500,0.000000,32.681099,8.000000
4.791016,-0.150391,-0.566406,0.000000,33.690304,8.000000
4.824219,-0.152344,-0.632812,0.000000,30.338257,8.000000
4.898438,-0.308594,0.644531,0.000000,30.860037,8.000000
4.941406,-0.623047,0.326172,0.000000,29.537598,8.000000
1.197266,0.759766,0.199219,1.229337,22.227165,8.000000
1.232422,0.783203,0.189453,1.229337,20.863598,8.000000
1.548828,0.697266,0.253906,-0.614669,28.109043,8.000000
1.568359,0.714844,0.349609,-0.614669,26.683859,8.000000
1.703125,0.689453,-0.117188,-0.614669,29.614210,8.000000
1.744141,0.705078,-0.027344,-0.614669,28.155777,8.000000
0.037109,-0.035156,0.064453,0.000000,30.086002,8.000000
0.044922,-0.046875,0.103516,0.000000,28.998205,8.000000
1.181641,-0.449219,0.337891,0.000000,21.398790,8.000000
1.242188,-0.464844,0.255859,0.000000,19.684830,8.000000
0.011719,-0.039062,-0.007812,0.000000,30.674429,9.000000
0.027344,-0.076172,-0.009766,0.000000,31.866739,9.000000
0.029297,-0.119141,-0.005859,0.000000,30.077478,9.000000
0.056641,-0.154297,0.007812,0.000000,25.340261,9.000000
0.230469,0.039062,-1.246094,0.000000,23.502480,9.000000
0.171875,0.041016,-1.296875,0.000000,24.345690,9.000000
0.490234,0.042969,1.257812,0.000000,22.455126,9.000000
2.605469,-0.175781,1.070312,0.000000,29.263424,9.000000
2.697266,-0.089844,0.958984,0.000000,32.559956,9.000000
2.761719,-0.089844,0.896484,0.000000,31.855421,9.000000
4.296875,-0.000000,1.464844,0.000000,27.656685,9.000000
4.388672,-0.142578,1.306641,0.000000,31.360861,9.000000
4.455078,-0.144531,1.222656,0.000000,30.976044,9.000000
4.640625,-0.000000,0.464844,0.000000,29.827234,9.000000
4.687500,0.146484,0.363281,0.000000,30.817072,9.000000
4.742188,0.148438,-0.095703,0.000000,29.836264,9.000000
4.728516,-0.298828,-0.677734,0.000000,33.195225,9.000000
4.796875,-0.150391,-0.519531,0.000000,33.956757,9.000000
4.824219,-0.152344,-0.630859,0.000000,30.499929,9.000000
4.865234,-0.308594,0.859375,0.000000,30.827854,9.000000
4.935547,-0.623047,0.392578,0.000000,29.464523,9.000000
1.238281,0.783203,0.148438,1.229337,21.492191,9.000000
1.679688,0.689453,-0.304688,-0.614669,27.466343,9.000000
1.710938,0.705078,-0.337891,-0.614669,27.708521,9.000000
1.742188,0.720703,-0.373047,-0.614669,25.118834,9.000000
0.037109,-0.035156,0.064453,0.000000,30.081741,9.000000
0.044922,-0.046875,0.103516,0.000000,28.998205,9.000000
1.240234,-0.464844,0.259766,0.000000,19.542425,9.000000
0.011719,-0.039062,-0.007812,0.000000,30.666985,10.000000
0.027344,-0.076172,-0.009766,0.000000,31.866739,10.000000
0.029297,-0.119141,-0.005859,0.000000,30.081741,10.000000
