0.462891,0.042969,1.267578,0.000000,22.430380,0.000000
2.644531,-0.175781,0.968750,0.000000,29.309490,0.000000
2.667969,-0.179688,1.021484,0.000000,32.545483,0.000000
2.757812,-0.089844,0.904297,0.000000,31.829849,0.000000
4.253906,-0.142578,1.582031,0.000000,27.656685,0.000000
4.367188,-0.142578,1.378906,0.000000,31.319393,0.000000
4.472656,-0.144531,1.156250,0.000000,31.328999,0.000000
4.628906,-0.000000,0.574219,0.000000,30.269417,0.000000
4.677734,0.146484,0.486328,0.000000,29.986952,0.000000
4.833984,-0.308594,1.019531,0.000000,30.457140,0.000000
1.777344,-0.167969,-0.234375,2.458675,21.643528,0.000000
1.814453,-0.171875,-0.257812,2.458675,22.304489,0.000000
1.853516,-0.175781,-0.273438,2.458675,20.413927,0.000000
1.808594,0.056641,-0.339844,-2.458675,21.461281,0.000000
1.855469,-0.000000,-0.308594,-2.458675,22.878017,0.000000
1.900391,-0.000000,-0.294922,-2.458675,20.934217,0.000000
2.070312,-0.064453,-0.244141,-0.614669,26.693169,0.000000
2.107422,-0.066406,-0.275391,-0.614669,27.566360,0.000000
2.142578,-0.068359,-0.322266,-0.614669,25.786392,0.000000
0.037109,-0.035156,0.064453,0.000000,30.081741,0.000000
0.046875,-0.046875,0.103516,0.000000,28.987251,0.000000
1.175781,-0.449219,0.355469,0.000000,21.367207,0.000000
1.234375,-0.464844,0.289062,0.000000,19.637878,0.000000
0.011719,-0.039062,-0.007812,0.000000,30.648323,1.000000
0.027344,-0.076172,-0.009766,0.000000,31.852587,1.000000
0.029297,-0.119141,-0.003906,0.000000,30.068937,1.000000
0.056641,-0.154297,0.007812,0.000000,25.340261,1.000000
0.232422,0.039062,-1.246094,0.000000,23.483049,1.000000
0.185547,0.041016,-1.294922,0.000000,24.345690,1.000000
0.472656,0.042969,1.263672,0.000000,22.430380,1.000000
2.597656,-0.175781,1.091797,0.000000,29.350031,1.000000
2.664062,-0.179688,1.033203,0.000000,32.555138,1.000000
2.759766,-0.089844,0.900391,0.000000,31.841234,1.000000
4.257812,-0.142578,1.570312,0.000000,27.693773,1.000000
4.367188,-0.142578,1.378906,0.000000,31.357685,1.000000
4.480469,-0.144531,1.128906,0.000000,31.504494,1.000000
4.634766,-0.000000,0.509766,0.000000,30.718821,1.000000
4.683594,0.146484,0.419922,0.000000,30.382227,1.000000
4.839844,-0.308594,0.988281,0.000000,30.546131,1.000000
4.916016,-0.779297,0.361328,0.000000,29.263424,1.000000
2.095703,-0.265625,-0.246094,1.229337,21.958996,1.000000
2.130859,-0.271484,-0.291016,1.229337,24.313637,1.000000
2.175781,-0.207031,-0.316406,1.229337,23.117538,1.000000
1.855469,-0.175781,-0.255859,1.844006,21.986570,1.000000
1.896484,-0.121094,-0.296875,1.844006,20.086002,1.000000
1.740234,-0.000000,-0.255859,-3.073343,22.552725,1.000000
1.781250,-0.000000,-0.253906,-3.073343,22.095150,1.000000
0.037109,-0.035156,0.064453,0.000000,30.081741,1.000000
0.046875,-0.046875,0.103516,0.000000,28.992731,1.000000
1.179688,-0.449219,0.345703,0.000000,21.461281,1.000000
1.236328,-0.464844,0.285156,0.000000,19.731279,1.000000
0.011719,-0.039062,-0.007812,0.000000,30.648323,2.000000
0.027344,-0.076172,-0.009766,0.000000,31.852587,2.000000
0.029297,-0.119141,-0.003906,0.000000,30.068937,2.000000
0.056641,-0.154297,0.007812,0.000000,25.340261,2.000000
0.246094,0.039062,-1.244141,0.000000,23.463530,2.000000
0.197266,0.041016,-1.292969,0.000000,24.313637,2.000000
0.468750,0.042969,1.265625,0.000000,22.355284,2.000000
2.642578,-0.175781,0.976562,0.000000,29.232441,2.000000
2.669922,-0.179688,1.017578,0.000000,32.521244,2.000000
2.763672,-0.089844,0.890625,0.000000,31.809856,2.000000
4.265625,-0.142578,1.550781,0.000000,27.781513,2.000000
4.373047,-0.142578,1.361328,0.000000,31.392492,2.000000
4.482422,-0.144531,1.117188,0.000000,31.448854,2.000000
4.634766,-0.000000,0.509766,0.000000,30.334238,2.000000
4.679688,0.146484,0.455078,0.000000,29.831751,2.000000
4.841797,-0.308594,0.976562,0.000000,30.519239,2.000000
4.917969,-0.779297,0.347656,0.000000,29.216866,2.000000
1.658203,-0.105469,-0.236328,-3.073343,22.121876,2.000000
1.703125,-0.052734,-0.212891,-3.073343,20.934217,2.000000
0.037109,-0.035156,0.064453,0.000000,30.081741,2.000000
0.046875,-0.046875,0.103516,0.000000,28.992731,2.000000
1.181641,-0.449219,0.339844,0.000000,21.335388,2.000000
1.236328,-0.464844,0.279297,0.000000,19.590414,2.000000
0.011719,-0.039062,-0.007812,0.000000,30.640835,3.000000
0.027344,-0.076172,-0.009766,0.000000,31.849752,3.000000
0.029297,-0.119141,-0.003906,0.000000,30.064661,3.000000
0.056641,-0.154297,0.007812,0.000000,25.340261,3.000000
0.257812,0.039062,-1.240234,0.000000,23.483049,3.000000
0.210938,0.041016,-1.291016,0.000000,24.361626,3.000000
0.462891,0.042969,1.267578,0.000000,22.455126,3.000000
2.625000,-0.175781,1.025391,0.000000,29.289078,3.000000
2.664062,-0.179688,1.037109,0.000000,32.547897,3.000000
2.761719,-0.089844,0.892578,0.000000,31.818436,3.000000
4.285156,-0.142578,1.496094,0.000000,27.839035,3.000000
4.380859,-0.142578,1.333984,0.000000,31.436392,3.000000
4.484375,-0.144531,1.107422,0.000000,31.467480,3.000000
4.630859,-0.000000,0.546875,0.000000,30.277573,3.000000
4.677734,0.146484,0.480469,0.000000,29.670797,3.000000
4.853516,-0.308594,0.925781,0.000000,30.402067,3.000000
4.921875,-0.779297,0.257812,0.000000,29.571281,3.000000
1.529297,-0.048828,-0.271484,-3.073343,21.673174,3.000000
1.572266,-0.050781,-0.271484,-3.073343,22.201080,3.000000
1.609375,-0.050781,-0.289062,-3.073343,20.413927,3.000000
1.845703,-0.175781,-0.316406,-1.229337,20.934217,3.000000
0.037109,-0.035156,0.064453,0.000000,30.086002,3.000000
0.046875,-0.046875,0.103516,0.000000,28.992731,3.000000
1.236328,-0.464844,0.275391,0.000000,19.684830,3.000000
0.011719,-0.039062,-0.007812,0.000000,30.640835,4.000000
0.027344,-0.076172,-0.009766,0.000000,31.849752,4.000000
0.029297,-0.119141,-0.005859,0.000000,30.064661,4.000000
0.056641,-0.154297,0.007812,0.000000,25.327543,4.000000
0.265625,0.039062,-1.240234,0.000000,23.463530,4.000000
0.187500,0.041016,-1.294922,0.000000,24.329693,4.000000
0.476562,0.042969,1.261719,0.000000,22.405493,4.000000
2.621094,-0.175781,1.033203,0.000000,29.283958,4.000000
2.666016,-0.179688,1.031250,0.000000,32.567177,4.000000
2.761719,-0.089844,0.892578,0.000000,31.878027,4.000000
4.285156,-0.142578,1.498047,0.000000,27.867514,4.000000
4.378906,-0.142578,1.337891,0.000000,31.420765,4.000000
4.474609,-0.144531,1.152344,0.000000,31.251558,4.000000
4.628906,-0.000000,0.560547,0.000000,29.628428,4.000000
4.671875,-0.000000,0.552734,0.000000,29.675480,4.000000
4.837891,-0.308594,1.000000,0.000000,30.751818,4.000000
4.921875,-0.623047,0.535156,0.000000,29.339931,4.000000
0.037109,-0.035156,0.064453,0.000000,30.081741,4.000000
0.046875,-0.046875,0.103516,0.000000,28.992731,4.000000
1.179688,-0.449219,0.345703,0.000000,21.398790,4.000000
1.230469,-0.464844,0.306641,0.000000,19.684830,4.000000
0.011719,-0.039062,-0.007812,0.000000,30.644581,5.000000
0.027344,-0.076172,-0.009766,0.000000,31.852587,5.000000
0.029297,-0.119141,-0.005859,0.000000,30.073210,5.000000
0.056641,-0.154297,0.007812,0.000000,25.340261,5.000000
0.277344,0.039062,-1.236328,0.000000,23.463530,5.000000
0.199219,0.041016,-1.292969,0.000000,24.329693,5.000000
0.464844,0.042969,1.267578,0.000000,22.430380,5.000000
2.628906,-0.175781,1.011719,0.000000,29.253120,5.000000
2.669922,-0.179688,1.019531,0.000000,32.499317,5.000000
2.763672,-0.089844,0.886719,0.000000,31.755117,5.000000
4.291016,-0.142578,1.476562,0.000000,27.701153,5.000000
4.386719,-0.142578,1.310547,0.000000,31.386185,5.000000
4.496094,-0.144531,1.060547,0.000000,31.467480,5.000000
4.644531,-0.000000,0.410156,0.000000,31.241781,5.000000
4.687500,-0.000000,0.384766,0.000000,31.858253,5.000000
4.732422,-0.000000,0.349609,0.000000,29.309490,5.000000
4.830078,-0.308594,1.033203,0.000000,30.476643,5.000000
4.921875,-0.623047,0.544922,0.000000,29.164539,5.000000
0.037109,-0.035156,0.064453,0.000000,30.081741,5.000000
0.046875,-0.046875,0.103516,0.000000,28.992731,5.000000
1.179688,-0.449219,0.345703,0.000000,21.398790,5.000000
1.232422,-0.464844,0.292969,0.000000,19.637878,5.000000
0.011719,-0.039062,-0.007812,0.000000,30.652061,6.000000
0.027344,-0.076172,-0.009766,0.000000,31.855421,6.000000
0.029297,-0.119141,-0.003906,0.000000,30.073210,6.000000
0.056641,-0.154297,0.007812,0.000000,25.352942,6.000000
0.257812,0.039062,-1.240234,0.000000,23.483049,6.000000
0.201172,0.041016,-1.292969,0.000000,24.345690,6.000000
0.480469,0.042969,1.259766,0.000000,22.405493,6.000000
2.656250,-0.175781,0.937500,0.000000,29.247959,6.000000
2.669922,-0.179688,1.021484,0.000000,32.540646,6.000000
2.759766,-0.089844,0.902344,0.000000,31.852587,6.000000
4.285156,-0.142578,1.494141,0.000000,27.767012,6.000000
4.392578,-0.142578,1.296875,0.000000,31.439510,6.000000
4.509766,-0.144531,1.001953,0.000000,31.714338,6.000000
4.640625,-0.000000,0.460938,0.000000,31.522884,6.000000
4.687500,-0.000000,0.390625,0.000000,31.538149,6.000000
4.841797,-0.308594,0.976562,0.000000,31.041456,6.000000
4.931641,-0.623047,0.435547,0.000000,29.731279,6.000000
0.037109,-0.035156,0.064453,0.000000,30.086002,6.000000
0.046875,-0.046875,0.103516,0.000000,28.998205,6.000000
1.175781,-0.449219,0.355469,0.000000,21.398790,6.000000
1.232422,-0.464844,0.294922,0.000000,19.684830,6.000000
0.011719,-0.039062,-0.007812,0.000000,30.648323,7.000000
0.027344,-0.076172,-0.009766,0.000000,31.852587,7.000000
0.029297,-0.119141,-0.005859,0.000000,30.064661,7.000000
0.056641,-0.154297,0.007812,0.000000,25.340261,7.000000
0.269531,0.039062,-1.238281,0.000000,23.463530,7.000000
0.210938,0.041016,-1.291016,0.000000,24.345690,7.000000
0.492188,0.042969,1.255859,0.000000,22.405493,7.000000
2.650391,-0.175781,0.953125,0.000000,29.268568,7.000000
2.667969,-0.179688,1.023438,0.000000,32.555138,7.000000
2.759766,-0.089844,0.898438,0.000000,31.844074,7.000000
4.283203,-0.142578,1.501953,0.000000,27.867514,7.000000
4.382812,-0.142578,1.328125,0.000000,31.486027,7.000000
4.482422,-0.144531,1.117188,0.000000,31.498346,7.000000
4.619141,-0.000000,0.638672,0.000000,29.951963,7.000000
4.673828,-0.000000,0.525391,0.000000,28.686445,7.000000
0.037109,-0.035156,0.064453,0.000000,30.077478,7.000000
0.046875,-0.046875,0.103516,0.000000,28.987251,7.000000
1.177734,-0.449219,0.351562,0.000000,21.398790,7.000000
1.236328,-0.464844,0.283203,0.000000,19.731279,7.000000
4.666016,0.294922,0.515625,0.000000,28.639174,7.000000
0.011719,-0.039062,-0.007812,0.000000,30.644581,8.000000
0.027344,-0.076172,-0.009766,0.000000,31.849752,8.000000
0.029297,-0.119141,-0.003906,0.000000,30.068937,8.000000
0.056641,-0.154297,0.007812,0.000000,25.352942,8.000000
0.279297,0.039062,-1.236328,0.000000,23.483049,8.000000
0.218750,0.041016,-1.289062,0.000000,24.345690,8.000000
0.462891,0.042969,1.267578,0.000000,22.405493,8.000000
2.574219,-0.175781,1.142578,0.000000,29.370161,8.000000
2.654297,-0.179688,1.056641,0.000000,32.574387,8.000000
2.757812,-0.089844,0.906250,0.000000,31.841234,8.000000
4.267578,-0.142578,1.542969,0.000000,27.788744,8.000000
4.375000,-0.142578,1.353516,0.000000,31.348145,8.000000
4.455078,-0.144531,1.224609,0.000000,31.061909,8.000000
4.816406,-0.154297,1.126953,0.000000,30.591846,8.000000
4.923828,-0.779297,0.240234,0.000000,29.030899,8.000000
1.695312,-0.052734,-0.279297,2.458675,21.172712,8.000000
1.738281,-0.054688,-0.267578,2.458675,20.863598,8.000000
0.037109,-0.035156,0.064453,0.000000,30.077478,8.000000
0.044922,-0.046875,0.103516,0.000000,28.992731,8.000000
1.179688,-0.449219,0.343750,0.000000,21.398790,8.000000
1.230469,-0.464844,0.300781,0.000000,19.777237,8.000000
0.011719,-0.039062,-0.007812,0.000000,30.652061,9.000000
0.027344,-0.076172,-0.009766,0.000000,31.852587,9.000000
0.029297,-0.119141,-0.005859,0.000000,30.064661,9.000000
0.056641,-0.154297,0.007812,0.000000,25.340261,9.000000
0.265625,0.039062,-1.240234,0.000000,23.483049,9.000000
0.212891,0.041016,-1.291016,0.000000,24.329693,9.000000
0.474609,0.042969,1.263672,0.000000,22.405493,9.000000
2.529297,-0.175781,1.240234,0.000000,29.185545,9.000000
2.632812,-0.179688,1.113281,0.000000,32.535805,9.000000
2.744141,-0.089844,0.945312,0.000000,31.809856,9.000000
4.371094,-0.142578,1.367188,0.000000,31.092409,9.000000
4.441406,-0.144531,1.271484,0.000000,30.827854,9.000000
4.902344,-0.935547,0.019531,0.000000,28.651039,9.000000
2.125000,-0.000000,-0.072266,1.229337,23.010300,9.000000
1.771484,-0.056641,-0.318359,2.458675,22.329962,9.000000
1.814453,-0.056641,-0.300781,2.458675,22.528530,9.000000
0.037109,-0.035156,0.064453,0.000000,30.081741,9.000000
0.044922,-0.046875,0.103516,0.000000,28.998205,9.000000
1.179688,-0.449219,0.349609,0.000000,21.367207,9.000000
1.236328,-0.464844,0.277344,0.000000,19.637878,9.000000
0.011719,-0.039062,-0.007812,0.000000,30.640835,10.000000
0.027344,-0.076172,-0.009766,0.000000,31.849752,10.000000
0.029297,-0.119141,-0.005859,0.000000,30.064661,10.000000
0.056641,-0.154297,0.007812,0.000000,25.340261,10.000000
0.312500,0.039062,-1.228516,0.000000,23.463530,10.000000
0.248047,0.041016,-1.285156,0.000000,24.329693,10.000000
0.458984,0.042969,1.269531,0.000000,22.405493,10.000000
2.615234,-0.175781,1.044922,0.000000,29.247959,10.000000
2.662109,-0.179688,1.041016,0.000000,32.523674,10.000000
2.759766,-0.089844,0.900391,0.000000,31.818436,10.000000
4.304688,-0.000000,1.443359,0.000000,28.122446,10.000000
4.382812,-0.142578,1.326172,0.000000,31.562462,10.000000
4.449219,-0.144531,1.244141,0.000000,31.075491,10.000000
2.160156,-0.000000,-0.185547,0.614669,29.410143,10.000000
2.207031,-0.000000,-0.099609,0.614669,29.479237,10.000000
2.250000,-0.000000,-0.058594,0.614669,26.739420,10.000000
2.111328,0.132812,-0.218750,1.229337,27.916906,10.000000
2.158203,0.134766,-0.146484,1.229337,29.385197,10.000000
1.855469,-0.000000,-0.318359,2.458675,22.121876,10.000000
1.898438,-0.000000,-0.298828,2.458675,22.355284,10.000000
0.037109,-0.035156,0.064453,0.000000,30.081741,10.000000
0.046875,-0.046875,0.103516,0.000000,28.992731,10.000000
1.177734,-0.449219,0.351562,0.000000,21.398790,10.000000
1.236328,-0.464844,0.275391,0.000000,19.637878,10.000000
0.011719,-0.039062,-0.007812,0.000000,30.640835,11.000000
0.027344,-0.076172,-0.009766,0.000000,31.852587,11.000000
0.029297,-0.119141,-0.003906,0.000000,30.073210,11.000000
0.056641,-0.154297,0.007812,0.000000,25.352942,11.000000
0.246094,0.039062,-1.244141,0.000000,23.443922,11.000000
0.167969,0.041016,-1.296875,0.000000,24.329693,11.000000
0.509766,0.042969,1.250000,0.000000,22.380461,11.000000
2.599609,-0.175781,1.085938,0.000000,29.314579,11.000000
2.654297,-0.179688,1.056641,0.000000,32.559956,11.000000
