1.177734,-0.449219,0.355469,0.000000,21.430147,0.000000
1.234375,-0.464844,0.287109,0.000000,19.684830,0.000000
0.011719,-0.039062,-0.007812,0.000000,30.678144,1.000000
0.027344,-0.076172,-0.009766,0.000000,31.875208,1.000000
0.029297,-0.119141,-0.005859,0.000000,30.086002,1.000000
0.056641,-0.154297,0.007812,0.000000,25.352942,1.000000
0.232422,0.039062,-1.246094,0.000000,23.502480,1.000000
0.205078,0.041016,-1.292969,0.000000,24.313637,1.000000
0.460938,0.042969,1.267578,0.000000,22.405493,1.000000
2.542969,-0.175781,1.210938,0.000000,29.420080,1.000000
2.626953,-0.179688,1.126953,0.000000,32.612629,1.000000
2.736328,-0.089844,0.966797,0.000000,31.903316,1.000000
4.312500,-0.000000,1.421875,0.000000,27.874605,1.000000
4.400391,-0.142578,1.269531,0.000000,31.430147,1.000000
4.468750,-0.144531,1.171875,0.000000,31.095785,1.000000
4.845703,-0.308594,0.964844,0.000000,30.913151,1.000000
4.933594,-0.623047,0.417969,0.000000,29.410143,1.000000
1.634766,-0.050781,0.068359,-3.073343,20.492180,1.000000
1.675781,-0.000000,0.037109,-3.073343,21.643528,1.000000
0.037109,-0.035156,0.064453,0.000000,30.090258,1.000000
0.044922,-0.046875,0.103516,0.000000,29.003672,1.000000
1.177734,-0.449219,0.349609,0.000000,21.398790,1.000000
1.238281,-0.464844,0.267578,0.000000,19.637878,1.000000
0.011719,-0.039062,-0.007812,0.000000,30.681858,2.000000
0.027344,-0.076172,-0.009766,0.000000,31.875208,2.000000
0.029297,-0.119141,-0.005859,0.000000,30.086002,2.000000
0.056641,-0.154297,0.007812,0.000000,25.352942,2.000000
0.251953,0.039062,-1.242188,0.000000,23.521826,2.000000
0.208984,0.041016,-1.291016,0.000000,24.361626,2.000000
0.474609,0.042969,1.263672,0.000000,22.528530,2.000000
2.392578,-0.263672,1.474609,0.000000,29.503649,2.000000
2.611328,-0.179688,1.164062,0.000000,32.607868,2.000000
2.742188,-0.089844,0.953125,0.000000,31.889284,2.000000
4.306641,-0.000000,1.437500,0.000000,27.888752,2.000000
4.404297,-0.142578,1.255859,0.000000,31.464382,2.000000
4.480469,-0.144531,1.128906,0.000000,31.225435,2.000000
4.845703,-0.308594,0.958984,0.000000,30.751818,2.000000
4.919922,-0.779297,0.292969,0.000000,29.304396,2.000000
2.083984,-0.000000,-0.093750,-0.614669,26.711729,2.000000
2.113281,-0.000000,-0.236328,-0.614669,28.469553,2.000000
2.142578,0.068359,-0.322266,-0.614669,27.573959,2.000000
0.037109,-0.035156,0.064453,0.000000,30.081741,2.000000
0.044922,-0.046875,0.103516,0.000000,28.998205,2.000000
1.177734,-0.449219,0.351562,0.000000,21.461281,2.000000
1.238281,-0.464844,0.273438,0.000000,19.731279,2.000000
0.011719,-0.039062,-0.007812,0.000000,30.681858,3.000000
0.027344,-0.076172,-0.009766,0.000000,31.875208,3.000000
0.029297,-0.119141,-0.005859,0.000000,30.086002,3.000000
0.056641,-0.154297,0.007812,0.000000,25.365585,3.000000
0.250000,0.039062,-1.242188,0.000000,23.502480,3.000000
0.216797,0.041016,-1.291016,0.000000,24.313637,3.000000
0.439453,0.042969,1.275391,0.000000,22.430380,3.000000
2.587891,-0.175781,1.111328,0.000000,29.395193,3.000000
2.687500,-0.089844,0.982422,0.000000,32.626884,3.000000
2.751953,-0.089844,0.921875,0.000000,31.869564,3.000000
4.314453,-0.000000,1.416016,0.000000,27.916906,3.000000
4.402344,-0.142578,1.263672,0.000000,31.513699,3.000000
4.472656,-0.144531,1.162109,0.000000,31.209028,3.000000
4.841797,-0.308594,0.984375,0.000000,30.696680,3.000000
4.919922,-0.779297,0.318359,0.000000,29.329807,3.000000
1.593750,-0.000000,0.085938,1.229337,23.138672,3.000000
1.634766,-0.050781,0.072266,1.229337,23.873898,3.000000
1.960938,-0.000000,0.093750,-1.229337,23.384565,3.000000
2.001953,0.062500,0.060547,-1.229337,23.856062,3.000000
2.074219,-0.000000,-0.218750,-0.614669,26.263403,3.000000
0.037109,-0.035156,0.064453,0.000000,30.090258,3.000000
0.044922,-0.046875,0.103516,0.000000,29.003672,3.000000
1.177734,-0.449219,0.353516,0.000000,21.461281,3.000000
1.234375,-0.464844,0.289062,0.000000,19.777237,3.000000
0.011719,-0.039062,-0.007812,0.000000,30.681858,4.000000
0.027344,-0.076172,-0.009766,0.000000,31.875208,4.000000
0.029297,-0.119141,-0.005859,0.000000,30.086002,4.000000
0.056641,-0.154297,0.007812,0.000000,25.365585,4.000000
0.242188,0.039062,-1.244141,0.000000,23.483049,4.000000
0.181641,0.041016,-1.294922,0.000000,24.297523,4.000000
0.472656,0.042969,1.263672,0.000000,22.455126,4.000000
2.605469,-0.175781,1.070312,0.000000,29.415113,4.000000
2.695312,-0.089844,0.964844,0.000000,32.643456,4.000000
2.759766,-0.089844,0.898438,0.000000,31.942368,4.000000
4.312500,-0.000000,1.419922,0.000000,27.916906,4.000000
4.404297,-0.142578,1.255859,0.000000,31.528996,4.000000
4.480469,-0.144531,1.126953,0.000000,31.316187,4.000000
4.847656,-0.308594,0.955078,0.000000,30.831442,4.000000
4.919922,-0.779297,0.292969,0.000000,29.508514,4.000000
1.919922,-0.000000,0.103516,-1.229337,21.673174,4.000000
1.960938,-0.000000,0.107422,-1.229337,21.139433,4.000000
2.025391,0.064453,-0.277344,-0.614669,28.481892,4.000000
2.068359,0.064453,-0.259766,-0.614669,28.426092,4.000000
0.037109,-0.035156,0.064453,0.000000,30.086002,4.000000
0.044922,-0.046875,0.103516,0.000000,29.003672,4.000000
1.177734,-0.449219,0.349609,0.000000,21.367207,4.000000
1.236328,-0.464844,0.279297,0.000000,19.731279,4.000000
0.011719,-0.039062,-0.007812,0.000000,30.674429,5.000000
0.027344,-0.076172,-0.009766,0.000000,31.875208,5.000000
0.029297,-0.119141,-0.005859,0.000000,30.086002,5.000000
0.056641,-0.154297,0.007812,0.000000,25.352942,5.000000
0.261719,0.039062,-1.240234,0.000000,23.502480,5.000000
0.212891,0.041016,-1.291016,0.000000,24.345690,5.000000
0.460938,0.042969,1.267578,0.000000,22.479733,5.000000
2.615234,-0.175781,1.044922,0.000000,29.400181,5.000000
2.697266,-0.089844,0.955078,0.000000,32.636360,5.000000
2.765625,-0.089844,0.882812,0.000000,31.922886,5.000000
4.308594,-0.000000,1.431641,0.000000,27.923918,5.000000
4.400391,-0.142578,1.267578,0.000000,31.473671,5.000000
4.492188,-0.000000,1.093750,0.000000,31.398790,5.000000
4.599609,-0.000000,0.769531,0.000000,29.116901,5.000000
4.843750,-0.308594,0.968750,0.000000,31.044870,5.000000
4.933594,-0.623047,0.410156,0.000000,29.542425,5.000000
1.716797,0.052734,0.013672,1.844006,20.253059,5.000000
1.757812,0.054688,0.013672,1.844006,22.041201,5.000000
0.037109,-0.035156,0.064453,0.000000,30.086002,5.000000
0.044922,-0.046875,0.103516,0.000000,29.003672,5.000000
1.179688,-0.449219,0.345703,0.000000,21.430147,5.000000
1.236328,-0.464844,0.279297,0.000000,19.731279,5.000000
0.011719,-0.039062,-0.007812,0.000000,30.670708,6.000000
0.027344,-0.076172,-0.009766,0.000000,31.875208,6.000000
0.029297,-0.119141,-0.005859,0.000000,30.086002,6.000000
0.056641,-0.154297,0.007812,0.000000,25.352942,6.000000
0.250000,0.039062,-1.242188,0.000000,23.502480,6.000000
0.203125,0.041016,-1.292969,0.000000,24.345690,6.000000
0.460938,0.042969,1.267578,0.000000,22.504200,6.000000
2.611328,-0.175781,1.058594,0.000000,29.400181,6.000000
2.695312,-0.089844,0.960938,0.000000,32.612629,6.000000
2.761719,-0.089844,0.892578,0.000000,31.863913,6.000000
4.302734,-0.000000,1.451172,0.000000,27.817554,6.000000
4.396484,-0.142578,1.281250,0.000000,31.461281,6.000000
4.500000,-0.000000,1.056641,0.000000,31.589653,6.000000
4.621094,-0.000000,0.630859,0.000000,30.386202,6.000000
4.673828,0.146484,0.519531,0.000000,29.415113,6.000000
4.853516,-0.308594,0.921875,0.000000,30.802656,6.000000
4.923828,-0.779297,0.212891,0.000000,29.474337,6.000000
1.958984,0.060547,-0.119141,-0.614669,26.263403,6.000000
1.994141,0.062500,-0.189453,-0.614669,28.948696,6.000000
2.037109,0.064453,-0.177734,-0.614669,29.263424,6.000000
2.080078,0.064453,-0.150391,-0.614669,26.384893,6.000000
0.037109,-0.035156,0.064453,0.000000,30.094509,6.000000
0.044922,-0.046875,0.103516,0.000000,29.009130,6.000000
1.175781,-0.449219,0.361328,0.000000,21.430147,6.000000
1.230469,-0.464844,0.306641,0.000000,19.684830,6.000000
0.011719,-0.039062,-0.007812,0.000000,30.674429,7.000000
0.027344,-0.076172,-0.009766,0.000000,31.875208,7.000000
0.029297,-0.119141,-0.005859,0.000000,30.090258,7.000000
0.056641,-0.154297,0.007812,0.000000,25.365585,7.000000
0.191406,0.039062,-1.253906,0.000000,23.560259,7.000000
0.156250,0.041016,-1.298828,0.000000,24.393328,7.000000
0.482422,0.042969,1.259766,0.000000,22.528530,7.000000
2.605469,-0.175781,1.070312,0.000000,29.390198,7.000000
2.701172,-0.089844,0.943359,0.000000,32.638725,7.000000
2.771484,-0.089844,0.865234,0.000000,31.945143,7.000000
4.304688,-0.000000,1.445312,0.000000,27.895807,7.000000
4.404297,-0.142578,1.251953,0.000000,31.504494,7.000000
4.525391,-0.144531,0.931641,0.000000,31.740599,7.000000
4.646484,-0.000000,0.396484,0.000000,32.260841,7.000000
4.687500,0.146484,0.378906,0.000000,32.762321,7.000000
4.728516,0.148438,0.375000,0.000000,30.132587,7.000000
4.847656,-0.308594,0.953125,0.000000,30.809870,7.000000
4.939453,-0.623047,0.349609,0.000000,29.420080,7.000000
1.984375,0.187500,-0.216797,-1.229337,24.329693,7.000000
2.027344,0.191406,-0.185547,-1.229337,22.966652,7.000000
0.037109,-0.035156,0.064453,0.000000,30.086002,7.000000
0.046875,-0.046875,0.103516,0.000000,28.998205,7.000000
1.181641,-0.449219,0.339844,0.000000,21.461281,7.000000
1.240234,-0.464844,0.263672,0.000000,19.777237,7.000000
0.011719,-0.039062,-0.007812,0.000000,30.678144,8.000000
0.027344,-0.076172,-0.009766,0.000000,31.872387,8.000000
0.029297,-0.119141,-0.005859,0.000000,30.086002,8.000000
0.056641,-0.154297,0.007812,0.000000,25.352942,8.000000
0.232422,0.039062,-1.246094,0.000000,23.521826,8.000000
0.187500,0.041016,-1.294922,0.000000,24.361626,8.000000
0.470703,0.042969,1.263672,0.000000,22.479733,8.000000
2.609375,-0.175781,1.062500,0.000000,29.329807,8.000000
2.705078,-0.089844,0.931641,0.000000,32.629253,8.000000
2.773438,-0.089844,0.853516,0.000000,31.939590,8.000000
4.306641,-0.000000,1.439453,0.000000,27.874605,8.000000
4.402344,-0.142578,1.261719,0.000000,31.482941,8.000000
4.455078,-0.144531,1.226562,0.000000,30.488300,8.000000
4.662109,-0.000000,0.132812,0.000000,31.348145,8.000000
4.693359,-0.000000,0.316406,0.000000,33.360592,8.000000
4.734375,0.148438,0.273438,0.000000,31.258064,8.000000
4.865234,-0.308594,0.859375,0.000000,30.755470,8.000000
4.943359,-0.623047,0.279297,0.000000,29.283958,8.000000
1.871094,0.175781,0.105469,-0.614669,26.493349,8.000000
1.917969,0.121094,0.021484,-0.614669,26.655809,8.000000
1.955078,0.123047,-0.146484,-0.614669,26.042261,8.000000
0.037109,-0.035156,0.064453,0.000000,30.090258,8.000000
0.044922,-0.046875,0.103516,0.000000,29.003672,8.000000
1.175781,-0.449219,0.359375,0.000000,21.398790,8.000000
1.232422,-0.464844,0.296875,0.000000,19.637878,8.000000
0.011719,-0.039062,-0.007812,0.000000,30.681858,9.000000
0.027344,-0.076172,-0.009766,0.000000,31.878027,9.000000
0.029297,-0.119141,-0.005859,0.000000,30.094509,9.000000
0.056641,-0.154297,0.007812,0.000000,25.378191,9.000000
0.253906,0.039062,-1.242188,0.000000,23.502480,9.000000
0.197266,0.041016,-1.292969,0.000000,24.329693,9.000000
0.488281,0.042969,1.257812,0.000000,22.455126,9.000000
2.628906,-0.175781,1.011719,0.000000,29.390198,9.000000
2.701172,-0.089844,0.945312,0.000000,32.638725,9.000000
2.763672,-0.089844,0.884766,0.000000,31.928461,9.000000
4.310547,-0.000000,1.427734,0.000000,27.937904,9.000000
4.398438,-0.142578,1.271484,0.000000,31.501421,9.000000
4.464844,-0.144531,1.189453,0.000000,31.176027,9.000000
4.849609,-0.308594,0.935547,0.000000,30.715137,9.000000
4.921875,-0.779297,0.253906,0.000000,29.365137,9.000000
1.466797,0.138672,-0.031250,-4.302680,21.492191,9.000000
1.500000,0.189453,-0.050781,-4.302680,20.128372,9.000000
1.945312,0.060547,-0.251953,-0.614669,27.267273,9.000000
1.986328,-0.000000,-0.265625,-0.614669,27.435097,9.000000
0.037109,-0.035156,0.064453,0.000000,30.090258,9.000000
0.044922,-0.046875,0.103516,0.000000,29.003672,9.000000
1.179688,-0.449219,0.347656,0.000000,21.430147,9.000000
1.240234,-0.464844,0.261719,0.000000,19.684830,9.000000
0.011719,-0.039062,-0.007812,0.000000,30.678144,10.000000
0.027344,-0.076172,-0.009766,0.000000,31.875208,10.000000
0.029297,-0.119141,-0.005859,0.000000,30.086002,10.000000
0.056641,-0.154297,0.007812,0.000000,25.352942,10.000000
0.265625,0.039062,-1.240234,0.000000,23.483049,10.000000
0.140625,0.041016,1.300781,0.000000,24.517864,10.000000
1.277344,0.126953,0.416016,0.000000,24.800070,10.000000
1.378906,0.173828,-0.031250,0.000000,26.159500,10.000000
1.412109,0.179688,-0.158203,0.000000,25.440680,10.000000
2.603516,-0.175781,1.074219,0.000000,29.370161,10.000000
2.695312,-0.089844,0.962891,0.000000,32.652897,10.000000
2.759766,-0.089844,0.900391,0.000000,31.978317,10.000000
4.310547,-0.000000,1.429688,0.000000,27.881683,10.000000
4.402344,-0.142578,1.263672,0.000000,31.498346,10.000000
4.531250,-0.000000,0.912109,0.000000,32.070957,10.000000
4.644531,-0.000000,0.419922,0.000000,32.794388,10.000000
4.691406,0.146484,0.304688,0.000000,33.151302,10.000000
4.736328,0.148438,0.240234,0.000000,30.595634,10.000000
4.855469,-0.308594,0.904297,0.000000,30.618294,10.000000
4.923828,-0.779297,0.244141,0.000000,29.324738,10.000000
1.943359,0.060547,-0.275391,-0.614669,27.867514,10.000000
1.986328,0.125000,-0.230469,-0.614669,27.075703,10.000000
0.037109,-0.035156,0.064453,0.000000,30.086002,10.000000
0.044922,-0.046875,0.103516,0.000000,29.003672,10.000000
0.011719,-0.039062,-0.007812,0.000000,30.674429,11.000000
0.027344,-0.076172,-0.009766,0.000000,31.875208,11.000000
0.029297,-0.119141,-0.005859,0.000000,30.090258,11.000000
0.056641,-0.154297,0.007812,0.000000,25.365585,11.000000
0.240234,0.039062,-1.244141,0.000000,23.560259,11.000000
0.195312,0.041016,-1.292969,0.000000,24.377506,11.000000
0.490234,0.042969,1.257812,0.000000,22.504200,11.000000
2.630859,-0.175781,1.007812,0.000000,29.319662,11.000000
2.707031,-0.089844,0.931641,0.000000,32.612629,11.000000
2.769531,-0.089844,0.869141,0.000000,31.903316,11.000000
4.306641,-0.000000,1.441406,0.000000,27.958799,11.000000
4.400391,-0.142578,1.263672,0.000000,31.559431,11.000000
4.531250,-0.000000,0.910156,0.000000,32.079037,11.000000
4.648438,-0.000000,0.382812,0.000000,33.049213,11.000000
4.693359,-0.000000,0.316406,0.000000,33.519894,11.000000
4.738281,0.148438,0.222656,0.000000,31.082266,11.000000
4.857422,-0.308594,0.902344,0.000000,30.637085,11.000000
4.923828,-0.779297,0.236328,0.000000,29.283958,11.000000
0.037109,-0.035156,0.064453,0.000000,30.086002,11.000000
0.044922,-0.046875,0.103516,0.000000,29.003672,11.000000
1.179688,-0.449219,0.347656,0.000000,21.430147,11.000000
