4.396484,-0.142578,1.279297,0.000000,31.436392,0.000000
4.488281,-0.000000,1.103516,0.000000,31.401937,0.000000
4.607422,-0.000000,0.714844,0.000000,29.684830,0.000000
4.853516,-0.308594,0.925781,0.000000,30.835026,0.000000
4.921875,-0.779297,0.261719,0.000000,29.580858,0.000000
2.378906,0.226562,-0.332031,1.229337,23.031961,0.000000
2.406250,0.306641,-0.371094,1.229337,21.139433,0.000000
2.343750,-0.074219,-0.355469,-0.614669,26.106602,0.000000
2.396484,-0.076172,-0.271484,-0.614669,24.440449,0.000000
0.037109,-0.035156,0.064453,0.000000,30.086002,0.000000
0.044922,-0.046875,0.103516,0.000000,28.998205,0.000000
1.179688,-0.449219,0.347656,0.000000,21.430147,0.000000
1.234375,-0.464844,0.289062,0.000000,19.684830,0.000000
0.011719,-0.039062,-0.007812,0.000000,30.681858,1.000000
0.027344,-0.076172,-0.009766,0.000000,31.875208,1.000000
0.029297,-0.119141,-0.005859,0.000000,30.090258,1.000000
0.056641,-0.154297,0.007812,0.000000,25.365585,1.000000
0.269531,0.039062,-1.238281,0.000000,23.521826,1.000000
0.201172,0.041016,-1.292969,0.000000,24.313637,1.000000
0.480469,0.042969,1.261719,0.000000,22.430380,1.000000
2.619141,-0.175781,1.037109,0.000000,29.344984,1.000000
2.701172,-0.089844,0.947266,0.000000,32.633995,1.000000
2.761719,-0.089844,0.894531,0.000000,31.936810,1.000000
4.306641,-0.000000,1.435547,0.000000,27.839035,1.000000
4.396484,-0.142578,1.281250,0.000000,31.470577,1.000000
4.490234,-0.000000,1.095703,0.000000,31.458178,1.000000
4.609375,-0.000000,0.703125,0.000000,29.777237,1.000000
4.658203,-0.000000,0.650391,0.000000,28.524799,1.000000
4.849609,-0.308594,0.935547,0.000000,30.681858,1.000000
4.921875,-0.779297,0.255859,0.000000,29.324738,1.000000
1.949219,-0.123047,-0.203125,-3.688012,19.731279,1.000000
0.037109,-0.035156,0.064453,0.000000,30.090258,1.000000
0.044922,-0.046875,0.103516,0.000000,29.003672,1.000000
1.175781,-0.449219,0.357422,0.000000,21.367207,1.000000
1.238281,-0.464844,0.267578,0.000000,19.637878,1.000000
4.660156,0.294922,0.576172,0.000000,28.450981,1.000000
0.011719,-0.039062,-0.007812,0.000000,30.678144,2.000000
0.027344,-0.076172,-0.009766,0.000000,31.875208,2.000000
0.029297,-0.119141,-0.005859,0.000000,30.086002,2.000000
0.056641,-0.154297,0.007812,0.000000,25.365585,2.000000
0.246094,0.039062,-1.244141,0.000000,23.521826,2.000000
0.205078,0.041016,-1.292969,0.000000,24.345690,2.000000
0.474609,0.042969,1.263672,0.000000,22.479733,2.000000
2.623047,-0.175781,1.027344,0.000000,29.474337,2.000000
2.699219,-0.089844,0.949219,0.000000,32.669369,2.000000
2.761719,-0.089844,0.894531,0.000000,31.936810,2.000000
4.318359,-0.000000,1.406250,0.000000,27.916906,2.000000
4.400391,-0.142578,1.267578,0.000000,31.510633,2.000000
4.494141,-0.000000,1.083984,0.000000,31.535099,2.000000
4.619141,-0.000000,0.642578,0.000000,30.318123,2.000000
4.669922,-0.000000,0.568359,0.000000,29.585638,2.000000
4.851562,-0.308594,0.931641,0.000000,30.595634,2.000000
4.941406,-0.623047,0.326172,0.000000,29.074114,2.000000
0.037109,-0.035156,0.064453,0.000000,30.090258,2.000000
0.044922,-0.046875,0.103516,0.000000,29.009130,2.000000
1.175781,-0.449219,0.359375,0.000000,21.398790,2.000000
1.234375,-0.464844,0.289062,0.000000,19.731279,2.000000
0.011719,-0.039062,-0.007812,0.000000,30.678144,3.000000
0.027344,-0.076172,-0.009766,0.000000,31.875208,3.000000
0.029297,-0.119141,-0.005859,0.000000,30.086002,3.000000
0.056641,-0.154297,0.007812,0.000000,25.365585,3.000000
0.244141,0.039062,-1.244141,0.000000,23.521826,3.000000
0.203125,0.041016,-1.292969,0.000000,24.361626,3.000000
0.476562,0.042969,1.261719,0.000000,22.479733,3.000000
2.615234,-0.175781,1.044922,0.000000,29.329807,3.000000
2.695312,-0.089844,0.964844,0.000000,32.576786,3.000000
2.751953,-0.089844,0.923828,0.000000,31.878027,3.000000
4.318359,-0.000000,1.404297,0.000000,27.930916,3.000000
4.400391,-0.142578,1.267578,0.000000,31.498346,3.000000
4.500000,-0.000000,1.058594,0.000000,31.559431,3.000000
4.628906,-0.000000,0.564453,0.000000,30.788193,3.000000
4.675781,0.146484,0.501953,0.000000,30.519239,3.000000
4.849609,-0.308594,0.937500,0.000000,30.802656,3.000000
4.921875,-0.779297,0.255859,0.000000,29.537598,3.000000
0.037109,-0.035156,0.064453,0.000000,30.086002,3.000000
0.044922,-0.046875,0.103516,0.000000,29.003672,3.000000
1.177734,-0.449219,0.353516,0.000000,21.430147,3.000000
1.230469,-0.464844,0.306641,0.000000,19.684830,3.000000
0.011719,-0.039062,-0.007812,0.000000,30.678144,4.000000
0.027344,-0.076172,-0.009766,0.000000,31.875208,4.000000
0.029297,-0.119141,-0.005859,0.000000,30.086002,4.000000
0.056641,-0.154297,0.007812,0.000000,25.365585,4.000000
0.240234,0.039062,-1.244141,0.000000,23.541084,4.000000
0.193359,0.041016,-1.294922,0.000000,24.377506,4.000000
0.453125,0.042969,1.271484,0.000000,22.528530,4.000000
2.623047,-0.175781,1.027344,0.000000,29.400181,4.000000
2.707031,-0.089844,0.929688,0.000000,32.676411,4.000000
2.775391,-0.089844,0.851562,0.000000,31.992065,4.000000
4.318359,-0.000000,1.402344,0.000000,27.817554,4.000000
4.400391,-0.142578,1.269531,0.000000,31.445742,4.000000
4.503906,-0.000000,1.042969,0.000000,31.583626,4.000000
4.626953,-0.000000,0.574219,0.000000,30.979511,4.000000
4.677734,-0.000000,0.503906,0.000000,30.413927,4.000000
4.853516,-0.308594,0.919922,0.000000,30.795429,4.000000
4.939453,-0.623047,0.339844,0.000000,29.304396,4.000000
0.037109,-0.035156,0.064453,0.000000,30.081741,4.000000
0.046875,-0.046875,0.103516,0.000000,29.003672,4.000000
1.179688,-0.449219,0.343750,0.000000,21.430147,4.000000
1.240234,-0.464844,0.259766,0.000000,19.731279,4.000000
0.011719,-0.039062,-0.007812,0.000000,30.685570,5.000000
0.027344,-0.076172,-0.009766,0.000000,31.875208,5.000000
0.029297,-0.119141,-0.005859,0.000000,30.086002,5.000000
0.056641,-0.154297,0.007812,0.000000,25.365585,5.000000
0.222656,0.039062,-1.248047,0.000000,23.483049,5.000000
0.169922,0.041016,-1.296875,0.000000,24.345690,5.000000
0.478516,0.042969,1.261719,0.000000,22.479733,5.000000
2.300781,0.072266,-0.367188,0.000000,27.250946,5.000000
2.619141,-0.175781,1.039062,0.000000,29.344984,5.000000
2.703125,-0.089844,0.939453,0.000000,32.641090,5.000000
2.769531,-0.089844,0.871094,0.000000,31.911715,5.000000
4.312500,-0.000000,1.419922,0.000000,27.874605,5.000000
4.402344,-0.142578,1.259766,0.000000,31.550322,5.000000
4.511719,-0.000000,1.003906,0.000000,31.838390,5.000000
4.628906,-0.000000,0.560547,0.000000,31.451963,5.000000
4.677734,-0.000000,0.492188,0.000000,30.842186,5.000000
4.851562,-0.308594,0.929688,0.000000,30.809870,5.000000
4.937500,-0.623047,0.363281,0.000000,29.595184,5.000000
1.833984,-0.000000,-0.167969,1.844006,21.038036,5.000000
1.875000,-0.058594,-0.154297,1.844006,23.765770,5.000000
1.921875,-0.000000,-0.050781,2.458675,22.764618,5.000000
0.037109,-0.035156,0.064453,0.000000,30.086002,5.000000
0.044922,-0.046875,0.103516,0.000000,29.003672,5.000000
1.179688,-0.449219,0.347656,0.000000,21.398790,5.000000
1.236328,-0.464844,0.277344,0.000000,19.777237,5.000000
0.011719,-0.039062,-0.007812,0.000000,30.674429,6.000000
0.027344,-0.076172,-0.009766,0.000000,31.872387,6.000000
0.029297,-0.119141,-0.005859,0.000000,30.086002,6.000000
0.056641,-0.154297,0.007812,0.000000,25.352942,6.000000
0.257812,0.039062,-1.240234,0.000000,23.521826,6.000000
0.214844,0.041016,-1.291016,0.000000,24.329693,6.000000
0.468750,0.042969,1.265625,0.000000,22.479733,6.000000
2.283203,0.072266,-0.166016,0.000000,27.331972,6.000000
2.326172,0.072266,-0.154297,0.000000,27.678976,6.000000
2.621094,-0.175781,1.033203,0.000000,29.405165,6.000000
2.701172,-0.089844,0.949219,0.000000,32.674065,6.000000
2.761719,-0.089844,0.896484,0.000000,31.958996,6.000000
4.310547,-0.000000,1.429688,0.000000,27.795965,6.000000
4.398438,-0.142578,1.273438,0.000000,31.439510,6.000000
4.509766,-0.000000,1.017578,0.000000,31.687920,6.000000
4.628906,-0.000000,0.566406,0.000000,31.417633,6.000000
4.677734,-0.000000,0.503906,0.000000,30.996807,6.000000
4.857422,-0.308594,0.902344,0.000000,30.913151,6.000000
4.937500,-0.623047,0.361328,0.000000,29.647308,6.000000
1.960938,-0.000000,-0.105469,2.458675,21.205740,6.000000
0.037109,-0.035156,0.064453,0.000000,30.086002,6.000000
0.044922,-0.046875,0.103516,0.000000,29.003672,6.000000
1.177734,-0.449219,0.353516,0.000000,21.461281,6.000000
1.234375,-0.464844,0.292969,0.000000,19.777237,6.000000
0.011719,-0.039062,-0.007812,0.000000,30.674429,7.000000
0.027344,-0.076172,-0.009766,0.000000,31.875208,7.000000
0.029297,-0.119141,-0.005859,0.000000,30.086002,7.000000
0.056641,-0.154297,0.007812,0.000000,25.352942,7.000000
0.253906,0.039062,-1.242188,0.000000,23.483049,7.000000
0.222656,0.041016,-1.289062,0.000000,24.313637,7.000000
0.441406,0.042969,1.275391,0.000000,22.479733,7.000000
2.623047,-0.175781,1.029297,0.000000,29.385197,7.000000
2.701172,-0.089844,0.945312,0.000000,32.588768,7.000000
2.757812,-0.089844,0.908203,0.000000,31.824146,7.000000
4.312500,-0.000000,1.421875,0.000000,27.902851,7.000000
4.400391,-0.142578,1.263672,0.000000,31.501421,7.000000
4.501953,-0.000000,1.046875,0.000000,31.652443,7.000000
4.619141,-0.000000,0.640625,0.000000,30.678144,7.000000
4.669922,0.146484,0.546875,0.000000,29.749720,7.000000
4.849609,-0.308594,0.937500,0.000000,30.773680,7.000000
4.923828,-0.779297,0.251953,0.000000,29.222063,7.000000
0.037109,-0.035156,0.064453,0.000000,30.086002,7.000000
0.044922,-0.046875,0.103516,0.000000,29.003672,7.000000
1.177734,-0.449219,0.349609,0.000000,21.398790,7.000000
1.236328,-0.464844,0.283203,0.000000,19.684830,7.000000
0.011719,-0.039062,-0.007812,0.000000,30.674429,8.000000
0.027344,-0.076172,-0.009766,0.000000,31.872387,8.000000
0.029297,-0.119141,-0.005859,0.000000,30.086002,8.000000
0.056641,-0.154297,0.007812,0.000000,25.365585,8.000000
0.265625,0.039062,-1.240234,0.000000,23.560259,8.000000
0.195312,0.041016,-1.292969,0.000000,24.361626,8.000000
0.482422,0.042969,1.259766,0.000000,22.455126,8.000000
2.205078,0.068359,0.115234,0.000000,26.570559,8.000000
2.248047,0.070312,-0.023438,0.000000,27.902851,8.000000
2.285156,0.072266,-0.150391,0.000000,28.318697,8.000000
2.626953,-0.175781,1.015625,0.000000,29.334873,8.000000
2.707031,-0.089844,0.927734,0.000000,32.595940,8.000000
2.771484,-0.089844,0.863281,0.000000,31.852587,8.000000
4.312500,-0.000000,1.423828,0.000000,27.810369,8.000000
4.398438,-0.142578,1.273438,0.000000,31.473671,8.000000
4.486328,-0.144531,1.103516,0.000000,31.547281,8.000000
4.601562,-0.000000,0.753906,0.000000,29.881128,8.000000
4.855469,-0.308594,0.910156,0.000000,30.831442,8.000000
4.937500,-0.623047,0.369141,0.000000,29.637878,8.000000
2.312500,0.072266,-0.291016,-0.614669,26.551384,8.000000
0.037109,-0.035156,0.064453,0.000000,30.081741,8.000000
0.044922,-0.046875,0.103516,0.000000,29.003672,8.000000
1.181641,-0.449219,0.339844,0.000000,21.398790,8.000000
1.244141,-0.464844,0.246094,0.000000,19.590414,8.000000
0.011719,-0.039062,-0.007812,0.000000,30.670708,9.000000
0.027344,-0.076172,-0.009766,0.000000,31.872387,9.000000
0.029297,-0.119141,-0.005859,0.000000,30.081741,9.000000
0.056641,-0.154297,0.007812,0.000000,25.352942,9.000000
0.216797,0.039062,-1.248047,0.000000,23.521826,9.000000
0.171875,0.041016,-1.296875,0.000000,24.345690,9.000000
0.470703,0.042969,1.263672,0.000000,22.479733,9.000000
2.244141,0.140625,-0.041016,0.000000,26.599161,9.000000
2.603516,-0.175781,1.074219,0.000000,29.304396,9.000000
2.687500,-0.089844,0.982422,0.000000,32.562366,9.000000
2.748047,-0.089844,0.935547,0.000000,31.821293,9.000000
4.322266,-0.000000,1.392578,0.000000,27.881683,9.000000
4.402344,-0.142578,1.263672,0.000000,31.473671,9.000000
4.488281,-0.000000,1.107422,0.000000,31.464382,9.000000
4.597656,-0.000000,0.785156,0.000000,29.508514,9.000000
4.855469,-0.308594,0.914062,0.000000,30.748165,9.000000
4.937500,-0.623047,0.359375,0.000000,29.425041,9.000000
0.037109,-0.035156,0.064453,0.000000,30.081741,9.000000
0.044922,-0.046875,0.103516,0.000000,28.998205,9.000000
1.179688,-0.449219,0.345703,0.000000,21.398790,9.000000
1.240234,-0.464844,0.263672,0.000000,19.731279,9.000000
0.011719,-0.039062,-0.007812,0.000000,30.670708,10.000000
0.027344,-0.076172,-0.009766,0.000000,31.872387,10.000000
0.029297,-0.119141,-0.005859,0.000000,30.081741,10.000000
0.056641,-0.154297,0.007812,0.000000,25.365585,10.000000
0.230469,0.039062,-1.246094,0.000000,23.521826,10.000000
0.199219,0.041016,-1.292969,0.000000,24.345690,10.000000
0.453125,0.042969,1.271484,0.000000,22.504200,10.000000
2.626953,-0.175781,1.019531,0.000000,29.314579,10.000000
2.705078,-0.089844,0.937500,0.000000,32.588768,10.000000
2.765625,-0.089844,0.884766,0.000000,31.897709,10.000000
4.322266,-0.000000,1.390625,0.000000,27.888752,10.000000
4.400391,-0.142578,1.267578,0.000000,31.455072,10.000000
4.478516,-0.000000,1.144531,0.000000,31.328999,10.000000
4.853516,-0.308594,0.917969,0.000000,30.791813,10.000000
4.921875,-0.779297,0.287109,0.000000,29.410143,10.000000
2.218750,0.210938,-0.310547,-0.614669,28.188854,10.000000
2.259766,0.214844,-0.314453,-0.614669,27.566360,10.000000
0.037109,-0.035156,0.064453,0.000000,30.086002,10.000000
0.046875,-0.046875,0.103516,0.000000,29.003672,10.000000
1.177734,-0.449219,0.349609,0.000000,21.398790,10.000000
1.234375,-0.464844,0.287109,0.000000,19.684830,10.000000
0.011719,-0.039062,-0.007812,0.000000,30.678144,11.000000
0.027344,-0.076172,-0.009766,0.000000,31.872387,11.000000
0.029297,-0.119141,-0.005859,0.000000,30.081741,11.000000
0.056641,-0.154297,0.007812,0.000000,25.365585,11.000000
0.240234,0.039062,-1.244141,0.000000,23.541084,11.000000
0.185547,0.041016,-1.294922,0.000000,24.361626,11.000000
0.478516,0.042969,1.261719,0.000000,22.479733,11.000000
2.613281,-0.175781,1.050781,0.000000,29.289078,11.000000
2.697266,-0.089844,0.957031,0.000000,32.588768,11.000000
2.751953,-0.089844,0.923828,0.000000,31.838390,11.000000
4.318359,-0.000000,1.402344,0.000000,27.881683,11.000000
4.398438,-0.142578,1.275391,0.000000,31.473671,11.000000
4.476562,-0.000000,1.150391,0.000000,31.328999,11.000000
4.853516,-0.308594,0.917969,0.000000,30.733517,11.000000
4.939453,-0.623047,0.357422,0.000000,29.324738,11.000000
0.037109,-0.035156,0.064453,0.000000,30.086002,11.000000
0.044922,-0.046875,0.103516,0.000000,29.003672,11.000000
1.177734,-0.449219,0.351562,0.000000,21.398790,11.000000
1.234375,-0.464844,0.285156,0.000000,19.684830,11.000000
0.011719,-0.039062,-0.007812,0.000000,30.670708,12.000000
0.027344,-0.076172,-0.009766,0.000000,31.875208,12.000000
