4.398438,-0.142578,1.273438,0.000000,31.132748,0.000000
4.431641,-0.144531,1.306641,0.000000,31.014034,0.000000
4.816406,-1.248047,-0.376953,0.000000,29.585638,0.000000
4.849609,-1.257812,-0.468750,0.000000,29.585638,0.000000
1.654297,-0.158203,0.232422,0.614669,26.053051,0.000000
1.699219,-0.107422,0.226562,0.614669,26.893089,0.000000
1.646484,0.384766,0.482422,0.614669,25.185139,0.000000
1.703125,0.449219,0.369141,0.614669,25.237465,0.000000
0.041016,-0.033203,0.062500,0.000000,30.094509,0.000000
0.044922,-0.046875,0.103516,0.000000,29.009130,0.000000
1.517578,0.628906,0.339844,0.614669,23.159704,0.000000
0.011719,-0.039062,-0.007812,0.000000,30.648323,1.000000
0.017578,-0.080078,-0.007812,0.000000,31.897709,1.000000
0.029297,-0.119141,-0.005859,0.000000,30.111473,1.000000
0.056641,-0.154297,0.005859,0.000000,25.440680,1.000000
0.169922,-0.080078,1.253906,0.000000,23.138672,1.000000
0.080078,-0.082031,1.304688,0.000000,24.653828,1.000000
0.390625,-0.083984,-1.289062,0.000000,23.117538,1.000000
0.531250,-0.042969,-1.285156,0.000000,21.760912,1.000000
1.468750,0.046875,0.091797,0.000000,25.809250,1.000000
1.509766,0.093750,-0.033203,0.000000,29.143431,1.000000
1.550781,0.097656,0.007812,0.000000,29.484129,1.000000
2.652344,-0.179688,1.066406,0.000000,31.702618,1.000000
2.744141,-0.089844,0.945312,0.000000,30.588055,1.000000
4.367188,-0.287109,1.353516,0.000000,30.549959,1.000000
4.400391,-0.144531,1.408203,0.000000,30.293839,1.000000
0.041016,-0.033203,0.062500,0.000000,30.090258,1.000000
0.044922,-0.046875,0.103516,0.000000,29.009130,1.000000
0.011719,-0.039062,-0.007812,0.000000,30.633333,2.000000
0.017578,-0.080078,-0.007812,0.000000,31.894903,2.000000
0.029297,-0.119141,-0.005859,0.000000,30.111473,2.000000
0.056641,-0.154297,0.005859,0.000000,25.440680,2.000000
0.171875,-0.080078,1.253906,0.000000,23.138672,2.000000
0.111328,-0.082031,1.300781,0.000000,24.653828,2.000000
0.398438,-0.083984,-1.287109,0.000000,23.159704,2.000000
0.562500,-0.042969,-1.271484,0.000000,21.818436,2.000000
1.468750,0.046875,-0.083984,0.000000,27.489628,2.000000
1.513672,0.046875,-0.017578,0.000000,31.414497,2.000000
1.552734,0.048828,0.007812,0.000000,31.332195,2.000000
1.595703,-0.000000,-0.042969,0.000000,29.116901,2.000000
1.660156,-0.160156,0.410156,0.000000,26.963564,2.000000
1.720703,-0.164062,0.326172,0.000000,26.928469,2.000000
2.619141,-0.175781,1.035156,0.000000,29.063351,2.000000
2.689453,-0.089844,0.978516,0.000000,32.079037,2.000000
2.750000,-0.089844,0.929688,0.000000,30.835026,2.000000
4.361328,-0.142578,1.392578,0.000000,30.342272,2.000000
4.408203,-0.144531,1.384766,0.000000,30.047512,2.000000
0.041016,-0.033203,0.062500,0.000000,30.086002,2.000000
0.044922,-0.046875,0.103516,0.000000,29.003672,2.000000
0.011719,-0.039062,-0.007812,0.000000,30.633333,3.000000
0.017578,-0.080078,-0.007812,0.000000,31.892096,3.000000
0.029297,-0.119141,-0.005859,0.000000,30.111473,3.000000
0.056641,-0.154297,0.005859,0.000000,25.453072,3.000000
0.167969,-0.080078,1.253906,0.000000,23.138672,3.000000
0.074219,-0.082031,1.304688,0.000000,24.653828,3.000000
0.376953,-0.083984,-1.292969,0.000000,23.117538,3.000000
0.542969,-0.042969,-1.279297,0.000000,21.760912,3.000000
1.468750,0.046875,-0.109375,0.000000,27.126497,3.000000
1.509766,0.046875,-0.095703,0.000000,30.580462,3.000000
1.548828,-0.000000,-0.132812,0.000000,30.755470,3.000000
1.566406,-0.050781,-0.298828,0.000000,27.450748,3.000000
2.689453,-0.089844,0.982422,0.000000,32.119209,3.000000
2.751953,-0.089844,0.927734,0.000000,31.089031,3.000000
4.425781,-0.142578,1.179688,0.000000,30.884905,3.000000
4.451172,-0.144531,1.236328,0.000000,30.421816,3.000000
0.041016,-0.033203,0.062500,0.000000,30.081741,3.000000
0.046875,-0.046875,0.103516,0.000000,29.003672,3.000000
0.011719,-0.039062,-0.007812,0.000000,30.637085,4.000000
0.017578,-0.080078,-0.007812,0.000000,31.897709,4.000000
0.029297,-0.119141,-0.005859,0.000000,30.111473,4.000000
0.056641,-0.154297,0.005859,0.000000,25.440680,4.000000
0.162109,-0.080078,1.255859,0.000000,23.138672,4.000000
0.083984,-0.082031,1.304688,0.000000,24.638929,4.000000
0.388672,-0.083984,-1.289062,0.000000,23.117538,4.000000
0.544922,-0.042969,-1.279297,0.000000,21.731863,4.000000
1.498047,0.046875,-0.205078,0.000000,28.369568,4.000000
1.542969,0.048828,-0.189453,0.000000,29.513374,4.000000
1.585938,0.050781,-0.166016,0.000000,27.664129,4.000000
2.617188,-0.175781,1.041016,0.000000,28.932068,4.000000
2.662109,-0.179688,1.037109,0.000000,32.108532,4.000000
2.759766,-0.089844,0.898438,0.000000,31.072100,4.000000
4.398438,-0.142578,1.119141,0.000000,27.986506,4.000000
4.410156,-0.287109,1.208984,0.000000,31.300119,4.000000
4.462891,-0.144531,1.199219,0.000000,30.863598,4.000000
1.681641,-0.439453,0.273438,0.614669,27.788744,4.000000
1.714844,-0.449219,0.312500,0.614669,27.007038,4.000000
0.041016,-0.033203,0.062500,0.000000,30.090258,4.000000
0.044922,-0.046875,0.103516,0.000000,29.009130,4.000000
0.011719,-0.039062,-0.007812,0.000000,30.637085,5.000000
0.017578,-0.080078,-0.007812,0.000000,31.894903,5.000000
0.029297,-0.119141,-0.005859,0.000000,30.107239,5.000000
0.056641,-0.154297,0.005859,0.000000,25.440680,5.000000
0.105469,-0.080078,1.261719,0.000000,23.096302,5.000000
0.445312,-0.083984,-1.271484,0.000000,23.074961,5.000000
0.582031,-0.042969,-1.261719,0.000000,21.673174,5.000000
1.710938,-0.384766,0.146484,0.000000,27.745171,5.000000
1.744141,-0.394531,0.207031,0.000000,28.401060,5.000000
2.625000,-0.175781,1.023438,0.000000,28.965261,5.000000
2.660156,-0.179688,1.042969,0.000000,31.950689,5.000000
2.753906,-0.089844,0.916016,0.000000,30.874264,5.000000
4.390625,-0.142578,1.302734,0.000000,30.187004,5.000000
4.419922,-0.144531,1.345703,0.000000,29.745117,5.000000
4.900391,-0.308594,0.621094,0.000000,29.599949,5.000000
4.927734,-0.779297,-0.140625,0.000000,28.970770,5.000000
1.498047,0.093750,-0.191406,0.614669,28.656961,5.000000
1.542969,0.097656,-0.167969,0.614669,30.293839,5.000000
1.587891,0.099609,-0.123047,0.614669,28.109043,5.000000
0.041016,-0.033203,0.062500,0.000000,30.090258,5.000000
0.044922,-0.046875,0.103516,0.000000,29.003672,5.000000
0.011719,-0.039062,-0.007812,0.000000,30.633333,6.000000
0.017578,-0.080078,-0.007812,0.000000,31.897709,6.000000
0.029297,-0.119141,-0.005859,0.000000,30.115704,6.000000
0.056641,-0.154297,0.007812,0.000000,25.453072,6.000000
0.156250,-0.080078,1.255859,0.000000,23.117538,6.000000
0.402344,-0.083984,-1.285156,0.000000,23.117538,6.000000
0.556641,-0.042969,-1.273438,0.000000,21.731863,6.000000
2.625000,-0.175781,1.021484,0.000000,29.127533,6.000000
2.666016,-0.179688,1.029297,0.000000,32.294258,6.000000
2.753906,-0.089844,0.917969,0.000000,31.228710,6.000000
4.384766,-0.287109,1.298828,0.000000,29.735897,6.000000
4.441406,-0.144531,1.273438,0.000000,29.355072,6.000000
1.492188,0.046875,-0.248047,0.614669,25.987906,6.000000
1.539062,0.048828,-0.216797,0.614669,29.370161,6.000000
1.583984,0.050781,-0.189453,0.614669,28.847954,6.000000
1.724609,0.394531,0.335938,-0.614669,26.665180,6.000000
1.736328,0.460938,0.398438,-0.614669,25.340261,6.000000
0.041016,-0.033203,0.062500,0.000000,30.090258,6.000000
0.046875,-0.046875,0.103516,0.000000,29.003672,6.000000
0.011719,-0.039062,-0.007812,0.000000,30.633333,7.000000
0.017578,-0.080078,-0.007812,0.000000,31.894903,7.000000
0.029297,-0.119141,-0.005859,0.000000,30.107239,7.000000
0.056641,-0.154297,0.007812,0.000000,25.440680,7.000000
0.138672,-0.080078,1.257812,0.000000,23.159704,7.000000
0.423828,-0.083984,-1.279297,0.000000,23.096302,7.000000
0.564453,-0.042969,-1.269531,0.000000,21.702618,7.000000
2.623047,-0.175781,1.029297,0.000000,28.762178,7.000000
2.660156,-0.179688,1.046875,0.000000,32.052044,7.000000
2.751953,-0.089844,0.921875,0.000000,31.119343,7.000000
4.886719,-0.464844,0.632812,0.000000,30.457140,7.000000
4.951172,-0.623047,-0.062500,0.000000,29.666109,7.000000
1.523438,0.146484,-0.267578,0.614669,27.242758,7.000000
1.574219,0.150391,-0.208984,0.614669,28.260748,7.000000
0.041016,-0.033203,0.062500,0.000000,30.090258,7.000000
0.044922,-0.046875,0.103516,0.000000,29.009130,7.000000
4.900391,-0.935547,-0.087891,0.000000,29.647308,7.000000
0.011719,-0.039062,-0.007812,0.000000,30.637085,8.000000
0.017578,-0.080078,-0.007812,0.000000,31.894903,8.000000
0.029297,-0.119141,-0.005859,0.000000,30.111473,8.000000
0.056641,-0.154297,0.005859,0.000000,25.440680,8.000000
0.121094,-0.080078,1.259766,0.000000,23.138672,8.000000
0.425781,-0.083984,-1.277344,0.000000,23.074961,8.000000
0.582031,-0.042969,-1.261719,0.000000,21.731863,8.000000
1.494141,0.046875,-0.232422,0.000000,24.885508,8.000000
1.537109,0.048828,-0.224609,0.000000,31.392492,8.000000
1.574219,0.050781,-0.257812,0.000000,33.240765,8.000000
1.601562,0.050781,-0.330078,0.000000,31.332195,8.000000
1.671875,0.105469,-0.097656,0.000000,27.520485,8.000000
2.628906,-0.175781,1.011719,0.000000,29.127533,8.000000
2.664062,-0.179688,1.035156,0.000000,32.161659,8.000000
2.753906,-0.089844,0.916016,0.000000,31.078880,8.000000
0.041016,-0.033203,0.062500,0.000000,30.086002,8.000000
0.044922,-0.046875,0.103516,0.000000,28.998205,8.000000
0.386719,0.945312,-1.117188,0.000000,22.095150,8.000000
0.011719,-0.039062,-0.007812,0.000000,30.633333,9.000000
0.017578,-0.080078,-0.007812,0.000000,31.894903,9.000000
0.029297,-0.119141,-0.005859,0.000000,30.111473,9.000000
0.056641,-0.154297,0.005859,0.000000,25.440680,9.000000
0.134766,-0.080078,1.257812,0.000000,23.138672,9.000000
0.398438,-0.083984,-1.287109,0.000000,23.138672,9.000000
0.578125,-0.042969,-1.263672,0.000000,21.760912,9.000000
1.529297,0.048828,-0.273438,0.000000,31.386185,9.000000
1.572266,0.050781,-0.265625,0.000000,33.850697,9.000000
1.613281,0.050781,-0.267578,0.000000,32.586372,9.000000
1.654297,-0.000000,-0.273438,0.000000,27.715876,9.000000
2.619141,-0.175781,1.035156,0.000000,29.020029,9.000000
2.664062,-0.179688,1.033203,0.000000,32.129864,9.000000
2.759766,-0.089844,0.898438,0.000000,31.115986,9.000000
0.041016,-0.033203,0.062500,0.000000,30.086002,9.000000
0.044922,-0.046875,0.103516,0.000000,29.003672,9.000000
0.011719,-0.039062,-0.007812,0.000000,30.633333,10.000000
0.017578,-0.080078,-0.007812,0.000000,31.897709,10.000000
0.029297,-0.119141,-0.005859,0.000000,30.115704,10.000000
0.056641,-0.154297,0.007812,0.000000,25.453072,10.000000
0.095703,-0.080078,1.261719,0.000000,23.159704,10.000000
0.433594,-0.083984,-1.275391,0.000000,23.096302,10.000000
0.568359,-0.042969,-1.267578,0.000000,21.673174,10.000000
1.529297,0.146484,-0.242188,0.000000,26.627579,10.000000
1.576172,0.099609,-0.228516,0.000000,29.289078,10.000000
1.625000,0.101562,-0.160156,0.000000,28.680563,10.000000
2.619141,-0.175781,1.035156,0.000000,28.965261,10.000000
2.656250,-0.179688,1.054688,0.000000,32.132519,10.000000
2.750000,-0.089844,0.931641,0.000000,31.212315,10.000000
4.759766,-0.300781,-0.740234,0.000000,29.633156,10.000000
4.898438,-0.308594,0.642578,0.000000,30.437551,10.000000
4.968750,-0.468750,0.037109,0.000000,29.513374,10.000000
1.658203,0.052734,0.242188,0.614669,28.014036,10.000000
1.693359,-0.000000,0.289062,0.614669,26.693169,10.000000
1.732422,-0.054688,0.292969,-0.614669,26.434526,10.000000
1.755859,-0.113281,0.382812,-0.614669,26.693169,10.000000
0.041016,-0.033203,0.062500,0.000000,30.094509,10.000000
0.044922,-0.046875,0.103516,0.000000,29.014584,10.000000
0.011719,-0.039062,-0.007812,0.000000,30.637085,11.000000
0.017578,-0.080078,-0.007812,0.000000,31.897709,11.000000
0.029297,-0.119141,-0.005859,0.000000,30.115704,11.000000
0.056641,-0.154297,0.005859,0.000000,25.453072,11.000000
0.142578,-0.080078,1.257812,0.000000,23.159704,11.000000
0.425781,-0.083984,-1.277344,0.000000,23.138672,11.000000
0.570312,-0.042969,-1.267578,0.000000,21.702618,11.000000
1.541016,0.048828,-0.203125,0.000000,30.417873,11.000000
1.583984,0.050781,-0.177734,0.000000,32.153732,11.000000
1.626953,0.050781,-0.160156,0.000000,29.969492,11.000000
2.619141,-0.175781,1.037109,0.000000,29.232441,11.000000
2.658203,-0.179688,1.048828,0.000000,32.224564,11.000000
2.755859,-0.089844,0.912109,0.000000,31.235250,11.000000
4.417969,-0.142578,1.041016,0.000000,27.860413,11.000000
4.423828,-0.142578,1.183594,0.000000,31.215599,11.000000
4.470703,-0.144531,1.167969,0.000000,30.511526,11.000000
4.769531,-0.453125,-0.583984,0.000000,29.965117,11.000000
1.693359,0.394531,0.462891,0.614669,26.127838,11.000000
0.041016,-0.033203,0.062500,0.000000,30.086002,11.000000
0.044922,-0.046875,0.103516,0.000000,29.003672,11.000000
1.744141,-0.281250,-0.341797,0.614669,24.828735,11.000000
0.011719,-0.039062,-0.007812,0.000000,30.640835,12.000000
0.017578,-0.080078,-0.007812,0.000000,31.900515,12.000000
0.029297,-0.119141,-0.005859,0.000000,30.115704,12.000000
0.056641,-0.154297,0.005859,0.000000,25.440680,12.000000
0.136719,-0.080078,1.257812,0.000000,23.117538,12.000000
0.093750,-0.082031,1.302734,0.000000,24.623980,12.000000
0.402344,-0.083984,-1.285156,0.000000,23.074961,12.000000
0.556641,-0.042969,-1.273438,0.000000,21.643528,12.000000
1.542969,0.097656,-0.167969,0.000000,28.401060,12.000000
1.587891,-0.000000,-0.144531,0.000000,30.034605,12.000000
1.626953,-0.000000,-0.166016,0.000000,29.079485,12.000000
1.623047,-0.000000,-0.421875,0.000000,26.532125,12.000000
2.611328,-0.175781,1.056641,0.000000,28.987251,12.000000
2.658203,-0.179688,1.048828,0.000000,32.151085,12.000000
2.753906,-0.089844,0.916016,0.000000,31.152777,12.000000
4.380859,-0.283203,1.160156,0.000000,28.155777,12.000000
4.412109,-0.142578,1.224609,0.000000,31.510633,12.000000
4.453125,-0.144531,1.228516,0.000000,31.142773,12.000000
4.886719,-0.308594,0.726562,0.000000,30.689276,12.000000
4.951172,-0.623047,0.107422,0.000000,29.754318,12.000000
0.041016,-0.033203,0.062500,0.000000,30.094509,12.000000
0.044922,-0.046875,0.103516,0.000000,29.003672,12.000000
0.011719,-0.039062,-0.007812,0.000000,30.640835,13.000000
0.017578,-0.080078,-0.007812,0.000000,31.897709,13.000000
0.029297,-0.119141,-0.005859,0.000000,30.115704,13.000000
0.056641,-0.154297,0.005859,0.000000,25.453072,13.000000
0.132812,-0.080078,1.257812,0.000000,23.138672,13.000000
0.394531,-0.083984,-1.287109,0.000000,23.096302,13.000000
0.542969,-0.042969,-1.279297,0.000000,21.673174,13.000000
1.539062,0.048828,-0.210938,0.000000,27.435097,13.000000
1.576172,0.050781,-0.240234,0.000000,28.331470,13.000000
2.621094,-0.175781,1.033203,0.000000,29.180304,13.000000
2.660156,-0.179688,1.042969,0.000000,32.289135,13.000000
2.751953,-0.089844,0.921875,0.000000,31.322598,13.000000
4.394531,-0.142578,1.287109,0.000000,30.330214,13.000000
4.429688,-0.144531,1.310547,0.000000,29.717396,13.000000
4.910156,-0.308594,0.541016,0.000000,29.684830,13.000000
0.041016,-0.033203,0.062500,0.000000,30.090258,13.000000
0.044922,-0.046875,0.103516,0.000000,29.003672,13.000000
0.240234,0.679688,1.376953,0.000000,25.575071,13.000000
0.382812,-0.667969,-2.244141,-1.229337,21.105898,13.000000
0.011719,-0.039062,-0.007812,0.000000,30.633333,14.000000
0.017578,-0.080078,-0.007812,0.000000,31.892096,14.000000
0.029297,-0.119141,-0.003906,0.000000,30.107239,14.000000
0.056641,-0.154297,0.005859,0.000000,25.428255,14.000000
0.162109,-0.080078,1.255859,0.000000,23.117538,14.000000
0.109375,-0.082031,1.302734,0.000000,24.638929,14.000000
0.398438,-0.083984,-1.287109,0.000000,23.096302,14.000000
0.531250,-0.042969,-1.285156,0.000000,21.731863,14.000000
1.701172,-0.164062,0.417969,0.000000,26.637009,14.000000
2.609375,-0.175781,1.060547,0.000000,29.020029,14.000000
2.662109,-0.179688,1.041016,0.000000,32.229763,14.000000
2.759766,-0.089844,0.902344,0.000000,31.360861,14.000000
4.421875,-0.283203,0.994141,0.000000,27.788744,14.000000
4.441406,-0.142578,1.117188,0.000000,31.085649,14.000000
4.468750,-0.144531,1.173828,0.000000,30.603201,14.000000
0.041016,-0.033203,0.062500,0.000000,30.081741,14.000000
0.046875,-0.046875,0.103516,0.000000,28.998205,14.000000
0.011719,-0.039062,-0.007812,0.000000,30.633333,15.000000
0.017578,-0.080078,-0.007812,0.000000,31.894903,15.000000
0.029297,-0.119141,-0.005859,0.000000,30.107239,15.000000
0.056641,-0.154297,0.005859,0.000000,25.440680,15.000000
0.123047,-0.080078,1.259766,0.000000,23.138672,15.000000
0.402344,-0.083984,-1.285156,0.000000,23.096302,15.000000
0.537109,-0.042969,-1.281250,0.000000,21.702618,15.000000
1.707031,-0.052734,0.193359,0.000000,28.007172,15.000000
1.750000,-0.109375,0.146484,0.000000,27.535831,15.000000
2.619141,-0.175781,1.035156,0.000000,29.106243,15.000000
2.693359,-0.089844,0.964844,0.000000,32.208923,15.000000
2.757812,-0.089844,0.906250,0.000000,31.235250,15.000000
4.388672,-0.142578,1.306641,0.000000,31.373541,15.000000
4.439453,-0.144531,1.281250,0.000000,30.799046,15.000000
0.041016,-0.033203,0.062500,0.000000,30.081741,15.000000
0.044922,-0.046875,0.103516,0.000000,29.003672,15.000000
0.011719,-0.039062,-0.007812,0.000000,30.637085,16.000000
0.017578,-0.080078,-0.007812,0.000000,31.900515,16.000000
0.029297,-0.119141,-0.005859,0.000000,30.111473,16.000000
0.056641,-0.154297,0.007812,0.000000,25.440680,16.000000
0.169922,-0.080078,1.253906,0.000000,23.138672,16.000000
0.111328,-0.082031,1.300781,0.000000,24.668676,16.000000
0.396484,-0.083984,-1.287109,0.000000,23.117538,16.000000
0.537109,-0.042969,-1.281250,0.000000,21.731863,16.000000
2.652344,-0.179688,1.062500,0.000000,32.013969,16.000000
2.751953,-0.089844,0.925781,0.000000,31.146111,16.000000
4.404297,-0.142578,1.255859,0.000000,30.751818,16.000000
4.435547,-0.144531,1.294922,0.000000,30.094509,16.000000
0.041016,-0.033203,0.062500,0.000000,30.086002,16.000000
0.044922,-0.046875,0.103516,0.000000,28.998205,16.000000
0.011719,-0.039062,-0.007812,0.000000,30.640835,17.000000
0.017578,-0.080078,-0.007812,0.000000,31.900515,17.000000
0.029297,-0.119141,-0.003906,0.000000,30.115704,17.000000
0.056641,-0.154297,0.007812,0.000000,25.453072,17.000000
0.123047,-0.080078,1.259766,0.000000,23.096302,17.000000
0.064453,-0.082031,-1.304688,0.000000,24.623980,17.000000
0.443359,-0.083984,-1.271484,0.000000,23.096302,17.000000
1.589844,0.050781,-0.113281,0.000000,29.355072,17.000000
2.656250,-0.179688,1.052734,0.000000,32.079037,17.000000
2.750000,-0.089844,0.927734,0.000000,31.228710,17.000000
4.406250,-0.142578,1.248047,0.000000,30.625820,17.000000
4.439453,-0.144531,1.279297,0.000000,30.322157,17.000000
4.855469,1.597656,-0.136719,0.000000,29.063351,17.000000
0.041016,-0.033203,0.062500,0.000000,30.090258,17.000000
0.044922,-0.046875,0.103516,0.000000,29.003672,17.000000
0.011719,-0.039062,-0.007812,0.000000,30.633333,18.000000
0.017578,-0.080078,-0.007812,0.000000,31.897709,18.000000
0.029297,-0.119141,-0.005859,0.000000,30.111473,18.000000
0.056641,-0.154297,0.005859,0.000000,25.440680,18.000000
0.148438,-0.080078,1.257812,0.000000,23.096302,18.000000
0.402344,-0.083984,-1.285156,0.000000,23.117538,18.000000
1.587891,0.050781,-0.140625,0.000000,29.804579,18.000000
1.628906,0.050781,-0.142578,0.000000,32.035767,18.000000
1.669922,0.052734,-0.138672,0.000000,30.965624,18.000000
1.710938,0.107422,0.101562,0.000000,29.180304,18.000000
1.732422,0.109375,0.285156,0.000000,28.095596,18.000000
2.621094,-0.175781,1.033203,0.000000,28.926510,18.000000
2.695312,-0.089844,0.962891,0.000000,32.240147,18.000000
2.755859,-0.089844,0.910156,0.000000,31.280760,18.000000
4.408203,-0.142578,1.240234,0.000000,31.248301,18.000000
4.439453,-0.144531,1.281250,0.000000,30.867157,18.000000
4.789062,-0.300781,-0.513672,0.000000,29.425041,18.000000
0.041016,-0.033203,0.062500,0.000000,30.090258,18.000000
0.044922,-0.046875,0.103516,0.000000,29.003672,18.000000
0.011719,-0.039062,-0.007812,0.000000,30.640835,19.000000
0.017578,-0.080078,-0.007812,0.000000,31.897709,19.000000
0.029297,-0.119141,-0.005859,0.000000,30.115704,19.000000
0.056641,-0.154297,0.005859,0.000000,25.453072,19.000000
0.097656,-0.080078,1.261719,0.000000,23.074961,19.000000
0.423828,-0.083984,-1.279297,0.000000,23.117538,19.000000
1.634766,0.050781,0.033203,0.000000,30.464952,19.000000
1.667969,0.105469,0.150391,0.000000,30.038912,19.000000
1.679688,0.107422,0.341797,0.000000,27.234556,19.000000
2.625000,-0.175781,1.023438,0.000000,29.111576,19.000000
2.664062,-0.179688,1.035156,0.000000,32.263420,19.000000
2.751953,-0.089844,0.923828,0.000000,31.205740,19.000000
4.394531,-0.142578,1.132812,0.000000,28.337843,19.000000
4.408203,-0.142578,1.244141,0.000000,31.595673,19.000000
4.439453,-0.144531,1.279297,0.000000,31.228710,19.000000
4.748047,-0.300781,-0.814453,0.000000,29.580858,19.000000
4.843750,-0.308594,0.974609,0.000000,29.969492,19.000000
1.591797,0.099609,-0.058594,0.614669,27.355989,19.000000
0.041016,-0.033203,0.062500,0.000000,30.090258,19.000000
0.044922,-0.046875,0.103516,0.000000,29.003672,19.000000
0.011719,-0.039062,-0.007812,0.000000,30.633333,20.000000
0.017578,-0.080078,-0.007812,0.000000,31.894903,20.000000
0.029297,-0.119141,-0.005859,0.000000,30.111473,20.000000
0.056641,-0.154297,0.005859,0.000000,25.440680,20.000000
0.042969,-0.080078,1.265625,0.000000,23.096302,20.000000
0.414062,-0.083984,-1.281250,0.000000,23.138672,20.000000
0.562500,-0.042969,-1.271484,0.000000,21.789770,20.000000
1.611328,-0.000000,-0.279297,0.000000,29.633156,20.000000
1.652344,0.052734,-0.279297,0.000000,29.876663,20.000000
1.673828,0.107422,-0.369141,0.000000,28.363241,20.000000
2.613281,-0.175781,1.052734,0.000000,28.932068,20.000000
2.660156,-0.179688,1.044922,0.000000,32.108532,20.000000
2.755859,-0.089844,0.914062,0.000000,31.199154,20.000000
4.400391,-0.142578,1.111328,0.000000,28.733206,20.000000
4.416016,-0.142578,1.212891,0.000000,31.947918,20.000000
4.451172,-0.144531,1.236328,0.000000,31.498346,20.000000
4.884766,-0.308594,0.732422,0.000000,31.132748,20.000000
1.714844,0.164062,-0.353516,0.614669,24.756712,20.000000
1.863281,0.552734,-0.277344,-1.844006,20.293839,20.000000
1.904297,0.564453,-0.273438,-1.844006,21.789770,20.000000
0.041016,-0.033203,0.062500,0.000000,30.090258,20.000000
0.044922,-0.046875,0.103516,0.000000,29.009130,20.000000
0.011719,-0.039062,-0.007812,0.000000,30.633333,21.000000
0.017578,-0.080078,-0.007812,0.000000,31.894903,21.000000
0.029297,-0.119141,-0.005859,0.000000,30.111473,21.000000
0.056641,-0.154297,0.007812,0.000000,25.440680,21.000000
0.136719,-0.080078,1.257812,0.000000,23.138672,21.000000
0.419922,-0.083984,-1.279297,0.000000,23.074961,21.000000
0.560547,-0.042969,-1.271484,0.000000,21.702618,21.000000
1.623047,0.050781,-0.195312,0.000000,29.712759,21.000000
1.669922,0.052734,-0.140625,0.000000,30.047512,21.000000
1.714844,0.107422,0.009766,0.000000,28.055008,21.000000
2.611328,-0.175781,1.056641,0.000000,28.859262,21.000000
2.652344,-0.179688,1.062500,0.000000,32.065559,21.000000
2.748047,-0.089844,0.935547,0.000000,31.058506,21.000000
4.388672,-0.142578,1.154297,0.000000,28.567289,21.000000
4.406250,-0.142578,1.244141,0.000000,31.869564,21.000000
4.443359,-0.144531,1.267578,0.000000,31.476763,21.000000
4.798828,-0.306641,0.988281,0.000000,30.806265,21.000000
4.880859,-0.308594,0.767578,0.000000,31.908916,21.000000
4.964844,-0.468750,0.177734,0.000000,29.836264,21.000000
0.041016,-0.033203,0.062500,0.000000,30.081741,21.000000
0.044922,-0.046875,0.103516,0.000000,29.003672,21.000000
0.011719,-0.039062,-0.007812,0.000000,30.637085,22.000000
0.017578,-0.080078,-0.007812,0.000000,31.897709,22.000000
0.029297,-0.119141,-0.005859,0.000000,30.111473,22.000000
0.056641,-0.154297,0.007812,0.000000,25.428255,22.000000
0.179688,-0.080078,1.251953,0.000000,23.117538,22.000000
0.085938,-0.082031,1.302734,0.000000,24.638929,22.000000
0.392578,-0.083984,-1.289062,0.000000,23.117538,22.000000
0.564453,-0.042969,-1.269531,0.000000,21.702618,22.000000
1.580078,0.050781,-0.216797,0.000000,26.839472,22.000000
1.613281,0.050781,-0.263672,0.000000,32.190605,22.000000
1.648438,0.052734,-0.306641,0.000000,33.201462,22.000000
1.667969,0.052734,-0.410156,0.000000,29.938768,22.000000
2.615234,-0.175781,1.044922,0.000000,28.987251,22.000000
2.658203,-0.179688,1.048828,0.000000,32.119209,22.000000
2.751953,-0.089844,0.923828,0.000000,31.129400,22.000000
4.394531,-0.142578,1.136719,0.000000,28.142475,22.000000
4.406250,-0.142578,1.250000,0.000000,31.398790,22.000000
4.435547,-0.144531,1.291016,0.000000,30.909630,22.000000
4.804688,-0.154297,0.996094,0.000000,30.927206,22.000000
4.873047,-0.308594,0.814453,0.000000,32.035767,22.000000
4.945312,-0.623047,0.234375,0.000000,30.334238,22.000000
0.041016,-0.033203,0.062500,0.000000,30.090258,22.000000
0.044922,-0.046875,0.103516,0.000000,29.003672,22.000000
0.644531,0.648438,1.308594,0.000000,24.199558,22.000000
0.011719,-0.039062,-0.007812,0.000000,30.637085,23.000000
0.017578,-0.080078,-0.007812,0.000000,31.900515,23.000000
0.029297,-0.119141,-0.005859,0.000000,30.115704,23.000000
0.056641,-0.154297,0.007812,0.000000,25.440680,23.000000
0.171875,-0.080078,1.253906,0.000000,23.159704,23.000000
0.425781,-0.083984,-1.277344,0.000000,23.074961,23.000000
0.576172,-0.042969,-1.265625,0.000000,21.673174,23.000000
1.660156,-0.000000,-0.443359,0.000000,27.581547,23.000000
2.609375,-0.175781,1.060547,0.000000,29.009130,23.000000
2.656250,-0.179688,1.054688,0.000000,32.116543,23.000000
2.751953,-0.089844,0.925781,0.000000,31.166077,23.000000
4.392578,-0.142578,1.142578,0.000000,27.810369,23.000000
4.404297,-0.142578,1.255859,0.000000,30.877813,23.000000
4.431641,-0.144531,1.304688,0.000000,30.224283,23.000000
4.806641,-0.154297,0.980469,0.000000,31.192558,23.000000
4.875000,-0.308594,0.794922,0.000000,32.307045,23.000000
4.962891,-0.468750,0.218750,0.000000,30.257154,23.000000
1.712891,-0.054688,-0.392578,0.614669,25.105450,23.000000
0.041016,-0.033203,0.062500,0.000000,30.086002,23.000000
0.046875,-0.046875,0.103516,0.000000,29.003672,23.000000
0.011719,-0.039062,-0.007812,0.000000,30.644581,24.000000
0.017578,-0.080078,-0.007812,0.000000,31.897709,24.000000
0.029297,-0.119141,-0.005859,0.000000,30.111473,24.000000
0.056641,-0.154297,0.005859,0.000000,25.453072,24.000000
0.164062,-0.080078,1.255859,0.000000,23.117538,24.000000
0.109375,-0.082031,1.302734,0.000000,24.623980,24.000000
0.398438,-0.083984,-1.287109,0.000000,23.096302,24.000000
0.556641,-0.042969,-1.273438,0.000000,21.673174,24.000000
2.617188,-0.175781,1.042969,0.000000,29.025467,24.000000
2.664062,-0.179688,1.033203,0.000000,32.190605,24.000000
2.759766,-0.089844,0.898438,0.000000,31.225435,24.000000
4.382812,-0.142578,1.177734,0.000000,28.579353,24.000000
4.404297,-0.142578,1.255859,0.000000,31.866739,24.000000
4.435547,-0.144531,1.292969,0.000000,31.373541,24.000000
4.812500,-0.154297,0.957031,0.000000,31.351326,24.000000
4.876953,-0.308594,0.792969,0.000000,32.432861,24.000000
4.972656,-0.312500,0.300781,0.000000,30.461048,24.000000
0.041016,-0.033203,0.062500,0.000000,30.086002,24.000000
0.044922,-0.046875,0.103516,0.000000,28.998205,24.000000
0.011719,-0.039062,-0.007812,0.000000,30.648323,25.000000
0.017578,-0.080078,-0.007812,0.000000,31.900515,25.000000
0.029297,-0.119141,-0.005859,0.000000,30.111473,25.000000
0.056641,-0.154297,0.007812,0.000000,25.440680,25.000000
0.101562,-0.080078,1.261719,0.000000,23.117538,25.000000
0.423828,-0.083984,-1.279297,0.000000,23.074961,25.000000
0.564453,-0.042969,-1.271484,0.000000,21.673174,25.000000
2.595703,-0.175781,1.095703,0.000000,28.948696,25.000000
2.652344,-0.179688,1.062500,0.000000,32.129864,25.000000
2.753906,-0.089844,0.917969,0.000000,31.176027,25.000000
4.384766,-0.142578,1.169922,0.000000,29.628428,25.000000
4.410156,-0.142578,1.234375,0.000000,32.971035,25.000000
4.445312,-0.144531,1.259766,0.000000,32.605484,25.000000
4.808594,-0.154297,0.974609,0.000000,31.357685,25.000000
4.876953,-0.308594,0.781250,0.000000,32.425415,25.000000
4.964844,-0.468750,0.197266,0.000000,30.386202,25.000000
0.041016,-0.033203,0.062500,0.000000,30.098757,25.000000
0.044922,-0.046875,0.103516,0.000000,29.009130,25.000000
0.011719,-0.039062,-0.007812,0.000000,30.640835,26.000000
0.017578,-0.080078,-0.007812,0.000000,31.894903,26.000000
0.029297,-0.119141,-0.005859,0.000000,30.111473,26.000000
0.056641,-0.154297,0.005859,0.000000,25.428255,26.000000
0.126953,-0.080078,1.259766,0.000000,23.117538,26.000000
0.052734,-0.082031,1.304688,0.000000,24.638929,26.000000
0.410156,-0.083984,-1.283203,0.000000,23.117538,26.000000
0.566406,-0.042969,-1.269531,0.000000,21.731863,26.000000
1.628906,0.050781,-0.146484,0.000000,30.102999,26.000000
1.669922,0.052734,-0.148438,0.000000,30.068937,26.000000
2.630859,-0.175781,1.007812,0.000000,29.052561,26.000000
2.667969,-0.179688,1.023438,0.000000,32.135178,26.000000
2.763672,-0.089844,0.888672,0.000000,31.122698,26.000000
4.390625,-0.142578,1.148438,0.000000,29.365137,26.000000
4.410156,-0.142578,1.232422,0.000000,32.846561,26.000000
4.447266,-0.144531,1.251953,0.000000,32.372925,26.000000
4.812500,-0.154297,0.953125,0.000000,31.051695,26.000000
4.880859,-0.308594,0.761719,0.000000,32.035767,26.000000
4.966797,-0.468750,0.132812,0.000000,30.161974,26.000000
1.751953,-0.000000,0.164062,0.614669,25.575071,26.000000
0.041016,-0.033203,0.062500,0.000000,30.090258,26.000000
0.044922,-0.046875,0.103516,0.000000,29.003672,26.000000
0.011719,-0.039062,-0.007812,0.000000,30.640835,27.000000
0.017578,-0.080078,-0.007812,0.000000,31.894903,27.000000
0.029297,-0.119141,-0.005859,0.000000,30.111473,27.000000
0.056641,-0.154297,0.005859,0.000000,25.453072,27.000000
0.103516,-0.080078,1.261719,0.000000,23.138672,27.000000
0.410156,-0.083984,-1.283203,0.000000,23.074961,27.000000
0.570312,-0.042969,-1.267578,0.000000,21.643528,27.000000
1.593750,0.050781,-0.015625,0.000000,27.371927,27.000000
1.634766,0.050781,-0.017578,0.000000,31.401937,27.000000
1.673828,0.105469,-0.033203,0.000000,32.033051,27.000000
1.716797,0.052734,-0.031250,0.000000,29.867718,27.000000
1.746094,0.164062,-0.123047,0.000000,26.560982,27.000000
2.621094,-0.175781,1.035156,0.000000,29.090208,27.000000
2.664062,-0.179688,1.035156,0.000000,32.208923,27.000000
2.755859,-0.089844,0.914062,0.000000,31.258064,27.000000
4.396484,-0.000000,1.136719,0.000000,29.095560,27.000000
4.410156,-0.142578,1.234375,0.000000,32.445244,27.000000
4.443359,-0.144531,1.263672,0.000000,31.815578,27.000000
4.808594,-0.154297,0.970703,0.000000,30.711452,27.000000
4.880859,-0.308594,0.767578,0.000000,31.798389,27.000000
4.949219,-0.623047,0.169922,0.000000,29.947569,27.000000
0.041016,-0.033203,0.062500,0.000000,30.090258,27.000000
0.044922,-0.046875,0.103516,0.000000,29.003672,27.000000
4.378906,-0.283203,1.166016,0.000000,29.079485,27.000000
0.011719,-0.039062,-0.007812,0.000000,30.644581,28.000000
0.017578,-0.080078,-0.007812,0.000000,31.897709,28.000000
0.029297,-0.119141,-0.005859,0.000000,30.111473,28.000000
0.056641,-0.154297,0.005859,0.000000,25.440680,28.000000
0.103516,-0.080078,1.261719,0.000000,23.138672,28.000000
0.416016,-0.083984,-1.281250,0.000000,23.096302,28.000000
1.687500,-0.214844,-0.246094,0.000000,26.757784,28.000000
2.617188,-0.175781,1.044922,0.000000,28.981766,28.000000
2.685547,-0.089844,0.988281,0.000000,32.159019,28.000000
2.742188,-0.089844,0.949219,0.000000,31.241781,28.000000
4.386719,-0.283203,1.138672,0.000000,28.859262,28.000000
4.414062,-0.142578,1.220703,0.000000,32.271152,28.000000
4.451172,-0.144531,1.240234,0.000000,31.708483,28.000000
4.750000,-0.298828,-0.513672,0.000000,31.872387,28.000000
4.787109,-0.300781,-0.537109,0.000000,32.450188,28.000000
4.873047,-0.308594,0.812500,0.000000,31.544239,28.000000
4.947266,-0.623047,0.187500,0.000000,29.863237,28.000000
1.576172,0.261719,-0.507812,-0.614669,26.253124,28.000000
0.041016,-0.033203,0.062500,0.000000,30.086002,28.000000
0.044922,-0.046875,0.103516,0.000000,29.003672,28.000000
4.404297,-0.000000,1.103516,0.000000,28.853613,28.000000
1.328125,-0.314453,0.974609,-0.614669,24.281347,28.000000
0.011719,-0.039062,-0.007812,0.000000,30.637085,29.000000
0.017578,-0.080078,-0.007812,0.000000,31.894903,29.000000
0.029297,-0.119141,-0.005859,0.000000,30.107239,29.000000
0.056641,-0.154297,0.005859,0.000000,25.440680,29.000000
0.130859,-0.080078,1.259766,0.000000,23.138672,29.000000
0.021484,-0.082031,1.306641,0.000000,24.623980,29.000000
0.425781,-0.083984,-1.277344,0.000000,23.074961,29.000000
0.568359,-0.042969,-1.269531,0.000000,21.731863,29.000000
1.632812,0.050781,-0.082031,0.000000,29.912260,29.000000
1.660156,0.052734,0.232422,0.000000,27.745171,29.000000
1.744141,0.054688,-0.220703,0.000000,26.404814,29.000000
2.601562,-0.175781,1.082031,0.000000,29.355072,29.000000
2.652344,-0.179688,1.062500,0.000000,32.329960,29.000000
2.746094,-0.089844,0.939453,0.000000,31.267805,29.000000
4.396484,-0.283203,1.103516,0.000000,28.344208,29.000000
4.408203,-0.142578,1.236328,0.000000,31.728947,29.000000
4.427734,-0.144531,1.318359,0.000000,31.020905,29.000000
4.753906,-0.298828,-0.468750,0.000000,31.498346,29.000000
4.796875,-0.150391,-0.515625,0.000000,32.177471,29.000000
4.890625,-0.308594,0.697266,0.000000,31.997551,29.000000
4.966797,-0.468750,0.099609,0.000000,30.253059,29.000000
1.611328,0.107422,-0.587891,-0.614669,26.148972,29.000000
0.041016,-0.033203,0.062500,0.000000,30.090258,29.000000
0.044922,-0.046875,0.103516,0.000000,29.009130,29.000000
4.414062,-0.000000,1.066406,0.000000,28.312298,29.000000
4.785156,-0.453125,-0.453125,0.000000,32.159019,29.000000
1.619141,-0.000000,-0.572266,-0.614669,26.117233,29.000000
0.011719,-0.039062,-0.007812,0.000000,30.640835,30.000000
0.017578,-0.080078,-0.007812,0.000000,31.894903,30.000000
0.029297,-0.119141,-0.005859,0.000000,30.107239,30.000000
0.056641,-0.154297,0.005859,0.000000,25.440680,30.000000
0.156250,-0.080078,1.255859,0.000000,23.074961,30.000000
0.017578,-0.082031,1.306641,0.000000,24.608978,30.000000
0.410156,-0.083984,-1.283203,0.000000,23.117538,30.000000
1.593750,0.050781,-0.062500,0.000000,28.221682,30.000000
1.628906,0.101562,-0.103516,0.000000,31.020905,30.000000
1.662109,0.158203,-0.152344,0.000000,31.379868,30.000000
1.701172,0.107422,-0.218750,0.000000,30.322157,30.000000
1.722656,0.109375,-0.339844,0.000000,27.466343,30.000000
2.615234,-0.175781,1.046875,0.000000,28.645111,30.000000
2.691406,-0.089844,0.972656,0.000000,32.052044,30.000000
2.753906,-0.089844,0.917969,0.000000,31.132748,30.000000
4.398438,-0.142578,1.115234,0.000000,28.325089,30.000000
4.406250,-0.142578,1.248047,0.000000,31.702618,30.000000
4.429688,-0.144531,1.310547,0.000000,31.258064,30.000000
4.753906,-0.298828,-0.474609,0.000000,32.837532,30.000000
4.794922,-0.300781,-0.472656,0.000000,33.543007,30.000000
4.822266,-0.304688,-0.589844,0.000000,30.098757,30.000000
4.876953,-0.308594,0.787109,0.000000,29.818186,30.000000
4.929688,-0.779297,0.042969,0.000000,29.190781,30.000000
1.439453,0.767578,0.132812,1.844006,21.430147,30.000000
1.476562,0.787109,0.121094,1.844006,21.958996,30.000000
0.041016,-0.033203,0.062500,0.000000,30.086002,30.000000
0.044922,-0.046875,0.103516,0.000000,29.003672,30.000000
0.011719,-0.039062,-0.007812,0.000000,30.637085,31.000000
0.017578,-0.080078,-0.007812,0.000000,31.894903,31.000000
0.029297,-0.119141,-0.005859,0.000000,30.111473,31.000000
0.056641,-0.154297,0.007812,0.000000,25.440680,31.000000
0.132812,-0.080078,1.257812,0.000000,23.138672,31.000000
0.423828,-0.083984,-1.279297,0.000000,23.096302,31.000000
0.552734,-0.042969,-1.275391,0.000000,21.760912,31.000000
1.625000,0.101562,-0.158203,0.000000,28.909796,31.000000
1.640625,0.208984,-0.283203,0.000000,28.142475,31.000000
1.712891,0.107422,-0.072266,0.000000,28.195440,31.000000
1.755859,0.109375,0.037109,0.000000,27.032913,31.000000
2.687500,-0.089844,0.984375,0.000000,31.687920,31.000000
2.751953,-0.089844,0.925781,0.000000,30.737183,31.000000
4.390625,-0.142578,1.144531,0.000000,28.350561,31.000000
4.404297,-0.142578,1.253906,0.000000,31.795517,31.000000
4.427734,-0.144531,1.322266,0.000000,31.467480,31.000000
4.746094,-0.298828,-0.546875,0.000000,33.001606,31.000000
4.787109,-0.300781,-0.542969,0.000000,33.567905,31.000000
0.041016,-0.033203,0.062500,0.000000,30.086002,31.000000
0.044922,-0.046875,0.103516,0.000000,29.003672,31.000000
1.164062,-0.419922,1.132812,0.000000,25.198280,31.000000
0.011719,-0.039062,-0.007812,0.000000,30.644581,32.000000
0.017578,-0.080078,-0.007812,0.000000,31.897709,32.000000
0.029297,-0.119141,-0.005859,0.000000,30.111473,32.000000
0.056641,-0.154297,0.005859,0.000000,25.453072,32.000000
0.150391,-0.080078,1.255859,0.000000,23.138672,32.000000
0.417969,-0.083984,-1.281250,0.000000,23.096302,32.000000
0.556641,-0.042969,-1.273438,0.000000,21.673174,32.000000
1.625000,0.101562,-0.154297,0.000000,29.222063,32.000000
1.648438,0.052734,-0.308594,0.000000,29.185545,32.000000
1.667969,-0.000000,-0.412109,0.000000,28.325089,32.000000
1.705078,0.054688,-0.429688,0.000000,27.299744,32.000000
2.630859,-0.175781,1.005859,0.000000,29.116901,32.000000
2.699219,-0.089844,0.953125,0.000000,32.224564,32.000000
2.761719,-0.089844,0.896484,0.000000,31.235250,32.000000
4.380859,-0.142578,1.189453,0.000000,28.318697,32.000000
4.404297,-0.142578,1.255859,0.000000,31.708483,32.000000
4.427734,-0.144531,1.318359,0.000000,31.367207,32.000000
4.757812,-0.298828,-0.423828,0.000000,32.846561,32.000000
4.800781,-0.300781,-0.410156,0.000000,33.461575,32.000000
4.839844,-0.304688,-0.425781,0.000000,30.257154,32.000000
0.041016,-0.033203,0.062500,0.000000,30.086002,32.000000
0.044922,-0.046875,0.103516,0.000000,29.003672,32.000000
0.011719,-0.039062,-0.007812,0.000000,30.640835,33.000000
0.017578,-0.080078,-0.007812,0.000000,31.897709,33.000000
0.029297,-0.119141,-0.005859,0.000000,30.115704,33.000000
0.056641,-0.154297,0.005859,0.000000,25.453072,33.000000
0.156250,-0.080078,1.255859,0.000000,23.074961,33.000000
0.423828,-0.083984,-1.279297,0.000000,23.096302,33.000000
0.566406,-0.042969,-1.269531,0.000000,21.673174,33.000000
1.589844,0.050781,-0.128906,0.000000,29.289078,33.000000
1.626953,0.101562,-0.148438,0.000000,32.054749,33.000000
1.656250,0.158203,-0.216797,0.000000,31.928461,33.000000
1.677734,0.160156,-0.332031,0.000000,30.034605,33.000000
1.667969,0.275391,-0.484375,0.000000,26.009729,33.000000
2.609375,-0.175781,1.064453,0.000000,28.830935,33.000000
2.654297,-0.179688,1.058594,0.000000,32.092468,33.000000
2.748047,-0.089844,0.933594,0.000000,31.176027,33.000000
4.398438,-0.142578,1.121094,0.000000,28.609365,33.000000
4.406250,-0.142578,1.246094,0.000000,32.092468,33.000000
4.427734,-0.144531,1.316406,0.000000,31.679077,33.000000
4.750000,-0.298828,-0.501953,0.000000,33.161800,33.000000
4.789062,-0.300781,-0.515625,0.000000,33.751148,33.000000
4.810547,-0.304688,-0.677734,0.000000,30.704073,33.000000
0.041016,-0.033203,0.062500,0.000000,30.090258,33.000000
0.044922,-0.046875,0.103516,0.000000,29.009130,33.000000
1.097656,-0.439453,1.300781,0.000000,23.096302,33.000000
0.011719,-0.039062,-0.007812,0.000000,30.640835,34.000000
0.017578,-0.080078,-0.007812,0.000000,31.894903,34.000000
0.029297,-0.119141,-0.005859,0.000000,30.111473,34.000000
0.056641,-0.154297,0.005859,0.000000,25.440680,34.000000
0.162109,-0.080078,1.255859,0.000000,23.138672,34.000000
0.417969,-0.083984,-1.281250,0.000000,23.096302,34.000000
0.558594,-0.042969,-1.273438,0.000000,21.731863,34.000000
1.578125,0.099609,-0.208984,0.000000,27.474117,34.000000
1.623047,0.050781,-0.195312,0.000000,30.519239,34.000000
1.652344,0.105469,-0.269531,0.000000,30.195316,34.000000
1.742188,0.587891,0.402344,0.000000,27.450748,34.000000
2.626953,-0.175781,1.019531,0.000000,29.180304,34.000000
2.662109,-0.179688,1.041016,0.000000,32.253094,34.000000
2.748047,-0.089844,0.937500,0.000000,31.235250,34.000000
4.384766,-0.142578,1.169922,0.000000,28.864906,34.000000
4.410156,-0.142578,1.232422,0.000000,32.129864,34.000000
4.441406,-0.144531,1.275391,0.000000,31.726028,34.000000
4.746094,-0.298828,-0.544922,0.000000,33.281757,34.000000
4.785156,-0.300781,-0.550781,0.000000,33.932240,34.000000
4.802734,-0.304688,-0.728516,0.000000,30.718821,34.000000
4.896484,-0.308594,0.656250,0.000000,29.872192,34.000000
0.041016,-0.033203,0.062500,0.000000,30.086002,34.000000
0.044922,-0.046875,0.103516,0.000000,29.003672,34.000000
0.011719,-0.039062,-0.007812,0.000000,30.640835,35.000000
0.017578,-0.080078,-0.007812,0.000000,31.894903,35.000000
0.029297,-0.119141,-0.005859,0.000000,30.107239,35.000000
0.056641,-0.154297,0.005859,0.000000,25.440680,35.000000
0.125000,-0.080078,1.259766,0.000000,23.138672,35.000000
0.048828,-0.082031,1.304688,0.000000,24.638929,35.000000
0.408203,-0.083984,-1.283203,0.000000,23.117538,35.000000
0.566406,-0.042969,-1.269531,0.000000,21.760912,35.000000
1.708984,0.160156,-0.080078,0.000000,27.730547,35.000000
1.748047,0.164062,-0.101562,0.000000,27.118073,35.000000
1.744141,0.587891,0.390625,0.000000,27.323938,35.000000
2.609375,-0.175781,1.060547,0.000000,28.802418,35.000000
2.660156,-0.179688,1.044922,0.000000,31.972805,35.000000
2.759766,-0.089844,0.902344,0.000000,31.024338,35.000000
4.384766,-0.142578,1.167969,0.000000,28.494194,35.000000
4.394531,-0.142578,1.287109,0.000000,31.781132,35.000000
4.412109,-0.144531,1.367188,0.000000,31.348145,35.000000
4.750000,-0.298828,-0.498047,0.000000,33.062103,35.000000
4.791016,-0.300781,-0.507812,0.000000,33.697723,35.000000
4.785156,-0.304688,-0.843750,0.000000,30.334238,35.000000
4.849609,-0.308594,0.943359,0.000000,30.986437,35.000000
4.921875,-0.779297,0.261719,0.000000,29.790930,35.000000
0.041016,-0.033203,0.062500,0.000000,30.086002,35.000000
0.044922,-0.046875,0.103516,0.000000,29.003672,35.000000
0.011719,-0.039062,-0.007812,0.000000,30.637085,36.000000
0.017578,-0.080078,-0.007812,0.000000,31.892096,36.000000
0.029297,-0.119141,-0.005859,0.000000,30.107239,36.000000
0.056641,-0.154297,0.007812,0.000000,25.440680,36.000000
0.144531,-0.080078,1.257812,0.000000,23.138672,36.000000
0.025391,-0.082031,-1.306641,0.000000,24.653828,36.000000
0.412109,-0.083984,-1.283203,0.000000,23.117538,36.000000
0.546875,-0.042969,-1.277344,0.000000,21.760912,36.000000
1.558594,0.050781,-0.339844,0.000000,28.981766,36.000000
1.595703,0.101562,-0.345703,0.000000,32.699799,36.000000
1.634766,0.105469,-0.357422,0.000000,32.805782,36.000000
1.658203,0.160156,-0.417969,0.000000,29.684830,36.000000
2.595703,-0.175781,1.093750,0.000000,29.084850,36.000000
2.650391,-0.179688,1.068359,0.000000,32.174839,36.000000
2.744141,-0.089844,0.947266,0.000000,31.179338,36.000000
4.378906,-0.142578,1.193359,0.000000,28.621313,36.000000
4.394531,-0.142578,1.289062,0.000000,32.005768,36.000000
4.417969,-0.144531,1.353516,0.000000,31.646502,36.000000
4.744141,-0.298828,-0.554688,0.000000,32.706787,36.000000
4.787109,-0.300781,-0.537109,0.000000,33.306168,36.000000
4.873047,-0.154297,0.853516,0.000000,31.389339,36.000000
4.968750,-0.468750,0.072266,0.000000,29.278833,36.000000
1.691406,0.275391,-0.400391,0.614669,25.888317,36.000000
0.041016,-0.033203,0.062500,0.000000,30.081741,36.000000
0.046875,-0.046875,0.103516,0.000000,28.998205,36.000000
0.011719,-0.039062,-0.007812,0.000000,30.644581,37.000000
0.017578,-0.080078,-0.007812,0.000000,31.897709,37.000000
0.029297,-0.119141,-0.005859,0.000000,30.111473,37.000000
0.056641,-0.154297,0.007812,0.000000,25.440680,37.000000
0.185547,-0.080078,1.251953,0.000000,23.096302,37.000000
0.117188,-0.082031,1.300781,0.000000,24.653828,37.000000
0.419922,-0.083984,-1.279297,0.000000,23.138672,37.000000
0.572266,-0.042969,-1.267578,0.000000,21.731863,37.000000
1.632812,0.101562,-0.052734,0.000000,31.099159,37.000000
1.667969,0.158203,-0.076172,0.000000,32.342640,37.000000
1.708984,0.107422,-0.142578,0.000000,29.995655,37.000000
2.615234,-0.175781,1.046875,0.000000,28.915375,37.000000
2.656250,-0.179688,1.056641,0.000000,32.060158,37.000000
2.750000,-0.089844,0.927734,0.000000,31.092409,37.000000
4.398438,-0.142578,1.121094,0.000000,27.573959,37.000000
4.398438,-0.287109,1.248047,0.000000,30.584261,37.000000
4.412109,-0.144531,1.371094,0.000000,29.694159,37.000000
4.744141,-0.298828,-0.562500,0.000000,33.016811,37.000000
4.783203,-0.300781,-0.572266,0.000000,33.340515,37.000000
0.041016,-0.033203,0.062500,0.000000,30.090258,37.000000
0.046875,-0.046875,0.103516,0.000000,29.003672,37.000000
0.011719,-0.039062,-0.007812,0.000000,30.637085,38.000000
0.017578,-0.080078,-0.007812,0.000000,31.894903,38.000000
0.029297,-0.119141,-0.005859,0.000000,30.111473,38.000000
0.056641,-0.154297,0.005859,0.000000,25.453072,38.000000
0.158203,-0.080078,1.255859,0.000000,23.117538,38.000000
0.017578,-0.082031,1.306641,0.000000,24.638929,38.000000
0.398438,-0.083984,-1.287109,0.000000,23.096302,38.000000
0.552734,-0.042969,-1.275391,0.000000,21.731863,38.000000
1.568359,0.050781,-0.285156,0.000000,28.750612,38.000000
1.613281,0.101562,-0.250000,0.000000,33.571724,38.000000
1.662109,0.105469,-0.199219,0.000000,35.002365,38.000000
1.708984,0.107422,-0.134766,0.000000,33.322365,38.000000
1.744141,0.220703,0.019531,0.000000,29.314579,38.000000
2.625000,-0.175781,1.021484,0.000000,29.014584,38.000000
2.660156,-0.179688,1.042969,0.000000,32.185356,38.000000
2.751953,-0.089844,0.925781,0.000000,31.245043,38.000000
4.718750,-0.296875,-0.392578,0.000000,29.030899,38.000000
4.744141,-0.298828,-0.558594,0.000000,32.929203,38.000000
4.775391,-0.300781,-0.642578,0.000000,33.163898,38.000000
4.884766,-0.308594,0.738281,0.000000,31.218880,38.000000
4.951172,-0.623047,0.064453,0.000000,29.708117,38.000000
0.041016,-0.033203,0.062500,0.000000,30.090258,38.000000
0.044922,-0.046875,0.103516,0.000000,29.003672,38.000000
0.011719,-0.039062,-0.007812,0.000000,30.644581,39.000000
0.017578,-0.080078,-0.007812,0.000000,31.897709,39.000000
0.029297,-0.119141,-0.005859,0.000000,30.107239,39.000000
0.056641,-0.154297,0.007812,0.000000,25.440680,39.000000
0.158203,-0.080078,1.255859,0.000000,23.138672,39.000000
0.017578,-0.082031,1.306641,0.000000,24.638929,39.000000
0.416016,-0.083984,-1.281250,0.000000,23.117538,39.000000
0.582031,-0.042969,-1.263672,0.000000,21.731863,39.000000
1.623047,0.101562,-0.183594,0.000000,30.546131,39.000000
1.652344,0.105469,-0.273438,0.000000,30.461048,39.000000
2.623047,-0.175781,1.027344,0.000000,29.153997,39.000000
2.656250,-0.179688,1.054688,0.000000,32.201080,39.000000
2.748047,-0.089844,0.937500,0.000000,31.218880,39.000000
4.732422,-0.298828,-0.646484,0.000000,31.883659,39.000000
4.750000,-0.300781,-0.806641,0.000000,32.003033,39.000000
0.041016,-0.033203,0.062500,0.000000,30.090258,39.000000
0.046875,-0.046875,0.103516,0.000000,29.003672,39.000000
0.011719,-0.039062,-0.007812,0.000000,30.640835,40.000000
0.017578,-0.080078,-0.007812,0.000000,31.897709,40.000000
0.029297,-0.119141,-0.005859,0.000000,30.115704,40.000000
0.056641,-0.154297,0.007812,0.000000,25.440680,40.000000
0.158203,-0.080078,1.255859,0.000000,23.117538,40.000000
0.085938,-0.082031,1.302734,0.000000,24.653828,40.000000
0.416016,-0.083984,-1.281250,0.000000,23.159704,40.000000
0.568359,-0.042969,-1.269531,0.000000,21.818436,40.000000
1.591797,0.099609,-0.033203,0.000000,28.388491,40.000000
1.630859,0.101562,-0.066406,0.000000,32.619762,40.000000
1.671875,0.105469,-0.066406,0.000000,33.126003,40.000000
1.714844,0.052734,-0.070312,0.000000,30.253059,40.000000
2.611328,-0.175781,1.054688,0.000000,29.116901,40.000000
2.660156,-0.179688,1.044922,0.000000,32.169571,40.000000
2.753906,-0.089844,0.919922,0.000000,31.152777,40.000000
4.720703,-0.296875,-0.380859,0.000000,28.813847,40.000000
4.744141,-0.298828,-0.562500,0.000000,32.543064,40.000000
4.767578,-0.300781,-0.699219,0.000000,32.736958,40.000000
4.888672,-0.308594,0.708984,0.000000,30.484419,40.000000
4.951172,-0.623047,-0.066406,0.000000,29.138138,40.000000
1.732422,0.054688,-0.302734,-0.614669,24.409090,40.000000
0.041016,-0.033203,0.062500,0.000000,30.094509,40.000000
0.044922,-0.046875,0.103516,0.000000,29.009130,40.000000
0.011719,-0.039062,-0.007812,0.000000,30.629578,41.000000
0.017578,-0.080078,-0.007812,0.000000,31.892096,41.000000
0.029297,-0.119141,-0.005859,0.000000,30.107239,41.000000
0.056641,-0.154297,0.005859,0.000000,25.440680,41.000000
0.136719,-0.080078,1.257812,0.000000,23.138672,41.000000
0.062500,-0.082031,1.304688,0.000000,24.638929,41.000000
0.392578,-0.083984,-1.289062,0.000000,23.074961,41.000000
0.550781,-0.042969,-1.277344,0.000000,21.702618,41.000000
1.673828,0.105469,-0.050781,0.000000,27.355989,41.000000
2.609375,-0.175781,1.060547,0.000000,29.074114,41.000000
2.658203,-0.179688,1.046875,0.000000,32.219357,41.000000
2.755859,-0.089844,0.912109,0.000000,31.258064,41.000000
4.398438,-0.142578,1.115234,0.000000,28.135809,41.000000
4.408203,-0.142578,1.242188,0.000000,31.293676,41.000000
4.425781,-0.144531,1.330078,0.000000,30.644581,41.000000
4.744141,-0.298828,-0.554688,0.000000,32.913689,41.000000
4.785156,-0.300781,-0.554688,0.000000,33.304138,41.000000
4.734375,-0.154297,1.289062,0.000000,29.609463,41.000000
4.867188,-0.308594,0.849609,0.000000,31.804127,41.000000
4.947266,-0.623047,0.224609,0.000000,29.934362,41.000000
1.603516,0.101562,-0.306641,-0.614669,27.474117,41.000000
0.041016,-0.033203,0.062500,0.000000,30.086002,41.000000
0.044922,-0.046875,0.103516,0.000000,29.003672,41.000000
0.011719,-0.039062,-0.007812,0.000000,30.633333,42.000000
0.017578,-0.080078,-0.007812,0.000000,31.894903,42.000000
0.029297,-0.119141,-0.005859,0.000000,30.111473,42.000000
0.056641,-0.154297,0.007812,0.000000,25.440680,42.000000
0.130859,-0.080078,1.257812,0.000000,23.096302,42.000000
0.064453,-0.082031,1.304688,0.000000,24.593925,42.000000
0.388672,-0.083984,-1.289062,0.000000,23.096302,42.000000
0.535156,-0.042969,-1.283203,0.000000,21.731863,42.000000
1.593750,0.050781,-0.062500,0.000000,30.468851,42.000000
1.634766,0.050781,-0.054688,0.000000,32.619762,42.000000
1.671875,0.105469,-0.091797,0.000000,31.218880,42.000000
2.621094,-0.175781,1.031250,0.000000,29.041744,42.000000
2.658203,-0.179688,1.048828,0.000000,32.187981,42.000000
2.751953,-0.089844,0.925781,0.000000,31.172712,42.000000
4.384766,-0.142578,1.167969,0.000000,29.030899,42.000000
4.400391,-0.142578,1.265625,0.000000,32.281437,42.000000
4.429688,-0.144531,1.312500,0.000000,31.737688,42.000000
4.750000,-0.298828,-0.503906,0.000000,33.094173,42.000000
4.794922,-0.300781,-0.468750,0.000000,33.675423,42.000000
4.812500,-0.304688,-0.667969,0.000000,30.273497,42.000000
4.875000,-0.154297,0.847656,0.000000,30.499929,42.000000
4.951172,-0.623047,-0.042969,0.000000,28.876173,42.000000
1.703125,-0.345703,0.605469,0.614669,26.148972,42.000000
1.787109,-0.353516,0.472656,0.614669,27.024305,42.000000
1.640625,0.052734,-0.507812,-0.614669,26.190933,42.000000
1.718750,0.109375,-0.361328,-0.614669,25.145477,42.000000
0.041016,-0.033203,0.062500,0.000000,30.090258,42.000000
0.044922,-0.046875,0.103516,0.000000,29.003672,42.000000
1.816406,0.287109,-0.095703,0.614669,24.548449,42.000000
0.011719,-0.039062,-0.007812,0.000000,30.633333,43.000000
0.017578,-0.080078,-0.007812,0.000000,31.894903,43.000000
0.029297,-0.119141,-0.005859,0.000000,30.111473,43.000000
0.056641,-0.154297,0.005859,0.000000,25.440680,43.000000
0.175781,-0.080078,1.253906,0.000000,23.117538,43.000000
0.412109,-0.083984,-1.283203,0.000000,23.074961,43.000000
0.564453,-0.042969,-1.269531,0.000000,21.702618,43.000000
1.539062,0.048828,-0.212891,0.000000,27.185017,43.000000
1.585938,0.050781,-0.164062,0.000000,32.151085,43.000000
1.625000,0.101562,-0.162109,0.000000,33.242825,43.000000
1.660156,0.105469,-0.212891,0.000000,30.813473,43.000000
2.609375,-0.175781,1.060547,0.000000,28.992731,43.000000
2.658203,-0.179688,1.048828,0.000000,32.137833,43.000000
2.759766,-0.089844,0.900391,0.000000,31.195858,43.000000
4.394531,-0.142578,1.136719,0.000000,28.909796,43.000000
4.408203,-0.142578,1.240234,0.000000,32.319790,43.000000
4.433594,-0.144531,1.296875,0.000000,31.866739,43.000000
4.740234,-0.298828,-0.585938,0.000000,32.860073,43.000000
4.777344,-0.300781,-0.619141,0.000000,33.447853,43.000000
4.750000,-0.152344,-1.052734,0.000000,29.735897,43.000000
4.871094,-0.308594,0.824219,0.000000,31.007151,43.000000
4.951172,-0.623047,0.093750,0.000000,29.100906,43.000000
1.589844,0.375000,-0.533203,-0.614669,25.987906,43.000000
0.041016,-0.033203,0.062500,0.000000,30.090258,43.000000
0.044922,-0.046875,0.103516,0.000000,29.009130,43.000000
1.011719,-0.267578,1.363281,-0.614669,24.440449,43.000000
0.011719,-0.039062,-0.007812,0.000000,30.629578,44.000000
0.017578,-0.080078,-0.007812,0.000000,31.892096,44.000000
0.029297,-0.119141,-0.005859,0.000000,30.102999,44.000000
0.056641,-0.154297,0.007812,0.000000,25.428255,44.000000
0.126953,-0.080078,1.259766,0.000000,23.159704,44.000000
0.443359,-0.083984,-1.271484,0.000000,23.053514,44.000000
0.576172,-0.042969,-1.265625,0.000000,21.731863,44.000000
1.589844,0.099609,-0.080078,0.000000,27.363964,44.000000
1.634766,0.050781,0.066406,0.000000,27.581547,44.000000
2.607422,-0.175781,1.066406,0.000000,29.079485,44.000000
2.662109,-0.179688,1.037109,0.000000,32.405491,44.000000
2.761719,-0.089844,0.896484,0.000000,31.430147,44.000000
4.384766,-0.142578,1.167969,0.000000,28.926510,44.000000
4.398438,-0.142578,1.271484,0.000000,32.284004,44.000000
4.423828,-0.144531,1.330078,0.000000,31.832699,44.000000
4.748047,-0.449219,-0.402344,0.000000,31.325798,44.000000
4.802734,-0.300781,-0.369141,0.000000,32.151085,44.000000
4.880859,-0.308594,0.759766,0.000000,29.523081,44.000000
4.929688,-0.779297,0.031250,0.000000,28.825245,44.000000
1.669922,0.107422,0.386719,1.229337,23.424227,44.000000
1.574219,0.505859,0.708984,-1.229337,22.479733,44.000000
1.603516,0.576172,0.697266,-1.229337,22.787537,44.000000
0.041016,-0.033203,0.062500,0.000000,30.086002,44.000000
0.044922,-0.046875,0.103516,0.000000,28.998205,44.000000
0.011719,-0.039062,-0.007812,0.000000,30.633333,45.000000
0.017578,-0.080078,-0.007812,0.000000,31.894903,45.000000
0.029297,-0.119141,-0.005859,0.000000,30.111473,45.000000
0.056641,-0.154297,0.005859,0.000000,25.453072,45.000000
0.136719,-0.080078,1.257812,0.000000,23.117538,45.000000
0.414062,-0.083984,-1.281250,0.000000,23.074961,45.000000
0.564453,-0.042969,-1.269531,0.000000,21.702618,45.000000
1.693359,0.109375,0.466797,0.000000,26.785183,45.000000
2.605469,-0.175781,1.072266,0.000000,28.898617,45.000000
2.654297,-0.179688,1.058594,0.000000,32.043915,45.000000
2.748047,-0.089844,0.933594,0.000000,31.082266,45.000000
4.400391,-0.283203,1.085938,0.000000,28.762178,45.000000
4.417969,-0.142578,1.207031,0.000000,32.309597,45.000000
4.447266,-0.144531,1.253906,0.000000,31.781132,45.000000
4.748047,-0.298828,-0.529297,0.000000,31.934029,45.000000
4.777344,-0.300781,-0.626953,0.000000,32.237553,45.000000
0.041016,-0.033203,0.062500,0.000000,30.086002,45.000000
0.044922,-0.046875,0.103516,0.000000,28.998205,45.000000
0.011719,-0.039062,-0.007812,0.000000,30.640835,46.000000
0.017578,-0.080078,-0.007812,0.000000,31.897709,46.000000
0.029297,-0.119141,-0.005859,0.000000,30.111473,46.000000
0.056641,-0.154297,0.005859,0.000000,25.428255,46.000000
0.154297,-0.080078,1.255859,0.000000,23.159704,46.000000
0.408203,-0.083984,-1.283203,0.000000,23.117538,46.000000
2.623047,-0.175781,1.029297,0.000000,29.675480,46.000000
2.691406,-0.089844,0.976562,0.000000,32.882492,46.000000
2.748047,-0.089844,0.933594,0.000000,31.947918,46.000000
4.361328,-0.142578,1.253906,0.000000,28.932068,46.000000
4.402344,-0.142578,1.263672,0.000000,32.103184,46.000000
4.437500,-0.144531,1.289062,0.000000,31.338581,46.000000
4.751953,-0.298828,-0.494141,0.000000,31.604685,46.000000
4.791016,-0.300781,-0.503906,0.000000,32.482185,46.000000
1.513672,0.660156,0.605469,-1.229337,22.041201,46.000000
0.041016,-0.033203,0.062500,0.000000,30.090258,46.000000
0.044922,-0.046875,0.103516,0.000000,28.998205,46.000000
1.548828,-0.769531,0.322266,-1.229337,19.731279,46.000000
0.011719,-0.039062,-0.007812,0.000000,30.637085,47.000000
0.017578,-0.080078,-0.007812,0.000000,31.897709,47.000000
0.029297,-0.119141,-0.005859,0.000000,30.111473,47.000000
0.056641,-0.154297,0.007812,0.000000,25.440680,47.000000
0.123047,-0.080078,1.259766,0.000000,23.138672,47.000000
0.423828,-0.083984,-1.279297,0.000000,23.096302,47.000000
0.574219,-0.042969,-1.265625,0.000000,21.731863,47.000000
1.550781,0.097656,-0.025391,0.000000,29.680157,47.000000
1.591797,0.099609,-0.039062,0.000000,32.221962,47.000000
1.632812,0.101562,-0.029297,0.000000,30.972572,47.000000
1.660156,0.105469,0.212891,0.000000,29.324738,47.000000
1.703125,0.107422,0.197266,0.000000,29.206450,47.000000
2.658203,-0.179688,1.048828,0.000000,31.325798,47.000000
2.740234,-0.181641,0.945312,0.000000,30.207754,47.000000
4.392578,-0.142578,1.142578,0.000000,28.830935,47.000000
4.412109,-0.142578,1.226562,0.000000,31.964525,47.000000
4.451172,-0.144531,1.240234,0.000000,31.258064,47.000000
4.726562,-0.298828,-0.685547,0.000000,30.034605,47.000000
4.755859,-0.453125,-0.695312,0.000000,30.546131,47.000000
1.628906,-0.660156,0.054688,-1.844006,20.211893,47.000000
1.830078,-0.234375,0.367188,-0.614669,25.428255,47.000000
0.041016,-0.033203,0.062500,0.000000,30.094509,47.000000
0.046875,-0.046875,0.103516,0.000000,29.009130,47.000000
2.781250,-0.000000,0.839844,0.000000,30.132587,47.000000
1.580078,0.714844,0.298828,-1.844006,18.573324,47.000000
1.820312,0.470703,-0.095703,-0.614669,24.232458,47.000000
0.011719,-0.039062,-0.007812,0.000000,30.629578,48.000000
0.017578,-0.080078,-0.007812,0.000000,31.894903,48.000000
0.029297,-0.119141,-0.005859,0.000000,30.111473,48.000000
0.056641,-0.154297,0.005859,0.000000,25.428255,48.000000
0.132812,-0.080078,1.257812,0.000000,23.138672,48.000000
0.410156,-0.083984,-1.283203,0.000000,23.117538,48.000000
0.552734,-0.042969,-1.275391,0.000000,21.702618,48.000000
1.546875,0.146484,-0.064453,0.000000,28.115749,48.000000
1.591797,0.099609,-0.042969,0.000000,31.528996,48.000000
1.632812,0.101562,0.023438,0.000000,31.872387,48.000000
1.666016,0.105469,0.162109,0.000000,30.951693,48.000000
1.693359,0.107422,0.267578,0.000000,29.370161,48.000000
2.666016,-0.179688,1.029297,0.000000,31.717264,48.000000
2.742188,-0.181641,0.937500,0.000000,30.729847,48.000000
4.410156,-0.000000,1.078125,0.000000,28.727388,48.000000
4.416016,-0.142578,1.214844,0.000000,31.784014,48.000000
4.443359,-0.144531,1.263672,0.000000,30.962147,48.000000
4.765625,-0.453125,-0.621094,0.000000,30.322157,48.000000
0.041016,-0.033203,0.062500,0.000000,30.090258,48.000000
0.044922,-0.046875,0.103516,0.000000,29.003672,48.000000
0.113281,0.679688,1.392578,0.000000,25.224442,48.000000
0.011719,-0.039062,-0.007812,0.000000,30.633333,49.000000
0.017578,-0.080078,-0.007812,0.000000,31.892096,49.000000
0.029297,-0.119141,-0.005859,0.000000,30.107239,49.000000
0.056641,-0.154297,0.005859,0.000000,25.440680,49.000000
0.128906,-0.080078,1.259766,0.000000,23.117538,49.000000
0.408203,-0.083984,-1.283203,0.000000,23.096302,49.000000
