2.876953,-2.021484,-3.000000,0.000000,27.339993,0.000000
0.011719,-0.039062,-0.007812,0.000000,30.740847,1.000000
0.017578,-0.080078,-0.007812,0.000000,31.964525,1.000000
0.041016,-0.115234,-0.007812,0.000000,30.211893,1.000000
0.056641,-0.154297,0.005859,0.000000,25.465427,1.000000
0.330078,-0.080078,-1.220703,0.000000,21.931246,1.000000
0.294922,-0.041016,1.275391,0.000000,23.242825,1.000000
0.416016,-0.000000,1.285156,0.000000,21.903316,1.000000
2.072266,-0.000000,-0.240234,0.000000,26.720978,1.000000
2.109375,-0.000000,-0.273438,0.000000,30.733517,1.000000
2.146484,0.068359,-0.292969,0.000000,30.965624,1.000000
2.162109,0.138672,-0.427734,0.000000,27.209858,1.000000
2.539062,-0.263672,1.203125,0.000000,29.580858,1.000000
2.605469,-0.267578,1.156250,0.000000,32.808060,1.000000
2.677734,-0.181641,1.111328,0.000000,31.992065,1.000000
4.417969,-0.287109,1.181641,0.000000,30.751818,1.000000
4.478516,-0.289062,1.109375,0.000000,30.374266,1.000000
0.041016,-0.033203,0.062500,0.000000,30.128372,1.000000
0.044922,-0.046875,0.103516,0.000000,29.003672,1.000000
1.208984,0.357422,0.146484,0.000000,19.084850,1.000000
2.851562,-2.021484,-3.025391,0.000000,27.387806,1.000000
0.011719,-0.039062,-0.007812,0.000000,30.733517,2.000000
0.017578,-0.080078,-0.007812,0.000000,31.964525,2.000000
0.029297,-0.119141,-0.003906,0.000000,30.216026,2.000000
0.056641,-0.154297,0.005859,0.000000,25.465427,2.000000
0.363281,-0.080078,-1.212891,0.000000,21.931246,2.000000
0.267578,-0.041016,1.281250,0.000000,23.242825,2.000000
0.439453,-0.042969,1.275391,0.000000,21.903316,2.000000
2.107422,0.066406,-0.285156,0.000000,29.375179,2.000000
2.150391,0.068359,-0.273438,0.000000,30.464952,2.000000
2.181641,0.068359,-0.339844,0.000000,27.193314,2.000000
2.162109,-0.351562,0.513672,0.000000,26.106602,2.000000
2.587891,-0.263672,1.095703,0.000000,29.375179,2.000000
2.623047,-0.267578,1.119141,0.000000,32.757717,2.000000
2.675781,-0.271484,1.097656,0.000000,31.972805,2.000000
4.408203,-0.287109,1.216797,0.000000,30.663260,2.000000
4.462891,-0.289062,1.171875,0.000000,30.269417,2.000000
0.041016,-0.033203,0.062500,0.000000,30.132587,2.000000
0.052734,-0.042969,0.101562,0.000000,29.003672,2.000000
1.205078,0.357422,0.171875,0.000000,19.138138,2.000000
2.974609,-2.021484,-2.902344,0.000000,27.323938,2.000000
0.011719,-0.039062,-0.007812,0.000000,30.729847,3.000000
0.017578,-0.080078,-0.007812,0.000000,31.964525,3.000000
0.041016,-0.115234,-0.007812,0.000000,30.220158,3.000000
0.056641,-0.154297,0.005859,0.000000,25.490032,3.000000
0.371094,-0.080078,-1.210938,0.000000,21.931246,3.000000
0.257812,-0.041016,1.283203,0.000000,23.263359,3.000000
0.363281,-0.000000,1.300781,0.000000,21.931246,3.000000
2.517578,-0.263672,1.248047,0.000000,29.571281,3.000000
2.585938,-0.267578,1.201172,0.000000,32.805782,3.000000
2.648438,-0.271484,1.160156,0.000000,32.035767,3.000000
4.416016,-0.287109,1.187500,0.000000,30.614525,3.000000
4.460938,-0.433594,1.132812,0.000000,30.199467,3.000000
4.822266,-0.460938,0.789062,0.000000,30.538464,3.000000
4.884766,-0.308594,0.732422,0.000000,31.392492,3.000000
2.259766,0.365234,0.439453,0.614669,26.674530,3.000000
2.302734,0.371094,0.439453,0.614669,26.910814,3.000000
0.041016,-0.033203,0.062500,0.000000,30.136797,3.000000
0.052734,-0.042969,0.101562,0.000000,29.009130,3.000000
1.205078,0.357422,0.173828,0.000000,19.138138,3.000000
2.873047,-2.003906,-2.953125,0.000000,27.693773,3.000000
2.865234,-2.021484,-3.011719,0.000000,27.323938,3.000000
0.011719,-0.039062,-0.007812,0.000000,30.733517,4.000000
0.017578,-0.080078,-0.007812,0.000000,31.964525,4.000000
0.029297,-0.119141,-0.005859,0.000000,30.220158,4.000000
0.056641,-0.154297,0.005859,0.000000,25.477747,4.000000
0.343750,-0.080078,-1.218750,0.000000,21.903316,4.000000
0.281250,-0.041016,1.277344,0.000000,23.242825,4.000000
0.386719,-0.000000,1.292969,0.000000,21.903316,4.000000
2.552734,-0.263672,1.173828,0.000000,29.439888,4.000000
2.613281,-0.267578,1.140625,0.000000,32.757717,4.000000
2.679688,-0.181641,1.105469,0.000000,32.049335,4.000000
4.427734,-0.287109,1.144531,0.000000,31.014034,4.000000
4.464844,-0.433594,1.115234,0.000000,30.492180,4.000000
4.878906,-0.308594,0.779297,0.000000,30.421816,4.000000
2.271484,0.437500,0.296875,0.614669,26.608654,4.000000
2.310547,0.445312,0.302734,0.614669,28.363241,4.000000
2.355469,0.453125,0.267578,0.614669,26.655809,4.000000
2.093750,-0.000000,-0.380859,-0.614669,27.092699,4.000000
2.093750,0.068359,-0.556641,-0.614669,25.843311,4.000000
0.041016,-0.033203,0.062500,0.000000,30.128372,4.000000
0.044922,-0.046875,0.103516,0.000000,29.003672,4.000000
1.208984,0.357422,0.140625,0.000000,19.190781,4.000000
0.011719,-0.039062,-0.007812,0.000000,30.737183,5.000000
0.017578,-0.080078,-0.007812,0.000000,31.964525,5.000000
0.029297,-0.119141,-0.005859,0.000000,30.224283,5.000000
0.056641,-0.154297,0.005859,0.000000,25.502283,5.000000
0.332031,-0.080078,-1.220703,0.000000,21.875208,5.000000
0.304688,-0.041016,1.271484,0.000000,23.222193,5.000000
0.421875,-0.000000,1.283203,0.000000,21.875208,5.000000
2.076172,-0.000000,-0.195312,0.000000,26.570559,5.000000
2.119141,-0.066406,-0.164062,0.000000,28.709888,5.000000
2.167969,-0.000000,-0.056641,0.000000,27.355989,5.000000
2.523438,-0.263672,1.234375,0.000000,29.355072,5.000000
2.599609,-0.267578,1.171875,0.000000,32.814880,5.000000
2.671875,-0.271484,1.105469,0.000000,32.156376,5.000000
4.419922,-0.287109,1.175781,0.000000,30.856472,5.000000
4.478516,-0.289062,1.107422,0.000000,30.211893,5.000000
4.886719,-0.308594,0.730469,0.000000,30.507664,5.000000
0.041016,-0.033203,0.062500,0.000000,30.128372,5.000000
0.046875,-0.046875,0.103516,0.000000,29.009130,5.000000
1.210938,0.357422,0.125000,0.000000,19.190781,5.000000
2.828125,-2.003906,-2.996094,0.000000,27.874605,5.000000
2.808594,-2.021484,-3.062500,0.000000,27.347998,5.000000
0.011719,-0.039062,-0.007812,0.000000,30.733517,6.000000
0.017578,-0.080078,-0.007812,0.000000,31.964525,6.000000
0.029297,-0.119141,-0.005859,0.000000,30.220158,6.000000
0.056641,-0.154297,0.005859,0.000000,25.490032,6.000000
0.367188,-0.080078,-1.210938,0.000000,21.903316,6.000000
0.273438,-0.041016,1.279297,0.000000,23.263359,6.000000
0.382812,-0.000000,1.294922,0.000000,21.931246,6.000000
2.072266,-0.000000,-0.232422,0.000000,27.160034,6.000000
2.125000,-0.000000,-0.103516,0.000000,28.567289,6.000000
2.154297,-0.068359,0.226562,0.000000,26.304279,6.000000
2.564453,-0.263672,1.148438,0.000000,29.415113,6.000000
2.615234,-0.267578,1.136719,0.000000,32.732327,6.000000
2.673828,-0.271484,1.101562,0.000000,31.920095,6.000000
4.416016,-0.287109,1.187500,0.000000,30.644581,6.000000
4.464844,-0.289062,1.158203,0.000000,29.947569,6.000000
4.796875,-0.453125,-0.292969,0.000000,30.166155,6.000000
4.875000,-0.308594,0.798828,0.000000,30.835026,6.000000
0.041016,-0.033203,0.062500,0.000000,30.128372,6.000000
0.046875,-0.046875,0.103516,0.000000,29.003672,6.000000
1.117188,-0.515625,0.306641,0.000000,19.084850,6.000000
2.974609,-2.021484,-2.902344,0.000000,27.118073,6.000000
0.011719,-0.039062,-0.007812,0.000000,30.733517,7.000000
0.017578,-0.080078,-0.007812,0.000000,31.964525,7.000000
0.029297,-0.119141,-0.005859,0.000000,30.220158,7.000000
0.056641,-0.154297,0.005859,0.000000,25.490032,7.000000
0.333984,-0.080078,-1.220703,0.000000,21.903316,7.000000
0.255859,-0.041016,1.283203,0.000000,23.222193,7.000000
0.378906,-0.000000,1.294922,0.000000,21.875208,7.000000
2.080078,-0.000000,-0.166016,0.000000,27.299744,7.000000
2.115234,-0.000000,-0.230469,0.000000,28.469553,7.000000
2.093750,-0.000000,-0.560547,0.000000,26.170004,7.000000
2.498047,-0.263672,1.287109,0.000000,29.395193,7.000000
2.585938,-0.267578,1.199219,0.000000,32.830750,7.000000
2.654297,-0.271484,1.148438,0.000000,32.087101,7.000000
4.416016,-0.287109,1.183594,0.000000,30.927206,7.000000
4.474609,-0.289062,1.121094,0.000000,30.342272,7.000000
4.746094,-0.449219,-0.414062,0.000000,30.166155,7.000000
4.792969,-0.453125,-0.355469,0.000000,31.020905,7.000000
4.863281,-0.464844,0.794922,0.000000,30.707766,7.000000
0.041016,-0.033203,0.062500,0.000000,30.128372,7.000000
0.044922,-0.046875,0.103516,0.000000,29.003672,7.000000
1.207031,0.357422,0.154297,0.000000,19.030899,7.000000
1.476562,-0.812500,1.363281,0.000000,23.201464,7.000000
2.783203,-2.021484,-3.087891,0.000000,27.403627,7.000000
0.011719,-0.039062,-0.007812,0.000000,30.729847,8.000000
0.017578,-0.080078,-0.007812,0.000000,31.961761,8.000000
0.041016,-0.115234,-0.007812,0.000000,30.216026,8.000000
0.056641,-0.154297,0.005859,0.000000,25.477747,8.000000
0.351562,-0.080078,-1.216797,0.000000,21.903316,8.000000
0.287109,-0.041016,1.277344,0.000000,23.242825,8.000000
0.496094,-0.042969,1.255859,0.000000,21.931246,8.000000
2.125000,-0.000000,0.074219,0.000000,28.579353,8.000000
2.167969,-0.000000,0.064453,0.000000,27.641762,8.000000
2.607422,-0.263672,1.048828,0.000000,29.745117,8.000000
2.630859,-0.267578,1.095703,0.000000,32.981979,8.000000
2.685547,-0.181641,1.091797,0.000000,32.201080,8.000000
4.425781,-0.287109,1.150391,0.000000,31.048285,8.000000
4.480469,-0.289062,1.101562,0.000000,30.417873,8.000000
4.832031,-0.464844,0.964844,0.000000,30.969101,8.000000
0.041016,-0.033203,0.062500,0.000000,30.128372,8.000000
0.052734,-0.042969,0.101562,0.000000,29.003672,8.000000
1.203125,0.357422,0.179688,0.000000,19.084850,8.000000
2.771484,-2.021484,-3.097656,0.000000,27.535831,8.000000
0.011719,-0.039062,-0.007812,0.000000,30.744507,9.000000
0.017578,-0.080078,-0.007812,0.000000,31.967287,9.000000
0.041016,-0.115234,-0.007812,0.000000,30.216026,9.000000
0.056641,-0.154297,0.005859,0.000000,25.477747,9.000000
0.353516,-0.080078,-1.214844,0.000000,21.931246,9.000000
0.285156,-0.041016,1.277344,0.000000,23.263359,9.000000
0.419922,-0.000000,1.283203,0.000000,21.958996,9.000000
2.060547,-0.000000,-0.324219,0.000000,28.727388,9.000000
2.099609,-0.000000,-0.335938,0.000000,30.203613,9.000000
2.121094,-0.000000,-0.445312,0.000000,27.902851,9.000000
2.558594,-0.263672,1.160156,0.000000,29.196011,9.000000
2.619141,-0.267578,1.125000,0.000000,32.739269,9.000000
2.683594,-0.271484,1.074219,0.000000,32.135178,9.000000
4.429688,-0.287109,1.132812,0.000000,30.909630,9.000000
4.484375,-0.289062,1.082031,0.000000,30.338257,9.000000
4.863281,-0.464844,0.798828,0.000000,30.744507,9.000000
0.041016,-0.033203,0.062500,0.000000,30.128372,9.000000
0.044922,-0.046875,0.103516,0.000000,29.009130,9.000000
1.207031,0.357422,0.150391,0.000000,19.138138,9.000000
2.701172,-2.003906,-3.111328,0.000000,27.909885,9.000000
2.728516,-2.021484,-3.134766,0.000000,27.450748,9.000000
0.011719,-0.039062,-0.007812,0.000000,30.737183,10.000000
0.017578,-0.080078,-0.007812,0.000000,31.961761,10.000000
0.041016,-0.115234,-0.007812,0.000000,30.216026,10.000000
0.056641,-0.154297,0.005859,0.000000,25.477747,10.000000
0.369141,-0.080078,-1.210938,0.000000,21.903316,10.000000
0.279297,-0.041016,1.277344,0.000000,23.242825,10.000000
0.412109,-0.000000,1.285156,0.000000,21.931246,10.000000
2.117188,-0.132812,-0.146484,0.000000,26.180481,10.000000
2.462891,-0.263672,1.353516,0.000000,29.464523,10.000000
2.576172,-0.267578,1.218750,0.000000,32.814880,10.000000
2.656250,-0.181641,1.160156,0.000000,31.989319,10.000000
4.414062,-0.287109,1.195312,0.000000,30.780941,10.000000
4.470703,-0.289062,1.138672,0.000000,30.182842,10.000000
4.851562,-0.306641,0.681641,0.000000,30.265333,10.000000
4.871094,-0.308594,0.822266,0.000000,30.788193,10.000000
0.041016,-0.033203,0.062500,0.000000,30.128372,10.000000
0.044922,-0.046875,0.103516,0.000000,29.003672,10.000000
1.121094,-0.515625,0.296875,0.000000,19.084850,10.000000
2.867188,-2.003906,-2.958984,0.000000,27.860413,10.000000
2.849609,-2.021484,-3.027344,0.000000,27.363964,10.000000
0.011719,-0.039062,-0.007812,0.000000,30.740847,11.000000
0.017578,-0.080078,-0.007812,0.000000,31.964525,11.000000
0.029297,-0.119141,-0.005859,0.000000,30.216026,11.000000
0.056641,-0.154297,0.005859,0.000000,25.477747,11.000000
0.337891,-0.080078,-1.218750,0.000000,21.931246,11.000000
0.302734,-0.041016,1.273438,0.000000,23.263359,11.000000
0.402344,-0.000000,1.289062,0.000000,21.931246,11.000000
2.066406,-0.064453,-0.281250,0.000000,28.444771,11.000000
2.111328,-0.000000,-0.261719,0.000000,30.986437,11.000000
2.152344,-0.000000,-0.251953,0.000000,30.285713,11.000000
2.195312,-0.000000,-0.236328,0.000000,27.226339,11.000000
2.539062,-0.263672,1.203125,0.000000,29.652018,11.000000
2.613281,-0.267578,1.140625,0.000000,32.893658,11.000000
2.693359,-0.181641,1.070312,0.000000,32.081726,11.000000
4.419922,-0.287109,1.169922,0.000000,30.813473,11.000000
4.474609,-0.289062,1.119141,0.000000,30.166155,11.000000
4.818359,-0.460938,0.820312,0.000000,30.145205,11.000000
4.875000,-0.308594,0.800781,0.000000,30.881361,11.000000
0.041016,-0.033203,0.062500,0.000000,30.128372,11.000000
0.052734,-0.042969,0.101562,0.000000,29.003672,11.000000
1.208984,0.357422,0.140625,0.000000,19.084850,11.000000
2.818359,-2.003906,-3.003906,0.000000,27.853298,11.000000
2.812500,-2.021484,-3.060547,0.000000,27.315887,11.000000
0.011719,-0.039062,-0.007812,0.000000,30.733517,12.000000
0.017578,-0.080078,-0.007812,0.000000,31.961761,12.000000
0.029297,-0.119141,-0.005859,0.000000,30.216026,12.000000
0.056641,-0.154297,0.005859,0.000000,25.477747,12.000000
0.355469,-0.080078,-1.214844,0.000000,21.931246,12.000000
0.306641,-0.041016,1.271484,0.000000,23.263359,12.000000
0.429688,-0.000000,1.279297,0.000000,21.931246,12.000000
2.505859,-0.263672,1.273438,0.000000,29.464523,12.000000
2.599609,-0.267578,1.167969,0.000000,32.785248,12.000000
2.673828,-0.181641,1.117188,0.000000,31.970047,12.000000
4.417969,-0.287109,1.177734,0.000000,30.806265,12.000000
4.470703,-0.289062,1.134766,0.000000,30.157787,12.000000
4.886719,-0.308594,0.718750,0.000000,30.492180,12.000000
0.041016,-0.033203,0.062500,0.000000,30.128372,12.000000
0.044922,-0.046875,0.103516,0.000000,29.003672,12.000000
1.210938,0.357422,0.128906,0.000000,19.084850,12.000000
2.851562,-2.021484,-3.023438,0.000000,27.242758,12.000000
0.011719,-0.039062,-0.007812,0.000000,30.729847,13.000000
0.017578,-0.080078,-0.007812,0.000000,31.964525,13.000000
0.029297,-0.119141,-0.005859,0.000000,30.220158,13.000000
0.056641,-0.154297,0.005859,0.000000,25.490032,13.000000
0.369141,-0.080078,-1.210938,0.000000,21.903316,13.000000
0.283203,-0.041016,1.277344,0.000000,23.222193,13.000000
0.394531,-0.000000,1.291016,0.000000,21.875208,13.000000
2.115234,-0.000000,-0.224609,0.000000,25.740313,13.000000
2.587891,-0.263672,1.097656,0.000000,29.523081,13.000000
2.623047,-0.267578,1.117188,0.000000,32.808060,13.000000
2.675781,-0.181641,1.117188,0.000000,32.005768,13.000000
4.416016,-0.287109,1.183594,0.000000,30.777311,13.000000
4.468750,-0.289062,1.148438,0.000000,30.107239,13.000000
4.826172,-0.460938,0.763672,0.000000,30.017338,13.000000
4.892578,-0.308594,0.681641,0.000000,30.877813,13.000000
0.041016,-0.033203,0.062500,0.000000,30.132587,13.000000
0.052734,-0.042969,0.101562,0.000000,29.003672,13.000000
1.113281,-0.515625,0.322266,0.000000,19.138138,13.000000
2.843750,-2.003906,-2.980469,0.000000,27.831886,13.000000
2.843750,-2.021484,-3.031250,0.000000,27.315887,13.000000
0.011719,-0.039062,-0.007812,0.000000,30.726175,14.000000
0.017578,-0.080078,-0.007812,0.000000,31.964525,14.000000
0.029297,-0.119141,-0.005859,0.000000,30.220158,14.000000
0.056641,-0.154297,0.005859,0.000000,25.490032,14.000000
0.378906,-0.080078,-1.207031,0.000000,21.931246,14.000000
0.250000,-0.041016,1.283203,0.000000,23.242825,14.000000
0.367188,-0.000000,1.298828,0.000000,21.903316,14.000000
2.037109,0.064453,-0.445312,0.000000,27.134905,14.000000
2.070312,0.066406,-0.480469,0.000000,27.937904,14.000000
2.513672,-0.263672,1.255859,0.000000,29.425041,14.000000
2.583984,-0.267578,1.207031,0.000000,32.780674,14.000000
2.638672,-0.271484,1.183594,0.000000,31.975563,14.000000
4.416016,-0.287109,1.183594,0.000000,30.845762,14.000000
4.460938,-0.289062,1.175781,0.000000,30.174507,14.000000
4.878906,-0.308594,0.771484,0.000000,30.692980,14.000000
0.041016,-0.033203,0.062500,0.000000,30.128372,14.000000
0.044922,-0.046875,0.103516,0.000000,29.003672,14.000000
1.205078,0.357422,0.166016,0.000000,19.084850,14.000000
2.958984,-2.021484,-2.919922,0.000000,27.283537,14.000000
0.011719,-0.039062,-0.007812,0.000000,30.729847,15.000000
0.017578,-0.080078,-0.007812,0.000000,31.961761,15.000000
0.041016,-0.115234,-0.007812,0.000000,30.211893,15.000000
0.056641,-0.154297,0.005859,0.000000,25.477747,15.000000
0.398438,-0.080078,-1.201172,0.000000,21.903316,15.000000
0.246094,-0.041016,1.285156,0.000000,23.222193,15.000000
0.371094,-0.000000,1.298828,0.000000,21.875208,15.000000
2.115234,-0.000000,-0.222656,0.000000,27.520485,15.000000
2.542969,-0.263672,1.195312,0.000000,29.484129,15.000000
2.599609,-0.267578,1.171875,0.000000,32.833012,15.000000
2.652344,-0.271484,1.152344,0.000000,32.030331,15.000000
4.421875,-0.287109,1.167969,0.000000,30.780941,15.000000
4.470703,-0.289062,1.138672,0.000000,30.094509,15.000000
4.888672,-0.308594,0.705078,0.000000,30.809870,15.000000
0.041016,-0.033203,0.062500,0.000000,30.136797,15.000000
0.044922,-0.046875,0.103516,0.000000,29.009130,15.000000
1.208984,0.357422,0.146484,0.000000,19.030899,15.000000
2.808594,-2.003906,-3.015625,0.000000,27.824726,15.000000
2.837891,-2.021484,-3.037109,0.000000,27.291647,15.000000
0.011719,-0.039062,-0.007812,0.000000,30.737183,16.000000
0.017578,-0.080078,-0.007812,0.000000,31.964525,16.000000
0.041016,-0.115234,-0.007812,0.000000,30.220158,16.000000
0.056641,-0.154297,0.005859,0.000000,25.477747,16.000000
0.359375,-0.080078,-1.212891,0.000000,21.903316,16.000000
0.275391,-0.041016,1.279297,0.000000,23.242825,16.000000
0.458984,-0.042969,1.267578,0.000000,21.931246,16.000000
2.525391,-0.263672,1.232422,0.000000,29.425041,16.000000
2.613281,-0.267578,1.140625,0.000000,32.773800,16.000000
2.687500,-0.181641,1.085938,0.000000,32.013969,16.000000
4.419922,-0.287109,1.171875,0.000000,30.895519,16.000000
4.468750,-0.289062,1.146484,0.000000,30.273497,16.000000
4.886719,-0.308594,0.718750,0.000000,30.655798,16.000000
0.041016,-0.033203,0.062500,0.000000,30.132587,16.000000
0.044922,-0.046875,0.103516,0.000000,29.009130,16.000000
1.205078,0.357422,0.171875,0.000000,19.030899,16.000000
2.837891,-2.003906,-2.986328,0.000000,27.895807,16.000000
2.880859,-2.021484,-2.998047,0.000000,27.363964,16.000000
0.011719,-0.039062,-0.007812,0.000000,30.740847,17.000000
0.017578,-0.080078,-0.007812,0.000000,31.970047,17.000000
0.029297,-0.119141,-0.003906,0.000000,30.224283,17.000000
0.056641,-0.154297,0.005859,0.000000,25.490032,17.000000
0.386719,-0.080078,-1.205078,0.000000,21.958996,17.000000
0.250000,-0.041016,1.285156,0.000000,23.263359,17.000000
0.421875,-0.042969,1.281250,0.000000,21.931246,17.000000
2.556641,-0.263672,1.166016,0.000000,29.484129,17.000000
2.613281,-0.267578,1.138672,0.000000,32.760021,17.000000
2.683594,-0.181641,1.097656,0.000000,31.956230,17.000000
4.417969,-0.287109,1.177734,0.000000,30.817072,17.000000
4.470703,-0.289062,1.142578,0.000000,30.098757,17.000000
4.882812,-0.308594,0.755859,0.000000,30.696680,17.000000
0.041016,-0.033203,0.062500,0.000000,30.136797,17.000000
0.044922,-0.046875,0.103516,0.000000,29.003672,17.000000
1.207031,0.357422,0.160156,0.000000,19.190781,17.000000
2.917969,-2.021484,-2.960938,0.000000,27.242758,17.000000
0.011719,-0.039062,-0.007812,0.000000,30.733517,18.000000
0.017578,-0.080078,-0.007812,0.000000,31.964525,18.000000
0.029297,-0.119141,-0.005859,0.000000,30.220158,18.000000
0.056641,-0.154297,0.005859,0.000000,25.477747,18.000000
0.375000,-0.080078,-1.208984,0.000000,21.986570,18.000000
0.261719,-0.041016,1.281250,0.000000,23.283796,18.000000
0.396484,-0.000000,1.291016,0.000000,21.958996,18.000000
2.083984,-0.000000,-0.097656,0.000000,29.175055,18.000000
2.125000,-0.000000,-0.076172,0.000000,31.085649,18.000000
2.167969,-0.000000,-0.019531,0.000000,30.043213,18.000000
2.208984,-0.000000,0.039062,0.000000,26.618126,18.000000
2.525391,-0.263672,1.230469,0.000000,29.304396,18.000000
2.595703,-0.267578,1.179688,0.000000,32.690456,18.000000
2.642578,-0.271484,1.171875,0.000000,31.908916,18.000000
4.410156,-0.287109,1.205078,0.000000,30.689276,18.000000
4.457031,-0.289062,1.195312,0.000000,29.978231,18.000000
4.878906,-0.308594,0.769531,0.000000,30.700378,18.000000
0.041016,-0.033203,0.062500,0.000000,30.132587,18.000000
0.046875,-0.046875,0.103516,0.000000,29.003672,18.000000
1.208984,0.357422,0.144531,0.000000,19.190781,18.000000
2.884766,-2.003906,-2.941406,0.000000,27.693773,18.000000
2.982422,-2.021484,-2.894531,0.000000,27.118073,18.000000
0.011719,-0.039062,-0.007812,0.000000,30.740847,19.000000
0.017578,-0.080078,-0.007812,0.000000,31.967287,19.000000
0.029297,-0.119141,-0.003906,0.000000,30.224283,19.000000
0.056641,-0.154297,0.005859,0.000000,25.502283,19.000000
0.335938,-0.080078,-1.220703,0.000000,21.903316,19.000000
0.271484,-0.041016,1.279297,0.000000,23.242825,19.000000
0.388672,-0.000000,1.292969,0.000000,21.903316,19.000000
2.076172,-0.000000,-0.205078,0.000000,26.580114,19.000000
2.121094,-0.000000,-0.154297,0.000000,28.943161,19.000000
2.166016,-0.068359,-0.074219,0.000000,28.609365,19.000000
2.203125,-0.138672,-0.074219,0.000000,26.551384,19.000000
2.537109,-0.263672,1.207031,0.000000,29.242792,19.000000
2.613281,-0.267578,1.140625,0.000000,32.671719,19.000000
2.685547,-0.181641,1.091797,0.000000,31.922886,19.000000
4.417969,-0.287109,1.179688,0.000000,30.820669,19.000000
4.478516,-0.289062,1.105469,0.000000,30.153597,19.000000
4.865234,-0.464844,0.787109,0.000000,30.802656,19.000000
0.041016,-0.033203,0.062500,0.000000,30.132587,19.000000
0.044922,-0.046875,0.103516,0.000000,29.009130,19.000000
1.208984,0.357422,0.134766,0.000000,19.138138,19.000000
2.843750,-2.003906,-2.980469,0.000000,27.881683,19.000000
2.826172,-2.021484,-3.048828,0.000000,27.267273,19.000000
0.011719,-0.039062,-0.007812,0.000000,30.733517,20.000000
0.017578,-0.080078,-0.007812,0.000000,31.961761,20.000000
0.041016,-0.115234,-0.007812,0.000000,30.211893,20.000000
0.056641,-0.154297,0.005859,0.000000,25.465427,20.000000
0.386719,-0.080078,-1.205078,0.000000,21.931246,20.000000
0.269531,-0.041016,1.279297,0.000000,23.263359,20.000000
0.394531,-0.000000,1.291016,0.000000,21.931246,20.000000
2.126953,-0.000000,0.017578,0.000000,26.627579,20.000000
2.537109,-0.263672,1.210938,0.000000,29.523081,20.000000
2.611328,-0.267578,1.146484,0.000000,32.862320,20.000000
2.677734,-0.271484,1.093750,0.000000,32.127201,20.000000
4.421875,-0.287109,1.166016,0.000000,31.048285,20.000000
4.476562,-0.289062,1.115234,0.000000,30.515385,20.000000
4.785156,-0.306641,1.050781,0.000000,29.656719,20.000000
4.855469,-0.308594,0.914062,0.000000,31.055101,20.000000
0.041016,-0.033203,0.062500,0.000000,30.128372,20.000000
0.044922,-0.046875,0.103516,0.000000,29.003672,20.000000
1.113281,-0.474609,0.378906,0.000000,18.976271,20.000000
2.791016,-2.003906,-3.031250,0.000000,28.068581,20.000000
2.798828,-2.021484,-3.072266,0.000000,27.581547,20.000000
0.011719,-0.039062,-0.007812,0.000000,30.744507,21.000000
0.017578,-0.080078,-0.007812,0.000000,31.967287,21.000000
0.041016,-0.115234,-0.007812,0.000000,30.220158,21.000000
0.056641,-0.154297,0.005859,0.000000,25.477747,21.000000
0.384766,-0.080078,-1.205078,0.000000,21.931246,21.000000
0.253906,-0.041016,1.283203,0.000000,23.263359,21.000000
0.371094,-0.000000,1.298828,0.000000,21.931246,21.000000
2.117188,-0.199219,-0.076172,0.000000,26.304279,21.000000
2.314453,0.519531,0.001953,0.000000,27.543484,21.000000
2.505859,-0.263672,1.271484,0.000000,29.552065,21.000000
2.582031,-0.267578,1.208984,0.000000,32.794388,21.000000
2.654297,-0.181641,1.166016,0.000000,31.978317,21.000000
4.419922,-0.287109,1.171875,0.000000,30.773680,21.000000
4.474609,-0.289062,1.123047,0.000000,30.107239,21.000000
4.871094,-0.308594,0.828125,0.000000,30.425755,21.000000
0.041016,-0.033203,0.062500,0.000000,30.128372,21.000000
0.044922,-0.046875,0.103516,0.000000,29.003672,21.000000
1.205078,0.357422,0.167969,0.000000,18.976271,21.000000
2.781250,-2.003906,-3.039062,0.000000,27.895807,21.000000
2.779297,-2.021484,-3.089844,0.000000,27.323938,21.000000
0.011719,-0.039062,-0.007812,0.000000,30.733517,22.000000
0.017578,-0.080078,-0.007812,0.000000,31.961761,22.000000
0.029297,-0.119141,-0.003906,0.000000,30.216026,22.000000
0.056641,-0.154297,0.005859,0.000000,25.477747,22.000000
0.347656,-0.080078,-1.216797,0.000000,21.903316,22.000000
0.300781,-0.041016,1.273438,0.000000,23.263359,22.000000
0.423828,-0.000000,1.281250,0.000000,22.013971,22.000000
2.115234,0.066406,-0.208984,0.000000,26.839472,22.000000
2.156250,-0.000000,-0.232422,0.000000,26.374897,22.000000
2.515625,-0.263672,1.251953,0.000000,29.513374,22.000000
2.601562,-0.267578,1.164062,0.000000,32.766914,22.000000
2.687500,-0.271484,1.064453,0.000000,31.989319,22.000000
4.412109,-0.287109,1.205078,0.000000,30.784569,22.000000
4.474609,-0.289062,1.125000,0.000000,30.191162,22.000000
4.875000,-0.308594,0.802734,0.000000,30.707766,22.000000
0.041016,-0.033203,0.062500,0.000000,30.128372,22.000000
0.044922,-0.046875,0.103516,0.000000,28.998205,22.000000
1.205078,0.357422,0.167969,0.000000,19.190781,22.000000
2.875000,-2.003906,-2.951172,0.000000,27.824726,22.000000
2.839844,-2.021484,-3.035156,0.000000,27.291647,22.000000
0.011719,-0.039062,-0.007812,0.000000,30.737183,23.000000
0.017578,-0.080078,-0.007812,0.000000,31.964525,23.000000
0.041016,-0.115234,-0.007812,0.000000,30.216026,23.000000
0.056641,-0.154297,0.005859,0.000000,25.477747,23.000000
0.363281,-0.080078,-1.212891,0.000000,21.931246,23.000000
0.267578,-0.041016,1.281250,0.000000,23.242825,23.000000
0.376953,-0.000000,1.296875,0.000000,21.931246,23.000000
2.078125,-0.000000,-0.177734,0.000000,27.730547,23.000000
2.123047,-0.000000,-0.119141,0.000000,30.678144,23.000000
2.167969,-0.000000,-0.044922,0.000000,30.216026,23.000000
2.210938,-0.351562,-0.232422,0.000000,26.473829,23.000000
2.554688,-0.263672,1.169922,0.000000,29.508514,23.000000
2.599609,-0.267578,1.169922,0.000000,32.762321,23.000000
2.664062,-0.181641,1.142578,0.000000,31.903316,23.000000
4.421875,-0.287109,1.166016,0.000000,30.856472,23.000000
4.460938,-0.433594,1.128906,0.000000,30.261246,23.000000
4.886719,-0.308594,0.718750,0.000000,30.496056,23.000000
0.041016,-0.033203,0.062500,0.000000,30.128372,23.000000
0.044922,-0.046875,0.103516,0.000000,29.003672,23.000000
1.207031,0.357422,0.162109,0.000000,19.138138,23.000000
2.800781,-2.003906,-3.021484,0.000000,27.853298,23.000000
2.798828,-2.021484,-3.072266,0.000000,27.339993,23.000000
0.011719,-0.039062,-0.007812,0.000000,30.733517,24.000000
0.017578,-0.080078,-0.007812,0.000000,31.964525,24.000000
0.041016,-0.115234,-0.007812,0.000000,30.216026,24.000000
0.056641,-0.154297,0.005859,0.000000,25.490032,24.000000
0.337891,-0.080078,-1.220703,0.000000,21.903316,24.000000
0.296875,-0.041016,1.273438,0.000000,23.222193,24.000000
0.482422,-0.042969,1.259766,0.000000,21.903316,24.000000
2.117188,-0.066406,-0.187500,0.000000,28.344208,24.000000
2.166016,-0.000000,-0.089844,0.000000,27.403627,24.000000
2.167969,-0.414062,0.062500,0.000000,25.550945,24.000000
2.191406,-0.492188,0.132812,0.000000,26.919651,24.000000
2.574219,-0.263672,1.128906,0.000000,29.527924,24.000000
2.611328,-0.267578,1.144531,0.000000,32.835274,24.000000
2.662109,-0.181641,1.146484,0.000000,32.049335,24.000000
4.414062,-0.287109,1.191406,0.000000,30.791813,24.000000
4.464844,-0.289062,1.158203,0.000000,30.111473,24.000000
4.880859,-0.308594,0.765625,0.000000,30.515385,24.000000
0.041016,-0.033203,0.062500,0.000000,30.132587,24.000000
0.052734,-0.042969,0.101562,0.000000,29.003672,24.000000
1.207031,0.357422,0.154297,0.000000,19.084850,24.000000
2.804688,-2.003906,-3.017578,0.000000,27.853298,24.000000
2.869141,-2.021484,-3.007812,0.000000,27.250946,24.000000
0.011719,-0.039062,-0.007812,0.000000,30.737183,25.000000
0.017578,-0.080078,-0.007812,0.000000,31.964525,25.000000
0.029297,-0.119141,-0.005859,0.000000,30.220158,25.000000
0.056641,-0.154297,0.005859,0.000000,25.477747,25.000000
0.384766,-0.080078,-1.205078,0.000000,21.931246,25.000000
0.259766,-0.041016,1.283203,0.000000,23.242825,25.000000
0.396484,-0.000000,1.291016,0.000000,21.875208,25.000000
2.103516,-0.066406,-0.304688,0.000000,27.774269,25.000000
2.154297,-0.068359,-0.234375,0.000000,27.512791,25.000000
2.191406,-0.275391,0.056641,0.000000,26.875290,25.000000
2.214844,-0.351562,0.179688,0.000000,27.143297,25.000000
2.589844,-0.175781,1.105469,0.000000,29.090208,25.000000
2.611328,-0.267578,1.142578,0.000000,32.683437,25.000000
2.658203,-0.271484,1.140625,0.000000,31.950689,25.000000
4.416016,-0.287109,1.185547,0.000000,31.075491,25.000000
4.453125,-0.433594,1.164062,0.000000,30.715137,25.000000
4.824219,-0.460938,0.785156,0.000000,30.390173,25.000000
4.884766,-0.308594,0.732422,0.000000,31.102530,25.000000
0.041016,-0.033203,0.062500,0.000000,30.132587,25.000000
0.044922,-0.046875,0.103516,0.000000,29.009130,25.000000
1.205078,0.357422,0.167969,0.000000,19.138138,25.000000
0.011719,-0.039062,-0.007812,0.000000,30.733517,26.000000
0.017578,-0.080078,-0.007812,0.000000,31.964525,26.000000
0.041016,-0.115234,-0.007812,0.000000,30.216026,26.000000
0.056641,-0.154297,0.005859,0.000000,25.490032,26.000000
0.375000,-0.080078,-1.208984,0.000000,21.903316,26.000000
0.283203,-0.041016,1.277344,0.000000,23.222193,26.000000
0.466797,-0.042969,1.265625,0.000000,21.903316,26.000000
2.097656,0.066406,-0.341797,0.000000,29.190781,26.000000
2.144531,0.068359,-0.316406,0.000000,29.375179,26.000000
2.175781,0.138672,-0.359375,0.000000,25.877110,26.000000
2.228516,0.142578,0.509766,0.000000,27.474117,26.000000
2.275391,0.218750,0.462891,0.000000,29.479237,26.000000
2.318359,0.296875,0.412109,0.000000,28.733206,26.000000
2.523438,-0.263672,1.238281,0.000000,29.047155,26.000000
2.599609,-0.267578,1.167969,0.000000,32.659966,26.000000
2.671875,-0.271484,1.107422,0.000000,31.908916,26.000000
4.416016,-0.287109,1.185547,0.000000,30.595634,26.000000
4.476562,-0.289062,1.117188,0.000000,29.912260,26.000000
4.816406,-0.460938,0.830078,0.000000,30.542299,26.000000
4.878906,-0.308594,0.775391,0.000000,31.166077,26.000000
0.041016,-0.033203,0.062500,0.000000,30.132587,26.000000
0.052734,-0.042969,0.101562,0.000000,29.009130,26.000000
1.208984,0.357422,0.136719,0.000000,19.138138,26.000000
2.675781,-2.003906,-3.132812,0.000000,27.831886,26.000000
2.595703,-2.021484,-3.246094,0.000000,27.160034,26.000000
0.011719,-0.039062,-0.007812,0.000000,30.722500,27.000000
0.017578,-0.080078,-0.007812,0.000000,31.958996,27.000000
0.041016,-0.115234,-0.007812,0.000000,30.211893,27.000000
0.056641,-0.154297,0.005859,0.000000,25.465427,27.000000
0.351562,-0.080078,-1.216797,0.000000,21.903316,27.000000
0.302734,-0.041016,1.273438,0.000000,23.242825,27.000000
0.414062,-0.000000,1.285156,0.000000,21.931246,27.000000
2.572266,-0.263672,1.128906,0.000000,29.740509,27.000000
2.613281,-0.267578,1.140625,0.000000,32.900345,27.000000
2.656250,-0.271484,1.144531,0.000000,32.038486,27.000000
4.421875,-0.287109,1.166016,0.000000,31.020905,27.000000
4.478516,-0.289062,1.109375,0.000000,30.433622,27.000000
4.814453,-0.460938,0.837891,0.000000,30.637085,27.000000
4.847656,-0.464844,0.888672,0.000000,31.348145,27.000000
0.041016,-0.033203,0.062500,0.000000,30.124153,27.000000
0.044922,-0.046875,0.103516,0.000000,28.998205,27.000000
1.207031,0.357422,0.158203,0.000000,19.084850,27.000000
2.658203,-2.003906,-3.148438,0.000000,28.061800,27.000000
2.562500,-2.021484,-3.273438,0.000000,27.489628,27.000000
0.011719,-0.039062,-0.007812,0.000000,30.726175,28.000000
0.017578,-0.080078,-0.007812,0.000000,31.961761,28.000000
0.029297,-0.119141,-0.005859,0.000000,30.216026,28.000000
0.056641,-0.154297,0.005859,0.000000,25.465427,28.000000
0.373047,-0.080078,-1.208984,0.000000,21.846914,28.000000
0.267578,-0.041016,1.281250,0.000000,23.222193,28.000000
0.396484,-0.000000,1.291016,0.000000,21.903316,28.000000
2.117188,-0.000000,-0.203125,0.000000,27.551123,28.000000
2.164062,-0.000000,-0.136719,0.000000,27.176704,28.000000
2.171875,-0.345703,0.207031,0.000000,26.364880,28.000000
2.193359,-0.351562,0.355469,0.000000,27.218105,28.000000
2.576172,-0.175781,1.140625,0.000000,29.036325,28.000000
2.628906,-0.179688,1.123047,0.000000,32.676411,28.000000
2.673828,-0.181641,1.119141,0.000000,31.992065,28.000000
4.417969,-0.287109,1.177734,0.000000,30.852905,28.000000
4.466797,-0.433594,1.107422,0.000000,30.257154,28.000000
4.816406,-0.460938,0.824219,0.000000,30.261246,28.000000
4.886719,-0.308594,0.730469,0.000000,30.770042,28.000000
0.041016,-0.033203,0.062500,0.000000,30.128372,28.000000
0.044922,-0.046875,0.103516,0.000000,29.003672,28.000000
1.207031,0.357422,0.160156,0.000000,19.084850,28.000000
2.765625,-2.003906,-3.052734,0.000000,27.881683,28.000000
2.703125,-2.021484,-3.156250,0.000000,27.339993,28.000000
0.011719,-0.039062,-0.007812,0.000000,30.737183,29.000000
0.017578,-0.080078,-0.007812,0.000000,31.964525,29.000000
0.029297,-0.119141,-0.005859,0.000000,30.220158,29.000000
0.056641,-0.154297,0.005859,0.000000,25.490032,29.000000
0.373047,-0.080078,-1.208984,0.000000,21.846914,29.000000
0.271484,-0.041016,1.279297,0.000000,23.222193,29.000000
0.373047,-0.000000,1.296875,0.000000,21.903316,29.000000
2.080078,-0.000000,-0.162109,0.000000,26.857418,29.000000
2.119141,-0.000000,-0.193359,0.000000,28.893017,29.000000
2.160156,0.068359,-0.173828,0.000000,26.848454,29.000000
2.542969,-0.263672,1.197266,0.000000,29.324738,29.000000
2.595703,-0.267578,1.177734,0.000000,32.741577,29.000000
2.656250,-0.271484,1.140625,0.000000,32.027607,29.000000
4.419922,-0.287109,1.171875,0.000000,30.976044,29.000000
4.472656,-0.289062,1.128906,0.000000,30.461048,29.000000
4.880859,-0.308594,0.767578,0.000000,30.729847,29.000000
2.300781,0.371094,0.449219,0.614669,27.715876,29.000000
1.632812,-2.691406,0.517578,1.229337,21.613680,29.000000
1.652344,-2.726562,0.529297,1.229337,21.072100,29.000000
0.041016,-0.033203,0.062500,0.000000,30.128372,29.000000
0.044922,-0.046875,0.103516,0.000000,29.003672,29.000000
1.205078,0.357422,0.171875,0.000000,19.138138,29.000000
2.693359,-2.003906,-3.117188,0.000000,28.068581,29.000000
2.664062,-2.021484,-3.191406,0.000000,27.558748,29.000000
0.011719,-0.039062,-0.007812,0.000000,30.729847,30.000000
0.017578,-0.080078,-0.007812,0.000000,31.961761,30.000000
0.029297,-0.119141,-0.005859,0.000000,30.216026,30.000000
0.056641,-0.154297,0.005859,0.000000,25.477747,30.000000
0.359375,-0.080078,-1.212891,0.000000,21.903316,30.000000
0.289062,-0.041016,1.275391,0.000000,23.242825,30.000000
0.490234,-0.042969,1.257812,0.000000,21.931246,30.000000
2.166016,-0.068359,-0.027344,0.000000,26.222139,30.000000
2.582031,-0.263672,1.107422,0.000000,29.390198,30.000000
2.632812,-0.267578,1.091797,0.000000,32.762321,30.000000
2.697266,-0.271484,1.042969,0.000000,32.024883,30.000000
4.414062,-0.287109,1.195312,0.000000,30.824263,30.000000
4.468750,-0.289062,1.148438,0.000000,30.153597,30.000000
4.880859,-0.308594,0.757812,0.000000,30.417873,30.000000
2.037109,-0.000000,-0.451172,-0.614669,25.943926,30.000000
2.089844,-0.000000,-0.392578,-0.614669,27.041506,30.000000
0.041016,-0.033203,0.062500,0.000000,30.132587,30.000000
0.044922,-0.046875,0.103516,0.000000,29.003672,30.000000
1.207031,0.357422,0.156250,0.000000,19.084850,30.000000
2.851562,-2.003906,-2.972656,0.000000,27.860413,30.000000
2.847656,-2.021484,-3.027344,0.000000,27.331972,30.000000
0.011719,-0.039062,-0.007812,0.000000,30.733517,31.000000
0.017578,-0.080078,-0.007812,0.000000,31.961761,31.000000
0.041016,-0.115234,-0.007812,0.000000,30.211893,31.000000
0.056641,-0.154297,0.005859,0.000000,25.477747,31.000000
0.357422,-0.080078,-1.214844,0.000000,21.931246,31.000000
0.271484,-0.041016,1.279297,0.000000,23.263359,31.000000
0.474609,-0.042969,1.263672,0.000000,21.958996,31.000000
2.576172,-0.263672,1.125000,0.000000,29.395193,31.000000
2.626953,-0.267578,1.105469,0.000000,32.844307,31.000000
2.687500,-0.181641,1.087891,0.000000,32.143139,31.000000
4.404297,-0.287109,1.228516,0.000000,30.700378,31.000000
4.451172,-0.289062,1.210938,0.000000,29.995655,31.000000
4.878906,-0.308594,0.775391,0.000000,30.762762,31.000000
0.041016,-0.033203,0.062500,0.000000,30.128372,31.000000
0.052734,-0.042969,0.101562,0.000000,29.009130,31.000000
1.203125,0.357422,0.179688,0.000000,19.030899,31.000000
2.962891,-2.003906,-2.863281,0.000000,27.745171,31.000000
3.062500,-2.021484,-2.810547,0.000000,27.092699,31.000000
0.011719,-0.039062,-0.007812,0.000000,30.729847,32.000000
0.017578,-0.080078,-0.007812,0.000000,31.964525,32.000000
0.029297,-0.119141,-0.005859,0.000000,30.216026,32.000000
0.056641,-0.154297,0.005859,0.000000,25.465427,32.000000
0.363281,-0.080078,-1.212891,0.000000,21.931246,32.000000
0.281250,-0.041016,1.277344,0.000000,23.242825,32.000000
0.408203,-0.000000,1.287109,0.000000,21.903316,32.000000
2.529297,-0.263672,1.224609,0.000000,29.084850,32.000000
2.603516,-0.267578,1.160156,0.000000,32.629253,32.000000
2.671875,-0.271484,1.105469,0.000000,31.849752,32.000000
4.414062,-0.287109,1.197266,0.000000,31.003706,32.000000
4.466797,-0.289062,1.154297,0.000000,30.334238,32.000000
4.880859,-0.308594,0.767578,0.000000,30.599419,32.000000
0.041016,-0.033203,0.062500,0.000000,30.128372,32.000000
0.044922,-0.046875,0.103516,0.000000,29.009130,32.000000
1.207031,0.357422,0.146484,0.000000,19.084850,32.000000
2.953125,-2.003906,-2.873047,0.000000,28.007172,32.000000
2.927734,-2.021484,-2.949219,0.000000,27.474117,32.000000
0.011719,-0.039062,-0.007812,0.000000,30.733517,33.000000
0.017578,-0.080078,-0.007812,0.000000,31.964525,33.000000
0.041016,-0.115234,-0.007812,0.000000,30.216026,33.000000
0.056641,-0.154297,0.005859,0.000000,25.477747,33.000000
0.363281,-0.080078,-1.212891,0.000000,21.958996,33.000000
0.263672,-0.041016,1.281250,0.000000,23.242825,33.000000
0.363281,-0.000000,1.300781,0.000000,21.875208,33.000000
2.529297,-0.263672,1.224609,0.000000,29.532763,33.000000
2.597656,-0.267578,1.173828,0.000000,32.760021,33.000000
2.656250,-0.181641,1.162109,0.000000,31.835545,33.000000
4.414062,-0.287109,1.193359,0.000000,30.884905,33.000000
4.460938,-0.289062,1.173828,0.000000,30.236639,33.000000
4.894531,-0.464844,0.580078,0.000000,31.024338,33.000000
0.041016,-0.033203,0.062500,0.000000,30.132587,33.000000
0.044922,-0.046875,0.103516,0.000000,29.003672,33.000000
1.210938,0.357422,0.117188,0.000000,19.138138,33.000000
2.886719,-2.021484,-2.990234,0.000000,27.267273,33.000000
0.011719,-0.039062,-0.007812,0.000000,30.733517,34.000000
0.017578,-0.080078,-0.007812,0.000000,31.964525,34.000000
0.029297,-0.119141,-0.005859,0.000000,30.220158,34.000000
0.056641,-0.154297,0.005859,0.000000,25.490032,34.000000
0.367188,-0.080078,-1.210938,0.000000,21.931246,34.000000
0.228516,-0.041016,1.289062,0.000000,23.242825,34.000000
0.363281,-0.000000,1.300781,0.000000,21.931246,34.000000
2.083984,-0.000000,-0.105469,0.000000,29.057959,34.000000
2.126953,-0.000000,-0.068359,0.000000,30.599419,34.000000
2.167969,-0.000000,-0.013672,0.000000,29.025467,34.000000
2.576172,-0.263672,1.123047,0.000000,29.633156,34.000000
2.595703,-0.267578,1.177734,0.000000,32.826221,34.000000
2.640625,-0.181641,1.195312,0.000000,31.880844,34.000000
4.406250,-0.287109,1.220703,0.000000,30.838608,34.000000
4.455078,-0.289062,1.195312,0.000000,30.236639,34.000000
4.800781,-0.154297,1.009766,0.000000,29.628428,34.000000
4.824219,-0.308594,1.060547,0.000000,31.078880,34.000000
4.550781,-1.714844,-1.117188,0.000000,28.686445,34.000000
0.041016,-0.033203,0.062500,0.000000,30.136797,34.000000
0.044922,-0.046875,0.103516,0.000000,29.014584,34.000000
1.207031,0.357422,0.156250,0.000000,19.030899,34.000000
2.921875,-2.003906,-2.904297,0.000000,27.846172,34.000000
3.003906,-2.021484,-2.873047,0.000000,27.315887,34.000000
3.867188,-2.011719,-2.345703,0.000000,28.267225,34.000000
4.869141,-0.312500,1.044922,0.000000,28.651039,34.000000
0.011719,-0.039062,-0.007812,0.000000,30.733517,35.000000
0.017578,-0.080078,-0.007812,0.000000,31.964525,35.000000
0.041016,-0.115234,-0.007812,0.000000,30.216026,35.000000
0.056641,-0.154297,0.005859,0.000000,25.490032,35.000000
0.373047,-0.080078,-1.208984,0.000000,21.931246,35.000000
0.277344,-0.041016,1.279297,0.000000,23.222193,35.000000
0.466797,-0.042969,1.265625,0.000000,21.931246,35.000000
2.541016,-0.263672,1.199219,0.000000,29.232441,35.000000
2.601562,-0.267578,1.166016,0.000000,32.720737,35.000000
2.658203,-0.271484,1.140625,0.000000,31.939590,35.000000
4.417969,-0.287109,1.179688,0.000000,30.972572,35.000000
4.472656,-0.289062,1.128906,0.000000,30.330214,35.000000
4.878906,-0.308594,0.771484,0.000000,30.755470,35.000000
2.109375,-0.000000,-0.277344,0.614669,25.010593,35.000000
0.041016,-0.033203,0.062500,0.000000,30.132587,35.000000
0.044922,-0.046875,0.103516,0.000000,29.003672,35.000000
1.205078,0.357422,0.171875,0.000000,19.084850,35.000000
2.849609,-2.003906,-2.974609,0.000000,28.007172,35.000000
2.875000,-2.021484,-3.001953,0.000000,27.450748,35.000000
0.011719,-0.039062,-0.007812,0.000000,30.729847,36.000000
0.017578,-0.080078,-0.007812,0.000000,31.964525,36.000000
0.029297,-0.119141,-0.005859,0.000000,30.220158,36.000000
0.056641,-0.154297,0.005859,0.000000,25.477747,36.000000
0.380859,-0.080078,-1.207031,0.000000,21.986570,36.000000
0.244141,-0.041016,1.285156,0.000000,23.304138,36.000000
0.437500,-0.042969,1.275391,0.000000,21.958996,36.000000
2.119141,-0.000000,-0.175781,0.000000,27.752462,36.000000
2.158203,-0.000000,-0.208984,0.000000,27.275414,36.000000
2.546875,-0.263672,1.189453,0.000000,29.227255,36.000000
2.609375,-0.267578,1.150391,0.000000,32.685780,36.000000
2.675781,-0.181641,1.117188,0.000000,31.931246,36.000000
4.416016,-0.287109,1.187500,0.000000,30.788193,36.000000
4.468750,-0.289062,1.142578,0.000000,30.149403,36.000000
4.875000,-0.308594,0.800781,0.000000,30.240749,36.000000
0.041016,-0.033203,0.062500,0.000000,30.136797,36.000000
0.046875,-0.046875,0.103516,0.000000,29.009130,36.000000
1.115234,-0.515625,0.314453,0.000000,19.242792,36.000000
2.853516,-2.021484,-3.021484,0.000000,27.283537,36.000000
0.011719,-0.039062,-0.007812,0.000000,30.740847,37.000000
0.017578,-0.080078,-0.007812,0.000000,31.964525,37.000000
0.041016,-0.115234,-0.007812,0.000000,30.211893,37.000000
0.056641,-0.154297,0.005859,0.000000,25.477747,37.000000
0.328125,-0.080078,-1.222656,0.000000,21.846914,37.000000
0.320312,-0.041016,1.267578,0.000000,23.201464,37.000000
0.427734,-0.000000,1.281250,0.000000,21.903316,37.000000
2.078125,-0.000000,-0.173828,0.000000,27.505083,37.000000
2.121094,-0.000000,-0.156250,0.000000,29.122221,37.000000
2.164062,-0.000000,-0.144531,0.000000,27.708521,37.000000
2.468750,-0.263672,1.343750,0.000000,29.439888,37.000000
2.568359,-0.267578,1.238281,0.000000,32.748505,37.000000
2.644531,-0.271484,1.169922,0.000000,31.920095,37.000000
4.419922,-0.287109,1.173828,0.000000,30.827854,37.000000
4.455078,-0.433594,1.154297,0.000000,30.236639,37.000000
4.869141,-0.308594,0.830078,0.000000,30.670708,37.000000
0.041016,-0.033203,0.062500,0.000000,30.128372,37.000000
0.052734,-0.042969,0.101562,0.000000,29.003672,37.000000
1.207031,0.357422,0.158203,0.000000,19.138138,37.000000
2.796875,-2.003906,-3.025391,0.000000,27.846172,37.000000
2.798828,-2.021484,-3.074219,0.000000,27.363964,37.000000
0.011719,-0.039062,-0.007812,0.000000,30.744507,38.000000
0.017578,-0.080078,-0.007812,0.000000,31.967287,38.000000
0.041016,-0.115234,-0.007812,0.000000,30.220158,38.000000
0.056641,-0.154297,0.005859,0.000000,25.490032,38.000000
0.359375,-0.080078,-1.212891,0.000000,21.903316,38.000000
0.283203,-0.041016,1.277344,0.000000,23.242825,38.000000
0.451172,-0.042969,1.271484,0.000000,21.903316,38.000000
2.517578,-0.263672,1.248047,0.000000,29.319662,38.000000
2.591797,-0.267578,1.187500,0.000000,32.748505,38.000000
2.656250,-0.271484,1.144531,0.000000,31.997551,38.000000
4.417969,-0.287109,1.175781,0.000000,30.799046,38.000000
4.453125,-0.433594,1.164062,0.000000,30.124153,38.000000
4.886719,-0.308594,0.722656,0.000000,30.492180,38.000000
0.041016,-0.033203,0.062500,0.000000,30.132587,38.000000
0.044922,-0.046875,0.103516,0.000000,29.003672,38.000000
1.207031,0.357422,0.156250,0.000000,19.084850,38.000000
2.792969,-2.003906,-3.029297,0.000000,27.846172,38.000000
2.791016,-2.021484,-3.080078,0.000000,27.299744,38.000000
0.011719,-0.039062,-0.007812,0.000000,30.737183,39.000000
0.017578,-0.080078,-0.007812,0.000000,31.967287,39.000000
0.041016,-0.115234,-0.007812,0.000000,30.216026,39.000000
0.056641,-0.154297,0.005859,0.000000,25.477747,39.000000
0.373047,-0.080078,-1.208984,0.000000,21.875208,39.000000
0.259766,-0.041016,1.283203,0.000000,23.242825,39.000000
0.451172,-0.042969,1.271484,0.000000,21.931246,39.000000
2.121094,-0.000000,-0.171875,0.000000,26.414742,39.000000
2.496094,-0.263672,1.291016,0.000000,29.350031,39.000000
2.585938,-0.267578,1.199219,0.000000,32.723057,39.000000
2.652344,-0.181641,1.167969,0.000000,31.920095,39.000000
4.421875,-0.287109,1.160156,0.000000,30.913151,39.000000
4.480469,-0.289062,1.101562,0.000000,30.281645,39.000000
4.878906,-0.308594,0.777344,0.000000,30.588055,39.000000
0.041016,-0.033203,0.062500,0.000000,30.132587,39.000000
0.044922,-0.046875,0.103516,0.000000,29.009130,39.000000
1.207031,0.357422,0.158203,0.000000,18.976271,39.000000
2.800781,-2.021484,-3.072266,0.000000,27.347998,39.000000
0.011719,-0.039062,-0.007812,0.000000,30.744507,40.000000
0.017578,-0.080078,-0.007812,0.000000,31.967287,40.000000
0.041016,-0.115234,-0.007812,0.000000,30.216026,40.000000
0.056641,-0.154297,0.005859,0.000000,25.465427,40.000000
0.355469,-0.080078,-1.214844,0.000000,21.931246,40.000000
0.298828,-0.041016,1.273438,0.000000,23.263359,40.000000
0.412109,-0.000000,1.285156,0.000000,21.931246,40.000000
2.082031,-0.000000,-0.125000,0.000000,27.543484,40.000000
2.126953,-0.000000,-0.058594,0.000000,27.497364,40.000000
2.542969,-0.263672,1.197266,0.000000,29.400181,40.000000
2.601562,-0.267578,1.166016,0.000000,32.764618,40.000000
2.666016,-0.181641,1.136719,0.000000,32.000294,40.000000
4.416016,-0.287109,1.187500,0.000000,30.788193,40.000000
4.466797,-0.289062,1.152344,0.000000,30.128372,40.000000
4.880859,-0.308594,0.763672,0.000000,30.633333,40.000000
0.041016,-0.033203,0.062500,0.000000,30.132587,40.000000
0.044922,-0.046875,0.103516,0.000000,29.009130,40.000000
1.208984,0.357422,0.132812,0.000000,19.030899,40.000000
2.818359,-2.003906,-3.003906,0.000000,27.839035,40.000000
2.835938,-2.021484,-3.039062,0.000000,27.307823,40.000000
0.011719,-0.039062,-0.007812,0.000000,30.737183,41.000000
0.017578,-0.080078,-0.007812,0.000000,31.964525,41.000000
0.029297,-0.119141,-0.005859,0.000000,30.220158,41.000000
0.056641,-0.154297,0.005859,0.000000,25.490032,41.000000
0.371094,-0.080078,-1.208984,0.000000,21.875208,41.000000
0.255859,-0.041016,1.283203,0.000000,23.222193,41.000000
0.433594,-0.042969,1.277344,0.000000,21.903316,41.000000
2.539062,-0.263672,1.205078,0.000000,29.390198,41.000000
2.603516,-0.267578,1.162109,0.000000,32.764618,41.000000
2.660156,-0.271484,1.132812,0.000000,31.978317,41.000000
4.416016,-0.287109,1.185547,0.000000,30.827854,41.000000
4.474609,-0.289062,1.123047,0.000000,30.153597,41.000000
4.884766,-0.308594,0.738281,0.000000,30.468851,41.000000
0.041016,-0.033203,0.062500,0.000000,30.128372,41.000000
0.044922,-0.046875,0.103516,0.000000,29.003672,41.000000
1.207031,0.357422,0.160156,0.000000,19.084850,41.000000
2.830078,-2.003906,-2.992188,0.000000,27.867514,41.000000
2.857422,-2.021484,-3.019531,0.000000,27.323938,41.000000
0.011719,-0.039062,-0.007812,0.000000,30.740847,42.000000
0.017578,-0.080078,-0.007812,0.000000,31.967287,42.000000
0.029297,-0.119141,-0.005859,0.000000,30.220158,42.000000
0.056641,-0.154297,0.005859,0.000000,25.490032,42.000000
0.365234,-0.080078,-1.212891,0.000000,21.958996,42.000000
0.281250,-0.041016,1.277344,0.000000,23.283796,42.000000
0.464844,-0.042969,1.267578,0.000000,21.958996,42.000000
2.158203,-0.000000,-0.212891,0.000000,27.275414,42.000000
2.562500,-0.263672,1.154297,0.000000,29.459606,42.000000
2.619141,-0.267578,1.125000,0.000000,32.789822,42.000000
2.677734,-0.181641,1.109375,0.000000,32.019432,42.000000
4.414062,-0.287109,1.193359,0.000000,30.784569,42.000000
4.443359,-0.433594,1.195312,0.000000,30.124153,42.000000
4.869141,-0.308594,0.828125,0.000000,30.464952,42.000000
2.044922,-0.064453,-0.406250,-0.614669,28.998205,42.000000
2.089844,-0.066406,-0.386719,-0.614669,29.429996,42.000000
0.041016,-0.033203,0.062500,0.000000,30.132587,42.000000
0.044922,-0.046875,0.103516,0.000000,29.009130,42.000000
1.115234,-0.474609,0.373047,0.000000,19.030899,42.000000
2.845703,-2.003906,-2.980469,0.000000,27.795965,42.000000
2.875000,-2.021484,-3.001953,0.000000,27.299744,42.000000
0.011719,-0.039062,-0.007812,0.000000,30.737183,43.000000
0.017578,-0.080078,-0.007812,0.000000,31.964525,43.000000
0.041016,-0.115234,-0.007812,0.000000,30.216026,43.000000
0.056641,-0.154297,0.005859,0.000000,25.477747,43.000000
0.369141,-0.080078,-1.210938,0.000000,21.875208,43.000000
0.259766,-0.041016,1.283203,0.000000,23.242825,43.000000
0.410156,-0.000000,1.285156,0.000000,21.903316,43.000000
2.062500,-0.000000,-0.312500,0.000000,26.821451,43.000000
2.107422,-0.066406,-0.287109,0.000000,26.589649,43.000000
2.587891,-0.263672,1.097656,0.000000,29.429996,43.000000
2.625000,-0.267578,1.113281,0.000000,32.762321,43.000000
2.683594,-0.181641,1.095703,0.000000,31.970047,43.000000
4.414062,-0.287109,1.193359,0.000000,30.791813,43.000000
4.458984,-0.289062,1.181641,0.000000,30.199467,43.000000
4.876953,-0.308594,0.781250,0.000000,30.860037,43.000000
0.041016,-0.033203,0.062500,0.000000,30.128372,43.000000
0.044922,-0.046875,0.103516,0.000000,29.003672,43.000000
1.117188,-0.515625,0.308594,0.000000,19.030899,43.000000
2.964844,-2.021484,-2.912109,0.000000,27.307823,43.000000
0.011719,-0.039062,-0.007812,0.000000,30.740847,44.000000
0.017578,-0.080078,-0.007812,0.000000,31.967287,44.000000
0.029297,-0.119141,-0.005859,0.000000,30.224283,44.000000
0.056641,-0.154297,0.005859,0.000000,25.490032,44.000000
0.326172,-0.080078,-1.222656,0.000000,21.903316,44.000000
0.302734,-0.041016,1.273438,0.000000,23.201464,44.000000
0.400391,-0.000000,1.289062,0.000000,21.875208,44.000000
2.537109,-0.263672,1.207031,0.000000,29.314579,44.000000
2.615234,-0.267578,1.136719,0.000000,32.734642,44.000000
2.677734,-0.271484,1.091797,0.000000,31.950689,44.000000
4.412109,-0.287109,1.199219,0.000000,30.633333,44.000000
4.476562,-0.289062,1.119141,0.000000,30.081741,44.000000
4.914062,-0.308594,0.505859,0.000000,30.488300,44.000000
0.041016,-0.033203,0.062500,0.000000,30.132587,44.000000
0.044922,-0.046875,0.103516,0.000000,29.009130,44.000000
1.210938,0.357422,0.121094,0.000000,19.030899,44.000000
2.835938,-2.003906,-2.988281,0.000000,27.803173,44.000000
2.806641,-2.021484,-3.066406,0.000000,27.275414,44.000000
0.011719,-0.039062,-0.007812,0.000000,30.740847,45.000000
0.017578,-0.080078,-0.007812,0.000000,31.967287,45.000000
0.041016,-0.115234,-0.007812,0.000000,30.220158,45.000000
0.056641,-0.154297,0.005859,0.000000,25.477747,45.000000
0.380859,-0.080078,-1.207031,0.000000,21.875208,45.000000
0.255859,-0.041016,1.283203,0.000000,23.222193,45.000000
0.439453,-0.042969,1.275391,0.000000,21.931246,45.000000
2.083984,-0.064453,-0.085938,0.000000,29.052561,45.000000
2.123047,-0.066406,-0.107422,0.000000,28.767950,45.000000
2.158203,-0.000000,-0.208984,0.000000,26.222139,45.000000
2.560547,-0.263672,1.158203,0.000000,29.532763,45.000000
2.605469,-0.267578,1.158203,0.000000,32.837532,45.000000
2.658203,-0.271484,1.138672,0.000000,32.019432,45.000000
4.421875,-0.287109,1.167969,0.000000,30.941216,45.000000
4.482422,-0.289062,1.091797,0.000000,30.437551,45.000000
4.863281,-0.308594,0.869141,0.000000,29.929951,45.000000
0.041016,-0.033203,0.062500,0.000000,30.136797,45.000000
0.052734,-0.042969,0.101562,0.000000,29.009130,45.000000
1.207031,0.357422,0.158203,0.000000,19.030899,45.000000
2.724609,-2.003906,-3.089844,0.000000,27.979597,45.000000
2.646484,-2.021484,-3.205078,0.000000,27.474117,45.000000
0.011719,-0.039062,-0.007812,0.000000,30.737183,46.000000
0.017578,-0.080078,-0.007812,0.000000,31.967287,46.000000
0.041016,-0.115234,-0.007812,0.000000,30.220158,46.000000
0.056641,-0.154297,0.005859,0.000000,25.490032,46.000000
0.376953,-0.080078,-1.207031,0.000000,21.931246,46.000000
0.259766,-0.041016,1.283203,0.000000,23.222193,46.000000
0.359375,-0.000000,1.300781,0.000000,21.875208,46.000000
2.570312,-0.263672,1.134766,0.000000,29.169800,46.000000
2.611328,-0.267578,1.144531,0.000000,32.662315,46.000000
2.660156,-0.271484,1.132812,0.000000,31.906118,46.000000
4.416016,-0.287109,1.183594,0.000000,30.849337,46.000000
4.472656,-0.289062,1.128906,0.000000,30.314085,46.000000
0.041016,-0.033203,0.062500,0.000000,30.132587,46.000000
0.044922,-0.046875,0.103516,0.000000,29.014584,46.000000
1.115234,-0.515625,0.316406,0.000000,19.084850,46.000000
2.781250,-2.003906,-3.039062,0.000000,27.972675,46.000000
2.767578,-2.021484,-3.101562,0.000000,27.435097,46.000000
0.011719,-0.039062,-0.007812,0.000000,30.740847,47.000000
0.017578,-0.080078,-0.007812,0.000000,31.964525,47.000000
0.029297,-0.119141,-0.005859,0.000000,30.224283,47.000000
0.056641,-0.154297,0.005859,0.000000,25.490032,47.000000
0.376953,-0.080078,-1.208984,0.000000,21.931246,47.000000
0.279297,-0.041016,1.277344,0.000000,23.242825,47.000000
0.466797,-0.042969,1.265625,0.000000,21.903316,47.000000
2.537109,-0.263672,1.208984,0.000000,29.464523,47.000000
2.609375,-0.267578,1.148438,0.000000,32.794388,47.000000
2.681641,-0.271484,1.083984,0.000000,32.013969,47.000000
4.410156,-0.287109,1.205078,0.000000,30.561422,47.000000
4.439453,-0.433594,1.214844,0.000000,29.849771,47.000000
0.041016,-0.033203,0.062500,0.000000,30.128372,47.000000
0.046875,-0.046875,0.103516,0.000000,29.003672,47.000000
1.207031,0.357422,0.158203,0.000000,19.030899,47.000000
2.859375,-2.003906,-2.964844,0.000000,27.881683,47.000000
2.937500,-2.021484,-2.941406,0.000000,27.234556,47.000000
0.011719,-0.039062,-0.007812,0.000000,30.737183,48.000000
0.017578,-0.080078,-0.007812,0.000000,31.964525,48.000000
0.029297,-0.119141,-0.005859,0.000000,30.220158,48.000000
0.056641,-0.154297,0.005859,0.000000,25.490032,48.000000
0.351562,-0.080078,-1.216797,0.000000,21.931246,48.000000
0.289062,-0.041016,1.275391,0.000000,23.283796,48.000000
0.431641,-0.000000,1.279297,0.000000,21.986570,48.000000
2.029297,-0.064453,-0.244141,0.000000,28.286598,48.000000
2.076172,-0.064453,-0.197266,0.000000,30.034605,48.000000
2.121094,-0.066406,-0.150391,0.000000,28.609365,48.000000
2.556641,-0.263672,1.167969,0.000000,29.334873,48.000000
2.613281,-0.267578,1.136719,0.000000,32.652897,48.000000
2.662109,-0.271484,1.128906,0.000000,31.734776,48.000000
4.416016,-0.287109,1.187500,0.000000,30.902580,48.000000
4.464844,-0.289062,1.162109,0.000000,30.220158,48.000000
4.871094,-0.308594,0.822266,0.000000,30.496056,48.000000
0.041016,-0.033203,0.062500,0.000000,30.128372,48.000000
0.052734,-0.042969,0.101562,0.000000,29.003672,48.000000
1.205078,0.357422,0.164062,0.000000,19.084850,48.000000
2.808594,-2.003906,-3.013672,0.000000,27.909885,48.000000
2.869141,-2.021484,-3.007812,0.000000,27.315887,48.000000
0.011719,-0.039062,-0.007812,0.000000,30.737183,49.000000
0.017578,-0.080078,-0.007812,0.000000,31.964525,49.000000
0.029297,-0.119141,-0.005859,0.000000,30.216026,49.000000
0.056641,-0.154297,0.005859,0.000000,25.477747,49.000000
0.335938,-0.080078,-1.220703,0.000000,21.931246,49.000000
0.294922,-0.041016,1.275391,0.000000,23.222193,49.000000
0.431641,-0.000000,1.279297,0.000000,21.875208,49.000000
2.013672,-0.064453,-0.349609,0.000000,27.923918,49.000000
2.062500,-0.064453,-0.300781,0.000000,30.314085,49.000000
2.119141,-0.066406,-0.171875,0.000000,29.642597,49.000000
2.162109,-0.068359,0.142578,0.000000,26.263403,49.000000
2.582031,-0.263672,1.109375,0.000000,29.439888,49.000000
2.605469,-0.267578,1.158203,0.000000,32.776093,49.000000
2.648438,-0.271484,1.160156,0.000000,31.945143,49.000000
4.421875,-0.287109,1.162109,0.000000,30.913151,49.000000
4.478516,-0.289062,1.105469,0.000000,30.318123,49.000000
4.843750,-0.464844,0.908203,0.000000,30.445398,49.000000
0.041016,-0.033203,0.062500,0.000000,30.128372,49.000000
0.044922,-0.046875,0.103516,0.000000,29.009130,49.000000
1.208984,0.357422,0.142578,0.000000,19.030899,49.000000
2.720703,-2.003906,-3.093750,0.000000,27.965744,49.000000
2.660156,-2.021484,-3.193359,0.000000,27.505083,49.000000
0.011719,-0.039062,-0.007812,0.000000,30.737183,50.000000
0.017578,-0.080078,-0.007812,0.000000,31.964525,50.000000
0.041016,-0.115234,-0.007812,0.000000,30.216026,50.000000
0.056641,-0.154297,0.005859,0.000000,25.477747,50.000000
0.369141,-0.080078,-1.210938,0.000000,21.903316,50.000000
0.271484,-0.041016,1.279297,0.000000,23.242825,50.000000
0.384766,-0.000000,1.294922,0.000000,21.931246,50.000000
2.562500,-0.263672,1.154297,0.000000,29.518230,50.000000
2.591797,-0.267578,1.187500,0.000000,32.780674,50.000000
2.648438,-0.181641,1.179688,0.000000,31.908916,50.000000
4.412109,-0.287109,1.203125,0.000000,31.095785,50.000000
4.470703,-0.289062,1.138672,0.000000,30.674429,50.000000
4.871094,-0.308594,0.816406,0.000000,31.156105,50.000000
2.285156,0.218750,0.410156,-1.229337,23.424227,50.000000
1.429688,-2.683594,0.404297,-1.229337,22.068258,50.000000
1.390625,-2.720703,0.574219,-1.229337,24.517864,50.000000
1.412109,-2.755859,0.576172,-1.229337,23.304138,50.000000
0.041016,-0.033203,0.062500,0.000000,30.128372,50.000000
0.044922,-0.046875,0.103516,0.000000,29.003672,50.000000
1.205078,0.357422,0.173828,0.000000,19.138138,50.000000
3.042969,0.582031,0.246094,-1.229337,21.986570,50.000000
3.080078,0.589844,0.292969,-1.229337,20.827854,50.000000
0.011719,-0.039062,-0.007812,0.000000,30.740847,51.000000
0.017578,-0.080078,-0.007812,0.000000,31.964525,51.000000
0.041016,-0.115234,-0.007812,0.000000,30.216026,51.000000
0.056641,-0.154297,0.005859,0.000000,25.477747,51.000000
0.361328,-0.080078,-1.212891,0.000000,21.903316,51.000000
0.275391,-0.041016,1.279297,0.000000,23.222193,51.000000
0.361328,-0.000000,1.300781,0.000000,21.846914,51.000000
2.021484,-0.064453,-0.304688,0.000000,26.711729,51.000000
2.058594,-0.064453,-0.333984,0.000000,28.932068,51.000000
2.089844,-0.066406,-0.388672,0.000000,27.543484,51.000000
2.546875,-0.263672,1.185547,0.000000,29.380192,51.000000
2.599609,-0.267578,1.169922,0.000000,32.741577,51.000000
2.656250,-0.181641,1.160156,0.000000,31.934029,51.000000
