0.044922,-0.046875,0.103516,0.000000,28.998205,0.000000
1.175781,-0.449219,0.361328,0.000000,21.398790,0.000000
1.232422,-0.464844,0.300781,0.000000,19.637878,0.000000
0.011719,-0.039062,-0.007812,0.000000,30.652061,1.000000
0.027344,-0.076172,-0.009766,0.000000,31.855421,1.000000
0.041016,-0.115234,-0.007812,0.000000,30.077478,1.000000
0.056641,-0.154297,0.007812,0.000000,25.340261,1.000000
0.261719,0.039062,-1.240234,0.000000,23.521826,1.000000
0.230469,0.041016,-1.287109,0.000000,24.377506,1.000000
0.468750,0.042969,1.265625,0.000000,22.504200,1.000000
2.150391,-0.134766,-0.240234,0.000000,26.599161,1.000000
2.630859,-0.175781,1.005859,0.000000,29.339931,1.000000
2.662109,-0.179688,1.039062,0.000000,32.648178,1.000000
2.753906,-0.089844,0.919922,0.000000,32.005768,1.000000
4.367188,-0.142578,1.375000,0.000000,30.429691,1.000000
4.455078,-0.144531,1.226562,0.000000,30.519239,1.000000
0.037109,-0.035156,0.064453,0.000000,30.098757,1.000000
0.044922,-0.046875,0.103516,0.000000,28.998205,1.000000
1.177734,-0.449219,0.349609,0.000000,21.398790,1.000000
1.228516,-0.464844,0.310547,0.000000,19.684830,1.000000
0.011719,-0.039062,-0.007812,0.000000,30.655798,2.000000
0.027344,-0.076172,-0.009766,0.000000,31.852587,2.000000
0.041016,-0.115234,-0.007812,0.000000,30.073210,2.000000
0.056641,-0.154297,0.007812,0.000000,25.340261,2.000000
0.275391,0.039062,-1.236328,0.000000,23.502480,2.000000
0.232422,0.041016,-1.287109,0.000000,24.361626,2.000000
0.460938,0.042969,1.267578,0.000000,22.455126,2.000000
2.613281,-0.175781,1.054688,0.000000,29.827234,2.000000
2.667969,-0.179688,1.025391,0.000000,32.778385,2.000000
2.765625,-0.089844,0.880859,0.000000,32.103184,2.000000
4.318359,-0.000000,1.404297,0.000000,28.155777,2.000000
4.402344,-0.142578,1.259766,0.000000,31.755117,2.000000
4.458984,-0.144531,1.210938,0.000000,31.228710,2.000000
0.037109,-0.035156,0.064453,0.000000,30.102999,2.000000
0.044922,-0.046875,0.103516,0.000000,29.003672,2.000000
1.220703,-0.464844,0.343750,0.000000,19.637878,2.000000
0.011719,-0.039062,-0.007812,0.000000,30.659531,3.000000
0.027344,-0.076172,-0.009766,0.000000,31.858253,3.000000
0.041016,-0.115234,-0.007812,0.000000,30.077478,3.000000
0.056641,-0.154297,0.007812,0.000000,25.340261,3.000000
0.265625,0.039062,-1.240234,0.000000,23.483049,3.000000
0.193359,0.041016,-1.294922,0.000000,24.345690,3.000000
0.476562,0.042969,1.261719,0.000000,22.430380,3.000000
2.093750,-0.068359,-0.560547,0.000000,26.937269,3.000000
2.712891,-0.175781,0.761719,0.000000,29.122221,3.000000
2.738281,-0.089844,0.830078,0.000000,32.552727,3.000000
2.789062,-0.089844,0.808594,0.000000,32.011238,3.000000
4.296875,-0.142578,1.462891,0.000000,28.169039,3.000000
4.398438,-0.142578,1.271484,0.000000,31.734776,3.000000
4.472656,-0.000000,1.167969,0.000000,31.335388,3.000000
0.037109,-0.035156,0.064453,0.000000,30.098757,3.000000
0.046875,-0.046875,0.103516,0.000000,28.998205,3.000000
1.234375,-0.464844,0.287109,0.000000,19.590414,3.000000
0.011719,-0.039062,-0.007812,0.000000,30.659531,4.000000
0.027344,-0.076172,-0.009766,0.000000,31.858253,4.000000
0.041016,-0.115234,-0.007812,0.000000,30.086002,4.000000
0.056641,-0.154297,0.007812,0.000000,25.365585,4.000000
0.277344,0.039062,-1.236328,0.000000,23.483049,4.000000
0.203125,0.041016,-1.292969,0.000000,24.345690,4.000000
0.472656,0.042969,1.263672,0.000000,22.430380,4.000000
2.605469,-0.175781,1.072266,0.000000,29.454685,4.000000
2.656250,-0.179688,1.056641,0.000000,32.636360,4.000000
2.753906,-0.089844,0.919922,0.000000,31.942368,4.000000
4.318359,-0.000000,1.402344,0.000000,28.344208,4.000000
4.404297,-0.142578,1.251953,0.000000,31.878027,4.000000
4.462891,-0.144531,1.195312,0.000000,31.379868,4.000000
0.037109,-0.035156,0.064453,0.000000,30.102999,4.000000
0.046875,-0.046875,0.103516,0.000000,29.003672,4.000000
1.177734,-0.449219,0.349609,0.000000,21.367207,4.000000
1.230469,-0.464844,0.302734,0.000000,19.590414,4.000000
0.011719,-0.039062,-0.007812,0.000000,30.659531,5.000000
0.027344,-0.076172,-0.009766,0.000000,31.858253,5.000000
0.041016,-0.115234,-0.007812,0.000000,30.081741,5.000000
0.056641,-0.154297,0.007812,0.000000,25.340261,5.000000
0.291016,0.039062,-1.234375,0.000000,23.521826,5.000000
0.230469,0.041016,-1.287109,0.000000,24.377506,5.000000
0.472656,0.042969,1.263672,0.000000,22.479733,5.000000
2.654297,-0.175781,0.943359,0.000000,29.258276,5.000000
2.677734,-0.179688,0.996094,0.000000,32.586372,5.000000
2.767578,-0.089844,0.875000,0.000000,31.961761,5.000000
4.384766,-0.142578,1.320312,0.000000,31.222158,5.000000
4.460938,-0.000000,1.212891,0.000000,31.055101,5.000000
0.037109,-0.035156,0.064453,0.000000,30.098757,5.000000
0.046875,-0.046875,0.103516,0.000000,29.003672,5.000000
1.175781,-0.449219,0.357422,0.000000,21.398790,5.000000
1.230469,-0.464844,0.302734,0.000000,19.684830,5.000000
0.011719,-0.039062,-0.007812,0.000000,30.655798,6.000000
0.027344,-0.076172,-0.009766,0.000000,31.855421,6.000000
0.041016,-0.115234,-0.007812,0.000000,30.081741,6.000000
0.056641,-0.154297,0.007812,0.000000,25.352942,6.000000
0.267578,0.039062,-1.238281,0.000000,23.502480,6.000000
0.218750,0.041016,-1.289062,0.000000,24.377506,6.000000
0.458984,0.042969,1.269531,0.000000,22.479733,6.000000
2.162109,-0.068359,-0.154297,0.000000,28.413595,6.000000
2.205078,-0.000000,-0.146484,0.000000,28.920946,6.000000
2.244141,0.070312,-0.138672,0.000000,26.803354,6.000000
2.482422,-0.263672,1.316406,0.000000,29.680157,6.000000
2.632812,-0.179688,1.111328,0.000000,32.706787,6.000000
2.746094,-0.089844,0.943359,0.000000,31.989319,6.000000
4.320312,-0.142578,1.517578,0.000000,28.549129,6.000000
4.457031,-0.000000,1.226562,0.000000,28.909796,6.000000
0.037109,-0.035156,0.064453,0.000000,30.102999,6.000000
0.044922,-0.046875,0.103516,0.000000,29.003672,6.000000
1.232422,-0.464844,0.298828,0.000000,19.542425,6.000000
3.867188,-1.718750,-1.757812,0.000000,26.148972,6.000000
0.011719,-0.039062,-0.007812,0.000000,30.655798,7.000000
0.027344,-0.076172,-0.009766,0.000000,31.858253,7.000000
0.041016,-0.115234,-0.007812,0.000000,30.081741,7.000000
0.056641,-0.154297,0.007812,0.000000,25.352942,7.000000
0.257812,0.039062,-1.240234,0.000000,23.463530,7.000000
0.230469,0.041016,-1.287109,0.000000,24.361626,7.000000
0.458984,0.042969,1.269531,0.000000,22.479733,7.000000
2.158203,-0.203125,-0.052734,0.000000,27.686380,7.000000
2.652344,-0.175781,0.951172,0.000000,29.561684,7.000000
2.683594,-0.179688,0.984375,0.000000,32.685780,7.000000
2.773438,-0.089844,0.855469,0.000000,32.019432,7.000000
2.193359,-0.138672,0.224609,0.614669,27.032913,7.000000
2.236328,-0.070312,0.230469,0.614669,25.352942,7.000000
0.037109,-0.035156,0.064453,0.000000,30.102999,7.000000
0.044922,-0.046875,0.103516,0.000000,29.003672,7.000000
1.179688,-0.449219,0.347656,0.000000,21.398790,7.000000
1.226562,-0.464844,0.316406,0.000000,19.731279,7.000000
0.011719,-0.039062,-0.007812,0.000000,30.659531,8.000000
0.027344,-0.076172,-0.009766,0.000000,31.858253,8.000000
0.041016,-0.115234,-0.007812,0.000000,30.077478,8.000000
0.056641,-0.154297,0.007812,0.000000,25.340261,8.000000
0.250000,0.039062,-1.242188,0.000000,23.521826,8.000000
0.208984,0.041016,-1.291016,0.000000,24.393328,8.000000
0.468750,0.042969,1.265625,0.000000,22.479733,8.000000
2.119141,-0.132812,-0.134766,0.000000,27.649229,8.000000
2.162109,-0.134766,-0.091797,0.000000,31.209028,8.000000
2.203125,-0.138672,-0.064453,0.000000,31.544239,8.000000
2.244141,-0.140625,-0.046875,0.000000,29.111576,8.000000
2.648438,-0.175781,0.960938,0.000000,29.025467,8.000000
2.681641,-0.179688,0.988281,0.000000,32.504200,8.000000
2.767578,-0.089844,0.875000,0.000000,31.869564,8.000000
0.037109,-0.035156,0.064453,0.000000,30.098757,8.000000
0.044922,-0.046875,0.103516,0.000000,29.003672,8.000000
1.224609,-0.464844,0.328125,0.000000,19.731279,8.000000
0.011719,-0.039062,-0.007812,0.000000,30.652061,9.000000
0.027344,-0.076172,-0.009766,0.000000,31.855421,9.000000
0.041016,-0.115234,-0.007812,0.000000,30.077478,9.000000
0.056641,-0.154297,0.007812,0.000000,25.352942,9.000000
0.275391,0.039062,-1.236328,0.000000,23.521826,9.000000
0.230469,0.041016,-1.287109,0.000000,24.377506,9.000000
0.458984,0.042969,1.269531,0.000000,22.479733,9.000000
2.646484,-0.175781,0.966797,0.000000,29.637878,9.000000
2.699219,-0.179688,0.941406,0.000000,32.769211,9.000000
2.792969,-0.089844,0.792969,0.000000,32.105862,9.000000
2.257812,0.509766,0.277344,1.229337,20.934217,9.000000
0.037109,-0.035156,0.064453,0.000000,30.102999,9.000000
0.046875,-0.046875,0.103516,0.000000,29.003672,9.000000
1.230469,-0.464844,0.306641,0.000000,19.637878,9.000000
0.011719,-0.039062,-0.007812,0.000000,30.659531,10.000000
0.027344,-0.076172,-0.009766,0.000000,31.858253,10.000000
0.041016,-0.115234,-0.007812,0.000000,30.081741,10.000000
0.056641,-0.154297,0.007812,0.000000,25.340261,10.000000
0.269531,0.039062,-1.238281,0.000000,23.463530,10.000000
0.199219,0.041016,-1.292969,0.000000,24.345690,10.000000
0.478516,0.042969,1.261719,0.000000,22.455126,10.000000
2.521484,-0.263672,1.242188,0.000000,29.912260,10.000000
2.658203,-0.179688,1.050781,0.000000,32.732327,10.000000
2.763672,-0.089844,0.890625,0.000000,31.958996,10.000000
2.230469,0.582031,0.343750,1.229337,20.492180,10.000000
0.037109,-0.035156,0.064453,0.000000,30.098757,10.000000
0.044922,-0.046875,0.103516,0.000000,28.998205,10.000000
1.232422,-0.464844,0.296875,0.000000,19.590414,10.000000
0.011719,-0.039062,-0.007812,0.000000,30.663260,11.000000
0.027344,-0.076172,-0.009766,0.000000,31.858253,11.000000
0.041016,-0.115234,-0.007812,0.000000,30.077478,11.000000
0.056641,-0.154297,0.007812,0.000000,25.340261,11.000000
0.255859,0.039062,-1.242188,0.000000,23.443922,11.000000
0.210938,0.041016,-1.291016,0.000000,24.329693,11.000000
0.474609,0.042969,1.263672,0.000000,22.430380,11.000000
2.478516,-0.263672,1.324219,0.000000,29.642597,11.000000
2.642578,-0.179688,1.087891,0.000000,32.801228,11.000000
2.757812,-0.089844,0.908203,0.000000,32.084415,11.000000
2.166016,-0.800781,0.324219,1.229337,21.673174,11.000000
2.203125,-0.816406,0.337891,1.229337,21.367207,11.000000
0.037109,-0.035156,0.064453,0.000000,30.098757,11.000000
0.046875,-0.046875,0.103516,0.000000,28.998205,11.000000
1.177734,-0.449219,0.349609,0.000000,21.398790,11.000000
1.230469,-0.464844,0.302734,0.000000,19.684830,11.000000
0.011719,-0.039062,-0.007812,0.000000,30.648323,12.000000
0.027344,-0.076172,-0.009766,0.000000,31.855421,12.000000
0.041016,-0.115234,-0.007812,0.000000,30.077478,12.000000
0.056641,-0.154297,0.007812,0.000000,25.340261,12.000000
0.263672,0.039062,-1.240234,0.000000,23.521826,12.000000
0.207031,0.041016,-1.291016,0.000000,24.361626,12.000000
0.478516,0.042969,1.261719,0.000000,22.455126,12.000000
2.136719,-0.134766,-0.335938,0.000000,28.779470,12.000000
2.160156,-0.138672,-0.441406,0.000000,28.055008,12.000000
2.595703,-0.263672,1.074219,0.000000,29.309490,12.000000
2.667969,-0.179688,1.027344,0.000000,32.619762,12.000000
2.757812,-0.089844,0.906250,0.000000,31.961761,12.000000
0.037109,-0.035156,0.064453,0.000000,30.102999,12.000000
0.044922,-0.046875,0.103516,0.000000,28.998205,12.000000
1.175781,-0.449219,0.357422,0.000000,21.430147,12.000000
1.224609,-0.464844,0.324219,0.000000,19.731279,12.000000
0.011719,-0.039062,-0.007812,0.000000,30.652061,13.000000
0.027344,-0.076172,-0.009766,0.000000,31.849752,13.000000
0.041016,-0.115234,-0.007812,0.000000,30.073210,13.000000
0.056641,-0.154297,0.007812,0.000000,25.327543,13.000000
0.277344,0.039062,-1.236328,0.000000,23.502480,13.000000
0.210938,0.041016,-1.291016,0.000000,24.361626,13.000000
0.468750,0.042969,1.265625,0.000000,22.455126,13.000000
2.132812,-0.134766,-0.361328,0.000000,27.323938,13.000000
2.185547,-0.068359,-0.308594,0.000000,26.919651,13.000000
2.634766,-0.175781,0.994141,0.000000,29.350031,13.000000
2.671875,-0.179688,1.015625,0.000000,32.615009,13.000000
2.765625,-0.089844,0.880859,0.000000,31.958996,13.000000
4.830078,-1.248047,-0.140625,0.000000,28.475727,13.000000
0.037109,-0.035156,0.064453,0.000000,30.102999,13.000000
0.046875,-0.046875,0.103516,0.000000,29.003672,13.000000
1.236328,-0.464844,0.281250,0.000000,19.637878,13.000000
4.486328,1.714844,-1.357422,0.000000,25.634811,13.000000
0.011719,-0.039062,-0.007812,0.000000,30.652061,14.000000
0.027344,-0.076172,-0.009766,0.000000,31.855421,14.000000
0.041016,-0.115234,-0.007812,0.000000,30.081741,14.000000
0.056641,-0.154297,0.007812,0.000000,25.352942,14.000000
0.248047,0.039062,-1.242188,0.000000,23.502480,14.000000
0.199219,0.041016,-1.292969,0.000000,24.345690,14.000000
0.462891,0.042969,1.267578,0.000000,22.455126,14.000000
2.179688,-0.138672,-0.332031,0.000000,29.127533,14.000000
2.242188,-0.140625,-0.128906,0.000000,28.808136,14.000000
2.720703,-0.089844,0.886719,0.000000,32.387985,14.000000
2.761719,-0.089844,0.892578,0.000000,31.878027,14.000000
0.037109,-0.035156,0.064453,0.000000,30.102999,14.000000
0.046875,-0.046875,0.103516,0.000000,29.003672,14.000000
1.230469,-0.464844,0.306641,0.000000,19.590414,14.000000
0.011719,-0.039062,-0.007812,0.000000,30.652061,15.000000
0.027344,-0.076172,-0.009766,0.000000,31.852587,15.000000
0.041016,-0.115234,-0.007812,0.000000,30.073210,15.000000
0.056641,-0.154297,0.007812,0.000000,25.327543,15.000000
0.257812,0.039062,-1.240234,0.000000,23.483049,15.000000
0.207031,0.041016,-1.291016,0.000000,24.329693,15.000000
0.468750,0.042969,1.265625,0.000000,22.479733,15.000000
2.191406,-0.068359,-0.273438,0.000000,27.497364,15.000000
2.234375,-0.070312,-0.253906,0.000000,26.374897,15.000000
2.599609,-0.175781,1.083984,0.000000,29.324738,15.000000
2.654297,-0.179688,1.058594,0.000000,32.633995,15.000000
2.759766,-0.089844,0.900391,0.000000,32.019432,15.000000
4.375000,-0.142578,1.353516,0.000000,31.075491,15.000000
4.464844,-0.144531,1.189453,0.000000,31.195858,15.000000
4.544922,0.146484,1.037109,0.000000,29.159271,15.000000
2.318359,-0.000000,0.255859,-0.614669,26.434526,15.000000
2.322266,0.074219,0.476562,-0.614669,28.149132,15.000000
2.314453,0.150391,0.667969,-0.614669,27.965744,15.000000
0.037109,-0.035156,0.064453,0.000000,30.102999,15.000000
0.046875,-0.046875,0.103516,0.000000,29.003672,15.000000
1.230469,-0.464844,0.302734,0.000000,19.684830,15.000000
2.357422,-0.453125,-0.257812,-0.614669,25.646660,15.000000
0.011719,-0.039062,-0.007812,0.000000,30.652061,16.000000
0.027344,-0.076172,-0.009766,0.000000,31.852587,16.000000
0.041016,-0.115234,-0.007812,0.000000,30.077478,16.000000
0.056641,-0.154297,0.007812,0.000000,25.340261,16.000000
0.265625,0.039062,-1.240234,0.000000,23.463530,16.000000
0.187500,0.041016,-1.294922,0.000000,24.345690,16.000000
0.494141,0.042969,1.255859,0.000000,22.455126,16.000000
2.626953,-0.175781,1.017578,0.000000,29.385197,16.000000
2.662109,-0.179688,1.041016,0.000000,32.579185,16.000000
2.753906,-0.089844,0.919922,0.000000,31.841234,16.000000
2.134766,-0.068359,-0.376953,0.614669,25.786392,16.000000
2.166016,-0.068359,-0.433594,0.614669,28.518696,16.000000
2.179688,-0.000000,-0.558594,0.614669,27.589119,16.000000
2.318359,0.148438,0.478516,-0.614669,25.105450,16.000000
0.037109,-0.035156,0.064453,0.000000,30.098757,16.000000
0.044922,-0.046875,0.103516,0.000000,28.998205,16.000000
1.181641,-0.449219,0.339844,0.000000,21.367207,16.000000
1.230469,-0.464844,0.302734,0.000000,19.684830,16.000000
0.011719,-0.039062,-0.007812,0.000000,30.655798,17.000000
0.027344,-0.076172,-0.009766,0.000000,31.858253,17.000000
0.041016,-0.115234,-0.007812,0.000000,30.086002,17.000000
0.056641,-0.154297,0.007812,0.000000,25.352942,17.000000
0.273438,0.039062,-1.238281,0.000000,23.463530,17.000000
0.224609,0.041016,-1.289062,0.000000,24.345690,17.000000
0.466797,0.042969,1.265625,0.000000,22.430380,17.000000
2.242188,-0.070312,-0.181641,0.000000,26.720978,17.000000
2.283203,-0.072266,-0.173828,0.000000,26.608654,17.000000
2.324219,0.074219,0.472656,0.000000,27.134905,17.000000
2.505859,-0.263672,1.271484,0.000000,29.947569,17.000000
2.632812,-0.179688,1.111328,0.000000,32.979794,17.000000
2.742188,-0.089844,0.953125,0.000000,32.198463,17.000000
4.292969,-0.142578,1.472656,0.000000,27.745171,17.000000
4.380859,-0.142578,1.333984,0.000000,31.781132,17.000000
4.462891,-0.144531,1.195312,0.000000,31.956230,17.000000
4.574219,-0.000000,0.904297,0.000000,30.038912,17.000000
4.638672,0.146484,0.767578,0.000000,29.003672,17.000000
0.037109,-0.035156,0.064453,0.000000,30.098757,17.000000
0.046875,-0.046875,0.103516,0.000000,29.003672,17.000000
1.232422,-0.464844,0.294922,0.000000,19.590414,17.000000
0.011719,-0.039062,-0.007812,0.000000,30.652061,18.000000
0.027344,-0.076172,-0.009766,0.000000,31.852587,18.000000
0.041016,-0.115234,-0.007812,0.000000,30.073210,18.000000
0.056641,-0.154297,0.007812,0.000000,25.340261,18.000000
0.265625,0.039062,-1.240234,0.000000,23.483049,18.000000
0.210938,0.041016,-1.291016,0.000000,24.329693,18.000000
0.474609,0.042969,1.263672,0.000000,22.455126,18.000000
2.199219,-0.068359,-0.203125,0.000000,29.074114,18.000000
2.242188,-0.070312,-0.183594,0.000000,28.627275,18.000000
2.333984,0.074219,0.421875,0.000000,27.403627,18.000000
2.697266,-0.087891,0.828125,0.000000,28.981766,18.000000
2.720703,-0.089844,0.884766,0.000000,32.427898,18.000000
2.771484,-0.089844,0.863281,0.000000,31.818436,18.000000
4.277344,-0.000000,1.525391,0.000000,27.520485,18.000000
4.376953,-0.142578,1.347656,0.000000,31.398790,18.000000
4.455078,-0.144531,1.226562,0.000000,31.264561,18.000000
0.037109,-0.035156,0.064453,0.000000,30.094509,18.000000
0.044922,-0.046875,0.103516,0.000000,28.998205,18.000000
1.177734,-0.449219,0.351562,0.000000,21.367207,18.000000
1.226562,-0.464844,0.318359,0.000000,19.637878,18.000000
0.011719,-0.039062,-0.007812,0.000000,30.652061,19.000000
0.027344,-0.076172,-0.009766,0.000000,31.855421,19.000000
0.041016,-0.115234,-0.007812,0.000000,30.077478,19.000000
0.056641,-0.154297,0.007812,0.000000,25.340261,19.000000
0.250000,0.039062,-1.242188,0.000000,23.521826,19.000000
0.189453,0.041016,-1.294922,0.000000,24.377506,19.000000
0.484375,0.042969,1.259766,0.000000,22.479733,19.000000
2.156250,-0.134766,-0.169922,0.000000,26.972294,19.000000
2.197266,-0.138672,-0.187500,0.000000,30.476643,19.000000
2.236328,-0.140625,-0.210938,0.000000,30.195316,19.000000
2.583984,-0.175781,1.121094,0.000000,29.493900,19.000000
2.650391,-0.179688,1.068359,0.000000,32.753113,19.000000
2.761719,-0.089844,0.894531,0.000000,32.049335,19.000000
4.291016,-0.000000,1.607422,0.000000,27.874605,19.000000
4.396484,-0.144531,1.421875,0.000000,28.756399,19.000000
0.037109,-0.035156,0.064453,0.000000,30.102999,19.000000
0.046875,-0.046875,0.103516,0.000000,28.998205,19.000000
1.236328,-0.464844,0.281250,0.000000,19.637878,19.000000
4.000000,-1.718750,-1.427734,0.000000,25.502283,19.000000
0.011719,-0.039062,-0.007812,0.000000,30.659531,20.000000
0.027344,-0.076172,-0.009766,0.000000,31.858253,20.000000
0.041016,-0.115234,-0.007812,0.000000,30.081741,20.000000
0.056641,-0.154297,0.007812,0.000000,25.340261,20.000000
0.238281,0.039062,-1.244141,0.000000,23.463530,20.000000
0.228516,0.041016,-1.289062,0.000000,24.329693,20.000000
0.443359,0.042969,1.273438,0.000000,22.455126,20.000000
2.197266,-0.138672,-0.167969,0.000000,27.737864,20.000000
2.240234,-0.140625,-0.156250,0.000000,28.591383,20.000000
2.287109,-0.072266,-0.123047,0.000000,27.109631,20.000000
2.707031,-0.175781,0.779297,0.000000,28.943161,20.000000
2.753906,-0.089844,0.777344,0.000000,32.450188,20.000000
2.810547,-0.089844,0.730469,0.000000,31.869564,20.000000
4.291016,-0.000000,1.484375,0.000000,27.678976,20.000000
4.384766,-0.142578,1.322266,0.000000,31.300119,20.000000
4.451172,-0.144531,1.240234,0.000000,30.863598,20.000000
0.037109,-0.035156,0.064453,0.000000,30.098757,20.000000
0.046875,-0.046875,0.103516,0.000000,29.003672,20.000000
1.224609,-0.464844,0.324219,0.000000,19.637878,20.000000
0.011719,-0.039062,-0.007812,0.000000,30.648323,21.000000
0.027344,-0.076172,-0.009766,0.000000,31.855421,21.000000
0.041016,-0.115234,-0.007812,0.000000,30.077478,21.000000
0.056641,-0.154297,0.007812,0.000000,25.340261,21.000000
0.302734,0.039062,-1.230469,0.000000,23.521826,21.000000
0.232422,0.041016,-1.287109,0.000000,24.393328,21.000000
0.457031,0.042969,1.269531,0.000000,22.504200,21.000000
2.146484,-0.134766,-0.275391,0.000000,28.407331,21.000000
2.191406,-0.068359,-0.263672,0.000000,30.301949,21.000000
2.234375,-0.070312,-0.257812,0.000000,28.847954,21.000000
2.578125,-0.175781,1.136719,0.000000,29.863237,21.000000
2.648438,-0.179688,1.074219,0.000000,32.826221,21.000000
2.751953,-0.089844,0.921875,0.000000,32.049335,21.000000
4.375000,-0.142578,1.351562,0.000000,31.149445,21.000000
4.451172,-0.144531,1.234375,0.000000,31.357685,21.000000
0.037109,-0.035156,0.064453,0.000000,30.098757,21.000000
0.046875,-0.046875,0.103516,0.000000,29.003672,21.000000
1.179688,-0.449219,0.345703,0.000000,21.430147,21.000000
1.236328,-0.464844,0.281250,0.000000,19.777237,21.000000
0.011719,-0.039062,-0.007812,0.000000,30.659531,22.000000
0.027344,-0.076172,-0.009766,0.000000,31.852587,22.000000
0.041016,-0.115234,-0.007812,0.000000,30.073210,22.000000
0.056641,-0.154297,0.007812,0.000000,25.327543,22.000000
0.291016,0.039062,-1.234375,0.000000,23.502480,22.000000
0.220703,0.041016,-1.289062,0.000000,24.345690,22.000000
0.453125,0.042969,1.271484,0.000000,22.455126,22.000000
2.199219,-0.068359,-0.203125,0.000000,28.864906,22.000000
2.240234,-0.140625,-0.166016,0.000000,29.694159,22.000000
2.279297,-0.142578,-0.187500,0.000000,27.916906,22.000000
2.625000,-0.175781,1.019531,0.000000,29.469433,22.000000
2.662109,-0.179688,1.037109,0.000000,32.648178,22.000000
2.750000,-0.089844,0.931641,0.000000,32.013969,22.000000
0.037109,-0.035156,0.064453,0.000000,30.102999,22.000000
0.046875,-0.046875,0.103516,0.000000,28.998205,22.000000
1.177734,-0.449219,0.353516,0.000000,21.367207,22.000000
1.228516,-0.464844,0.316406,0.000000,19.637878,22.000000
0.011719,-0.039062,-0.007812,0.000000,30.655798,23.000000
0.027344,-0.076172,-0.009766,0.000000,31.855421,23.000000
0.041016,-0.115234,-0.007812,0.000000,30.081741,23.000000
0.056641,-0.154297,0.007812,0.000000,25.352942,23.000000
0.281250,0.039062,-1.236328,0.000000,23.502480,23.000000
0.238281,0.041016,-1.287109,0.000000,24.361626,23.000000
0.435547,0.042969,1.277344,0.000000,22.430380,23.000000
2.623047,-0.175781,1.029297,0.000000,29.666109,23.000000
2.662109,-0.179688,1.039062,0.000000,32.757717,23.000000
2.763672,-0.089844,0.886719,0.000000,32.016701,23.000000
0.037109,-0.035156,0.064453,0.000000,30.098757,23.000000
0.046875,-0.046875,0.103516,0.000000,28.998205,23.000000
1.226562,-0.464844,0.318359,0.000000,19.637878,23.000000
0.011719,-0.039062,-0.007812,0.000000,30.652061,24.000000
0.027344,-0.076172,-0.009766,0.000000,31.855421,24.000000
0.041016,-0.115234,-0.007812,0.000000,30.077478,24.000000
0.056641,-0.154297,0.007812,0.000000,25.327543,24.000000
0.316406,0.039062,-1.226562,0.000000,23.502480,24.000000
0.275391,0.041016,-1.279297,0.000000,24.361626,24.000000
0.421875,0.042969,1.281250,0.000000,22.479733,24.000000
2.654297,-0.175781,0.941406,0.000000,29.079485,24.000000
2.718750,-0.089844,0.894531,0.000000,32.545483,24.000000
2.789062,-0.089844,0.806641,0.000000,31.917303,24.000000
2.214844,-0.816406,0.242188,-1.229337,20.718821,24.000000
0.037109,-0.035156,0.064453,0.000000,30.098757,24.000000
0.044922,-0.046875,0.103516,0.000000,29.003672,24.000000
1.226562,-0.464844,0.324219,0.000000,19.590414,24.000000
0.011719,-0.039062,-0.007812,0.000000,30.655798,25.000000
0.027344,-0.076172,-0.009766,0.000000,31.852587,25.000000
0.041016,-0.115234,-0.007812,0.000000,30.077478,25.000000
0.056641,-0.154297,0.007812,0.000000,25.340261,25.000000
0.263672,0.039062,-1.240234,0.000000,23.502480,25.000000
0.212891,0.041016,-1.291016,0.000000,24.345690,25.000000
0.484375,0.042969,1.259766,0.000000,22.455126,25.000000
2.173828,-0.068359,-0.384766,0.000000,26.570559,25.000000
2.195312,-0.070312,-0.490234,0.000000,27.275414,25.000000
2.228516,-0.072266,-0.523438,0.000000,25.786392,25.000000
2.611328,-0.175781,1.056641,0.000000,29.143431,25.000000
2.644531,-0.179688,1.085938,0.000000,32.612629,25.000000
2.730469,-0.089844,0.986328,0.000000,32.030331,25.000000
0.037109,-0.035156,0.064453,0.000000,30.098757,25.000000
0.046875,-0.046875,0.103516,0.000000,28.998205,25.000000
1.230469,-0.464844,0.304688,0.000000,19.637878,25.000000
0.011719,-0.039062,-0.007812,0.000000,30.659531,26.000000
0.027344,-0.076172,-0.009766,0.000000,31.858253,26.000000
0.041016,-0.115234,-0.007812,0.000000,30.081741,26.000000
0.056641,-0.154297,0.007812,0.000000,25.340261,26.000000
0.283203,0.039062,-1.234375,0.000000,23.483049,26.000000
0.212891,0.041016,-1.291016,0.000000,24.329693,26.000000
0.478516,0.042969,1.261719,0.000000,22.430380,26.000000
2.150391,-0.000000,-0.505859,0.000000,26.434526,26.000000
2.611328,-0.175781,1.054688,0.000000,29.464523,26.000000
2.679688,-0.179688,0.996094,0.000000,32.695129,26.000000
2.787109,-0.089844,0.812500,0.000000,32.079037,26.000000
0.037109,-0.035156,0.064453,0.000000,30.102999,26.000000
0.044922,-0.046875,0.103516,0.000000,28.998205,26.000000
1.179688,-0.449219,0.343750,0.000000,21.398790,26.000000
1.232422,-0.464844,0.296875,0.000000,19.684830,26.000000
0.011719,-0.039062,-0.007812,0.000000,30.652061,27.000000
0.027344,-0.076172,-0.009766,0.000000,31.852587,27.000000
0.041016,-0.115234,-0.007812,0.000000,30.077478,27.000000
0.056641,-0.154297,0.007812,0.000000,25.340261,27.000000
0.283203,0.039062,-1.236328,0.000000,23.483049,27.000000
0.234375,0.041016,-1.287109,0.000000,24.361626,27.000000
0.460938,0.042969,1.267578,0.000000,22.455126,27.000000
2.646484,-0.175781,0.964844,0.000000,29.148718,27.000000
2.705078,-0.089844,0.933594,0.000000,32.511513,27.000000
2.769531,-0.089844,0.871094,0.000000,31.824146,27.000000
0.037109,-0.035156,0.064453,0.000000,30.094509,27.000000
0.044922,-0.046875,0.103516,0.000000,28.998205,27.000000
1.181641,-0.449219,0.339844,0.000000,21.430147,27.000000
1.232422,-0.464844,0.294922,0.000000,19.731279,27.000000
0.011719,-0.039062,-0.007812,0.000000,30.663260,28.000000
0.027344,-0.076172,-0.009766,0.000000,31.861084,28.000000
0.041016,-0.115234,-0.007812,0.000000,30.081741,28.000000
0.056641,-0.154297,0.007812,0.000000,25.340261,28.000000
0.263672,0.039062,-1.240234,0.000000,23.521826,28.000000
0.222656,0.041016,-1.289062,0.000000,24.377506,28.000000
0.474609,0.042969,1.263672,0.000000,22.479733,28.000000
2.599609,-0.175781,1.085938,0.000000,29.180304,28.000000
2.662109,-0.179688,1.039062,0.000000,32.509075,28.000000
2.763672,-0.089844,0.886719,0.000000,31.875208,28.000000
0.037109,-0.035156,0.064453,0.000000,30.102999,28.000000
0.046875,-0.046875,0.103516,0.000000,29.003672,28.000000
1.179688,-0.449219,0.345703,0.000000,21.430147,28.000000
1.236328,-0.464844,0.283203,0.000000,19.731279,28.000000
0.011719,-0.039062,-0.007812,0.000000,30.659531,29.000000
0.027344,-0.076172,-0.009766,0.000000,31.852587,29.000000
0.041016,-0.115234,-0.007812,0.000000,30.073210,29.000000
0.056641,-0.154297,0.007812,0.000000,25.340261,29.000000
0.279297,0.039062,-1.236328,0.000000,23.483049,29.000000
0.232422,0.041016,-1.287109,0.000000,24.345690,29.000000
0.482422,0.042969,1.259766,0.000000,22.430380,29.000000
2.199219,-0.138672,-0.160156,0.000000,27.604225,29.000000
2.220703,-0.210938,-0.287109,0.000000,28.481892,29.000000
2.619141,-0.175781,1.037109,0.000000,29.237619,29.000000
2.654297,-0.179688,1.060547,0.000000,32.535805,29.000000
2.751953,-0.089844,0.921875,0.000000,31.880844,29.000000
4.375000,-0.142578,1.353516,0.000000,30.068937,29.000000
4.441406,-0.144531,1.275391,0.000000,30.240749,29.000000
0.037109,-0.035156,0.064453,0.000000,30.098757,29.000000
0.046875,-0.046875,0.103516,0.000000,29.003672,29.000000
1.175781,-0.449219,0.359375,0.000000,21.367207,29.000000
1.230469,-0.464844,0.306641,0.000000,19.684830,29.000000
0.011719,-0.039062,-0.007812,0.000000,30.666985,30.000000
0.027344,-0.076172,-0.009766,0.000000,31.858253,30.000000
0.041016,-0.115234,-0.007812,0.000000,30.077478,30.000000
0.056641,-0.154297,0.007812,0.000000,25.327543,30.000000
0.283203,0.039062,-1.236328,0.000000,23.521826,30.000000
0.232422,0.041016,-1.287109,0.000000,24.377506,30.000000
0.464844,0.042969,1.267578,0.000000,22.479733,30.000000
2.705078,-0.087891,0.804688,0.000000,29.196011,30.000000
2.722656,-0.089844,0.884766,0.000000,32.550312,30.000000
2.767578,-0.089844,0.876953,0.000000,31.964525,30.000000
4.337891,-0.000000,1.341797,0.000000,27.759743,30.000000
4.406250,-0.142578,1.250000,0.000000,31.383026,30.000000
4.460938,-0.144531,1.205078,0.000000,30.824263,30.000000
0.037109,-0.035156,0.064453,0.000000,30.098757,30.000000
0.046875,-0.046875,0.103516,0.000000,28.998205,30.000000
1.179688,-0.449219,0.347656,0.000000,21.398790,30.000000
1.236328,-0.464844,0.279297,0.000000,19.731279,30.000000
0.011719,-0.039062,-0.007812,0.000000,30.659531,31.000000
0.027344,-0.076172,-0.009766,0.000000,31.855421,31.000000
0.041016,-0.115234,-0.007812,0.000000,30.081741,31.000000
0.056641,-0.154297,0.007812,0.000000,25.352942,31.000000
0.267578,0.039062,-1.238281,0.000000,23.483049,31.000000
0.216797,0.041016,-1.291016,0.000000,24.345690,31.000000
0.462891,0.042969,1.267578,0.000000,22.430380,31.000000
2.621094,-0.175781,1.033203,0.000000,29.513374,31.000000
2.654297,-0.179688,1.060547,0.000000,32.695129,31.000000
2.740234,-0.089844,0.960938,0.000000,31.945143,31.000000
4.279297,-0.142578,1.513672,0.000000,27.543484,31.000000
4.388672,-0.142578,1.310547,0.000000,31.322598,31.000000
4.474609,-0.000000,1.158203,0.000000,31.119343,31.000000
4.857422,-0.308594,0.896484,0.000000,29.580858,31.000000
4.921875,-0.779297,0.275391,0.000000,28.674675,31.000000
0.037109,-0.035156,0.064453,0.000000,30.102999,31.000000
0.046875,-0.046875,0.103516,0.000000,29.003672,31.000000
1.224609,-0.464844,0.324219,0.000000,19.637878,31.000000
3.812500,-1.703125,-1.783203,0.000000,24.623980,31.000000
0.011719,-0.039062,-0.007812,0.000000,30.663260,32.000000
0.027344,-0.076172,-0.009766,0.000000,31.858253,32.000000
0.041016,-0.115234,-0.007812,0.000000,30.081741,32.000000
0.056641,-0.154297,0.007812,0.000000,25.352942,32.000000
0.300781,0.039062,-1.230469,0.000000,23.483049,32.000000
0.263672,0.041016,-1.281250,0.000000,24.329693,32.000000
0.431641,0.042969,1.277344,0.000000,22.430380,32.000000
2.234375,-0.140625,-0.232422,0.000000,27.708521,32.000000
2.257812,-0.142578,-0.363281,0.000000,26.646420,32.000000
2.619141,-0.175781,1.037109,0.000000,29.106243,32.000000
2.673828,-0.179688,1.005859,0.000000,32.562366,32.000000
2.771484,-0.089844,0.861328,0.000000,32.060158,32.000000
4.269531,-0.142578,1.541016,0.000000,27.730547,32.000000
4.388672,-0.142578,1.308594,0.000000,31.392492,32.000000
4.490234,-0.000000,1.097656,0.000000,31.370375,32.000000
4.611328,-0.000000,0.693359,0.000000,29.822712,32.000000
4.660156,-0.000000,0.638672,0.000000,28.773714,32.000000
4.824219,-0.154297,1.099609,0.000000,30.948204,32.000000
4.914062,-0.623047,0.611328,0.000000,29.201233,32.000000
0.037109,-0.035156,0.064453,0.000000,30.098757,32.000000
0.044922,-0.046875,0.103516,0.000000,28.998205,32.000000
1.177734,-0.449219,0.353516,0.000000,21.398790,32.000000
1.230469,-0.464844,0.302734,0.000000,19.684830,32.000000
3.810547,-1.703125,-1.789062,0.000000,24.800070,32.000000
4.654297,0.294922,0.615234,0.000000,28.686445,32.000000
0.011719,-0.039062,-0.007812,0.000000,30.659531,33.000000
0.027344,-0.076172,-0.009766,0.000000,31.858253,33.000000
0.041016,-0.115234,-0.007812,0.000000,30.081741,33.000000
0.056641,-0.154297,0.007812,0.000000,25.365585,33.000000
0.261719,0.039062,-1.240234,0.000000,23.502480,33.000000
0.208984,0.041016,-1.291016,0.000000,24.361626,33.000000
0.457031,0.042969,1.269531,0.000000,22.455126,33.000000
2.623047,-0.175781,1.025391,0.000000,28.959747,33.000000
2.662109,-0.179688,1.039062,0.000000,32.457592,33.000000
2.755859,-0.089844,0.910156,0.000000,31.880844,33.000000
4.265625,-0.142578,1.548828,0.000000,27.708521,33.000000
4.376953,-0.142578,1.345703,0.000000,31.319393,33.000000
4.476562,-0.144531,1.140625,0.000000,31.319393,33.000000
4.613281,-0.000000,0.685547,0.000000,30.013010,33.000000
4.666016,-0.000000,0.601562,0.000000,29.036325,33.000000
4.816406,-0.308594,1.099609,0.000000,31.038036,33.000000
4.886719,-0.468750,0.892578,0.000000,29.180304,33.000000
0.037109,-0.035156,0.064453,0.000000,30.098757,33.000000
0.046875,-0.046875,0.103516,0.000000,28.998205,33.000000
1.230469,-0.464844,0.302734,0.000000,19.684830,33.000000
3.802734,-1.703125,-1.806641,0.000000,24.785666,33.000000
0.011719,-0.039062,-0.007812,0.000000,30.655798,34.000000
0.027344,-0.076172,-0.009766,0.000000,31.858253,34.000000
0.041016,-0.115234,-0.007812,0.000000,30.081741,34.000000
0.056641,-0.154297,0.007812,0.000000,25.352942,34.000000
0.257812,0.039062,-1.240234,0.000000,23.483049,34.000000
0.207031,0.041016,-1.291016,0.000000,24.361626,34.000000
0.482422,0.042969,1.259766,0.000000,22.455126,34.000000
2.195312,-0.068359,-0.240234,0.000000,27.611757,34.000000
2.218750,-0.070312,-0.369141,0.000000,28.573324,34.000000
2.169922,-0.072266,-0.732422,0.000000,27.250946,34.000000
2.617188,-0.175781,1.041016,0.000000,29.395193,34.000000
2.671875,-0.179688,1.013672,0.000000,32.603100,34.000000
2.771484,-0.089844,0.861328,0.000000,31.922886,34.000000
4.275391,-0.142578,1.521484,0.000000,27.958799,34.000000
4.378906,-0.142578,1.337891,0.000000,31.538149,34.000000
4.464844,-0.144531,1.185547,0.000000,31.364035,34.000000
4.609375,-0.000000,0.703125,0.000000,29.493900,34.000000
4.662109,0.146484,0.613281,0.000000,28.802418,34.000000
4.847656,-0.308594,0.953125,0.000000,30.132587,34.000000
4.917969,-0.779297,0.326172,0.000000,28.762178,34.000000
0.037109,-0.035156,0.064453,0.000000,30.102999,34.000000
0.044922,-0.046875,0.103516,0.000000,29.003672,34.000000
1.232422,-0.464844,0.296875,0.000000,19.684830,34.000000
0.011719,-0.039062,-0.007812,0.000000,30.655798,35.000000
0.027344,-0.076172,-0.009766,0.000000,31.855421,35.000000
0.041016,-0.115234,-0.007812,0.000000,30.081741,35.000000
0.056641,-0.154297,0.007812,0.000000,25.352942,35.000000
0.283203,0.039062,-1.234375,0.000000,23.483049,35.000000
0.238281,0.041016,-1.287109,0.000000,24.345690,35.000000
0.453125,0.042969,1.271484,0.000000,22.479733,35.000000
2.242188,-0.070312,-0.173828,0.000000,26.242821,35.000000
2.644531,-0.175781,0.972656,0.000000,29.314579,35.000000
2.671875,-0.179688,1.013672,0.000000,32.697464,35.000000
2.757812,-0.089844,0.908203,0.000000,32.076344,35.000000
4.277344,-0.142578,1.517578,0.000000,28.195440,35.000000
4.382812,-0.142578,1.326172,0.000000,31.798389,35.000000
4.441406,-0.144531,1.273438,0.000000,31.306553,35.000000
0.037109,-0.035156,0.064453,0.000000,30.102999,35.000000
0.046875,-0.046875,0.103516,0.000000,28.998205,35.000000
1.175781,-0.449219,0.355469,0.000000,21.430147,35.000000
1.224609,-0.464844,0.324219,0.000000,19.777237,35.000000
0.011719,-0.039062,-0.007812,0.000000,30.659531,36.000000
0.027344,-0.076172,-0.009766,0.000000,31.855421,36.000000
0.041016,-0.115234,-0.007812,0.000000,30.077478,36.000000
0.056641,-0.154297,0.007812,0.000000,25.352942,36.000000
0.275391,0.039062,-1.236328,0.000000,23.521826,36.000000
0.207031,0.041016,-1.291016,0.000000,24.361626,36.000000
0.484375,0.042969,1.259766,0.000000,22.455126,36.000000
2.658203,-0.175781,0.933594,0.000000,28.904211,36.000000
2.712891,-0.089844,0.912109,0.000000,32.432861,36.000000
2.777344,-0.089844,0.845703,0.000000,31.855421,36.000000
4.365234,-0.142578,1.380859,0.000000,31.280760,36.000000
4.458984,-0.000000,1.214844,0.000000,31.325798,36.000000
0.037109,-0.035156,0.064453,0.000000,30.098757,36.000000
0.046875,-0.046875,0.103516,0.000000,28.998205,36.000000
1.238281,-0.464844,0.267578,0.000000,19.637878,36.000000
0.011719,-0.039062,-0.007812,0.000000,30.666985,37.000000
0.027344,-0.076172,-0.009766,0.000000,31.855421,37.000000
0.041016,-0.115234,-0.007812,0.000000,30.081741,37.000000
0.056641,-0.154297,0.007812,0.000000,25.340261,37.000000
0.265625,0.039062,-1.240234,0.000000,23.502480,37.000000
0.201172,0.041016,-1.292969,0.000000,24.361626,37.000000
0.474609,0.042969,1.263672,0.000000,22.455126,37.000000
2.628906,-0.175781,1.013672,0.000000,28.937618,37.000000
2.707031,-0.089844,0.931641,0.000000,32.365372,37.000000
2.773438,-0.089844,0.855469,0.000000,31.711412,37.000000
4.332031,-0.142578,1.482422,0.000000,28.356905,37.000000
2.177734,-0.072266,-0.705078,-0.614669,24.857214,37.000000
0.037109,-0.035156,0.064453,0.000000,30.102999,37.000000
0.046875,-0.046875,0.103516,0.000000,28.998205,37.000000
1.238281,-0.464844,0.275391,0.000000,19.637878,37.000000
0.011719,-0.039062,-0.007812,0.000000,30.655798,38.000000
0.027344,-0.076172,-0.009766,0.000000,31.855421,38.000000
0.041016,-0.115234,-0.007812,0.000000,30.077478,38.000000
0.056641,-0.154297,0.007812,0.000000,25.340261,38.000000
0.253906,0.039062,-1.242188,0.000000,23.521826,38.000000
0.218750,0.041016,-1.289062,0.000000,24.377506,38.000000
0.457031,0.042969,1.269531,0.000000,22.504200,38.000000
2.625000,-0.175781,1.023438,0.000000,28.859262,38.000000
2.675781,-0.179688,1.005859,0.000000,32.469906,38.000000
2.769531,-0.089844,0.871094,0.000000,31.953461,38.000000
0.037109,-0.035156,0.064453,0.000000,30.098757,38.000000
0.046875,-0.046875,0.103516,0.000000,28.998205,38.000000
1.240234,-0.464844,0.259766,0.000000,19.684830,38.000000
0.011719,-0.039062,-0.007812,0.000000,30.655798,39.000000
0.027344,-0.076172,-0.009766,0.000000,31.852587,39.000000
0.041016,-0.115234,-0.007812,0.000000,30.081741,39.000000
0.056641,-0.154297,0.007812,0.000000,25.352942,39.000000
0.246094,0.039062,-1.244141,0.000000,23.483049,39.000000
0.185547,0.041016,-1.294922,0.000000,24.361626,39.000000
0.482422,0.042969,1.259766,0.000000,22.455126,39.000000
2.203125,-0.068359,-0.152344,0.000000,26.483601,39.000000
2.240234,-0.070312,-0.201172,0.000000,27.701153,39.000000
2.253906,-0.000000,-0.408203,0.000000,26.748611,39.000000
2.646484,-0.175781,0.966797,0.000000,29.111576,39.000000
2.666016,-0.179688,1.029297,0.000000,32.555138,39.000000
2.744141,-0.089844,0.949219,0.000000,31.942368,39.000000
0.037109,-0.035156,0.064453,0.000000,30.102999,39.000000
0.046875,-0.046875,0.103516,0.000000,29.003672,39.000000
1.179688,-0.449219,0.343750,0.000000,21.430147,39.000000
1.232422,-0.464844,0.298828,0.000000,19.731279,39.000000
0.011719,-0.039062,-0.007812,0.000000,30.663260,40.000000
0.027344,-0.076172,-0.009766,0.000000,31.855421,40.000000
0.041016,-0.115234,-0.007812,0.000000,30.073210,40.000000
0.056641,-0.154297,0.007812,0.000000,25.327543,40.000000
0.273438,0.039062,-1.238281,0.000000,23.483049,40.000000
0.220703,0.041016,-1.289062,0.000000,24.361626,40.000000
0.482422,0.042969,1.259766,0.000000,22.479733,40.000000
2.617188,-0.175781,1.042969,0.000000,29.324738,40.000000
2.693359,-0.089844,0.968750,0.000000,32.664669,40.000000
2.753906,-0.089844,0.919922,0.000000,32.100510,40.000000
0.037109,-0.035156,0.064453,0.000000,30.098757,40.000000
0.046875,-0.046875,0.103516,0.000000,28.998205,40.000000
1.179688,-0.449219,0.347656,0.000000,21.398790,40.000000
1.236328,-0.464844,0.281250,0.000000,19.637878,40.000000
0.011719,-0.039062,-0.007812,0.000000,30.659531,41.000000
0.027344,-0.076172,-0.009766,0.000000,31.855421,41.000000
0.041016,-0.115234,-0.007812,0.000000,30.077478,41.000000
0.056641,-0.154297,0.007812,0.000000,25.340261,41.000000
0.250000,0.039062,-1.242188,0.000000,23.521826,41.000000
0.208984,0.041016,-1.291016,0.000000,24.377506,41.000000
0.443359,0.042969,1.273438,0.000000,22.479733,41.000000
2.191406,-0.138672,-0.232422,0.000000,27.678976,41.000000
2.580078,-0.175781,1.132812,0.000000,29.405165,41.000000
2.654297,-0.179688,1.056641,0.000000,32.648178,41.000000
2.767578,-0.089844,0.876953,0.000000,31.972805,41.000000
0.037109,-0.035156,0.064453,0.000000,30.098757,41.000000
0.046875,-0.046875,0.103516,0.000000,28.998205,41.000000
1.230469,-0.464844,0.308594,0.000000,19.684830,41.000000
0.011719,-0.039062,-0.007812,0.000000,30.659531,42.000000
0.027344,-0.076172,-0.009766,0.000000,31.855421,42.000000
0.041016,-0.115234,-0.007812,0.000000,30.077478,42.000000
0.056641,-0.154297,0.007812,0.000000,25.340261,42.000000
0.271484,0.039062,-1.238281,0.000000,23.541084,42.000000
0.222656,0.041016,-1.289062,0.000000,24.377506,42.000000
0.470703,0.042969,1.265625,0.000000,22.430380,42.000000
2.285156,-0.142578,-0.054688,0.000000,27.299744,42.000000
2.326172,-0.072266,0.144531,0.000000,28.034571,42.000000
2.355469,0.074219,0.275391,0.000000,27.881683,42.000000
2.357422,0.226562,0.464844,0.000000,28.573324,42.000000
2.382812,0.306641,0.503906,0.000000,27.411516,42.000000
2.615234,-0.175781,1.044922,0.000000,29.237619,42.000000
2.705078,-0.089844,0.935547,0.000000,32.583977,42.000000
2.773438,-0.089844,0.855469,0.000000,31.964525,42.000000
0.037109,-0.035156,0.064453,0.000000,30.094509,42.000000
0.044922,-0.046875,0.103516,0.000000,28.998205,42.000000
1.226562,-0.464844,0.318359,0.000000,19.637878,42.000000
0.011719,-0.039062,-0.007812,0.000000,30.659531,43.000000
0.027344,-0.076172,-0.009766,0.000000,31.858253,43.000000
0.041016,-0.115234,-0.007812,0.000000,30.077478,43.000000
0.056641,-0.154297,0.007812,0.000000,25.340261,43.000000
0.261719,0.039062,-1.240234,0.000000,23.502480,43.000000
0.224609,0.041016,-1.289062,0.000000,24.361626,43.000000
0.445312,0.042969,1.273438,0.000000,22.479733,43.000000
2.576172,-0.175781,1.138672,0.000000,29.542425,43.000000
2.628906,-0.179688,1.121094,0.000000,32.805782,43.000000
2.728516,-0.089844,0.992188,0.000000,32.079037,43.000000
4.330078,-0.142578,1.492188,0.000000,28.987251,43.000000
4.394531,-0.144531,1.427734,0.000000,29.247959,43.000000
0.037109,-0.035156,0.064453,0.000000,30.102999,43.000000
0.046875,-0.046875,0.103516,0.000000,29.003672,43.000000
1.179688,-0.449219,0.347656,0.000000,21.398790,43.000000
1.232422,-0.464844,0.292969,0.000000,19.731279,43.000000
0.011719,-0.039062,-0.007812,0.000000,30.659531,44.000000
0.027344,-0.076172,-0.009766,0.000000,31.855421,44.000000
0.041016,-0.115234,-0.007812,0.000000,30.077478,44.000000
0.056641,-0.154297,0.007812,0.000000,25.352942,44.000000
0.275391,0.039062,-1.236328,0.000000,23.521826,44.000000
0.236328,0.041016,-1.287109,0.000000,24.377506,44.000000
0.435547,0.042969,1.277344,0.000000,22.504200,44.000000
2.230469,-0.140625,-0.250000,0.000000,26.720978,44.000000
2.363281,0.150391,0.468750,0.000000,26.655809,44.000000
2.615234,-0.175781,1.044922,0.000000,29.211660,44.000000
2.660156,-0.179688,1.044922,0.000000,32.516380,44.000000
2.759766,-0.089844,0.900391,0.000000,31.903316,44.000000
4.353516,-0.142578,1.419922,0.000000,30.888445,44.000000
4.431641,-0.144531,1.302734,0.000000,30.729847,44.000000
0.037109,-0.035156,0.064453,0.000000,30.102999,44.000000
0.044922,-0.046875,0.103516,0.000000,28.998205,44.000000
1.230469,-0.464844,0.306641,0.000000,19.637878,44.000000
0.011719,-0.039062,-0.007812,0.000000,30.652061,45.000000
0.027344,-0.076172,-0.009766,0.000000,31.852587,45.000000
0.041016,-0.115234,-0.007812,0.000000,30.077478,45.000000
0.056641,-0.154297,0.007812,0.000000,25.352942,45.000000
0.287109,0.039062,-1.234375,0.000000,23.483049,45.000000
0.228516,0.041016,-1.289062,0.000000,24.345690,45.000000
0.462891,0.042969,1.267578,0.000000,22.430380,45.000000
2.724609,-0.089844,0.876953,0.000000,32.355286,45.000000
2.789062,-0.089844,0.802734,0.000000,31.781132,45.000000
4.253906,-0.142578,1.580078,0.000000,27.824726,45.000000
4.380859,-0.142578,1.332031,0.000000,31.414497,45.000000
4.468750,-0.144531,1.169922,0.000000,31.205740,45.000000
0.037109,-0.035156,0.064453,0.000000,30.098757,45.000000
0.044922,-0.046875,0.103516,0.000000,29.003672,45.000000
1.175781,-0.449219,0.357422,0.000000,21.367207,45.000000
1.226562,-0.464844,0.322266,0.000000,19.637878,45.000000
3.720703,-1.703125,-1.966797,0.000000,24.913616,45.000000
0.011719,-0.039062,-0.007812,0.000000,30.659531,46.000000
0.027344,-0.076172,-0.009766,0.000000,31.855421,46.000000
0.041016,-0.115234,-0.007812,0.000000,30.077478,46.000000
0.056641,-0.154297,0.007812,0.000000,25.327543,46.000000
0.281250,0.039062,-1.236328,0.000000,23.483049,46.000000
0.236328,0.041016,-1.287109,0.000000,24.345690,46.000000
0.470703,0.042969,1.265625,0.000000,22.430380,46.000000
2.638672,-0.175781,0.986328,0.000000,29.319662,46.000000
2.673828,-0.179688,1.009766,0.000000,32.615009,46.000000
2.763672,-0.089844,0.888672,0.000000,31.942368,46.000000
4.320312,-0.142578,1.519531,0.000000,29.365137,46.000000
4.408203,-0.144531,1.382812,0.000000,28.926510,46.000000
4.849609,-0.308594,0.939453,0.000000,30.588055,46.000000
4.931641,-0.623047,0.439453,0.000000,28.870544,46.000000
2.328125,-0.376953,0.513672,-0.614669,25.888317,46.000000
0.037109,-0.035156,0.064453,0.000000,30.102999,46.000000
0.044922,-0.046875,0.103516,0.000000,28.998205,46.000000
1.175781,-0.449219,0.359375,0.000000,21.398790,46.000000
1.228516,-0.464844,0.308594,0.000000,19.637878,46.000000
3.771484,-1.861328,-1.814453,0.000000,26.404814,46.000000
0.011719,-0.039062,-0.007812,0.000000,30.652061,47.000000
0.027344,-0.076172,-0.009766,0.000000,31.852587,47.000000
0.041016,-0.115234,-0.007812,0.000000,30.077478,47.000000
0.056641,-0.154297,0.007812,0.000000,25.352942,47.000000
0.269531,0.039062,-1.238281,0.000000,23.483049,47.000000
0.230469,0.041016,-1.287109,0.000000,24.345690,47.000000
0.449219,0.042969,1.271484,0.000000,22.430380,47.000000
2.214844,-0.140625,-0.369141,0.000000,28.149132,47.000000
2.269531,-0.142578,-0.277344,0.000000,28.932068,47.000000
2.326172,-0.146484,0.000000,0.000000,27.299744,47.000000
2.636719,-0.175781,0.988281,0.000000,29.370161,47.000000
2.671875,-0.179688,1.013672,0.000000,32.736958,47.000000
2.765625,-0.089844,0.884766,0.000000,32.052044,47.000000
0.037109,-0.035156,0.064453,0.000000,30.094509,47.000000
0.046875,-0.046875,0.103516,0.000000,28.998205,47.000000
1.173828,-0.449219,0.361328,0.000000,21.367207,47.000000
1.224609,-0.464844,0.328125,0.000000,19.731279,47.000000
0.011719,-0.039062,-0.007812,0.000000,30.652061,48.000000
0.027344,-0.076172,-0.009766,0.000000,31.852587,48.000000
0.041016,-0.115234,-0.007812,0.000000,30.073210,48.000000
0.056641,-0.154297,0.007812,0.000000,25.340261,48.000000
0.281250,0.039062,-1.236328,0.000000,23.483049,48.000000
0.236328,0.041016,-1.287109,0.000000,24.361626,48.000000
0.464844,0.042969,1.267578,0.000000,22.504200,48.000000
2.230469,-0.140625,-0.253906,0.000000,27.958799,48.000000
2.248047,-0.214844,-0.386719,0.000000,27.242758,48.000000
2.632812,-0.175781,1.000000,0.000000,29.390198,48.000000
2.681641,-0.179688,0.986328,0.000000,32.633995,48.000000
2.783203,-0.089844,0.828125,0.000000,31.931246,48.000000
4.607422,0.146484,0.701172,0.000000,30.115704,48.000000
4.660156,0.146484,0.623047,0.000000,31.146111,48.000000
4.699219,0.148438,0.646484,0.000000,28.970770,48.000000
2.230469,0.146484,0.662109,-0.614669,28.299467,48.000000
2.308594,0.148438,0.527344,-0.614669,29.556877,48.000000
2.328125,0.150391,0.621094,-0.614669,26.893089,48.000000
0.037109,-0.035156,0.064453,0.000000,30.098757,48.000000
0.046875,-0.046875,0.103516,0.000000,28.998205,48.000000
1.226562,-0.464844,0.318359,0.000000,19.684830,48.000000
0.011719,-0.039062,-0.007812,0.000000,30.655798,49.000000
0.027344,-0.076172,-0.009766,0.000000,31.858253,49.000000
0.041016,-0.115234,-0.007812,0.000000,30.081741,49.000000
0.056641,-0.154297,0.007812,0.000000,25.340261,49.000000
0.273438,0.039062,-1.238281,0.000000,23.483049,49.000000
0.207031,0.041016,-1.291016,0.000000,24.361626,49.000000
0.476562,0.042969,1.261719,0.000000,22.479733,49.000000
2.283203,-0.142578,-0.115234,0.000000,27.678976,49.000000
2.660156,-0.179688,1.044922,0.000000,32.533379,49.000000
2.751953,-0.089844,0.923828,0.000000,31.883659,49.000000
4.279297,-0.142578,1.632812,0.000000,28.273693,49.000000
4.816406,-0.154297,0.937500,0.000000,30.119930,49.000000
4.853516,-0.308594,0.916016,0.000000,31.586639,49.000000
4.927734,-0.468750,0.634766,0.000000,29.903389,49.000000
0.037109,-0.035156,0.064453,0.000000,30.102999,49.000000
0.044922,-0.046875,0.103516,0.000000,28.998205,49.000000
1.226562,-0.464844,0.320312,0.000000,19.590414,49.000000
3.779297,-1.861328,-1.800781,0.000000,25.998831,49.000000
0.011719,-0.039062,-0.007812,0.000000,30.659531,50.000000
0.027344,-0.076172,-0.009766,0.000000,31.855421,50.000000
0.041016,-0.115234,-0.007812,0.000000,30.077478,50.000000
0.056641,-0.154297,0.007812,0.000000,25.340261,50.000000
0.050781,-0.000000,-1.267578,0.000000,23.463530,50.000000
0.212891,0.041016,-1.291016,0.000000,24.345690,50.000000
0.458984,0.042969,1.269531,0.000000,22.430380,50.000000
2.283203,-0.142578,-0.115234,0.000000,27.067179,50.000000
2.630859,-0.175781,1.007812,0.000000,29.698816,50.000000
2.667969,-0.179688,1.025391,0.000000,32.828487,50.000000
2.763672,-0.089844,0.888672,0.000000,32.127201,50.000000
4.244141,-0.142578,1.605469,0.000000,27.993406,50.000000
4.369141,-0.142578,1.369141,0.000000,31.846914,50.000000
4.447266,-0.144531,1.253906,0.000000,31.875208,50.000000
2.326172,-0.146484,0.041016,0.614669,27.015680,50.000000
0.037109,-0.035156,0.064453,0.000000,30.102999,50.000000
0.046875,-0.046875,0.103516,0.000000,29.003672,50.000000
1.234375,-0.464844,0.291016,0.000000,19.590414,50.000000
3.757812,-1.703125,-1.896484,0.000000,25.132175,50.000000
0.011719,-0.039062,-0.007812,0.000000,30.655798,51.000000
0.027344,-0.076172,-0.009766,0.000000,31.858253,51.000000
0.041016,-0.115234,-0.007812,0.000000,30.081741,51.000000
0.056641,-0.154297,0.007812,0.000000,25.352942,51.000000
0.267578,0.039062,-1.238281,0.000000,23.502480,51.000000
0.236328,0.041016,-1.287109,0.000000,24.361626,51.000000
0.462891,0.042969,1.267578,0.000000,22.479733,51.000000
2.189453,-0.068359,-0.287109,0.000000,28.615345,51.000000
2.232422,-0.070312,-0.269531,0.000000,30.817072,51.000000
2.275391,-0.072266,-0.255859,0.000000,30.141003,51.000000
2.328125,-0.000000,-0.121094,0.000000,27.520485,51.000000
2.359375,0.148438,0.197266,0.000000,27.573959,51.000000
2.623047,-0.175781,1.025391,0.000000,29.365137,51.000000
2.664062,-0.179688,1.035156,0.000000,32.681099,51.000000
2.757812,-0.089844,0.906250,0.000000,32.035767,51.000000
4.246094,-0.000000,1.611328,0.000000,27.435097,51.000000
4.359375,-0.142578,1.400391,0.000000,31.075491,51.000000
4.441406,-0.144531,1.271484,0.000000,30.824263,51.000000
0.037109,-0.035156,0.064453,0.000000,30.102999,51.000000
0.046875,-0.046875,0.103516,0.000000,29.009130,51.000000
1.224609,-0.464844,0.324219,0.000000,19.684830,51.000000
0.011719,-0.039062,-0.007812,0.000000,30.655798,52.000000
0.027344,-0.076172,-0.009766,0.000000,31.855421,52.000000
0.041016,-0.115234,-0.007812,0.000000,30.077478,52.000000
0.056641,-0.154297,0.007812,0.000000,25.340261,52.000000
0.259766,0.039062,-1.240234,0.000000,23.483049,52.000000
0.193359,0.041016,-1.292969,0.000000,24.361626,52.000000
0.478516,0.042969,1.261719,0.000000,22.430380,52.000000
2.613281,-0.175781,1.052734,0.000000,29.523081,52.000000
2.646484,-0.179688,1.078125,0.000000,32.794388,52.000000
2.746094,-0.089844,0.941406,0.000000,32.127201,52.000000
4.353516,-0.142578,1.421875,0.000000,29.903389,52.000000
4.412109,-0.144531,1.371094,0.000000,30.136797,52.000000
0.037109,-0.035156,0.064453,0.000000,30.098757,52.000000
0.044922,-0.046875,0.103516,0.000000,28.998205,52.000000
1.234375,-0.464844,0.291016,0.000000,19.684830,52.000000
0.011719,-0.039062,-0.007812,0.000000,30.666985,53.000000
0.027344,-0.076172,-0.009766,0.000000,31.861084,53.000000
0.041016,-0.115234,-0.007812,0.000000,30.086002,53.000000
0.056641,-0.154297,0.007812,0.000000,25.352942,53.000000
0.259766,0.039062,-1.240234,0.000000,23.443922,53.000000
0.232422,0.041016,-1.287109,0.000000,24.345690,53.000000
0.468750,0.042969,1.265625,0.000000,22.455126,53.000000
2.236328,-0.070312,-0.236328,0.000000,26.454224,53.000000
2.742188,-0.089844,0.816406,0.000000,32.447716,53.000000
2.804688,-0.089844,0.746094,0.000000,31.869564,53.000000
0.037109,-0.035156,0.064453,0.000000,30.102999,53.000000
0.044922,-0.046875,0.103516,0.000000,28.998205,53.000000
1.236328,-0.464844,0.279297,0.000000,19.684830,53.000000
0.011719,-0.039062,-0.007812,0.000000,30.663260,54.000000
0.027344,-0.076172,-0.009766,0.000000,31.858253,54.000000
0.041016,-0.115234,-0.007812,0.000000,30.081741,54.000000
0.056641,-0.154297,0.007812,0.000000,25.340261,54.000000
0.283203,0.039062,-1.236328,0.000000,23.541084,54.000000
0.230469,0.041016,-1.287109,0.000000,24.377506,54.000000
0.466797,0.042969,1.265625,0.000000,22.479733,54.000000
2.548828,-0.175781,1.199219,0.000000,29.722029,54.000000
2.619141,-0.179688,1.144531,0.000000,32.828487,54.000000
2.728516,-0.089844,0.990234,0.000000,32.129864,54.000000
0.037109,-0.035156,0.064453,0.000000,30.098757,54.000000
0.044922,-0.046875,0.103516,0.000000,28.998205,54.000000
1.177734,-0.449219,0.353516,0.000000,21.398790,54.000000
1.232422,-0.464844,0.298828,0.000000,19.684830,54.000000
0.011719,-0.039062,-0.007812,0.000000,30.655798,55.000000
0.027344,-0.076172,-0.009766,0.000000,31.855421,55.000000
0.041016,-0.115234,-0.007812,0.000000,30.077478,55.000000
0.056641,-0.154297,0.007812,0.000000,25.340261,55.000000
0.259766,0.039062,-1.240234,0.000000,23.483049,55.000000
0.193359,0.041016,-1.294922,0.000000,24.345690,55.000000
0.494141,0.042969,1.255859,0.000000,22.405493,55.000000
2.714844,-0.087891,0.767578,0.000000,29.020029,55.000000
2.740234,-0.089844,0.828125,0.000000,32.377949,55.000000
2.794922,-0.089844,0.787109,0.000000,31.766699,55.000000
0.037109,-0.035156,0.064453,0.000000,30.102999,55.000000
0.046875,-0.046875,0.103516,0.000000,28.998205,55.000000
1.175781,-0.449219,0.357422,0.000000,21.367207,55.000000
1.230469,-0.464844,0.304688,0.000000,19.637878,55.000000
0.011719,-0.039062,-0.007812,0.000000,30.652061,56.000000
0.027344,-0.076172,-0.009766,0.000000,31.852587,56.000000
0.041016,-0.115234,-0.007812,0.000000,30.077478,56.000000
0.056641,-0.154297,0.007812,0.000000,25.340261,56.000000
0.289062,0.039062,-1.234375,0.000000,23.502480,56.000000
0.253906,0.041016,-1.283203,0.000000,24.377506,56.000000
0.417969,0.042969,1.283203,0.000000,22.479733,56.000000
2.589844,-0.263672,1.091797,0.000000,29.420080,56.000000
2.662109,-0.179688,1.037109,0.000000,32.709118,56.000000
2.763672,-0.089844,0.890625,0.000000,32.000294,56.000000
0.037109,-0.035156,0.064453,0.000000,30.098757,56.000000
0.046875,-0.046875,0.103516,0.000000,29.003672,56.000000
1.177734,-0.449219,0.355469,0.000000,21.398790,56.000000
1.226562,-0.464844,0.322266,0.000000,19.684830,56.000000
0.011719,-0.039062,-0.007812,0.000000,30.659531,57.000000
0.027344,-0.076172,-0.009766,0.000000,31.855421,57.000000
0.041016,-0.115234,-0.007812,0.000000,30.077478,57.000000
0.056641,-0.154297,0.007812,0.000000,25.340261,57.000000
0.279297,0.039062,-1.236328,0.000000,23.502480,57.000000
0.242188,0.041016,-1.285156,0.000000,24.361626,57.000000
0.445312,0.042969,1.273438,0.000000,22.479733,57.000000
2.248047,-0.070312,-0.066406,0.000000,26.711729,57.000000
2.285156,-0.142578,0.037109,0.000000,27.535831,57.000000
2.318359,-0.072266,0.242188,0.000000,26.998377,57.000000
2.634766,-0.175781,0.994141,0.000000,28.976271,57.000000
2.707031,-0.089844,0.929688,0.000000,32.355286,57.000000
2.765625,-0.089844,0.884766,0.000000,31.746412,57.000000
4.783203,-1.404297,-0.257812,0.000000,29.390198,57.000000
0.037109,-0.035156,0.064453,0.000000,30.102999,57.000000
0.046875,-0.046875,0.103516,0.000000,28.998205,57.000000
1.232422,-0.464844,0.298828,0.000000,19.637878,57.000000
4.867188,-1.091797,-0.158203,0.000000,29.339931,57.000000
0.011719,-0.039062,-0.007812,0.000000,30.659531,58.000000
0.027344,-0.076172,-0.009766,0.000000,31.858253,58.000000
0.041016,-0.115234,-0.007812,0.000000,30.077478,58.000000
0.056641,-0.154297,0.007812,0.000000,25.340261,58.000000
0.261719,0.039062,-1.240234,0.000000,23.463530,58.000000
0.197266,0.041016,-1.292969,0.000000,24.329693,58.000000
0.453125,0.042969,1.271484,0.000000,22.455126,58.000000
2.207031,-0.068359,-0.015625,0.000000,26.702459,58.000000
2.248047,-0.070312,0.052734,0.000000,28.055008,58.000000
2.287109,-0.072266,0.107422,0.000000,26.821451,58.000000
2.730469,-0.089844,0.857422,0.000000,32.375439,58.000000
2.783203,-0.089844,0.828125,0.000000,31.743505,58.000000
2.318359,-0.072266,0.242188,-0.614669,25.352942,58.000000
0.037109,-0.035156,0.064453,0.000000,30.094509,58.000000
0.046875,-0.046875,0.103516,0.000000,28.998205,58.000000
1.236328,-0.464844,0.277344,0.000000,19.637878,58.000000
0.011719,-0.039062,-0.007812,0.000000,30.666985,59.000000
0.027344,-0.076172,-0.009766,0.000000,31.858253,59.000000
0.041016,-0.115234,-0.007812,0.000000,30.081741,59.000000
0.056641,-0.154297,0.007812,0.000000,25.352942,59.000000
0.265625,0.039062,-1.240234,0.000000,23.483049,59.000000
0.203125,0.041016,-1.292969,0.000000,24.329693,59.000000
0.464844,0.042969,1.267578,0.000000,22.405493,59.000000
2.167969,-0.138672,-0.398438,0.000000,27.723217,59.000000
2.210938,-0.140625,-0.390625,0.000000,29.289078,59.000000
2.244141,-0.142578,-0.441406,0.000000,27.986506,59.000000
2.607422,-0.175781,1.064453,0.000000,29.410143,59.000000
2.669922,-0.179688,1.017578,0.000000,32.605484,59.000000
2.775391,-0.089844,0.847656,0.000000,31.908916,59.000000
4.341797,-0.000000,1.460938,0.000000,28.686445,59.000000
0.037109,-0.035156,0.064453,0.000000,30.102999,59.000000
0.046875,-0.046875,0.103516,0.000000,29.003672,59.000000
1.230469,-0.464844,0.306641,0.000000,19.590414,59.000000
3.916016,-1.718750,-1.644531,0.000000,25.854607,59.000000
0.011719,-0.039062,-0.007812,0.000000,30.663260,60.000000
0.027344,-0.076172,-0.009766,0.000000,31.852587,60.000000
0.041016,-0.115234,-0.007812,0.000000,30.073210,60.000000
0.056641,-0.154297,0.007812,0.000000,25.340261,60.000000
0.271484,0.039062,-1.238281,0.000000,23.502480,60.000000
0.228516,0.041016,-1.289062,0.000000,24.361626,60.000000
0.457031,0.042969,1.269531,0.000000,22.455126,60.000000
2.191406,-0.068359,-0.269531,0.000000,26.674530,60.000000
2.236328,-0.070312,-0.240234,0.000000,28.876173,60.000000
2.283203,-0.000000,-0.173828,0.000000,28.494194,60.000000
2.328125,-0.000000,-0.123047,0.000000,26.201361,60.000000
2.626953,-0.175781,1.019531,0.000000,29.360107,60.000000
2.664062,-0.179688,1.033203,0.000000,32.688118,60.000000
2.761719,-0.089844,0.894531,0.000000,32.027607,60.000000
4.382812,-0.142578,1.330078,0.000000,31.192558,60.000000
4.451172,-0.144531,1.238281,0.000000,30.937717,60.000000
0.037109,-0.035156,0.064453,0.000000,30.098757,60.000000
0.046875,-0.046875,0.103516,0.000000,28.992731,60.000000
