0.011719,-0.039062,-0.007812,0.000000,30.729847,0.000000
0.017578,-0.080078,-0.007812,0.000000,31.975563,0.000000
0.029297,-0.119141,-0.003906,0.000000,30.203613,0.000000
0.056641,-0.154297,0.005859,0.000000,25.502283,0.000000
0.351562,-0.080078,-1.216797,0.000000,21.958996,0.000000
0.289062,-0.041016,1.275391,0.000000,23.263359,0.000000
0.466797,-0.042969,1.265625,0.000000,21.846914,0.000000
1.361328,-0.044922,0.441406,0.000000,23.404442,0.000000
1.464844,-0.046875,-0.150391,0.000000,30.464952,0.000000
1.498047,-0.046875,-0.212891,0.000000,33.793056,0.000000
1.535156,-0.048828,-0.234375,0.000000,33.654881,0.000000
1.560547,-0.050781,-0.324219,0.000000,29.754318,0.000000
2.548828,-0.263672,1.185547,0.000000,29.444826,0.000000
2.607422,-0.267578,1.152344,0.000000,32.746197,0.000000
2.667969,-0.181641,1.134766,0.000000,31.992065,0.000000
1.615234,0.255859,0.060547,-0.614669,26.589649,0.000000
1.646484,0.314453,0.060547,-0.614669,25.954962,0.000000
1.634766,-0.482422,0.207031,-0.614669,25.477747,0.000000
0.041016,-0.033203,0.062500,0.000000,30.145205,0.000000
0.044922,-0.046875,0.103516,0.000000,29.052561,0.000000
1.212891,0.357422,0.089844,0.000000,19.138138,0.000000
1.646484,0.429688,0.230469,-0.614669,23.031961,0.000000
0.011719,-0.039062,-0.007812,0.000000,30.733517,1.000000
0.017578,-0.080078,-0.007812,0.000000,31.975563,1.000000
0.029297,-0.119141,-0.003906,0.000000,30.203613,1.000000
0.056641,-0.154297,0.007812,0.000000,25.502283,1.000000
0.324219,-0.080078,-1.222656,0.000000,21.986570,1.000000
0.306641,-0.041016,1.271484,0.000000,23.283796,1.000000
0.494141,-0.042969,1.255859,0.000000,21.903316,1.000000
1.431641,-0.000000,0.347656,0.000000,22.552725,1.000000
1.507812,0.142578,0.001953,0.000000,27.109631,1.000000
1.550781,0.097656,-0.042969,0.000000,29.237619,1.000000
1.591797,0.099609,-0.001953,0.000000,28.926510,1.000000
1.619141,0.205078,0.109375,0.000000,27.379873,1.000000
2.558594,-0.263672,1.164062,0.000000,29.227255,1.000000
2.605469,-0.267578,1.158203,0.000000,32.626884,1.000000
2.667969,-0.181641,1.132812,0.000000,31.975563,1.000000
0.041016,-0.033203,0.062500,0.000000,30.145205,1.000000
0.044922,-0.046875,0.103516,0.000000,29.052561,1.000000
1.214844,0.357422,0.076172,0.000000,19.294189,1.000000
1.363281,-0.091797,0.546875,0.000000,22.528530,1.000000
0.011719,-0.039062,-0.007812,0.000000,30.729847,2.000000
0.017578,-0.080078,-0.007812,0.000000,31.975563,2.000000
0.029297,-0.119141,-0.005859,0.000000,30.203613,2.000000
0.056641,-0.154297,0.005859,0.000000,25.502283,2.000000
0.357422,-0.080078,-1.214844,0.000000,21.986570,2.000000
0.308594,-0.041016,1.271484,0.000000,23.263359,2.000000
0.507812,-0.042969,1.250000,0.000000,21.986570,2.000000
1.390625,-0.000000,-0.337891,0.000000,24.913616,2.000000
1.455078,-0.046875,-0.224609,0.000000,29.111576,2.000000
1.480469,-0.046875,-0.310547,0.000000,30.696680,2.000000
1.455078,-0.048828,-0.546875,0.000000,28.785217,2.000000
1.558594,-0.205078,-0.457031,0.000000,26.946053,2.000000
1.609375,0.314453,0.347656,0.000000,26.483601,2.000000
2.533203,-0.263672,1.218750,0.000000,29.385197,2.000000
2.595703,-0.267578,1.177734,0.000000,32.755417,2.000000
2.656250,-0.181641,1.158203,0.000000,32.016701,2.000000
0.041016,-0.033203,0.062500,0.000000,30.153597,2.000000
0.044922,-0.046875,0.103516,0.000000,29.057959,2.000000
1.212891,0.357422,0.093750,0.000000,19.294189,2.000000
1.025391,0.535156,1.039062,0.000000,26.848454,2.000000
1.580078,0.306641,0.294922,0.000000,24.623980,2.000000
1.468750,-0.261719,-0.765625,0.000000,25.538830,2.000000
0.011719,-0.039062,-0.007812,0.000000,30.733517,3.000000
0.017578,-0.080078,-0.007812,0.000000,31.978317,3.000000
0.029297,-0.119141,-0.003906,0.000000,30.211893,3.000000
0.056641,-0.154297,0.005859,0.000000,25.514500,3.000000
0.376953,-0.080078,-1.208984,0.000000,22.013971,3.000000
0.289062,-0.041016,1.275391,0.000000,23.304138,3.000000
0.462891,-0.042969,1.267578,0.000000,22.013971,3.000000
1.468750,-0.091797,0.074219,0.000000,26.599161,3.000000
1.509766,-0.093750,-0.039062,0.000000,30.305998,3.000000
1.550781,-0.097656,-0.060547,0.000000,30.166155,3.000000
1.621094,0.314453,0.291016,0.000000,28.692318,3.000000
1.669922,0.267578,0.300781,0.000000,28.543060,3.000000
2.519531,-0.263672,1.242188,0.000000,29.122221,3.000000
2.603516,-0.179688,1.177734,0.000000,32.629253,3.000000
2.654297,-0.181641,1.166016,0.000000,31.994808,3.000000
1.593750,-0.050781,0.009766,0.614669,25.611013,3.000000
0.041016,-0.033203,0.062500,0.000000,30.149403,3.000000
0.044922,-0.046875,0.103516,0.000000,29.052561,3.000000
1.212891,0.357422,0.091797,0.000000,19.084850,3.000000
0.011719,-0.039062,-0.007812,0.000000,30.733517,4.000000
0.017578,-0.080078,-0.007812,0.000000,31.978317,4.000000
0.029297,-0.119141,-0.003906,0.000000,30.207754,4.000000
0.056641,-0.154297,0.007812,0.000000,25.502283,4.000000
0.365234,-0.080078,-1.210938,0.000000,22.013971,4.000000
0.306641,-0.041016,1.271484,0.000000,23.283796,4.000000
0.400391,-0.000000,1.289062,0.000000,21.903316,4.000000
1.472656,-0.000000,0.050781,0.000000,26.404814,4.000000
1.509766,-0.046875,-0.103516,0.000000,30.149403,4.000000
1.548828,-0.048828,-0.121094,0.000000,30.457140,4.000000
1.591797,-0.000000,-0.093750,0.000000,27.723217,4.000000
2.562500,-0.263672,1.154297,0.000000,29.647308,4.000000
2.617188,-0.179688,1.148438,0.000000,32.853321,4.000000
2.652344,-0.181641,1.167969,0.000000,32.097832,4.000000
0.041016,-0.033203,0.062500,0.000000,30.153597,4.000000
0.044922,-0.046875,0.103516,0.000000,29.063351,4.000000
1.212891,0.357422,0.093750,0.000000,19.190781,4.000000
1.466797,-0.091797,0.078125,0.000000,26.384893,4.000000
0.011719,-0.039062,-0.007812,0.000000,30.726175,5.000000
0.017578,-0.080078,-0.007812,0.000000,31.975563,5.000000
0.029297,-0.119141,-0.003906,0.000000,30.207754,5.000000
0.056641,-0.154297,0.005859,0.000000,25.502283,5.000000
0.349609,-0.080078,-1.216797,0.000000,21.958996,5.000000
0.292969,-0.041016,1.275391,0.000000,23.263359,5.000000
0.525391,-0.042969,1.242188,0.000000,21.846914,5.000000
2.541016,-0.263672,1.201172,0.000000,29.041744,5.000000
2.601562,-0.179688,1.183594,0.000000,32.232361,5.000000
2.632812,-0.181641,1.212891,0.000000,31.254812,5.000000
1.498047,-0.046875,0.207031,0.614669,28.615345,5.000000
1.542969,-0.000000,0.183594,0.614669,29.745117,5.000000
1.572266,-0.000000,0.275391,0.614669,28.149132,5.000000
1.605469,0.050781,0.314453,0.614669,26.170004,5.000000
1.384766,-0.000000,-0.503906,-0.614669,23.483049,5.000000
0.041016,-0.033203,0.062500,0.000000,30.153597,5.000000
0.044922,-0.046875,0.103516,0.000000,29.057959,5.000000
1.212891,0.357422,0.091797,0.000000,19.138138,5.000000
0.011719,-0.039062,-0.007812,0.000000,30.726175,6.000000
0.017578,-0.080078,-0.007812,0.000000,31.970047,6.000000
0.029297,-0.119141,-0.003906,0.000000,30.199467,6.000000
0.056641,-0.154297,0.005859,0.000000,25.490032,6.000000
0.369141,-0.080078,-1.210938,0.000000,21.931246,6.000000
0.312500,-0.041016,1.271484,0.000000,23.263359,6.000000
0.417969,-0.000000,1.283203,0.000000,21.903316,6.000000
1.289062,0.044922,-0.621094,0.000000,22.576786,6.000000
1.455078,-0.000000,-0.228516,0.000000,29.106243,6.000000
1.500000,0.046875,-0.195312,0.000000,31.455072,6.000000
1.539062,0.048828,-0.216797,0.000000,30.557604,6.000000
1.591797,-0.000000,-0.117188,0.000000,28.208580,6.000000
2.541016,-0.263672,1.197266,0.000000,29.731279,6.000000
2.585938,-0.179688,1.216797,0.000000,32.864563,6.000000
2.613281,-0.181641,1.253906,0.000000,32.000294,6.000000
4.382812,-0.287109,1.306641,0.000000,28.836615,6.000000
0.041016,-0.033203,0.062500,0.000000,30.149403,6.000000
0.044922,-0.046875,0.103516,0.000000,29.057959,6.000000
1.212891,0.357422,0.097656,0.000000,19.294189,6.000000
3.396484,-2.003906,-2.332031,0.000000,26.273659,6.000000
0.011719,-0.039062,-0.007812,0.000000,30.726175,7.000000
0.017578,-0.080078,-0.007812,0.000000,31.972805,7.000000
0.029297,-0.119141,-0.003906,0.000000,30.203613,7.000000
0.056641,-0.154297,0.005859,0.000000,25.477747,7.000000
0.369141,-0.080078,-1.210938,0.000000,21.903316,7.000000
0.287109,-0.041016,1.277344,0.000000,23.242825,7.000000
0.416016,-0.000000,1.283203,0.000000,21.875208,7.000000
1.464844,-0.046875,-0.134766,0.000000,26.646420,7.000000
1.503906,-0.046875,-0.164062,0.000000,28.149132,7.000000
1.550781,-0.097656,-0.011719,0.000000,26.324574,7.000000
1.582031,0.099609,-0.173828,0.000000,26.560982,7.000000
1.617188,-0.000000,-0.250000,0.000000,25.611013,7.000000
1.632812,-0.314453,0.212891,0.000000,26.720978,7.000000
1.673828,-0.322266,0.207031,0.000000,26.570559,7.000000
2.523438,-0.263672,1.234375,0.000000,29.122221,7.000000
2.578125,-0.267578,1.218750,0.000000,32.452660,7.000000
2.621094,-0.181641,1.236328,0.000000,31.367207,7.000000
4.414062,-0.287109,1.195312,0.000000,29.827234,7.000000
4.439453,-0.289062,1.253906,0.000000,29.138138,7.000000
0.041016,-0.033203,0.062500,0.000000,30.149403,7.000000
0.044922,-0.046875,0.103516,0.000000,29.052561,7.000000
1.212891,0.357422,0.099609,0.000000,19.242792,7.000000
1.406250,-0.460938,0.699219,0.000000,23.344538,7.000000
0.011719,-0.039062,-0.007812,0.000000,30.726175,8.000000
0.017578,-0.080078,-0.007812,0.000000,31.972805,8.000000
0.029297,-0.119141,-0.003906,0.000000,30.203613,8.000000
0.056641,-0.154297,0.005859,0.000000,25.502283,8.000000
0.341797,-0.080078,-1.218750,0.000000,21.986570,8.000000
0.273438,-0.041016,1.279297,0.000000,23.283796,8.000000
0.398438,-0.000000,1.289062,0.000000,21.903316,8.000000
1.351562,-0.044922,0.470703,0.000000,22.095150,8.000000
1.468750,-0.000000,-0.099609,0.000000,28.591383,8.000000
1.500000,-0.046875,-0.199219,0.000000,31.442627,8.000000
1.529297,-0.048828,-0.269531,0.000000,31.498346,8.000000
1.511719,-0.050781,-0.505859,0.000000,28.767950,8.000000
1.642578,-0.261719,0.212891,0.000000,26.627579,8.000000
2.589844,-0.267578,1.193359,0.000000,31.251558,8.000000
2.640625,-0.271484,1.177734,0.000000,30.132587,8.000000
4.408203,-0.287109,1.216797,0.000000,30.374266,8.000000
4.447266,-0.289062,1.226562,0.000000,30.207754,8.000000
0.041016,-0.033203,0.062500,0.000000,30.149403,8.000000
0.044922,-0.046875,0.103516,0.000000,29.052561,8.000000
1.214844,0.357422,0.083984,0.000000,19.242792,8.000000
0.011719,-0.039062,-0.007812,0.000000,30.733517,9.000000
0.017578,-0.080078,-0.007812,0.000000,31.975563,9.000000
0.029297,-0.119141,-0.005859,0.000000,30.203613,9.000000
0.056641,-0.154297,0.005859,0.000000,25.502283,9.000000
0.322266,-0.080078,-1.224609,0.000000,21.931246,9.000000
0.316406,-0.041016,1.269531,0.000000,23.222193,9.000000
0.488281,-0.042969,1.257812,0.000000,21.903316,9.000000
1.468750,-0.046875,-0.099609,0.000000,24.996870,9.000000
1.509766,-0.000000,-0.103516,0.000000,26.580114,9.000000
1.554688,-0.000000,0.013672,0.000000,26.190933,9.000000
1.593750,-0.000000,0.062500,0.000000,26.503075,9.000000
1.626953,-0.000000,0.173828,0.000000,27.831886,9.000000
1.669922,0.105469,0.123047,0.000000,27.363964,9.000000
1.695312,0.267578,0.056641,0.000000,25.171959,9.000000
2.537109,-0.263672,1.208984,0.000000,29.222063,9.000000
2.583984,-0.267578,1.205078,0.000000,32.803509,9.000000
2.634766,-0.181641,1.210938,0.000000,32.437820,9.000000
2.611328,-0.000000,1.363281,0.000000,28.394781,9.000000
4.378906,-0.287109,1.318359,0.000000,29.790930,9.000000
4.408203,-0.289062,1.359375,0.000000,29.903389,9.000000
0.041016,-0.033203,0.062500,0.000000,30.145205,9.000000
0.044922,-0.046875,0.103516,0.000000,29.047155,9.000000
1.214844,0.357422,0.074219,0.000000,19.294189,9.000000
0.720703,1.019531,-0.925781,0.000000,24.885508,9.000000
1.550781,-0.375000,0.636719,0.000000,24.361626,9.000000
0.011719,-0.039062,-0.007812,0.000000,30.737183,10.000000
0.017578,-0.080078,-0.007812,0.000000,31.978317,10.000000
0.029297,-0.119141,-0.003906,0.000000,30.203613,10.000000
0.056641,-0.154297,0.005859,0.000000,25.502283,10.000000
0.345703,-0.080078,-1.216797,0.000000,21.958996,10.000000
0.296875,-0.041016,1.273438,0.000000,23.222193,10.000000
0.494141,-0.042969,1.255859,0.000000,21.931246,10.000000
1.548828,-0.000000,0.140625,0.000000,25.171959,10.000000
1.593750,-0.000000,0.072266,0.000000,28.407331,10.000000
1.632812,-0.000000,0.097656,0.000000,27.201593,10.000000
2.546875,-0.263672,1.189453,0.000000,29.708117,10.000000
2.605469,-0.267578,1.154297,0.000000,33.392525,10.000000
2.671875,-0.181641,1.123047,0.000000,33.199383,10.000000
2.695312,-0.091797,1.183594,0.000000,29.247959,10.000000
4.388672,-0.287109,1.283203,0.000000,29.749720,10.000000
4.427734,-0.289062,1.292969,0.000000,29.898945,10.000000
0.041016,-0.033203,0.062500,0.000000,30.145205,10.000000
0.044922,-0.046875,0.103516,0.000000,29.047155,10.000000
1.214844,0.357422,0.068359,0.000000,19.294189,10.000000
1.373047,0.046875,-0.634766,0.000000,23.560259,10.000000
0.408203,0.923828,-1.181641,0.000000,25.145477,10.000000
0.011719,-0.039062,-0.007812,0.000000,30.729847,11.000000
0.017578,-0.080078,-0.007812,0.000000,31.972805,11.000000
0.029297,-0.119141,-0.003906,0.000000,30.203613,11.000000
0.056641,-0.154297,0.005859,0.000000,25.502283,11.000000
0.351562,-0.080078,-1.214844,0.000000,21.931246,11.000000
0.318359,-0.041016,1.269531,0.000000,23.201464,11.000000
0.404297,-0.000000,1.287109,0.000000,21.875208,11.000000
1.464844,-0.000000,0.152344,0.000000,26.042261,11.000000
1.511719,-0.000000,0.076172,0.000000,30.824263,11.000000
1.554688,-0.000000,0.021484,0.000000,32.214142,11.000000
1.576172,0.050781,-0.238281,0.000000,28.567289,11.000000
1.513672,-0.101562,0.613281,0.000000,26.232492,11.000000
1.564453,-0.000000,0.605469,0.000000,26.608654,11.000000
2.560547,-0.263672,1.158203,0.000000,28.802418,11.000000
2.601562,-0.267578,1.164062,0.000000,32.087101,11.000000
2.660156,-0.181641,1.150391,0.000000,31.714338,11.000000
2.679688,-0.091797,1.218750,0.000000,28.299467,11.000000
4.386719,-0.287109,1.291016,0.000000,30.877813,11.000000
4.412109,-0.289062,1.345703,0.000000,30.877813,11.000000
0.041016,-0.033203,0.062500,0.000000,30.145205,11.000000
0.044922,-0.046875,0.103516,0.000000,29.052561,11.000000
1.214844,0.357422,0.078125,0.000000,19.138138,11.000000
0.011719,-0.039062,-0.007812,0.000000,30.733517,12.000000
0.017578,-0.080078,-0.007812,0.000000,31.975563,12.000000
0.029297,-0.119141,-0.003906,0.000000,30.203613,12.000000
0.056641,-0.154297,0.005859,0.000000,25.502283,12.000000
0.345703,-0.080078,-1.216797,0.000000,21.903316,12.000000
0.306641,-0.041016,1.271484,0.000000,23.222193,12.000000
0.498047,-0.042969,1.253906,0.000000,21.931246,12.000000
1.257812,0.193359,-0.892578,0.000000,25.118834,12.000000
2.548828,-0.263672,1.183594,0.000000,29.845274,12.000000
2.625000,-0.179688,1.128906,0.000000,33.123890,12.000000
2.681641,-0.181641,1.099609,0.000000,32.357807,12.000000
4.361328,-0.142578,1.253906,0.000000,27.535831,12.000000
4.410156,-0.287109,1.207031,0.000000,31.325798,12.000000
4.447266,-0.289062,1.226562,0.000000,30.838608,12.000000
1.542969,-0.000000,0.406250,-0.614669,27.299744,12.000000
1.591797,-0.050781,0.373047,-0.614669,28.041395,12.000000
1.626953,-0.052734,0.406250,-0.614669,25.145477,12.000000
0.041016,-0.033203,0.062500,0.000000,30.145205,12.000000
0.044922,-0.046875,0.103516,0.000000,29.052561,12.000000
1.216797,0.357422,0.044922,0.000000,19.242792,12.000000
0.011719,-0.039062,-0.007812,0.000000,30.733517,13.000000
0.017578,-0.080078,-0.007812,0.000000,31.972805,13.000000
0.029297,-0.119141,-0.003906,0.000000,30.203613,13.000000
0.056641,-0.154297,0.007812,0.000000,25.490032,13.000000
0.341797,-0.080078,-1.218750,0.000000,21.986570,13.000000
0.306641,-0.041016,1.271484,0.000000,23.283796,13.000000
0.501953,-0.042969,1.251953,0.000000,21.958996,13.000000
1.509766,0.093750,0.037109,0.000000,27.291647,13.000000
1.548828,0.048828,0.111328,0.000000,30.390173,13.000000
1.587891,0.050781,0.146484,0.000000,29.708117,13.000000
1.599609,-0.101562,0.332031,0.000000,27.075703,13.000000
2.568359,-0.263672,1.138672,0.000000,29.527924,13.000000
2.623047,-0.179688,1.132812,0.000000,32.685780,13.000000
2.666016,-0.181641,1.136719,0.000000,31.863913,13.000000
4.408203,-0.287109,1.216797,0.000000,30.572857,13.000000
4.423828,-0.289062,1.306641,0.000000,29.777237,13.000000
0.041016,-0.033203,0.062500,0.000000,30.141003,13.000000
0.044922,-0.046875,0.103516,0.000000,29.052561,13.000000
1.214844,0.357422,0.068359,0.000000,19.294189,13.000000
0.011719,-0.039062,-0.007812,0.000000,30.733517,14.000000
0.017578,-0.080078,-0.007812,0.000000,31.972805,14.000000
0.029297,-0.119141,-0.003906,0.000000,30.203613,14.000000
0.056641,-0.154297,0.005859,0.000000,25.514500,14.000000
0.375000,-0.080078,-1.208984,0.000000,21.875208,14.000000
0.248047,-0.041016,1.285156,0.000000,23.201464,14.000000
0.357422,-0.000000,1.302734,0.000000,21.846914,14.000000
1.458984,0.046875,-0.195312,0.000000,23.909351,14.000000
1.500000,0.046875,-0.197266,0.000000,29.278833,14.000000
1.541016,0.048828,-0.199219,0.000000,31.335388,14.000000
1.582031,0.050781,-0.205078,0.000000,30.334238,14.000000
1.617188,0.101562,-0.232422,0.000000,26.683859,14.000000
2.548828,-0.263672,1.181641,0.000000,29.314579,14.000000
2.605469,-0.267578,1.154297,0.000000,32.695129,14.000000
2.664062,-0.271484,1.125000,0.000000,31.815578,14.000000
4.386719,-0.287109,1.289062,0.000000,29.768084,14.000000
4.890625,-0.308594,0.695312,0.000000,30.588055,14.000000
0.041016,-0.033203,0.062500,0.000000,30.145205,14.000000
0.044922,-0.046875,0.103516,0.000000,29.052561,14.000000
1.214844,0.357422,0.076172,0.000000,19.084850,14.000000
0.011719,-0.039062,-0.007812,0.000000,30.726175,15.000000
0.017578,-0.080078,-0.007812,0.000000,31.972805,15.000000
0.029297,-0.119141,-0.003906,0.000000,30.207754,15.000000
0.056641,-0.154297,0.007812,0.000000,25.502283,15.000000
0.347656,-0.080078,-1.216797,0.000000,21.931246,15.000000
0.314453,-0.041016,1.269531,0.000000,23.242825,15.000000
0.500000,-0.042969,1.253906,0.000000,21.875208,15.000000
1.449219,-0.000000,-0.263672,0.000000,23.747484,15.000000
1.501953,-0.000000,-0.187500,0.000000,29.849771,15.000000
1.544922,-0.000000,-0.167969,0.000000,32.474823,15.000000
1.587891,-0.000000,-0.160156,0.000000,31.655411,15.000000
1.625000,0.050781,-0.185547,0.000000,27.860413,15.000000
2.525391,-0.263672,1.232422,0.000000,29.132839,15.000000
2.591797,-0.267578,1.189453,0.000000,32.477280,15.000000
2.644531,-0.181641,1.185547,0.000000,31.670218,15.000000
4.382812,-0.287109,1.300781,0.000000,30.289778,15.000000
4.398438,-0.289062,1.388672,0.000000,29.675480,15.000000
0.041016,-0.033203,0.062500,0.000000,30.153597,15.000000
0.044922,-0.046875,0.103516,0.000000,29.057959,15.000000
1.214844,0.357422,0.078125,0.000000,19.294189,15.000000
0.011719,-0.039062,-0.007812,0.000000,30.726175,16.000000
0.017578,-0.080078,-0.007812,0.000000,31.972805,16.000000
0.029297,-0.119141,-0.003906,0.000000,30.203613,16.000000
0.056641,-0.154297,0.005859,0.000000,25.490032,16.000000
0.359375,-0.080078,-1.212891,0.000000,21.986570,16.000000
0.298828,-0.041016,1.273438,0.000000,23.263359,16.000000
0.480469,-0.042969,1.259766,0.000000,21.903316,16.000000
1.458984,-0.000000,-0.197266,0.000000,24.517864,16.000000
1.505859,0.046875,-0.134766,0.000000,30.111473,16.000000
1.548828,0.048828,-0.128906,0.000000,32.753113,16.000000
1.587891,0.050781,-0.146484,0.000000,32.148438,16.000000
1.619141,0.101562,-0.207031,0.000000,28.674675,16.000000
2.552734,-0.263672,1.173828,0.000000,29.420080,16.000000
2.615234,-0.179688,1.150391,0.000000,32.725376,16.000000
2.662109,-0.181641,1.146484,0.000000,31.983822,16.000000
4.388672,-0.287109,1.285156,0.000000,30.788193,16.000000
4.408203,-0.289062,1.363281,0.000000,30.277573,16.000000
4.884766,-0.308594,0.736328,0.000000,30.437551,16.000000
0.041016,-0.033203,0.062500,0.000000,30.145205,16.000000
0.044922,-0.046875,0.103516,0.000000,29.052561,16.000000
1.212891,0.357422,0.093750,0.000000,19.242792,16.000000
0.011719,-0.039062,-0.007812,0.000000,30.729847,17.000000
0.017578,-0.080078,-0.007812,0.000000,31.972805,17.000000
0.029297,-0.119141,-0.003906,0.000000,30.203613,17.000000
0.056641,-0.154297,0.005859,0.000000,25.502283,17.000000
0.369141,-0.080078,-1.210938,0.000000,21.986570,17.000000
0.310547,-0.041016,1.271484,0.000000,23.263359,17.000000
0.500000,-0.042969,1.253906,0.000000,21.986570,17.000000
1.482422,0.048828,-0.464844,0.000000,27.520485,17.000000
1.580078,0.050781,-0.212891,0.000000,28.007172,17.000000
2.542969,-0.263672,1.195312,0.000000,29.375179,17.000000
2.599609,-0.267578,1.169922,0.000000,32.695129,17.000000
2.660156,-0.181641,1.150391,0.000000,31.920095,17.000000
4.394531,-0.287109,1.263672,0.000000,31.417633,17.000000
4.421875,-0.289062,1.316406,0.000000,30.965624,17.000000
4.890625,-0.308594,0.699219,0.000000,30.584261,17.000000
0.041016,-0.033203,0.062500,0.000000,30.145205,17.000000
0.044922,-0.046875,0.103516,0.000000,29.047155,17.000000
1.212891,0.357422,0.093750,0.000000,19.190781,17.000000
0.011719,-0.039062,-0.007812,0.000000,30.722500,18.000000
0.017578,-0.080078,-0.007812,0.000000,31.970047,18.000000
0.029297,-0.119141,-0.003906,0.000000,30.199467,18.000000
0.056641,-0.154297,0.007812,0.000000,25.502283,18.000000
0.375000,-0.080078,-1.208984,0.000000,21.986570,18.000000
0.294922,-0.041016,1.275391,0.000000,23.242825,18.000000
0.488281,-0.042969,1.257812,0.000000,21.931246,18.000000
1.359375,-0.000000,0.664062,0.000000,26.063814,18.000000
1.404297,-0.000000,0.666016,0.000000,26.180481,18.000000
1.556641,-0.000000,0.345703,0.000000,25.198280,18.000000
2.548828,-0.263672,1.185547,0.000000,29.344984,18.000000
2.617188,-0.179688,1.148438,0.000000,32.725376,18.000000
2.667969,-0.181641,1.132812,0.000000,32.033051,18.000000
4.384766,-0.287109,1.292969,0.000000,31.209028,18.000000
4.410156,-0.289062,1.353516,0.000000,30.766405,18.000000
4.886719,-0.308594,0.718750,0.000000,30.678144,18.000000
0.041016,-0.033203,0.062500,0.000000,30.153597,18.000000
0.044922,-0.046875,0.103516,0.000000,29.057959,18.000000
1.212891,0.357422,0.093750,0.000000,19.242792,18.000000
0.169922,0.519531,-1.412109,0.000000,23.961994,18.000000
0.011719,-0.039062,-0.007812,0.000000,30.729847,19.000000
0.017578,-0.080078,-0.007812,0.000000,31.975563,19.000000
0.029297,-0.119141,-0.003906,0.000000,30.203613,19.000000
0.056641,-0.154297,0.005859,0.000000,25.502283,19.000000
0.376953,-0.080078,-1.208984,0.000000,21.903316,19.000000
0.283203,-0.041016,1.277344,0.000000,23.222193,19.000000
0.468750,-0.042969,1.265625,0.000000,21.903316,19.000000
1.437500,-0.189453,0.431641,0.000000,23.747484,19.000000
2.552734,-0.263672,1.173828,0.000000,29.289078,19.000000
2.619141,-0.179688,1.140625,0.000000,32.676411,19.000000
2.667969,-0.181641,1.134766,0.000000,31.981070,19.000000
4.378906,-0.287109,1.316406,0.000000,30.629578,19.000000
4.394531,-0.289062,1.406250,0.000000,30.098757,19.000000
0.041016,-0.033203,0.062500,0.000000,30.145205,19.000000
0.044922,-0.046875,0.103516,0.000000,29.052561,19.000000
1.214844,0.357422,0.072266,0.000000,19.242792,19.000000
1.457031,-0.242188,0.486328,0.000000,24.785666,19.000000
0.011719,-0.039062,-0.007812,0.000000,30.729847,20.000000
0.017578,-0.080078,-0.007812,0.000000,31.972805,20.000000
0.029297,-0.119141,-0.003906,0.000000,30.203613,20.000000
0.056641,-0.154297,0.005859,0.000000,25.502283,20.000000
0.378906,-0.080078,-1.207031,0.000000,22.013971,20.000000
0.285156,-0.041016,1.277344,0.000000,23.263359,20.000000
0.378906,-0.000000,1.294922,0.000000,21.986570,20.000000
1.470703,-0.000000,-0.060547,0.000000,25.622929,20.000000
1.509766,-0.000000,-0.101562,0.000000,30.955181,20.000000
1.550781,-0.048828,-0.089844,0.000000,32.108532,20.000000
1.591797,-0.000000,-0.093750,0.000000,30.124153,20.000000
2.548828,-0.263672,1.185547,0.000000,29.283958,20.000000
2.605469,-0.267578,1.156250,0.000000,32.576786,20.000000
2.666016,-0.181641,1.136719,0.000000,31.806992,20.000000
4.388672,-0.287109,1.285156,0.000000,30.453230,20.000000
4.402344,-0.289062,1.376953,0.000000,29.960737,20.000000
4.898438,-0.308594,0.644531,0.000000,30.141003,20.000000
0.041016,-0.033203,0.062500,0.000000,30.145205,20.000000
0.044922,-0.046875,0.103516,0.000000,29.047155,20.000000
1.214844,0.357422,0.072266,0.000000,19.395193,20.000000
0.011719,-0.039062,-0.007812,0.000000,30.737183,21.000000
0.017578,-0.080078,-0.007812,0.000000,31.975563,21.000000
0.029297,-0.119141,-0.003906,0.000000,30.203613,21.000000
0.056641,-0.154297,0.005859,0.000000,25.502283,21.000000
0.376953,-0.080078,-1.208984,0.000000,21.903316,21.000000
0.304688,-0.041016,1.271484,0.000000,23.242825,21.000000
0.375000,-0.000000,1.296875,0.000000,21.903316,21.000000
1.472656,-0.046875,-0.005859,0.000000,27.307823,21.000000
1.509766,-0.046875,-0.091797,0.000000,31.628630,21.000000
1.550781,-0.048828,-0.085938,0.000000,32.024883,21.000000
1.593750,-0.050781,0.011719,0.000000,27.737864,21.000000
2.554688,-0.263672,1.169922,0.000000,29.304396,21.000000
2.621094,-0.179688,1.140625,0.000000,32.552727,21.000000
2.671875,-0.181641,1.125000,0.000000,31.821293,21.000000
4.384766,-0.287109,1.298828,0.000000,29.885590,21.000000
4.394531,-0.289062,1.402344,0.000000,29.143431,21.000000
4.888672,-0.308594,0.705078,0.000000,31.274288,21.000000
0.041016,-0.033203,0.062500,0.000000,30.149403,21.000000
0.044922,-0.046875,0.103516,0.000000,29.052561,21.000000
1.214844,0.357422,0.052734,0.000000,19.190781,21.000000
3.304688,-2.003906,-2.460938,0.000000,26.893089,21.000000
3.560547,-2.021484,-2.146484,0.000000,26.222139,21.000000
0.011719,-0.039062,-0.007812,0.000000,30.733517,22.000000
0.017578,-0.080078,-0.007812,0.000000,31.975563,22.000000
0.029297,-0.119141,-0.003906,0.000000,30.203613,22.000000
0.056641,-0.154297,0.005859,0.000000,25.490032,22.000000
0.318359,-0.080078,-1.224609,0.000000,22.013971,22.000000
0.302734,-0.041016,1.273438,0.000000,23.242825,22.000000
0.505859,-0.042969,1.250000,0.000000,21.931246,22.000000
1.583984,-0.000000,0.193359,0.000000,26.821451,22.000000
1.623047,-0.000000,0.212891,0.000000,27.259117,22.000000
2.560547,-0.263672,1.158203,0.000000,29.652018,22.000000
2.630859,-0.179688,1.119141,0.000000,32.990711,22.000000
2.689453,-0.181641,1.083984,0.000000,32.460060,22.000000
4.328125,-0.283203,1.345703,0.000000,27.774269,22.000000
4.410156,-0.287109,1.210938,0.000000,31.176027,22.000000
4.441406,-0.289062,1.244141,0.000000,30.472748,22.000000
0.041016,-0.033203,0.062500,0.000000,30.145205,22.000000
0.044922,-0.046875,0.103516,0.000000,29.052561,22.000000
1.214844,0.357422,0.070312,0.000000,19.344984,22.000000
0.783203,1.041016,-0.771484,0.000000,22.504200,22.000000
0.011719,-0.039062,-0.007812,0.000000,30.726175,23.000000
0.017578,-0.080078,-0.007812,0.000000,31.970047,23.000000
0.041016,-0.115234,-0.007812,0.000000,30.195316,23.000000
0.056641,-0.154297,0.005859,0.000000,25.490032,23.000000
0.339844,-0.080078,-1.218750,0.000000,21.931246,23.000000
0.292969,-0.041016,1.275391,0.000000,23.201464,23.000000
0.449219,-0.042969,1.271484,0.000000,21.903316,23.000000
1.472656,-0.000000,-0.001953,0.000000,28.260748,23.000000
1.511719,0.046875,-0.044922,0.000000,30.464952,23.000000
1.554688,-0.000000,0.044922,0.000000,27.986506,23.000000
2.537109,-0.263672,1.208984,0.000000,29.929951,23.000000
2.615234,-0.179688,1.152344,0.000000,33.298046,23.000000
2.658203,-0.181641,1.158203,0.000000,32.450188,23.000000
4.339844,-0.283203,1.306641,0.000000,28.457180,23.000000
4.410156,-0.287109,1.205078,0.000000,31.981070,23.000000
4.447266,-0.289062,1.230469,0.000000,31.507565,23.000000
0.041016,-0.033203,0.062500,0.000000,30.145205,23.000000
0.044922,-0.046875,0.103516,0.000000,29.047155,23.000000
1.214844,0.357422,0.068359,0.000000,19.294189,23.000000
0.011719,-0.039062,-0.007812,0.000000,30.729847,24.000000
0.017578,-0.080078,-0.007812,0.000000,31.972805,24.000000
0.029297,-0.119141,-0.003906,0.000000,30.203613,24.000000
0.056641,-0.154297,0.005859,0.000000,25.502283,24.000000
0.375000,-0.080078,-1.208984,0.000000,21.958996,24.000000
0.283203,-0.041016,1.277344,0.000000,23.263359,24.000000
0.378906,-0.000000,1.294922,0.000000,21.903316,24.000000
1.513672,-0.000000,0.041016,0.000000,24.593925,24.000000
2.525391,-0.263672,1.232422,0.000000,28.796692,24.000000
2.583984,-0.267578,1.203125,0.000000,31.455072,24.000000
2.625000,-0.181641,1.228516,0.000000,30.017338,24.000000
4.337891,-0.283203,1.314453,0.000000,28.597385,24.000000
4.408203,-0.287109,1.216797,0.000000,32.430382,24.000000
4.443359,-0.289062,1.238281,0.000000,32.035767,24.000000
1.474609,-0.597656,-0.109375,0.614669,25.224442,24.000000
1.511719,0.681641,0.255859,1.229337,21.958996,24.000000
0.041016,-0.033203,0.062500,0.000000,30.149403,24.000000
0.046875,-0.046875,0.103516,0.000000,29.057959,24.000000
1.212891,0.357422,0.085938,0.000000,19.242792,24.000000
1.550781,0.097656,-0.001953,0.000000,25.118834,24.000000
1.462891,-0.787109,0.236328,1.229337,19.867718,24.000000
0.011719,-0.039062,-0.007812,0.000000,30.729847,25.000000
0.017578,-0.080078,-0.007812,0.000000,31.972805,25.000000
0.029297,-0.119141,-0.003906,0.000000,30.199467,25.000000
0.056641,-0.154297,0.005859,0.000000,25.490032,25.000000
0.347656,-0.080078,-1.216797,0.000000,21.958996,25.000000
0.306641,-0.041016,1.271484,0.000000,23.222193,25.000000
0.515625,-0.042969,1.248047,0.000000,21.903316,25.000000
1.351562,-0.044922,0.468750,0.000000,22.988531,25.000000
1.470703,-0.000000,-0.070312,0.000000,27.050079,25.000000
1.494141,-0.046875,-0.240234,0.000000,28.802418,25.000000
1.498047,-0.097656,-0.400391,0.000000,27.803173,25.000000
2.539062,-0.263672,1.203125,0.000000,28.609365,25.000000
2.587891,-0.267578,1.195312,0.000000,31.556396,25.000000
2.638672,-0.181641,1.201172,0.000000,30.625820,25.000000
4.332031,-0.283203,1.328125,0.000000,28.585373,25.000000
4.414062,-0.287109,1.189453,0.000000,32.641090,25.000000
4.458984,-0.289062,1.179688,0.000000,32.474823,25.000000
1.505859,0.681641,0.285156,1.229337,21.072100,25.000000
1.548828,0.644531,0.371094,1.229337,22.988531,25.000000
0.041016,-0.033203,0.062500,0.000000,30.145205,25.000000
0.044922,-0.046875,0.103516,0.000000,29.047155,25.000000
1.216797,0.357422,0.050781,0.000000,19.294189,25.000000
1.443359,-0.837891,0.154297,1.229337,18.692318,25.000000
0.011719,-0.039062,-0.007812,0.000000,30.726175,26.000000
0.017578,-0.080078,-0.007812,0.000000,31.972805,26.000000
0.029297,-0.119141,-0.003906,0.000000,30.199467,26.000000
0.056641,-0.154297,0.007812,0.000000,25.490032,26.000000
0.363281,-0.080078,-1.212891,0.000000,21.958996,26.000000
0.322266,-0.041016,1.267578,0.000000,23.263359,26.000000
0.488281,-0.042969,1.257812,0.000000,21.931246,26.000000
1.367188,0.044922,-0.423828,0.000000,21.731863,26.000000
1.470703,-0.000000,-0.074219,0.000000,27.250946,26.000000
1.513672,-0.000000,0.048828,0.000000,26.954817,26.000000
1.552734,-0.000000,-0.080078,0.000000,26.394865,26.000000
1.593750,0.050781,-0.015625,0.000000,26.910814,26.000000
2.564453,-0.263672,1.148438,0.000000,29.242792,26.000000
2.609375,-0.267578,1.146484,0.000000,32.095150,26.000000
2.669922,-0.181641,1.128906,0.000000,30.817072,26.000000
4.365234,-0.283203,1.214844,0.000000,28.779470,26.000000
4.427734,-0.287109,1.142578,0.000000,32.607868,26.000000
4.468750,-0.289062,1.142578,0.000000,32.367889,26.000000
1.470703,-0.664062,0.265625,1.229337,22.600714,26.000000
1.507812,-0.681641,0.269531,1.229337,22.148439,26.000000
0.041016,-0.033203,0.062500,0.000000,30.145205,26.000000
0.044922,-0.046875,0.103516,0.000000,29.057959,26.000000
1.214844,0.357422,0.080078,0.000000,19.190781,26.000000
0.119141,0.568359,1.398438,0.000000,24.668676,26.000000
2.787109,-1.843750,-3.072266,0.000000,26.031445,26.000000
0.011719,-0.039062,-0.007812,0.000000,30.733517,27.000000
0.017578,-0.080078,-0.007812,0.000000,31.975563,27.000000
0.029297,-0.119141,-0.003906,0.000000,30.203613,27.000000
0.056641,-0.154297,0.005859,0.000000,25.502283,27.000000
0.369141,-0.080078,-1.210938,0.000000,21.986570,27.000000
0.318359,-0.041016,1.269531,0.000000,23.201464,27.000000
0.484375,-0.042969,1.259766,0.000000,21.846914,27.000000
1.410156,-0.000000,-0.251953,0.000000,27.151674,27.000000
1.464844,-0.000000,-0.152344,0.000000,30.944712,27.000000
1.509766,-0.000000,-0.095703,0.000000,31.159431,27.000000
1.542969,0.048828,0.175781,0.000000,26.608654,27.000000
1.699219,0.505859,0.304688,0.000000,28.457180,27.000000
1.757812,0.460938,0.292969,0.000000,27.226339,27.000000
2.541016,-0.263672,1.201172,0.000000,29.047155,27.000000
2.589844,-0.267578,1.189453,0.000000,32.312145,27.000000
2.638672,-0.181641,1.197266,0.000000,31.251558,27.000000
4.359375,-0.283203,1.236328,0.000000,28.260748,27.000000
4.423828,-0.287109,1.158203,0.000000,31.616674,27.000000
4.466797,-0.289062,1.154297,0.000000,30.969101,27.000000
0.041016,-0.033203,0.062500,0.000000,30.145205,27.000000
0.044922,-0.046875,0.103516,0.000000,29.047155,27.000000
1.214844,0.357422,0.082031,0.000000,19.138138,27.000000
0.011719,-0.039062,-0.007812,0.000000,30.726175,28.000000
0.017578,-0.080078,-0.007812,0.000000,31.970047,28.000000
0.029297,-0.119141,-0.003906,0.000000,30.199467,28.000000
0.056641,-0.154297,0.005859,0.000000,25.502283,28.000000
0.332031,-0.080078,-1.220703,0.000000,21.986570,28.000000
0.320312,-0.041016,1.269531,0.000000,23.242825,28.000000
0.478516,-0.042969,1.261719,0.000000,21.931246,28.000000
1.289062,0.089844,-0.617188,0.000000,22.741579,28.000000
1.451172,-0.000000,-0.246094,0.000000,28.375885,28.000000
1.507812,-0.000000,-0.136719,0.000000,30.145205,28.000000
1.552734,0.048828,0.033203,0.000000,28.506462,28.000000
1.648438,0.494141,0.363281,0.000000,28.356905,28.000000
1.683594,0.505859,0.380859,0.000000,30.777311,28.000000
1.726562,0.517578,0.375000,0.000000,29.503649,28.000000
2.548828,-0.263672,1.181641,0.000000,29.132839,28.000000
2.609375,-0.267578,1.148438,0.000000,32.545483,28.000000
2.669922,-0.271484,1.111328,0.000000,31.872387,28.000000
4.421875,-0.287109,1.160156,0.000000,31.048285,28.000000
4.462891,-0.289062,1.171875,0.000000,30.445398,28.000000
4.884766,-0.308594,0.732422,0.000000,29.637878,28.000000
0.041016,-0.033203,0.062500,0.000000,30.145205,28.000000
0.044922,-0.046875,0.103516,0.000000,29.052561,28.000000
1.212891,0.357422,0.105469,0.000000,19.294189,28.000000
0.462891,0.630859,1.341797,0.000000,26.730209,28.000000
4.646484,1.701172,-0.126953,0.000000,26.928469,28.000000
0.011719,-0.039062,-0.007812,0.000000,30.733517,29.000000
0.017578,-0.080078,-0.007812,0.000000,31.975563,29.000000
0.029297,-0.119141,-0.003906,0.000000,30.207754,29.000000
0.056641,-0.154297,0.005859,0.000000,25.502283,29.000000
0.369141,-0.080078,-1.210938,0.000000,21.986570,29.000000
0.259766,-0.041016,1.283203,0.000000,23.283796,29.000000
0.472656,-0.042969,1.263672,0.000000,21.958996,29.000000
1.462891,-0.000000,-0.162109,0.000000,26.551384,29.000000
1.501953,-0.000000,-0.181641,0.000000,29.360107,29.000000
1.552734,-0.000000,-0.078125,0.000000,30.417873,29.000000
1.595703,-0.000000,0.013672,0.000000,29.708117,29.000000
1.634766,-0.000000,0.046875,0.000000,26.253124,29.000000
2.556641,-0.263672,1.166016,0.000000,29.232441,29.000000
2.626953,-0.179688,1.126953,0.000000,32.805782,29.000000
2.681641,-0.181641,1.101562,0.000000,32.309597,29.000000
4.378906,-0.287109,1.318359,0.000000,30.017338,29.000000
4.384766,-0.289062,1.435547,0.000000,29.493900,29.000000
4.880859,-0.308594,0.767578,0.000000,31.112625,29.000000
1.714844,0.449219,0.310547,-0.614669,25.092026,29.000000
0.041016,-0.033203,0.062500,0.000000,30.149403,29.000000
0.044922,-0.046875,0.103516,0.000000,29.057959,29.000000
1.214844,0.357422,0.066406,0.000000,19.242792,29.000000
0.011719,-0.039062,-0.007812,0.000000,30.729847,30.000000
0.017578,-0.080078,-0.007812,0.000000,31.975563,30.000000
0.029297,-0.119141,-0.003906,0.000000,30.203613,30.000000
0.056641,-0.154297,0.005859,0.000000,25.502283,30.000000
0.351562,-0.080078,-1.216797,0.000000,21.958996,30.000000
0.294922,-0.041016,1.275391,0.000000,23.283796,30.000000
0.480469,-0.042969,1.259766,0.000000,21.958996,30.000000
1.466797,-0.000000,-0.140625,0.000000,27.909885,30.000000
1.507812,-0.000000,-0.123047,0.000000,31.105898,30.000000
1.554688,-0.000000,-0.007812,0.000000,31.684975,30.000000
1.564453,-0.419922,0.435547,0.000000,27.015680,30.000000
1.613281,-0.375000,0.455078,0.000000,29.670797,30.000000
2.570312,-0.175781,1.154297,0.000000,29.138138,30.000000
2.632812,-0.179688,1.111328,0.000000,32.624512,30.000000
2.699219,-0.181641,1.056641,0.000000,32.003033,30.000000
4.378906,-0.287109,1.318359,0.000000,29.599949,30.000000
1.591797,-0.000000,0.117188,-0.614669,29.876663,30.000000
1.632812,-0.429688,0.318359,-0.614669,29.618956,30.000000
1.667969,-0.494141,0.259766,-0.614669,28.331470,30.000000
1.666016,0.281250,0.621094,-0.614669,26.483601,30.000000
0.041016,-0.033203,0.062500,0.000000,30.149403,30.000000
0.044922,-0.046875,0.103516,0.000000,29.052561,30.000000
1.214844,0.357422,0.054688,0.000000,19.242792,30.000000
1.615234,0.384766,0.580078,-0.614669,26.042261,30.000000
1.660156,0.394531,0.574219,-0.614669,26.424644,30.000000
0.011719,-0.039062,-0.007812,0.000000,30.729847,31.000000
0.017578,-0.080078,-0.007812,0.000000,31.975563,31.000000
0.029297,-0.119141,-0.003906,0.000000,30.207754,31.000000
0.056641,-0.154297,0.005859,0.000000,25.514500,31.000000
0.349609,-0.080078,-1.216797,0.000000,21.875208,31.000000
0.277344,-0.041016,1.279297,0.000000,23.222193,31.000000
0.398438,-0.000000,1.289062,0.000000,21.903316,31.000000
1.462891,-0.000000,-0.162109,0.000000,26.730209,31.000000
1.498047,-0.000000,-0.208984,0.000000,30.358297,31.000000
1.541016,-0.000000,-0.207031,0.000000,30.145205,31.000000
1.587891,0.050781,-0.140625,0.000000,26.253124,31.000000
2.554688,-0.263672,1.169922,0.000000,29.370161,31.000000
2.621094,-0.179688,1.138672,0.000000,32.796669,31.000000
2.666016,-0.181641,1.140625,0.000000,32.116543,31.000000
4.371094,-0.287109,1.341797,0.000000,29.009130,31.000000
4.888672,-0.308594,0.714844,0.000000,30.086002,31.000000
1.509766,-0.367188,0.630859,-0.614669,28.142475,31.000000
1.492188,-0.375000,0.763672,-0.614669,30.207754,31.000000
1.720703,0.220703,0.296875,-0.614669,30.107239,31.000000
1.728516,0.281250,0.419922,-0.614669,27.168377,31.000000
0.041016,-0.033203,0.062500,0.000000,30.145205,31.000000
0.044922,-0.046875,0.103516,0.000000,29.057959,31.000000
1.212891,0.357422,0.093750,0.000000,19.138138,31.000000
1.662109,0.208984,0.080078,-0.614669,27.489628,31.000000
1.687500,0.267578,0.169922,-0.614669,29.978231,31.000000
1.191406,-0.384766,1.234375,-0.614669,29.143431,31.000000
1.007812,-0.394531,-1.437500,-0.614669,24.913616,31.000000
0.011719,-0.039062,-0.007812,0.000000,30.729847,32.000000
0.017578,-0.080078,-0.007812,0.000000,31.978317,32.000000
0.029297,-0.119141,-0.003906,0.000000,30.207754,32.000000
0.056641,-0.154297,0.005859,0.000000,25.514500,32.000000
0.337891,-0.080078,-1.220703,0.000000,21.958996,32.000000
0.281250,-0.041016,1.277344,0.000000,23.283796,32.000000
0.394531,-0.000000,1.291016,0.000000,21.818436,32.000000
1.417969,-0.000000,0.195312,0.000000,24.756712,32.000000
1.470703,-0.000000,-0.089844,0.000000,31.693806,32.000000
1.507812,-0.000000,-0.132812,0.000000,35.093369,32.000000
1.546875,-0.000000,-0.162109,0.000000,34.817291,32.000000
1.583984,-0.000000,-0.187500,0.000000,30.704073,32.000000
1.658203,-0.158203,0.193359,0.000000,27.656685,32.000000
1.693359,-0.052734,0.291016,0.000000,27.543484,32.000000
2.550781,-0.263672,1.179688,0.000000,29.329807,32.000000
2.623047,-0.179688,1.134766,0.000000,32.709118,32.000000
2.673828,-0.181641,1.121094,0.000000,32.073650,32.000000
4.376953,-0.287109,1.324219,0.000000,29.965117,32.000000
4.410156,-0.289062,1.355469,0.000000,29.885590,32.000000
1.685547,0.220703,0.451172,-0.614669,26.937269,32.000000
0.041016,-0.033203,0.062500,0.000000,30.145205,32.000000
0.044922,-0.046875,0.103516,0.000000,29.052561,32.000000
1.214844,0.357422,0.076172,0.000000,19.294189,32.000000
0.011719,-0.039062,-0.007812,0.000000,30.726175,33.000000
0.017578,-0.080078,-0.007812,0.000000,31.970047,33.000000
0.029297,-0.119141,-0.003906,0.000000,30.199467,33.000000
0.056641,-0.154297,0.005859,0.000000,25.502283,33.000000
0.337891,-0.080078,-1.218750,0.000000,21.958996,33.000000
0.337891,-0.041016,1.263672,0.000000,23.201464,33.000000
0.527344,-0.042969,1.242188,0.000000,21.986570,33.000000
1.396484,0.044922,-0.308594,0.000000,25.158739,33.000000
1.470703,-0.000000,-0.083984,0.000000,32.447716,33.000000
1.511719,-0.000000,-0.070312,0.000000,35.125511,33.000000
1.552734,-0.000000,-0.074219,0.000000,34.102711,33.000000
1.591797,0.050781,-0.091797,0.000000,29.304396,33.000000
1.664062,0.322266,0.285156,0.000000,27.895807,33.000000
2.564453,-0.263672,1.148438,0.000000,29.405165,33.000000
2.634766,-0.179688,1.109375,0.000000,32.871296,33.000000
2.693359,-0.181641,1.072266,0.000000,32.400497,33.000000
0.041016,-0.033203,0.062500,0.000000,30.145205,33.000000
0.044922,-0.046875,0.103516,0.000000,29.052561,33.000000
1.212891,0.357422,0.101562,0.000000,19.190781,33.000000
1.128906,-0.322266,1.255859,0.000000,26.830471,33.000000
0.011719,-0.039062,-0.007812,0.000000,30.726175,34.000000
0.017578,-0.080078,-0.007812,0.000000,31.972805,34.000000
0.029297,-0.119141,-0.003906,0.000000,30.203613,34.000000
0.056641,-0.154297,0.005859,0.000000,25.490032,34.000000
0.363281,-0.080078,-1.212891,0.000000,21.931246,34.000000
0.273438,-0.041016,1.279297,0.000000,23.263359,34.000000
0.341797,-0.000000,1.306641,0.000000,21.958996,34.000000
1.451172,-0.046875,-0.244141,0.000000,28.518696,34.000000
1.494141,-0.046875,-0.230469,0.000000,31.852587,34.000000
1.542969,-0.048828,-0.189453,0.000000,31.682028,34.000000
1.585938,-0.150391,-0.082031,0.000000,29.561684,34.000000
1.623047,-0.205078,0.021484,0.000000,28.597385,34.000000
1.652344,-0.261719,0.123047,0.000000,27.201593,34.000000
2.564453,-0.263672,1.148438,0.000000,29.464523,34.000000
2.628906,-0.179688,1.123047,0.000000,32.823956,34.000000
2.666016,-0.181641,1.138672,0.000000,32.073650,34.000000
4.390625,-0.287109,1.275391,0.000000,30.888445,34.000000
4.427734,-0.289062,1.296875,0.000000,30.976044,34.000000
1.683594,0.160156,0.300781,0.614669,24.502491,34.000000
1.707031,0.164062,0.388672,0.614669,25.301996,34.000000
0.041016,-0.033203,0.062500,0.000000,30.145205,34.000000
0.044922,-0.046875,0.103516,0.000000,29.052561,34.000000
1.214844,0.357422,0.076172,0.000000,19.190781,34.000000
1.296875,-0.375000,1.062500,0.614669,22.900347,34.000000
0.011719,-0.039062,-0.007812,0.000000,30.733517,35.000000
0.017578,-0.080078,-0.007812,0.000000,31.972805,35.000000
0.029297,-0.119141,-0.003906,0.000000,30.203613,35.000000
0.056641,-0.154297,0.005859,0.000000,25.502283,35.000000
0.390625,-0.080078,-1.203125,0.000000,21.931246,35.000000
0.306641,-0.041016,1.271484,0.000000,23.242825,35.000000
0.443359,-0.042969,1.273438,0.000000,21.958996,35.000000
1.353516,0.089844,-0.458984,0.000000,23.324385,35.000000
1.464844,-0.000000,-0.144531,0.000000,31.199154,35.000000
1.507812,0.046875,-0.132812,0.000000,33.641758,35.000000
1.548828,0.048828,-0.123047,0.000000,32.304489,35.000000
1.591797,0.050781,-0.076172,0.000000,27.937904,35.000000
2.568359,-0.263672,1.140625,0.000000,29.334873,35.000000
2.640625,-0.179688,1.095703,0.000000,32.571983,35.000000
2.695312,-0.181641,1.068359,0.000000,31.769590,35.000000
1.603516,0.214844,0.576172,0.614669,24.785666,35.000000
1.648438,0.275391,0.550781,0.614669,25.440680,35.000000
0.041016,-0.033203,0.062500,0.000000,30.149403,35.000000
0.044922,-0.046875,0.103516,0.000000,29.057959,35.000000
1.212891,0.357422,0.101562,0.000000,19.294189,35.000000
0.271484,0.697266,1.408203,0.000000,25.276299,35.000000
0.011719,-0.039062,-0.007812,0.000000,30.729847,36.000000
0.017578,-0.080078,-0.007812,0.000000,31.975563,36.000000
0.029297,-0.119141,-0.003906,0.000000,30.203613,36.000000
0.056641,-0.154297,0.005859,0.000000,25.502283,36.000000
0.339844,-0.080078,-1.218750,0.000000,21.931246,36.000000
0.300781,-0.041016,1.273438,0.000000,23.242825,36.000000
0.468750,-0.042969,1.265625,0.000000,21.903316,36.000000
2.558594,-0.263672,1.162109,0.000000,29.698816,36.000000
2.609375,-0.267578,1.146484,0.000000,32.971035,36.000000
2.671875,-0.181641,1.123047,0.000000,32.360332,36.000000
4.369141,-0.287109,1.351562,0.000000,29.068735,36.000000
1.449219,-0.000000,0.261719,0.614669,24.232458,36.000000
1.650391,-0.429688,0.212891,0.614669,26.560982,36.000000
1.718750,0.164062,0.337891,0.614669,26.637009,36.000000
0.041016,-0.033203,0.062500,0.000000,30.149403,36.000000
0.044922,-0.046875,0.103516,0.000000,29.052561,36.000000
1.214844,0.357422,0.083984,0.000000,19.190781,36.000000
1.542969,-0.193359,0.011719,0.000000,24.828735,36.000000
3.398438,-2.003906,-2.328125,0.000000,26.253124,36.000000
1.710938,0.160156,-0.011719,0.614669,24.456041,36.000000
1.681641,-0.439453,-0.275391,0.614669,26.354837,36.000000
0.011719,-0.039062,-0.007812,0.000000,30.722500,37.000000
0.017578,-0.080078,-0.007812,0.000000,31.975563,37.000000
0.029297,-0.119141,-0.003906,0.000000,30.207754,37.000000
0.056641,-0.154297,0.005859,0.000000,25.502283,37.000000
0.347656,-0.080078,-1.216797,0.000000,21.903316,37.000000
0.298828,-0.041016,1.273438,0.000000,23.242825,37.000000
0.488281,-0.042969,1.257812,0.000000,21.875208,37.000000
1.423828,-0.000000,-0.150391,0.000000,21.846914,37.000000
1.468750,-0.000000,-0.107422,0.000000,29.304396,37.000000
1.511719,-0.046875,-0.066406,0.000000,31.041456,37.000000
1.554688,-0.000000,-0.041016,0.000000,29.425041,37.000000
2.548828,-0.263672,1.185547,0.000000,29.196011,37.000000
2.619141,-0.179688,1.146484,0.000000,32.482185,37.000000
2.660156,-0.181641,1.154297,0.000000,31.789770,37.000000
4.365234,-0.287109,1.363281,0.000000,29.201233,37.000000
1.669922,0.330078,0.441406,0.614669,27.664129,37.000000
1.691406,0.394531,0.474609,0.614669,28.234743,37.000000
0.041016,-0.033203,0.062500,0.000000,30.149403,37.000000
0.044922,-0.046875,0.103516,0.000000,29.052561,37.000000
1.212891,0.357422,0.095703,0.000000,19.084850,37.000000
3.378906,-2.003906,-2.359375,0.000000,26.434526,37.000000
1.585938,-0.330078,-0.683594,0.614669,25.010593,37.000000
0.011719,-0.039062,-0.007812,0.000000,30.722500,38.000000
0.017578,-0.080078,-0.007812,0.000000,31.970047,38.000000
0.029297,-0.119141,-0.003906,0.000000,30.203613,38.000000
0.056641,-0.154297,0.005859,0.000000,25.514500,38.000000
0.375000,-0.080078,-1.208984,0.000000,21.931246,38.000000
0.277344,-0.041016,1.279297,0.000000,23.263359,38.000000
0.470703,-0.042969,1.263672,0.000000,21.903316,38.000000
1.382812,-0.044922,0.369141,0.000000,21.072100,38.000000
1.470703,-0.046875,0.054688,0.000000,28.524799,38.000000
1.511719,-0.046875,0.054688,0.000000,31.034616,38.000000
1.552734,-0.048828,0.074219,0.000000,30.549959,38.000000
1.595703,-0.000000,0.041016,0.000000,28.048206,38.000000
2.535156,-0.263672,1.214844,0.000000,29.319662,38.000000
2.599609,-0.179688,1.187500,0.000000,32.487087,38.000000
2.644531,-0.181641,1.185547,0.000000,31.643528,38.000000
4.406250,-0.287109,1.224609,0.000000,30.390173,38.000000
4.421875,-0.289062,1.314453,0.000000,29.726656,38.000000
4.888672,-0.308594,0.708984,0.000000,29.863237,38.000000
0.041016,-0.033203,0.062500,0.000000,30.149403,38.000000
0.044922,-0.046875,0.103516,0.000000,29.052561,38.000000
1.212891,0.357422,0.087891,0.000000,19.190781,38.000000
2.912109,-2.003906,-2.914062,0.000000,27.458551,38.000000
4.619141,1.701172,-0.525391,0.000000,27.007038,38.000000
0.011719,-0.039062,-0.007812,0.000000,30.722500,39.000000
0.017578,-0.080078,-0.007812,0.000000,31.975563,39.000000
0.029297,-0.119141,-0.003906,0.000000,30.203613,39.000000
0.056641,-0.154297,0.007812,0.000000,25.502283,39.000000
0.369141,-0.080078,-1.210938,0.000000,21.986570,39.000000
0.296875,-0.041016,1.273438,0.000000,23.283796,39.000000
0.519531,-0.042969,1.244141,0.000000,21.958996,39.000000
0.984375,-0.000000,-0.982422,0.000000,22.787537,39.000000
1.402344,-0.000000,-0.287109,0.000000,27.730547,39.000000
1.466797,0.046875,-0.123047,0.000000,30.902580,39.000000
1.509766,0.046875,-0.083984,0.000000,30.909630,39.000000
1.541016,0.048828,-0.201172,0.000000,28.796692,39.000000
1.583984,-0.000000,-0.195312,0.000000,26.627579,39.000000
2.544922,-0.263672,1.191406,0.000000,29.978231,39.000000
2.611328,-0.267578,1.142578,0.000000,33.380577,39.000000
2.687500,-0.181641,1.085938,0.000000,32.671719,39.000000
4.386719,-0.283203,1.138672,0.000000,27.958799,39.000000
4.435547,-0.287109,1.107422,0.000000,31.723110,39.000000
4.474609,-0.289062,1.125000,0.000000,31.338581,39.000000
1.634766,0.482422,0.220703,-0.614669,26.384893,39.000000
1.662109,0.494141,0.289062,-0.614669,29.845274,39.000000
1.699219,0.505859,0.312500,-0.614669,29.309490,39.000000
0.041016,-0.033203,0.062500,0.000000,30.149403,39.000000
0.044922,-0.046875,0.103516,0.000000,29.052561,39.000000
1.212891,0.357422,0.089844,0.000000,19.190781,39.000000
0.507812,0.630859,1.326172,0.000000,26.464037,39.000000
0.773438,0.697266,1.208984,0.000000,23.838154,39.000000
0.011719,-0.039062,-0.007812,0.000000,30.733517,40.000000
0.017578,-0.080078,-0.007812,0.000000,31.978317,40.000000
0.029297,-0.119141,-0.003906,0.000000,30.211893,40.000000
0.056641,-0.154297,0.005859,0.000000,25.514500,40.000000
0.365234,-0.080078,-1.210938,0.000000,21.958996,40.000000
0.304688,-0.041016,1.271484,0.000000,23.222193,40.000000
0.437500,-0.000000,1.277344,0.000000,21.903316,40.000000
1.423828,0.044922,-0.136719,0.000000,27.067179,40.000000
1.466797,0.046875,-0.117188,0.000000,29.095560,40.000000
1.511719,0.046875,-0.037109,0.000000,27.909885,40.000000
1.525391,0.048828,0.296875,0.000000,25.786392,40.000000
2.585938,-0.267578,1.201172,0.000000,30.484419,40.000000
2.619141,-0.181641,1.242188,0.000000,29.190781,40.000000
4.398438,-0.287109,1.248047,0.000000,30.409977,40.000000
4.449219,-0.144531,1.242188,0.000000,30.390173,40.000000
1.494141,-0.000000,0.558594,0.614669,25.717089,40.000000
0.041016,-0.033203,0.062500,0.000000,30.149403,40.000000
0.044922,-0.046875,0.103516,0.000000,29.052561,40.000000
1.214844,0.357422,0.060547,0.000000,19.294189,40.000000
4.408203,-0.433594,1.320312,0.000000,30.346285,40.000000
0.011719,-0.039062,-0.007812,0.000000,30.733517,41.000000
0.017578,-0.080078,-0.007812,0.000000,31.975563,41.000000
0.029297,-0.119141,-0.003906,0.000000,30.207754,41.000000
0.056641,-0.154297,0.005859,0.000000,25.502283,41.000000
0.382812,-0.080078,-1.207031,0.000000,21.931246,41.000000
0.267578,-0.041016,1.281250,0.000000,23.263359,41.000000
0.462891,-0.042969,1.267578,0.000000,21.958996,41.000000
1.431641,-0.000000,-0.046875,0.000000,25.717089,41.000000
1.470703,-0.000000,-0.087891,0.000000,29.324738,41.000000
1.494141,-0.093750,-0.222656,0.000000,28.698181,41.000000
1.546875,-0.097656,-0.115234,0.000000,28.438555,41.000000
1.585938,-0.000000,0.173828,0.000000,29.749720,41.000000
1.615234,-0.000000,0.267578,0.000000,28.438555,41.000000
2.568359,-0.263672,1.140625,0.000000,30.297895,41.000000
2.617188,-0.267578,1.128906,0.000000,33.716221,41.000000
2.679688,-0.181641,1.103516,0.000000,33.364597,41.000000
2.675781,-0.000000,1.232422,0.000000,28.937618,41.000000
1.400391,-0.748047,0.150391,-1.844006,22.304489,41.000000
1.433594,-0.767578,0.175781,-1.844006,22.455126,41.000000
1.509766,0.681641,0.261719,-1.844006,23.384565,41.000000
1.515625,0.751953,0.296875,-1.844006,23.201464,41.000000
0.041016,-0.033203,0.062500,0.000000,30.141003,41.000000
0.044922,-0.046875,0.103516,0.000000,29.047155,41.000000
1.212891,0.357422,0.091797,0.000000,19.242792,41.000000
1.480469,0.664062,0.208984,-1.844006,20.899052,41.000000
0.011719,-0.039062,-0.007812,0.000000,30.729847,42.000000
0.017578,-0.080078,-0.007812,0.000000,31.972805,42.000000
0.029297,-0.119141,-0.003906,0.000000,30.199467,42.000000
0.056641,-0.154297,0.005859,0.000000,25.502283,42.000000
0.345703,-0.080078,-1.216797,0.000000,21.931246,42.000000
0.296875,-0.041016,1.273438,0.000000,23.222193,42.000000
0.496094,-0.042969,1.255859,0.000000,21.875208,42.000000
1.431641,-0.000000,-0.015625,0.000000,27.299744,42.000000
1.470703,-0.000000,-0.078125,0.000000,31.159431,42.000000
1.507812,-0.046875,-0.113281,0.000000,30.659531,42.000000
1.548828,-0.000000,-0.128906,0.000000,28.567289,42.000000
1.593750,-0.000000,0.078125,0.000000,27.596678,42.000000
2.554688,-0.263672,1.169922,0.000000,30.265333,42.000000
2.611328,-0.267578,1.142578,0.000000,33.904053,42.000000
2.677734,-0.181641,1.107422,0.000000,33.494717,42.000000
2.718750,-0.091797,1.126953,0.000000,29.100906,42.000000
1.408203,-0.748047,0.074219,-1.844006,22.278868,42.000000
1.484375,0.664062,0.175781,-1.844006,23.324385,42.000000
0.041016,-0.033203,0.062500,0.000000,30.149403,42.000000
0.044922,-0.046875,0.103516,0.000000,29.052561,42.000000
1.214844,0.357422,0.082031,0.000000,19.138138,42.000000
0.472656,0.679688,1.316406,0.000000,25.877110,42.000000
1.447266,0.648438,0.169922,-1.844006,22.174839,42.000000
1.769531,-0.281250,0.166016,-1.229337,22.576786,42.000000
1.783203,-0.287109,0.351562,-1.229337,20.492180,42.000000
0.011719,-0.039062,-0.007812,0.000000,30.722500,43.000000
0.017578,-0.080078,-0.007812,0.000000,31.970047,43.000000
0.029297,-0.119141,-0.003906,0.000000,30.203613,43.000000
0.056641,-0.154297,0.005859,0.000000,25.502283,43.000000
0.341797,-0.080078,-1.218750,0.000000,21.958996,43.000000
0.275391,-0.041016,1.279297,0.000000,23.304138,43.000000
0.511719,-0.042969,1.248047,0.000000,21.931246,43.000000
1.431641,-0.044922,-0.013672,0.000000,26.875290,43.000000
1.466797,-0.000000,-0.140625,0.000000,30.982975,43.000000
1.476562,-0.000000,-0.330078,0.000000,29.947569,43.000000
1.478516,-0.048828,-0.478516,0.000000,25.693739,43.000000
2.556641,-0.263672,1.167969,0.000000,30.492180,43.000000
2.605469,-0.267578,1.156250,0.000000,33.847118,43.000000
2.664062,-0.181641,1.142578,0.000000,33.455696,43.000000
2.660156,-0.000000,1.265625,0.000000,29.242792,43.000000
4.355469,-0.287109,1.394531,0.000000,29.253120,43.000000
4.396484,-0.144531,1.419922,0.000000,29.278833,43.000000
1.457031,0.648438,0.048828,-1.229337,24.487062,43.000000
1.515625,0.613281,0.042969,-1.229337,24.329693,43.000000
1.529297,0.681641,-0.089844,-1.229337,21.986570,43.000000
1.705078,0.275391,-0.332031,-0.614669,25.575071,43.000000
1.671875,0.281250,-0.601562,-0.614669,24.800070,43.000000
0.041016,-0.033203,0.062500,0.000000,30.145205,43.000000
0.044922,-0.046875,0.103516,0.000000,29.047155,43.000000
1.212891,0.357422,0.091797,0.000000,19.190781,43.000000
1.394531,-0.837891,-0.406250,-1.229337,19.684830,43.000000
0.355469,-0.933594,-1.447266,-0.614669,24.517864,43.000000
0.613281,-0.900391,-1.433594,-0.614669,23.424227,43.000000
0.011719,-0.039062,-0.007812,0.000000,30.729847,44.000000
0.017578,-0.080078,-0.007812,0.000000,31.972805,44.000000
0.029297,-0.119141,-0.003906,0.000000,30.203613,44.000000
0.056641,-0.154297,0.007812,0.000000,25.502283,44.000000
0.382812,-0.080078,-1.207031,0.000000,21.958996,44.000000
0.201172,-0.041016,1.292969,0.000000,23.242825,44.000000
0.339844,-0.000000,1.306641,0.000000,21.931246,44.000000
1.429688,-0.044922,0.044922,0.000000,28.195440,44.000000
1.466797,-0.000000,-0.134766,0.000000,31.495270,44.000000
1.496094,-0.046875,-0.220703,0.000000,30.576660,44.000000
1.539062,0.048828,0.218750,0.000000,28.836615,44.000000
1.583984,0.150391,0.115234,0.000000,26.901960,44.000000
2.572266,-0.267578,1.230469,0.000000,30.618294,44.000000
2.574219,-0.181641,1.333984,0.000000,29.106243,44.000000
4.398438,-0.142578,1.275391,0.000000,31.379868,44.000000
4.414062,-0.289062,1.341797,0.000000,31.448854,44.000000
1.777344,-0.460938,-0.134766,-1.844006,22.304489,44.000000
1.816406,-0.470703,-0.150391,-1.844006,23.384565,44.000000
1.869141,-0.419922,-0.154297,-1.844006,21.003706,44.000000
1.685547,0.267578,0.201172,-0.614669,25.185139,44.000000
1.732422,0.275391,0.132812,-0.614669,25.171959,44.000000
0.041016,-0.033203,0.062500,0.000000,30.145205,44.000000
0.044922,-0.046875,0.103516,0.000000,29.052561,44.000000
1.214844,0.357422,0.074219,0.000000,19.294189,44.000000
1.494141,0.046875,-0.238281,0.000000,30.553783,44.000000
4.365234,-0.429688,1.320312,0.000000,31.370375,44.000000
0.011719,-0.039062,-0.007812,0.000000,30.729847,45.000000
0.017578,-0.080078,-0.007812,0.000000,31.972805,45.000000
0.029297,-0.119141,-0.003906,0.000000,30.203613,45.000000
0.056641,-0.154297,0.005859,0.000000,25.502283,45.000000
0.359375,-0.080078,-1.212891,0.000000,21.986570,45.000000
0.312500,-0.041016,1.271484,0.000000,23.201464,45.000000
0.494141,-0.042969,1.255859,0.000000,21.931246,45.000000
1.419922,-0.044922,-0.179688,0.000000,26.946053,45.000000
1.460938,-0.000000,-0.187500,0.000000,30.934217,45.000000
1.507812,-0.000000,-0.134766,0.000000,32.232361,45.000000
1.552734,-0.048828,-0.039062,0.000000,30.976044,45.000000
1.585938,-0.000000,0.175781,0.000000,28.014036,45.000000
2.550781,-0.263672,1.177734,0.000000,29.890047,45.000000
2.625000,-0.179688,1.128906,0.000000,33.358589,45.000000
2.679688,-0.181641,1.105469,0.000000,32.743889,45.000000
4.402344,-0.287109,1.232422,0.000000,30.766405,45.000000
4.425781,-0.289062,1.298828,0.000000,29.986952,45.000000
0.041016,-0.033203,0.062500,0.000000,30.145205,45.000000
0.044922,-0.046875,0.103516,0.000000,29.052561,45.000000
1.212891,0.357422,0.085938,0.000000,19.294189,45.000000
0.011719,-0.039062,-0.007812,0.000000,30.737183,46.000000
0.017578,-0.080078,-0.007812,0.000000,31.975563,46.000000
0.029297,-0.119141,-0.003906,0.000000,30.203613,46.000000
0.056641,-0.154297,0.007812,0.000000,25.490032,46.000000
0.355469,-0.080078,-1.214844,0.000000,21.958996,46.000000
0.314453,-0.041016,1.269531,0.000000,23.283796,46.000000
0.498047,-0.042969,1.253906,0.000000,21.931246,46.000000
0.769531,-0.000000,-1.158203,0.000000,21.139433,46.000000
1.388672,0.044922,-0.349609,0.000000,26.053051,46.000000
1.458984,0.046875,-0.199219,0.000000,31.522884,46.000000
1.507812,0.046875,-0.125000,0.000000,32.619762,46.000000
1.550781,0.097656,0.021484,0.000000,29.604708,46.000000
2.558594,-0.263672,1.162109,0.000000,29.863237,46.000000
2.619141,-0.267578,1.125000,0.000000,33.197304,46.000000
2.679688,-0.181641,1.105469,0.000000,32.415466,46.000000
4.361328,-0.287109,1.373047,0.000000,28.893017,46.000000
1.632812,-0.330078,-0.566406,-1.229337,22.201080,46.000000
0.041016,-0.033203,0.062500,0.000000,30.145205,46.000000
0.044922,-0.046875,0.103516,0.000000,29.057959,46.000000
1.212891,0.357422,0.091797,0.000000,19.242792,46.000000
3.441406,-1.861328,-2.384766,0.000000,26.404814,46.000000
1.734375,0.275391,0.093750,-1.229337,21.335388,46.000000
0.011719,-0.039062,-0.007812,0.000000,30.726175,47.000000
0.017578,-0.080078,-0.007812,0.000000,31.972805,47.000000
0.029297,-0.119141,-0.003906,0.000000,30.203613,47.000000
