1.175781,-0.449219,0.359375,0.000000,21.398790,0.000000
1.224609,-0.464844,0.330078,0.000000,19.637878,0.000000
0.011719,-0.039062,-0.007812,0.000000,30.666985,1.000000
0.027344,-0.076172,-0.009766,0.000000,31.855421,1.000000
0.041016,-0.115234,-0.007812,0.000000,30.073210,1.000000
0.056641,-0.154297,0.007812,0.000000,25.314789,1.000000
0.287109,0.039062,-1.234375,0.000000,23.502480,1.000000
0.226562,0.041016,-1.289062,0.000000,24.345690,1.000000
0.472656,0.042969,1.263672,0.000000,22.455126,1.000000
2.656250,-0.175781,0.939453,0.000000,29.196011,1.000000
2.714844,-0.089844,0.908203,0.000000,32.576786,1.000000
2.767578,-0.089844,0.875000,0.000000,31.992065,1.000000
4.371094,-0.142578,1.367188,0.000000,31.105898,1.000000
4.441406,-0.144531,1.271484,0.000000,30.685570,1.000000
0.037109,-0.035156,0.064453,0.000000,30.102999,1.000000
0.046875,-0.046875,0.103516,0.000000,28.998205,1.000000
1.173828,-0.449219,0.367188,0.000000,21.367207,1.000000
1.232422,-0.464844,0.298828,0.000000,19.637878,1.000000
0.011719,-0.039062,-0.007812,0.000000,30.652061,2.000000
0.027344,-0.076172,-0.009766,0.000000,31.855421,2.000000
0.041016,-0.115234,-0.007812,0.000000,30.073210,2.000000
0.056641,-0.154297,0.007812,0.000000,25.327543,2.000000
0.291016,0.039062,-1.234375,0.000000,23.502480,2.000000
0.220703,0.041016,-1.289062,0.000000,24.361626,2.000000
0.468750,0.042969,1.265625,0.000000,22.479733,2.000000
2.628906,-0.175781,1.013672,0.000000,29.405165,2.000000
2.675781,-0.179688,1.003906,0.000000,32.648178,2.000000
2.767578,-0.089844,0.876953,0.000000,31.983822,2.000000
4.263672,-0.142578,1.556641,0.000000,27.752462,2.000000
4.373047,-0.142578,1.361328,0.000000,31.476763,2.000000
4.457031,-0.144531,1.214844,0.000000,31.351326,2.000000
4.580078,-0.000000,0.878906,0.000000,29.122221,2.000000
4.845703,-0.308594,0.958984,0.000000,30.289778,2.000000
4.917969,-0.779297,0.324219,0.000000,28.796692,2.000000
0.037109,-0.035156,0.064453,0.000000,30.102999,2.000000
0.046875,-0.046875,0.103516,0.000000,29.003672,2.000000
1.230469,-0.464844,0.304688,0.000000,19.684830,2.000000
0.011719,-0.039062,-0.007812,0.000000,30.652061,3.000000
0.027344,-0.076172,-0.009766,0.000000,31.855421,3.000000
0.041016,-0.115234,-0.007812,0.000000,30.077478,3.000000
0.056641,-0.154297,0.007812,0.000000,25.340261,3.000000
0.257812,0.039062,-1.240234,0.000000,23.502480,3.000000
0.201172,0.041016,-1.292969,0.000000,24.361626,3.000000
0.462891,0.042969,1.267578,0.000000,22.430380,3.000000
2.226562,-0.070312,-0.318359,0.000000,26.384893,3.000000
2.636719,-0.175781,0.990234,0.000000,29.355072,3.000000
2.714844,-0.089844,0.908203,0.000000,32.562366,3.000000
2.773438,-0.089844,0.859375,0.000000,31.818436,3.000000
4.302734,-0.000000,1.449219,0.000000,27.846172,3.000000
4.394531,-0.142578,1.287109,0.000000,31.461281,3.000000
4.472656,-0.000000,1.166016,0.000000,31.136091,3.000000
4.859375,-0.308594,0.884766,0.000000,29.689497,3.000000
0.037109,-0.035156,0.064453,0.000000,30.107239,3.000000
0.044922,-0.046875,0.103516,0.000000,29.009130,3.000000
1.228516,-0.464844,0.308594,0.000000,19.542425,3.000000
0.011719,-0.039062,-0.007812,0.000000,30.659531,4.000000
0.027344,-0.076172,-0.009766,0.000000,31.855421,4.000000
0.041016,-0.115234,-0.007812,0.000000,30.077478,4.000000
0.056641,-0.154297,0.007812,0.000000,25.352942,4.000000
0.242188,0.039062,-1.244141,0.000000,23.463530,4.000000
0.199219,0.041016,-1.292969,0.000000,24.329693,4.000000
0.468750,0.042969,1.265625,0.000000,22.455126,4.000000
2.238281,-0.140625,-0.187500,0.000000,28.350561,4.000000
2.626953,-0.175781,1.015625,0.000000,29.283958,4.000000
2.667969,-0.179688,1.025391,0.000000,32.550312,4.000000
2.750000,-0.089844,0.927734,0.000000,31.883659,4.000000
4.267578,-0.142578,1.544922,0.000000,27.965744,4.000000
4.376953,-0.142578,1.349609,0.000000,31.586639,4.000000
4.437500,-0.144531,1.283203,0.000000,31.072100,4.000000
2.255859,-0.142578,-0.371094,-0.614669,27.024305,4.000000
0.037109,-0.035156,0.064453,0.000000,30.102999,4.000000
0.046875,-0.046875,0.103516,0.000000,29.003672,4.000000
1.175781,-0.449219,0.359375,0.000000,21.367207,4.000000
1.230469,-0.464844,0.302734,0.000000,19.731279,4.000000
3.724609,-1.703125,-1.960938,0.000000,25.145477,4.000000
0.011719,-0.039062,-0.007812,0.000000,30.659531,5.000000
0.027344,-0.076172,-0.009766,0.000000,31.855421,5.000000
0.041016,-0.115234,-0.007812,0.000000,30.077478,5.000000
0.056641,-0.154297,0.007812,0.000000,25.340261,5.000000
0.283203,0.039062,-1.234375,0.000000,23.502480,5.000000
0.218750,0.041016,-1.291016,0.000000,24.361626,5.000000
0.468750,0.042969,1.265625,0.000000,22.479733,5.000000
2.201172,-0.068359,-0.177734,0.000000,26.848454,5.000000
2.244141,-0.070312,-0.132812,0.000000,28.627275,5.000000
2.285156,-0.142578,-0.037109,0.000000,28.469553,5.000000
2.320312,-0.218750,0.025391,0.000000,26.483601,5.000000
2.673828,-0.179688,1.011719,0.000000,32.521244,5.000000
2.771484,-0.089844,0.863281,0.000000,31.928461,5.000000
4.353516,-0.142578,1.419922,0.000000,31.061909,5.000000
4.453125,-0.000000,1.242188,0.000000,30.955181,5.000000
0.037109,-0.035156,0.064453,0.000000,30.102999,5.000000
0.046875,-0.046875,0.103516,0.000000,29.003672,5.000000
1.179688,-0.449219,0.345703,0.000000,21.430147,5.000000
1.238281,-0.464844,0.275391,0.000000,19.684830,5.000000
0.011719,-0.039062,-0.007812,0.000000,30.652061,6.000000
0.027344,-0.076172,-0.009766,0.000000,31.852587,6.000000
0.041016,-0.115234,-0.007812,0.000000,30.077478,6.000000
0.056641,-0.154297,0.007812,0.000000,25.340261,6.000000
0.277344,0.039062,-1.236328,0.000000,23.502480,6.000000
0.224609,0.041016,-1.289062,0.000000,24.345690,6.000000
0.476562,0.042969,1.261719,0.000000,22.405493,6.000000
2.199219,-0.138672,-0.156250,0.000000,28.208580,6.000000
2.244141,-0.070312,-0.154297,0.000000,29.169800,6.000000
2.277344,-0.072266,-0.242188,0.000000,27.234556,6.000000
2.656250,-0.175781,0.939453,0.000000,29.278833,6.000000
2.708984,-0.089844,0.921875,0.000000,32.526104,6.000000
2.757812,-0.089844,0.908203,0.000000,31.858253,6.000000
4.337891,-0.142578,1.468750,0.000000,28.853613,6.000000
4.398438,-0.000000,1.421875,0.000000,28.842287,6.000000
0.037109,-0.035156,0.064453,0.000000,30.102999,6.000000
0.044922,-0.046875,0.103516,0.000000,29.003672,6.000000
1.230469,-0.464844,0.306641,0.000000,19.590414,6.000000
0.011719,-0.039062,-0.007812,0.000000,30.659531,7.000000
0.027344,-0.076172,-0.009766,0.000000,31.855421,7.000000
0.041016,-0.115234,-0.007812,0.000000,30.077478,7.000000
0.056641,-0.154297,0.007812,0.000000,25.340261,7.000000
0.265625,0.039062,-1.240234,0.000000,23.483049,7.000000
0.226562,0.041016,-1.289062,0.000000,24.345690,7.000000
0.474609,0.042969,1.263672,0.000000,22.455126,7.000000
2.667969,-0.175781,0.906250,0.000000,29.232441,7.000000
2.722656,-0.089844,0.878906,0.000000,32.511513,7.000000
2.769531,-0.089844,0.869141,0.000000,31.846914,7.000000
2.203125,-0.000000,-0.458984,-0.614669,24.502491,7.000000
2.238281,-0.000000,-0.486328,-0.614669,24.800070,7.000000
0.037109,-0.035156,0.064453,0.000000,30.098757,7.000000
0.044922,-0.046875,0.103516,0.000000,28.998205,7.000000
1.183594,-0.449219,0.332031,0.000000,21.367207,7.000000
1.234375,-0.464844,0.285156,0.000000,19.684830,7.000000
0.011719,-0.039062,-0.007812,0.000000,30.659531,8.000000
0.027344,-0.076172,-0.009766,0.000000,31.855421,8.000000
0.041016,-0.115234,-0.007812,0.000000,30.077478,8.000000
0.056641,-0.154297,0.007812,0.000000,25.340261,8.000000
0.291016,0.039062,-1.234375,0.000000,23.502480,8.000000
0.246094,0.041016,-1.285156,0.000000,24.361626,8.000000
0.443359,0.042969,1.273438,0.000000,22.455126,8.000000
2.607422,-0.175781,1.064453,0.000000,29.542425,8.000000
2.695312,-0.089844,0.962891,0.000000,32.659966,8.000000
2.761719,-0.089844,0.892578,0.000000,31.983822,8.000000
4.855469,-1.091797,-0.371094,0.000000,28.825245,8.000000
0.037109,-0.035156,0.064453,0.000000,30.102999,8.000000
0.046875,-0.046875,0.103516,0.000000,28.998205,8.000000
1.177734,-0.449219,0.355469,0.000000,21.398790,8.000000
1.230469,-0.464844,0.308594,0.000000,19.684830,8.000000
4.416016,1.714844,-1.568359,0.000000,26.148972,8.000000
0.011719,-0.039062,-0.007812,0.000000,30.659531,9.000000
0.027344,-0.076172,-0.009766,0.000000,31.855421,9.000000
0.041016,-0.115234,-0.007812,0.000000,30.073210,9.000000
0.056641,-0.154297,0.007812,0.000000,25.327543,9.000000
0.279297,0.039062,-1.236328,0.000000,23.521826,9.000000
0.205078,0.041016,-1.292969,0.000000,24.361626,9.000000
0.466797,0.042969,1.265625,0.000000,22.455126,9.000000
2.267578,-0.142578,-0.298828,0.000000,26.211763,9.000000
2.607422,-0.175781,1.064453,0.000000,29.263424,9.000000
2.660156,-0.179688,1.042969,0.000000,32.496876,9.000000
2.763672,-0.089844,0.886719,0.000000,31.818436,9.000000
2.361328,0.537109,0.398438,1.229337,20.755470,9.000000
0.037109,-0.035156,0.064453,0.000000,30.098757,9.000000
0.046875,-0.046875,0.103516,0.000000,28.998205,9.000000
1.240234,-0.464844,0.265625,0.000000,19.637878,9.000000
0.011719,-0.039062,-0.007812,0.000000,30.663260,10.000000
0.027344,-0.076172,-0.009766,0.000000,31.855421,10.000000
0.041016,-0.115234,-0.007812,0.000000,30.077478,10.000000
0.056641,-0.154297,0.007812,0.000000,25.340261,10.000000
0.248047,0.039062,-1.242188,0.000000,23.502480,10.000000
0.216797,0.041016,-1.291016,0.000000,24.361626,10.000000
0.460938,0.042969,1.267578,0.000000,22.430380,10.000000
2.191406,-0.140625,-0.492188,0.000000,27.151674,10.000000
2.228516,-0.142578,-0.509766,0.000000,27.867514,10.000000
2.623047,-0.175781,1.027344,0.000000,29.159271,10.000000
2.667969,-0.179688,1.021484,0.000000,32.615009,10.000000
2.767578,-0.089844,0.873047,0.000000,32.043915,10.000000
0.037109,-0.035156,0.064453,0.000000,30.098757,10.000000
0.044922,-0.046875,0.103516,0.000000,28.998205,10.000000
1.232422,-0.464844,0.294922,0.000000,19.637878,10.000000
0.011719,-0.039062,-0.007812,0.000000,30.663260,11.000000
0.027344,-0.076172,-0.009766,0.000000,31.858253,11.000000
0.041016,-0.115234,-0.007812,0.000000,30.077478,11.000000
0.056641,-0.154297,0.007812,0.000000,25.340261,11.000000
0.291016,0.039062,-1.234375,0.000000,23.483049,11.000000
0.240234,0.041016,-1.285156,0.000000,24.329693,11.000000
0.468750,0.042969,1.265625,0.000000,22.430380,11.000000
2.187500,-0.138672,-0.271484,0.000000,27.435097,11.000000
2.207031,-0.140625,-0.416016,0.000000,27.505083,11.000000
2.615234,-0.175781,1.046875,0.000000,29.339931,11.000000
2.660156,-0.179688,1.042969,0.000000,32.574387,11.000000
2.746094,-0.089844,0.941406,0.000000,31.911715,11.000000
0.037109,-0.035156,0.064453,0.000000,30.102999,11.000000
0.046875,-0.046875,0.103516,0.000000,28.998205,11.000000
1.226562,-0.464844,0.322266,0.000000,19.637878,11.000000
0.011719,-0.039062,-0.007812,0.000000,30.655798,12.000000
0.027344,-0.076172,-0.009766,0.000000,31.858253,12.000000
0.041016,-0.115234,-0.007812,0.000000,30.081741,12.000000
0.056641,-0.154297,0.007812,0.000000,25.340261,12.000000
0.300781,0.039062,-1.230469,0.000000,23.502480,12.000000
0.236328,0.041016,-1.287109,0.000000,24.361626,12.000000
0.462891,0.042969,1.267578,0.000000,22.455126,12.000000
2.228516,-0.140625,-0.273438,0.000000,26.739420,12.000000
2.660156,-0.175781,0.925781,0.000000,29.211660,12.000000
2.716797,-0.089844,0.898438,0.000000,32.607868,12.000000
2.777344,-0.089844,0.845703,0.000000,31.964525,12.000000
0.037109,-0.035156,0.064453,0.000000,30.098757,12.000000
0.046875,-0.046875,0.103516,0.000000,28.992731,12.000000
1.226562,-0.464844,0.320312,0.000000,19.637878,12.000000
0.011719,-0.039062,-0.007812,0.000000,30.659531,13.000000
0.027344,-0.076172,-0.009766,0.000000,31.858253,13.000000
0.041016,-0.115234,-0.007812,0.000000,30.081741,13.000000
0.056641,-0.154297,0.007812,0.000000,25.352942,13.000000
0.265625,0.039062,-1.240234,0.000000,23.483049,13.000000
0.230469,0.041016,-1.287109,0.000000,24.377506,13.000000
0.460938,0.042969,1.267578,0.000000,22.479733,13.000000
2.605469,-0.175781,1.072266,0.000000,29.400181,13.000000
2.664062,-0.179688,1.037109,0.000000,32.692795,13.000000
2.773438,-0.089844,0.859375,0.000000,32.062859,13.000000
4.330078,-0.142578,1.490234,0.000000,29.324738,13.000000
4.402344,-0.144531,1.402344,0.000000,29.479237,13.000000
2.232422,-0.140625,-0.248047,0.614669,25.250448,13.000000
0.037109,-0.035156,0.064453,0.000000,30.098757,13.000000
0.046875,-0.046875,0.103516,0.000000,28.992731,13.000000
1.230469,-0.464844,0.304688,0.000000,19.637878,13.000000
3.869141,-1.718750,-1.751953,0.000000,26.324574,13.000000
0.011719,-0.039062,-0.007812,0.000000,30.663260,14.000000
0.027344,-0.076172,-0.009766,0.000000,31.855421,14.000000
0.041016,-0.115234,-0.007812,0.000000,30.077478,14.000000
0.056641,-0.154297,0.007812,0.000000,25.327543,14.000000
0.298828,0.039062,-1.232422,0.000000,23.521826,14.000000
0.253906,0.041016,-1.283203,0.000000,24.377506,14.000000
0.437500,0.042969,1.277344,0.000000,22.455126,14.000000
2.357422,-0.613281,0.296875,0.000000,27.050079,14.000000
2.652344,-0.175781,0.951172,0.000000,29.196011,14.000000
2.673828,-0.179688,1.007812,0.000000,32.462524,14.000000
2.748047,-0.089844,0.933594,0.000000,31.801258,14.000000
4.361328,-0.142578,1.396484,0.000000,30.722500,14.000000
4.457031,-0.144531,1.220703,0.000000,30.603201,14.000000
0.037109,-0.035156,0.064453,0.000000,30.098757,14.000000
0.044922,-0.046875,0.103516,0.000000,28.998205,14.000000
1.230469,-0.464844,0.302734,0.000000,19.590414,14.000000
0.011719,-0.039062,-0.007812,0.000000,30.663260,15.000000
0.027344,-0.076172,-0.009766,0.000000,31.855421,15.000000
0.041016,-0.115234,-0.007812,0.000000,30.077478,15.000000
0.056641,-0.154297,0.007812,0.000000,25.340261,15.000000
0.271484,0.039062,-1.238281,0.000000,23.521826,15.000000
0.210938,0.041016,-1.291016,0.000000,24.377506,15.000000
0.482422,0.042969,1.259766,0.000000,22.504200,15.000000
2.644531,-0.175781,0.970703,0.000000,29.420080,15.000000
2.675781,-0.179688,1.001953,0.000000,32.757717,15.000000
2.773438,-0.089844,0.855469,0.000000,32.113876,15.000000
4.865234,-0.308594,0.861328,0.000000,30.056095,15.000000
4.923828,-0.779297,0.236328,0.000000,28.864906,15.000000
0.037109,-0.035156,0.064453,0.000000,30.102999,15.000000
0.046875,-0.046875,0.103516,0.000000,29.003672,15.000000
1.236328,-0.464844,0.281250,0.000000,19.637878,15.000000
0.011719,-0.039062,-0.007812,0.000000,30.655798,16.000000
0.027344,-0.076172,-0.009766,0.000000,31.855421,16.000000
0.041016,-0.115234,-0.007812,0.000000,30.081741,16.000000
0.056641,-0.154297,0.007812,0.000000,25.340261,16.000000
0.281250,0.039062,-1.236328,0.000000,23.541084,16.000000
0.234375,0.041016,-1.287109,0.000000,24.393328,16.000000
0.451172,0.042969,1.271484,0.000000,22.479733,16.000000
2.169922,-0.138672,-0.390625,0.000000,28.075350,16.000000
2.205078,-0.140625,-0.421875,0.000000,30.326187,16.000000
2.248047,-0.072266,-0.431641,0.000000,28.627275,16.000000
2.662109,-0.179688,1.037109,0.000000,32.445244,16.000000
2.757812,-0.089844,0.906250,0.000000,31.815578,16.000000
4.359375,-0.142578,1.402344,0.000000,30.314085,16.000000
4.443359,-0.144531,1.267578,0.000000,30.817072,16.000000
4.564453,-0.000000,0.958984,0.000000,29.370161,16.000000
4.603516,0.294922,0.925781,0.000000,29.052561,16.000000
0.037109,-0.035156,0.064453,0.000000,30.102999,16.000000
0.046875,-0.046875,0.103516,0.000000,29.003672,16.000000
1.175781,-0.449219,0.357422,0.000000,21.430147,16.000000
1.232422,-0.464844,0.298828,0.000000,19.684830,16.000000
0.011719,-0.039062,-0.007812,0.000000,30.663260,17.000000
0.027344,-0.076172,-0.009766,0.000000,31.858253,17.000000
0.041016,-0.115234,-0.007812,0.000000,30.081741,17.000000
0.056641,-0.154297,0.007812,0.000000,25.340261,17.000000
0.250000,0.039062,-1.242188,0.000000,23.502480,17.000000
0.218750,0.041016,-1.291016,0.000000,24.361626,17.000000
0.462891,0.042969,1.267578,0.000000,22.455126,17.000000
2.224609,-0.140625,-0.302734,0.000000,28.813847,17.000000
2.275391,-0.142578,-0.218750,0.000000,28.122446,17.000000
2.597656,-0.175781,1.091797,0.000000,29.289078,17.000000
2.677734,-0.089844,1.007812,0.000000,32.533379,17.000000
2.738281,-0.089844,0.964844,0.000000,31.892096,17.000000
4.371094,-0.142578,1.363281,0.000000,31.000257,17.000000
4.443359,-0.144531,1.267578,0.000000,31.192558,17.000000
0.037109,-0.035156,0.064453,0.000000,30.102999,17.000000
0.044922,-0.046875,0.103516,0.000000,29.003672,17.000000
1.230469,-0.464844,0.302734,0.000000,19.684830,17.000000
0.011719,-0.039062,-0.007812,0.000000,30.652061,18.000000
0.027344,-0.076172,-0.009766,0.000000,31.855421,18.000000
0.041016,-0.115234,-0.007812,0.000000,30.077478,18.000000
0.056641,-0.154297,0.007812,0.000000,25.327543,18.000000
0.283203,0.039062,-1.236328,0.000000,23.463530,18.000000
0.228516,0.041016,-1.289062,0.000000,24.345690,18.000000
0.468750,0.042969,1.265625,0.000000,22.479733,18.000000
2.330078,-0.072266,-0.033203,0.000000,26.304279,18.000000
2.667969,-0.175781,0.902344,0.000000,29.263424,18.000000
2.732422,-0.089844,0.849609,0.000000,32.574387,18.000000
2.796875,-0.089844,0.781250,0.000000,31.934029,18.000000
0.037109,-0.035156,0.064453,0.000000,30.098757,18.000000
0.046875,-0.046875,0.103516,0.000000,29.003672,18.000000
1.179688,-0.449219,0.345703,0.000000,21.398790,18.000000
1.232422,-0.464844,0.296875,0.000000,19.637878,18.000000
0.011719,-0.039062,-0.007812,0.000000,30.655798,19.000000
0.027344,-0.076172,-0.009766,0.000000,31.852587,19.000000
0.041016,-0.115234,-0.007812,0.000000,30.077478,19.000000
0.056641,-0.154297,0.007812,0.000000,25.327543,19.000000
0.263672,0.039062,-1.240234,0.000000,23.521826,19.000000
0.208984,0.041016,-1.291016,0.000000,24.377506,19.000000
0.486328,0.042969,1.257812,0.000000,22.455126,19.000000
2.195312,-0.138672,-0.199219,0.000000,26.570559,19.000000
2.242188,-0.140625,-0.109375,0.000000,28.530895,19.000000
2.289062,-0.072266,0.003906,0.000000,27.497364,19.000000
2.738281,-0.087891,0.679688,0.000000,28.926510,19.000000
2.755859,-0.089844,0.769531,0.000000,32.385479,19.000000
2.804688,-0.089844,0.748047,0.000000,31.775366,19.000000
4.332031,-0.142578,1.482422,0.000000,29.894499,19.000000
4.447266,-0.144531,1.250000,0.000000,29.656719,19.000000
0.037109,-0.035156,0.064453,0.000000,30.098757,19.000000
0.044922,-0.046875,0.103516,0.000000,29.003672,19.000000
1.177734,-0.449219,0.349609,0.000000,21.398790,19.000000
1.230469,-0.464844,0.302734,0.000000,19.637878,19.000000
3.488281,-1.718750,-2.421875,0.000000,27.176704,19.000000
0.011719,-0.039062,-0.007812,0.000000,30.652061,20.000000
0.027344,-0.076172,-0.009766,0.000000,31.855421,20.000000
0.041016,-0.115234,-0.007812,0.000000,30.077478,20.000000
0.056641,-0.154297,0.007812,0.000000,25.340261,20.000000
0.265625,0.039062,-1.240234,0.000000,23.502480,20.000000
0.248047,0.041016,-1.285156,0.000000,24.361626,20.000000
0.464844,0.042969,1.267578,0.000000,22.504200,20.000000
2.197266,-0.207031,-0.072266,0.000000,28.506462,20.000000
2.244141,-0.140625,0.087891,0.000000,29.907827,20.000000
2.281250,-0.142578,0.156250,0.000000,29.159271,20.000000
2.328125,-0.072266,0.105469,0.000000,26.812412,20.000000
2.640625,-0.175781,0.982422,0.000000,29.518230,20.000000
2.677734,-0.179688,0.998047,0.000000,32.750809,20.000000
2.765625,-0.089844,0.882812,0.000000,32.135178,20.000000
4.257812,-0.142578,1.572266,0.000000,27.411516,20.000000
4.361328,-0.142578,1.396484,0.000000,31.205740,20.000000
4.451172,-0.144531,1.236328,0.000000,31.126051,20.000000
0.037109,-0.035156,0.064453,0.000000,30.107239,20.000000
0.046875,-0.046875,0.103516,0.000000,29.003672,20.000000
1.236328,-0.464844,0.279297,0.000000,19.637878,20.000000
3.800781,-1.703125,-1.808594,0.000000,24.533184,20.000000
0.011719,-0.039062,-0.007812,0.000000,30.659531,21.000000
0.027344,-0.076172,-0.009766,0.000000,31.855421,21.000000
0.041016,-0.115234,-0.007812,0.000000,30.081741,21.000000
0.056641,-0.154297,0.007812,0.000000,25.340261,21.000000
0.296875,0.039062,-1.232422,0.000000,23.483049,21.000000
0.232422,0.041016,-1.287109,0.000000,24.345690,21.000000
0.457031,0.042969,1.269531,0.000000,22.455126,21.000000
2.189453,-0.138672,-0.263672,0.000000,29.400181,21.000000
2.220703,-0.070312,-0.349609,0.000000,29.518230,21.000000
2.607422,-0.175781,1.066406,0.000000,29.580858,21.000000
2.662109,-0.179688,1.039062,0.000000,32.723057,21.000000
2.755859,-0.089844,0.910156,0.000000,32.030331,21.000000
4.349609,-0.142578,1.433594,0.000000,28.615345,21.000000
4.427734,-0.144531,1.318359,0.000000,28.859262,21.000000
2.302734,0.146484,0.337891,-1.229337,22.787537,21.000000
2.279297,0.222656,0.617188,-1.229337,22.430380,21.000000
2.222656,-0.072266,-0.552734,-0.614669,27.007038,21.000000
0.037109,-0.035156,0.064453,0.000000,30.102999,21.000000
0.046875,-0.046875,0.103516,0.000000,28.998205,21.000000
0.009766,-0.056641,0.154297,0.000000,25.250448,21.000000
1.179688,-0.449219,0.347656,0.000000,21.367207,21.000000
1.230469,-0.464844,0.308594,0.000000,19.684830,21.000000
0.011719,-0.039062,-0.007812,0.000000,30.659531,22.000000
0.027344,-0.076172,-0.009766,0.000000,31.855421,22.000000
0.041016,-0.115234,-0.007812,0.000000,30.081741,22.000000
0.056641,-0.154297,0.007812,0.000000,25.352942,22.000000
0.257812,0.039062,-1.240234,0.000000,23.521826,22.000000
0.220703,0.041016,-1.289062,0.000000,24.361626,22.000000
0.462891,0.042969,1.267578,0.000000,22.455126,22.000000
2.191406,-0.138672,-0.244141,0.000000,27.283537,22.000000
2.707031,-0.089844,0.927734,0.000000,32.365372,22.000000
2.769531,-0.089844,0.867188,0.000000,31.846914,22.000000
0.037109,-0.035156,0.064453,0.000000,30.107239,22.000000
0.046875,-0.046875,0.103516,0.000000,29.009130,22.000000
1.236328,-0.464844,0.281250,0.000000,19.637878,22.000000
0.011719,-0.039062,-0.007812,0.000000,30.666985,23.000000
0.027344,-0.076172,-0.009766,0.000000,31.858253,23.000000
0.041016,-0.115234,-0.007812,0.000000,30.081741,23.000000
0.056641,-0.154297,0.007812,0.000000,25.352942,23.000000
0.263672,0.039062,-1.240234,0.000000,23.502480,23.000000
0.199219,0.041016,-1.292969,0.000000,24.345690,23.000000
0.486328,0.042969,1.257812,0.000000,22.455126,23.000000
2.197266,-0.138672,-0.187500,0.000000,29.122221,23.000000
2.240234,-0.070312,-0.205078,0.000000,29.680157,23.000000
2.273438,-0.214844,-0.175781,0.000000,28.014036,23.000000
2.609375,-0.175781,1.060547,0.000000,29.571281,23.000000
2.662109,-0.179688,1.039062,0.000000,32.720737,23.000000
2.767578,-0.089844,0.878906,0.000000,32.043915,23.000000
0.037109,-0.035156,0.064453,0.000000,30.094509,23.000000
0.046875,-0.046875,0.103516,0.000000,29.003672,23.000000
1.179688,-0.449219,0.343750,0.000000,21.367207,23.000000
1.236328,-0.464844,0.281250,0.000000,19.637878,23.000000
0.011719,-0.039062,-0.007812,0.000000,30.666985,24.000000
0.027344,-0.076172,-0.009766,0.000000,31.855421,24.000000
0.041016,-0.115234,-0.007812,0.000000,30.077478,24.000000
0.056641,-0.154297,0.007812,0.000000,25.340261,24.000000
0.269531,0.039062,-1.238281,0.000000,23.521826,24.000000
0.224609,0.041016,-1.289062,0.000000,24.377506,24.000000
0.468750,0.042969,1.265625,0.000000,22.504200,24.000000
2.203125,-0.138672,-0.066406,0.000000,27.626785,24.000000
2.625000,-0.175781,1.023438,0.000000,29.503649,24.000000
2.654297,-0.179688,1.056641,0.000000,32.794388,24.000000
2.738281,-0.089844,0.964844,0.000000,32.143139,24.000000
0.037109,-0.035156,0.064453,0.000000,30.102999,24.000000
0.046875,-0.046875,0.103516,0.000000,29.003672,24.000000
1.232422,-0.464844,0.298828,0.000000,19.684830,24.000000
0.011719,-0.039062,-0.007812,0.000000,30.663260,25.000000
0.027344,-0.076172,-0.009766,0.000000,31.858253,25.000000
0.041016,-0.115234,-0.007812,0.000000,30.081741,25.000000
0.056641,-0.154297,0.007812,0.000000,25.340261,25.000000
0.277344,0.039062,-1.236328,0.000000,23.463530,25.000000
0.238281,0.041016,-1.287109,0.000000,24.329693,25.000000
0.462891,0.042969,1.267578,0.000000,22.455126,25.000000
2.195312,-0.138672,-0.201172,0.000000,29.420080,25.000000
2.238281,-0.140625,-0.171875,0.000000,28.344208,25.000000
2.298828,-0.146484,0.355469,0.000000,26.711729,25.000000
2.628906,-0.175781,1.013672,0.000000,29.405165,25.000000
2.677734,-0.179688,1.000000,0.000000,32.607868,25.000000
2.787109,-0.089844,0.812500,0.000000,31.883659,25.000000
0.037109,-0.035156,0.064453,0.000000,30.102999,25.000000
0.046875,-0.046875,0.103516,0.000000,29.003672,25.000000
1.234375,-0.464844,0.287109,0.000000,19.590414,25.000000
0.011719,-0.039062,-0.007812,0.000000,30.659531,26.000000
0.027344,-0.076172,-0.009766,0.000000,31.858253,26.000000
0.041016,-0.115234,-0.007812,0.000000,30.081741,26.000000
0.056641,-0.154297,0.007812,0.000000,25.352942,26.000000
0.246094,0.039062,-1.244141,0.000000,23.502480,26.000000
0.181641,0.041016,-1.294922,0.000000,24.345690,26.000000
0.486328,0.042969,1.257812,0.000000,22.455126,26.000000
2.156250,-0.134766,-0.185547,0.000000,27.024305,26.000000
2.193359,-0.138672,-0.212891,0.000000,30.182842,26.000000
2.230469,-0.070312,-0.289062,0.000000,29.527924,26.000000
2.732422,-0.089844,0.851562,0.000000,32.392994,26.000000
2.789062,-0.089844,0.804688,0.000000,31.866739,26.000000
4.820312,-1.248047,-0.332031,0.000000,29.628428,26.000000
4.806641,-1.416016,-0.457031,0.000000,29.344984,26.000000
0.037109,-0.035156,0.064453,0.000000,30.098757,26.000000
0.046875,-0.046875,0.103516,0.000000,28.998205,26.000000
1.224609,-0.464844,0.326172,0.000000,19.590414,26.000000
0.011719,-0.039062,-0.007812,0.000000,30.659531,27.000000
0.027344,-0.076172,-0.009766,0.000000,31.855421,27.000000
0.041016,-0.115234,-0.007812,0.000000,30.081741,27.000000
0.056641,-0.154297,0.007812,0.000000,25.352942,27.000000
0.261719,0.039062,-1.240234,0.000000,23.502480,27.000000
0.189453,0.041016,-1.294922,0.000000,24.377506,27.000000
0.482422,0.042969,1.259766,0.000000,22.479733,27.000000
2.199219,-0.138672,-0.148438,0.000000,28.007172,27.000000
2.613281,-0.175781,1.052734,0.000000,29.604708,27.000000
2.666016,-0.179688,1.027344,0.000000,32.704460,27.000000
2.763672,-0.089844,0.886719,0.000000,31.956230,27.000000
0.037109,-0.035156,0.064453,0.000000,30.102999,27.000000
0.046875,-0.046875,0.103516,0.000000,29.009130,27.000000
1.179688,-0.449219,0.343750,0.000000,21.398790,27.000000
1.232422,-0.464844,0.294922,0.000000,19.684830,27.000000
0.011719,-0.039062,-0.007812,0.000000,30.659531,28.000000
0.027344,-0.076172,-0.009766,0.000000,31.858253,28.000000
0.041016,-0.115234,-0.007812,0.000000,30.077478,28.000000
0.056641,-0.154297,0.007812,0.000000,25.340261,28.000000
0.267578,0.039062,-1.238281,0.000000,23.502480,28.000000
0.224609,0.041016,-1.289062,0.000000,24.361626,28.000000
0.470703,0.042969,1.265625,0.000000,22.455126,28.000000
2.193359,-0.068359,-0.251953,0.000000,27.573959,28.000000
2.238281,-0.070312,-0.212891,0.000000,26.570559,28.000000
2.601562,-0.175781,1.080078,0.000000,29.513374,28.000000
2.650391,-0.179688,1.068359,0.000000,32.743889,28.000000
2.746094,-0.089844,0.941406,0.000000,32.105862,28.000000
4.802734,-1.248047,-0.537109,0.000000,28.744818,28.000000
0.037109,-0.035156,0.064453,0.000000,30.102999,28.000000
0.046875,-0.046875,0.103516,0.000000,29.003672,28.000000
1.230469,-0.464844,0.302734,0.000000,19.637878,28.000000
4.527344,1.714844,-1.207031,0.000000,25.751879,28.000000
0.011719,-0.039062,-0.007812,0.000000,30.655798,29.000000
0.027344,-0.076172,-0.009766,0.000000,31.855421,29.000000
0.041016,-0.115234,-0.007812,0.000000,30.081741,29.000000
0.056641,-0.154297,0.007812,0.000000,25.340261,29.000000
0.253906,0.039062,-1.242188,0.000000,23.502480,29.000000
0.193359,0.041016,-1.294922,0.000000,24.361626,29.000000
0.455078,0.042969,1.269531,0.000000,22.430380,29.000000
2.123047,-0.138672,-0.595703,0.000000,28.813847,29.000000
2.197266,-0.140625,-0.460938,0.000000,30.453230,29.000000
2.279297,-0.142578,-0.179688,0.000000,30.297895,29.000000
2.326172,-0.146484,-0.052734,0.000000,27.752462,29.000000
2.619141,-0.175781,1.037109,0.000000,29.380192,29.000000
2.664062,-0.179688,1.033203,0.000000,32.603100,29.000000
2.761719,-0.089844,0.892578,0.000000,31.892096,29.000000
4.382812,-0.142578,1.328125,0.000000,31.357685,29.000000
4.468750,-0.144531,1.171875,0.000000,31.574568,29.000000
4.578125,-0.000000,0.892578,0.000000,28.992731,29.000000
0.037109,-0.035156,0.064453,0.000000,30.102999,29.000000
0.046875,-0.046875,0.103516,0.000000,29.003672,29.000000
1.228516,-0.464844,0.312500,0.000000,19.637878,29.000000
0.011719,-0.039062,-0.007812,0.000000,30.659531,30.000000
0.027344,-0.076172,-0.009766,0.000000,31.858253,30.000000
0.041016,-0.115234,-0.007812,0.000000,30.081741,30.000000
0.056641,-0.154297,0.007812,0.000000,25.340261,30.000000
0.275391,0.039062,-1.236328,0.000000,23.483049,30.000000
0.193359,0.041016,-1.294922,0.000000,24.329693,30.000000
0.486328,0.042969,1.257812,0.000000,22.455126,30.000000
2.179688,-0.068359,-0.349609,0.000000,28.182259,30.000000
2.216797,-0.070312,-0.380859,0.000000,29.459606,30.000000
2.246094,-0.072266,-0.445312,0.000000,27.283537,30.000000
2.617188,-0.175781,1.039062,0.000000,29.498777,30.000000
2.662109,-0.179688,1.039062,0.000000,32.681099,30.000000
2.751953,-0.089844,0.923828,0.000000,32.019432,30.000000
4.275391,-0.142578,1.525391,0.000000,28.034571,30.000000
4.375000,-0.142578,1.351562,0.000000,31.616674,30.000000
4.443359,-0.144531,1.265625,0.000000,31.159431,30.000000
0.037109,-0.035156,0.064453,0.000000,30.102999,30.000000
0.046875,-0.046875,0.103516,0.000000,29.003672,30.000000
1.179688,-0.449219,0.343750,0.000000,21.430147,30.000000
1.234375,-0.464844,0.287109,0.000000,19.731279,30.000000
0.011719,-0.039062,-0.007812,0.000000,30.666985,31.000000
0.027344,-0.076172,-0.009766,0.000000,31.858253,31.000000
0.041016,-0.115234,-0.007812,0.000000,30.081741,31.000000
0.056641,-0.154297,0.007812,0.000000,25.340261,31.000000
0.277344,0.039062,-1.236328,0.000000,23.502480,31.000000
0.230469,0.041016,-1.287109,0.000000,24.345690,31.000000
0.453125,0.042969,1.271484,0.000000,22.455126,31.000000
2.187500,-0.138672,-0.281250,0.000000,27.824726,31.000000
2.226562,-0.140625,-0.294922,0.000000,28.893017,31.000000
2.640625,-0.175781,0.982422,0.000000,29.201233,31.000000
2.677734,-0.179688,1.000000,0.000000,32.518814,31.000000
2.769531,-0.089844,0.871094,0.000000,31.942368,31.000000
4.279297,-0.142578,1.511719,0.000000,27.481880,31.000000
4.380859,-0.142578,1.330078,0.000000,31.225435,31.000000
4.460938,-0.144531,1.201172,0.000000,30.965624,31.000000
4.855469,-0.308594,0.912109,0.000000,29.484129,31.000000
0.037109,-0.035156,0.064453,0.000000,30.102999,31.000000
0.046875,-0.046875,0.103516,0.000000,29.003672,31.000000
1.173828,-0.449219,0.365234,0.000000,21.430147,31.000000
1.228516,-0.464844,0.310547,0.000000,19.684830,31.000000
3.814453,-1.703125,-1.781250,0.000000,24.502491,31.000000
0.011719,-0.039062,-0.007812,0.000000,30.659531,32.000000
0.027344,-0.076172,-0.009766,0.000000,31.855421,32.000000
0.041016,-0.115234,-0.007812,0.000000,30.073210,32.000000
0.056641,-0.154297,0.007812,0.000000,25.327543,32.000000
0.271484,0.039062,-1.238281,0.000000,23.521826,32.000000
0.216797,0.041016,-1.291016,0.000000,24.361626,32.000000
0.468750,0.042969,1.265625,0.000000,22.479733,32.000000
2.181641,-0.138672,-0.310547,0.000000,28.549129,32.000000
2.230469,-0.140625,-0.255859,0.000000,29.294189,32.000000
2.607422,-0.175781,1.064453,0.000000,29.390198,32.000000
2.662109,-0.179688,1.037109,0.000000,32.648178,32.000000
2.763672,-0.089844,0.886719,0.000000,31.914511,32.000000
4.361328,-0.142578,1.398438,0.000000,31.051695,32.000000
4.437500,-0.144531,1.287109,0.000000,30.744507,32.000000
0.037109,-0.035156,0.064453,0.000000,30.098757,32.000000
0.046875,-0.046875,0.103516,0.000000,29.003672,32.000000
1.230469,-0.464844,0.308594,0.000000,19.590414,32.000000
0.011719,-0.039062,-0.007812,0.000000,30.663260,33.000000
0.027344,-0.076172,-0.009766,0.000000,31.861084,33.000000
0.041016,-0.115234,-0.007812,0.000000,30.081741,33.000000
0.056641,-0.154297,0.007812,0.000000,25.352942,33.000000
0.242188,0.039062,-1.244141,0.000000,23.463530,33.000000
0.203125,0.041016,-1.292969,0.000000,24.345690,33.000000
0.494141,0.042969,1.255859,0.000000,22.455126,33.000000
2.199219,-0.138672,-0.167969,0.000000,26.766935,33.000000
2.246094,-0.070312,-0.099609,0.000000,27.481880,33.000000
2.638672,-0.175781,0.986328,0.000000,29.299295,33.000000
2.677734,-0.179688,1.000000,0.000000,32.543064,33.000000
2.775391,-0.089844,0.849609,0.000000,31.889284,33.000000
4.292969,-0.142578,1.474609,0.000000,28.202015,33.000000
4.400391,-0.142578,1.267578,0.000000,31.749315,33.000000
4.464844,-0.000000,1.201172,0.000000,31.189257,33.000000
0.037109,-0.035156,0.064453,0.000000,30.098757,33.000000
0.046875,-0.046875,0.103516,0.000000,28.998205,33.000000
1.175781,-0.449219,0.357422,0.000000,21.367207,33.000000
1.230469,-0.464844,0.308594,0.000000,19.684830,33.000000
0.011719,-0.039062,-0.007812,0.000000,30.666985,34.000000
0.027344,-0.076172,-0.009766,0.000000,31.861084,34.000000
0.041016,-0.115234,-0.007812,0.000000,30.081741,34.000000
0.056641,-0.154297,0.007812,0.000000,25.340261,34.000000
0.265625,0.039062,-1.240234,0.000000,23.483049,34.000000
0.210938,0.041016,-1.291016,0.000000,24.361626,34.000000
0.458984,0.042969,1.269531,0.000000,22.430380,34.000000
2.205078,-0.068359,-0.113281,0.000000,26.608654,34.000000
2.658203,-0.175781,0.931641,0.000000,29.227255,34.000000
2.685547,-0.179688,0.974609,0.000000,32.516380,34.000000
2.771484,-0.089844,0.863281,0.000000,31.950689,34.000000
4.361328,-0.142578,1.392578,0.000000,31.277525,34.000000
4.449219,-0.144531,1.246094,0.000000,31.398790,34.000000
4.548828,0.146484,1.013672,0.000000,28.656961,34.000000
0.037109,-0.035156,0.064453,0.000000,30.102999,34.000000
0.046875,-0.046875,0.103516,0.000000,29.003672,34.000000
1.224609,-0.464844,0.326172,0.000000,19.542425,34.000000
0.011719,-0.039062,-0.007812,0.000000,30.663260,35.000000
0.027344,-0.076172,-0.009766,0.000000,31.858253,35.000000
0.041016,-0.115234,-0.007812,0.000000,30.081741,35.000000
0.056641,-0.154297,0.007812,0.000000,25.340261,35.000000
0.283203,0.039062,-1.236328,0.000000,23.502480,35.000000
0.222656,0.041016,-1.289062,0.000000,24.361626,35.000000
0.480469,0.042969,1.261719,0.000000,22.479733,35.000000
2.248047,-0.070312,-0.035156,0.000000,27.489628,35.000000
2.654297,-0.175781,0.943359,0.000000,29.190781,35.000000
2.687500,-0.179688,0.970703,0.000000,32.533379,35.000000
2.775391,-0.089844,0.853516,0.000000,31.920095,35.000000
0.037109,-0.035156,0.064453,0.000000,30.098757,35.000000
0.044922,-0.046875,0.103516,0.000000,29.003672,35.000000
1.228516,-0.464844,0.312500,0.000000,19.637878,35.000000
0.011719,-0.039062,-0.007812,0.000000,30.670708,36.000000
0.027344,-0.076172,-0.009766,0.000000,31.858253,36.000000
0.041016,-0.115234,-0.007812,0.000000,30.086002,36.000000
0.056641,-0.154297,0.007812,0.000000,25.352942,36.000000
0.265625,0.039062,-1.240234,0.000000,23.541084,36.000000
0.220703,0.041016,-1.289062,0.000000,24.377506,36.000000
0.468750,0.042969,1.265625,0.000000,22.504200,36.000000
2.156250,-0.134766,-0.183594,0.000000,28.075350,36.000000
2.205078,-0.068359,-0.126953,0.000000,28.698181,36.000000
2.623047,-0.175781,1.027344,0.000000,29.523081,36.000000
2.664062,-0.179688,1.033203,0.000000,32.734642,36.000000
2.759766,-0.089844,0.902344,0.000000,32.073650,36.000000
0.037109,-0.035156,0.064453,0.000000,30.090258,36.000000
0.046875,-0.046875,0.103516,0.000000,28.992731,36.000000
1.232422,-0.464844,0.292969,0.000000,19.684830,36.000000
0.011719,-0.039062,-0.007812,0.000000,30.663260,37.000000
0.027344,-0.076172,-0.009766,0.000000,31.858253,37.000000
0.041016,-0.115234,-0.007812,0.000000,30.081741,37.000000
0.056641,-0.154297,0.007812,0.000000,25.352942,37.000000
0.271484,0.039062,-1.238281,0.000000,23.541084,37.000000
0.220703,0.041016,-1.289062,0.000000,24.377506,37.000000
0.455078,0.042969,1.269531,0.000000,22.504200,37.000000
2.244141,-0.070312,-0.152344,0.000000,25.820633,37.000000
2.279297,-0.142578,0.191406,0.000000,27.024305,37.000000
2.673828,-0.179688,1.009766,0.000000,32.528530,37.000000
2.751953,-0.089844,0.925781,0.000000,31.920095,37.000000
0.037109,-0.035156,0.064453,0.000000,30.102999,37.000000
0.046875,-0.046875,0.103516,0.000000,29.003672,37.000000
1.179688,-0.449219,0.347656,0.000000,21.398790,37.000000
1.232422,-0.464844,0.296875,0.000000,19.684830,37.000000
0.011719,-0.039062,-0.007812,0.000000,30.663260,38.000000
0.027344,-0.076172,-0.009766,0.000000,31.858253,38.000000
0.041016,-0.115234,-0.007812,0.000000,30.081741,38.000000
0.056641,-0.154297,0.007812,0.000000,25.352942,38.000000
0.289062,0.039062,-1.234375,0.000000,23.483049,38.000000
0.236328,0.041016,-1.287109,0.000000,24.345690,38.000000
0.453125,0.042969,1.271484,0.000000,22.430380,38.000000
2.160156,-0.134766,-0.132812,0.000000,28.692318,38.000000
2.191406,-0.138672,-0.236328,0.000000,28.369568,38.000000
2.658203,-0.175781,0.929688,0.000000,29.365137,38.000000
2.679688,-0.179688,0.994141,0.000000,32.619762,38.000000
2.769531,-0.089844,0.869141,0.000000,31.989319,38.000000
0.037109,-0.035156,0.064453,0.000000,30.098757,38.000000
0.046875,-0.046875,0.103516,0.000000,29.003672,38.000000
1.177734,-0.449219,0.351562,0.000000,21.430147,38.000000
1.230469,-0.464844,0.304688,0.000000,19.731279,38.000000
0.011719,-0.039062,-0.007812,0.000000,30.666985,39.000000
0.027344,-0.076172,-0.009766,0.000000,31.855421,39.000000
0.041016,-0.115234,-0.007812,0.000000,30.077478,39.000000
0.056641,-0.154297,0.007812,0.000000,25.340261,39.000000
0.253906,0.039062,-1.242188,0.000000,23.521826,39.000000
0.210938,0.041016,-1.291016,0.000000,24.377506,39.000000
0.480469,0.042969,1.261719,0.000000,22.479733,39.000000
2.162109,-0.134766,-0.074219,0.000000,27.951845,39.000000
2.216797,-0.070312,-0.376953,0.000000,27.427252,39.000000
2.273438,-0.142578,-0.242188,0.000000,28.068581,39.000000
2.712891,-0.089844,0.912109,0.000000,32.530956,39.000000
2.779297,-0.089844,0.837891,0.000000,31.961761,39.000000
2.255859,0.509766,0.300781,1.229337,21.271048,39.000000
2.292969,0.519531,0.326172,1.229337,21.430147,39.000000
0.037109,-0.035156,0.064453,0.000000,30.098757,39.000000
0.046875,-0.046875,0.103516,0.000000,28.998205,39.000000
1.230469,-0.464844,0.306641,0.000000,19.731279,39.000000
2.072266,-0.800781,0.708984,1.229337,19.138138,39.000000
0.011719,-0.039062,-0.007812,0.000000,30.655798,40.000000
0.027344,-0.076172,-0.009766,0.000000,31.855421,40.000000
0.041016,-0.115234,-0.007812,0.000000,30.077478,40.000000
0.056641,-0.154297,0.007812,0.000000,25.340261,40.000000
0.294922,0.039062,-1.232422,0.000000,23.502480,40.000000
0.248047,0.041016,-1.285156,0.000000,24.377506,40.000000
0.449219,0.042969,1.271484,0.000000,22.479733,40.000000
2.154297,-0.134766,-0.199219,0.000000,28.350561,40.000000
2.187500,-0.138672,-0.281250,0.000000,30.111473,40.000000
2.226562,-0.140625,-0.285156,0.000000,29.449759,40.000000
2.285156,-0.142578,0.037109,0.000000,28.350561,40.000000
2.310547,-0.146484,0.275391,0.000000,26.963564,40.000000
2.685547,-0.089844,0.990234,0.000000,32.540646,40.000000
2.763672,-0.089844,0.888672,0.000000,31.956230,40.000000
0.037109,-0.035156,0.064453,0.000000,30.102999,40.000000
0.046875,-0.046875,0.103516,0.000000,29.003672,40.000000
1.230469,-0.464844,0.304688,0.000000,19.637878,40.000000
0.011719,-0.039062,-0.007812,0.000000,30.652061,41.000000
0.027344,-0.076172,-0.009766,0.000000,31.855421,41.000000
0.041016,-0.115234,-0.007812,0.000000,30.077478,41.000000
0.056641,-0.154297,0.007812,0.000000,25.340261,41.000000
0.291016,0.039062,-1.234375,0.000000,23.483049,41.000000
0.228516,0.041016,-1.289062,0.000000,24.345690,41.000000
0.460938,0.042969,1.267578,0.000000,22.430380,41.000000
2.156250,-0.068359,-0.214844,0.000000,29.138138,41.000000
2.195312,-0.138672,-0.210938,0.000000,30.119930,41.000000
2.240234,-0.140625,-0.166016,0.000000,29.618956,41.000000
2.287109,-0.142578,-0.001953,0.000000,29.196011,41.000000
2.328125,-0.072266,0.103516,0.000000,27.649229,41.000000
2.603516,-0.175781,1.078125,0.000000,29.712759,41.000000
2.654297,-0.179688,1.058594,0.000000,32.692795,41.000000
2.746094,-0.089844,0.939453,0.000000,31.897709,41.000000
0.037109,-0.035156,0.064453,0.000000,30.098757,41.000000
0.046875,-0.046875,0.103516,0.000000,29.003672,41.000000
1.171875,-0.449219,0.369141,0.000000,21.367207,41.000000
1.224609,-0.464844,0.326172,0.000000,19.684830,41.000000
0.011719,-0.039062,-0.007812,0.000000,30.659531,42.000000
0.027344,-0.076172,-0.009766,0.000000,31.858253,42.000000
0.041016,-0.115234,-0.007812,0.000000,30.077478,42.000000
0.056641,-0.154297,0.007812,0.000000,25.340261,42.000000
0.308594,0.039062,-1.230469,0.000000,23.463530,42.000000
0.228516,0.041016,-1.289062,0.000000,24.329693,42.000000
0.462891,0.042969,1.267578,0.000000,22.430380,42.000000
2.697266,-0.175781,0.814453,0.000000,29.143431,42.000000
2.687500,-0.179688,0.968750,0.000000,32.504200,42.000000
2.763672,-0.089844,0.888672,0.000000,31.866739,42.000000
2.310547,-0.679688,0.148438,-0.614669,25.728716,42.000000
0.037109,-0.035156,0.064453,0.000000,30.098757,42.000000
0.046875,-0.046875,0.103516,0.000000,29.003672,42.000000
1.179688,-0.449219,0.347656,0.000000,21.367207,42.000000
1.232422,-0.464844,0.292969,0.000000,19.684830,42.000000
0.011719,-0.039062,-0.007812,0.000000,30.652061,43.000000
0.027344,-0.076172,-0.009766,0.000000,31.855421,43.000000
0.041016,-0.115234,-0.007812,0.000000,30.077478,43.000000
0.056641,-0.154297,0.007812,0.000000,25.327543,43.000000
0.289062,0.039062,-1.234375,0.000000,23.502480,43.000000
0.230469,0.041016,-1.287109,0.000000,24.361626,43.000000
0.458984,0.042969,1.269531,0.000000,22.430380,43.000000
2.636719,-0.175781,0.990234,0.000000,29.273705,43.000000
2.671875,-0.179688,1.015625,0.000000,32.504200,43.000000
2.757812,-0.089844,0.906250,0.000000,31.798389,43.000000
4.333984,-0.142578,1.476562,0.000000,29.978231,43.000000
4.431641,-0.144531,1.304688,0.000000,30.285713,43.000000
0.037109,-0.035156,0.064453,0.000000,30.102999,43.000000
0.044922,-0.046875,0.103516,0.000000,29.003672,43.000000
1.232422,-0.464844,0.296875,0.000000,19.637878,43.000000
0.011719,-0.039062,-0.007812,0.000000,30.655798,44.000000
0.027344,-0.076172,-0.009766,0.000000,31.852587,44.000000
0.041016,-0.115234,-0.007812,0.000000,30.077478,44.000000
0.056641,-0.154297,0.007812,0.000000,25.327543,44.000000
0.259766,0.039062,-1.240234,0.000000,23.483049,44.000000
0.238281,0.041016,-1.287109,0.000000,24.345690,44.000000
0.449219,0.042969,1.271484,0.000000,22.430380,44.000000
2.242188,0.222656,0.740234,0.000000,26.946053,44.000000
2.589844,-0.175781,1.109375,0.000000,29.405165,44.000000
2.658203,-0.179688,1.048828,0.000000,32.622135,44.000000
2.761719,-0.089844,0.894531,0.000000,32.022160,44.000000
4.367188,-0.142578,1.378906,0.000000,31.495270,44.000000
4.449219,-0.144531,1.242188,0.000000,31.479853,44.000000
4.531250,0.146484,1.089844,0.000000,29.314579,44.000000
0.037109,-0.035156,0.064453,0.000000,30.098757,44.000000
0.046875,-0.046875,0.103516,0.000000,28.998205,44.000000
1.175781,-0.449219,0.355469,0.000000,21.367207,44.000000
1.230469,-0.464844,0.302734,0.000000,19.637878,44.000000
1.263672,-0.593750,-1.917969,0.000000,24.913616,44.000000
0.011719,-0.039062,-0.007812,0.000000,30.666985,45.000000
0.027344,-0.076172,-0.009766,0.000000,31.855421,45.000000
0.041016,-0.115234,-0.007812,0.000000,30.077478,45.000000
0.056641,-0.154297,0.007812,0.000000,25.327543,45.000000
0.273438,0.039062,-1.238281,0.000000,23.502480,45.000000
0.214844,0.041016,-1.291016,0.000000,24.361626,45.000000
0.501953,0.042969,1.251953,0.000000,22.455126,45.000000
2.148438,-0.068359,-0.511719,0.000000,28.318697,45.000000
2.656250,-0.175781,0.939453,0.000000,28.808136,45.000000
2.712891,-0.089844,0.910156,0.000000,32.385479,45.000000
2.769531,-0.089844,0.873047,0.000000,31.821293,45.000000
4.259766,-0.142578,1.681641,0.000000,28.155777,45.000000
4.855469,-0.154297,0.953125,0.000000,29.956352,45.000000
2.230469,-0.070312,-0.279297,0.614669,27.923918,45.000000
0.037109,-0.035156,0.064453,0.000000,30.102999,45.000000
0.046875,-0.046875,0.103516,0.000000,29.003672,45.000000
1.228516,-0.464844,0.314453,0.000000,19.637878,45.000000
3.867188,-1.861328,-1.601562,0.000000,26.020599,45.000000
0.011719,-0.039062,-0.007812,0.000000,30.663260,46.000000
0.027344,-0.076172,-0.009766,0.000000,31.861084,46.000000
0.041016,-0.115234,-0.007812,0.000000,30.086002,46.000000
0.056641,-0.154297,0.007812,0.000000,25.340261,46.000000
0.251953,0.039062,-1.242188,0.000000,23.521826,46.000000
0.201172,0.041016,-1.292969,0.000000,24.377506,46.000000
0.482422,0.042969,1.259766,0.000000,22.479733,46.000000
2.171875,-0.138672,-0.378906,0.000000,28.609365,46.000000
2.216797,-0.140625,-0.363281,0.000000,27.656685,46.000000
2.593750,-0.175781,1.099609,0.000000,29.552065,46.000000
2.652344,-0.179688,1.066406,0.000000,32.702129,46.000000
2.753906,-0.089844,0.917969,0.000000,32.005768,46.000000
4.292969,-0.142578,1.593750,0.000000,28.518696,46.000000
4.392578,-0.144531,1.431641,0.000000,29.143431,46.000000
2.312500,-0.291016,0.066406,-0.614669,25.717089,46.000000
0.037109,-0.035156,0.064453,0.000000,30.098757,46.000000
0.044922,-0.046875,0.103516,0.000000,29.003672,46.000000
1.232422,-0.464844,0.292969,0.000000,19.590414,46.000000
3.882812,-1.718750,-1.722656,0.000000,25.786392,46.000000
0.011719,-0.039062,-0.007812,0.000000,30.666985,47.000000
0.027344,-0.076172,-0.009766,0.000000,31.858253,47.000000
0.041016,-0.115234,-0.007812,0.000000,30.081741,47.000000
0.056641,-0.154297,0.007812,0.000000,25.340261,47.000000
0.287109,0.039062,-1.234375,0.000000,23.502480,47.000000
0.248047,0.041016,-1.285156,0.000000,24.361626,47.000000
0.449219,0.042969,1.271484,0.000000,22.455126,47.000000
2.183594,-0.068359,-0.322266,0.000000,28.135809,47.000000
2.642578,-0.175781,0.974609,0.000000,28.981766,47.000000
2.708984,-0.089844,0.921875,0.000000,32.469906,47.000000
2.775391,-0.089844,0.847656,0.000000,31.861084,47.000000
2.185547,-0.070312,-0.527344,-0.614669,25.763414,47.000000
2.296875,-0.365234,0.175781,-0.614669,25.877110,47.000000
0.037109,-0.035156,0.064453,0.000000,30.098757,47.000000
0.046875,-0.046875,0.103516,0.000000,29.003672,47.000000
1.232422,-0.464844,0.298828,0.000000,19.684830,47.000000
0.011719,-0.039062,-0.007812,0.000000,30.663260,48.000000
0.027344,-0.076172,-0.009766,0.000000,31.858253,48.000000
0.041016,-0.115234,-0.007812,0.000000,30.081741,48.000000
0.056641,-0.154297,0.007812,0.000000,25.340261,48.000000
0.279297,0.039062,-1.236328,0.000000,23.521826,48.000000
0.224609,0.041016,-1.289062,0.000000,24.377506,48.000000
0.462891,0.042969,1.267578,0.000000,22.479733,48.000000
2.158203,-0.134766,-0.162109,0.000000,28.639174,48.000000
2.197266,-0.138672,-0.187500,0.000000,30.090258,48.000000
2.685547,-0.179688,0.980469,0.000000,32.420441,48.000000
2.769531,-0.089844,0.871094,0.000000,31.769590,48.000000
4.375000,-0.142578,1.355469,0.000000,30.659531,48.000000
4.441406,-0.144531,1.275391,0.000000,30.314085,48.000000
2.271484,-0.142578,0.251953,0.614669,25.428255,48.000000
2.224609,-0.070312,-0.333984,-0.614669,27.226339,48.000000
0.037109,-0.035156,0.064453,0.000000,30.102999,48.000000
0.046875,-0.046875,0.103516,0.000000,29.009130,48.000000
1.232422,-0.464844,0.296875,0.000000,19.590414,48.000000
0.011719,-0.039062,-0.007812,0.000000,30.670708,49.000000
0.027344,-0.076172,-0.009766,0.000000,31.858253,49.000000
0.041016,-0.115234,-0.007812,0.000000,30.081741,49.000000
0.056641,-0.154297,0.007812,0.000000,25.352942,49.000000
0.257812,0.039062,-1.240234,0.000000,23.483049,49.000000
0.230469,0.041016,-1.287109,0.000000,24.361626,49.000000
0.484375,0.042969,1.259766,0.000000,22.479733,49.000000
2.156250,-0.134766,-0.189453,0.000000,26.674530,49.000000
2.203125,-0.138672,-0.078125,0.000000,28.325089,49.000000
2.248047,-0.070312,0.064453,0.000000,28.668777,49.000000
2.283203,-0.142578,0.119141,0.000000,27.641762,49.000000
2.603516,-0.175781,1.074219,0.000000,29.469433,49.000000
2.660156,-0.179688,1.042969,0.000000,32.626884,49.000000
2.753906,-0.089844,0.917969,0.000000,31.967287,49.000000
4.359375,-0.142578,1.400391,0.000000,30.860037,49.000000
4.453125,-0.144531,1.228516,0.000000,31.044870,49.000000
0.037109,-0.035156,0.064453,0.000000,30.102999,49.000000
0.044922,-0.046875,0.103516,0.000000,29.003672,49.000000
1.230469,-0.464844,0.302734,0.000000,19.731279,49.000000
0.011719,-0.039062,-0.007812,0.000000,30.663260,50.000000
0.027344,-0.076172,-0.009766,0.000000,31.858253,50.000000
0.041016,-0.115234,-0.007812,0.000000,30.077478,50.000000
0.056641,-0.154297,0.007812,0.000000,25.327543,50.000000
0.267578,0.039062,-1.238281,0.000000,23.502480,50.000000
0.205078,0.041016,-1.292969,0.000000,24.361626,50.000000
0.460938,0.042969,1.267578,0.000000,22.455126,50.000000
2.603516,-0.175781,1.076172,0.000000,29.590414,50.000000
2.654297,-0.179688,1.058594,0.000000,32.674065,50.000000
2.748047,-0.089844,0.933594,0.000000,31.925674,50.000000
0.037109,-0.035156,0.064453,0.000000,30.094509,50.000000
0.044922,-0.046875,0.103516,0.000000,28.998205,50.000000
1.177734,-0.449219,0.349609,0.000000,21.398790,50.000000
1.230469,-0.464844,0.302734,0.000000,19.731279,50.000000
0.011719,-0.039062,-0.007812,0.000000,30.666985,51.000000
0.027344,-0.076172,-0.009766,0.000000,31.858253,51.000000
0.041016,-0.115234,-0.007812,0.000000,30.077478,51.000000
0.056641,-0.154297,0.007812,0.000000,25.340261,51.000000
0.283203,0.039062,-1.234375,0.000000,23.502480,51.000000
0.226562,0.041016,-1.289062,0.000000,24.361626,51.000000
0.464844,0.042969,1.267578,0.000000,22.479733,51.000000
2.707031,-0.089844,0.927734,0.000000,32.501759,51.000000
2.761719,-0.089844,0.896484,0.000000,31.889284,51.000000
2.146484,0.345703,0.394531,-1.229337,22.455126,51.000000
0.037109,-0.035156,0.064453,0.000000,30.098757,51.000000
0.044922,-0.046875,0.103516,0.000000,29.003672,51.000000
1.234375,-0.464844,0.285156,0.000000,19.684830,51.000000
0.011719,-0.039062,-0.007812,0.000000,30.655798,52.000000
0.027344,-0.076172,-0.009766,0.000000,31.855421,52.000000
0.041016,-0.115234,-0.007812,0.000000,30.077478,52.000000
0.056641,-0.154297,0.007812,0.000000,25.340261,52.000000
0.242188,0.039062,-1.244141,0.000000,23.502480,52.000000
0.193359,0.041016,-1.294922,0.000000,24.345690,52.000000
0.492188,0.042969,1.255859,0.000000,22.405493,52.000000
2.296875,-0.291016,0.279297,0.000000,27.242758,52.000000
2.710938,-0.089844,0.919922,0.000000,32.494431,52.000000
2.773438,-0.089844,0.859375,0.000000,31.894903,52.000000
0.037109,-0.035156,0.064453,0.000000,30.102999,52.000000
0.044922,-0.046875,0.103516,0.000000,29.009130,52.000000
1.179688,-0.449219,0.343750,0.000000,21.367207,52.000000
1.238281,-0.464844,0.267578,0.000000,19.637878,52.000000
0.011719,-0.039062,-0.007812,0.000000,30.659531,53.000000
0.027344,-0.076172,-0.009766,0.000000,31.855421,53.000000
0.041016,-0.115234,-0.007812,0.000000,30.081741,53.000000
0.056641,-0.154297,0.007812,0.000000,25.327543,53.000000
0.285156,0.039062,-1.234375,0.000000,23.463530,53.000000
0.218750,0.041016,-1.291016,0.000000,24.361626,53.000000
0.480469,0.042969,1.259766,0.000000,22.504200,53.000000
2.158203,-0.068359,-0.460938,0.000000,27.634279,53.000000
2.177734,-0.140625,-0.548828,0.000000,28.048206,53.000000
2.679688,-0.175781,0.869141,0.000000,29.405165,53.000000
2.720703,-0.089844,0.890625,0.000000,32.718414,53.000000
2.765625,-0.089844,0.882812,0.000000,32.105862,53.000000
0.037109,-0.035156,0.064453,0.000000,30.094509,53.000000
0.046875,-0.046875,0.103516,0.000000,29.003672,53.000000
1.230469,-0.464844,0.304688,0.000000,19.590414,53.000000
0.011719,-0.039062,-0.007812,0.000000,30.659531,54.000000
0.027344,-0.076172,-0.009766,0.000000,31.855421,54.000000
0.041016,-0.115234,-0.007812,0.000000,30.077478,54.000000
0.056641,-0.154297,0.007812,0.000000,25.340261,54.000000
0.265625,0.039062,-1.240234,0.000000,23.483049,54.000000
0.232422,0.041016,-1.287109,0.000000,24.345690,54.000000
0.447266,0.042969,1.273438,0.000000,22.455126,54.000000
2.162109,-0.134766,0.064453,0.000000,28.893017,54.000000
2.205078,-0.138672,0.031250,0.000000,28.432327,54.000000
2.246094,-0.070312,-0.117188,0.000000,26.599161,54.000000
2.611328,-0.175781,1.056641,0.000000,29.339931,54.000000
2.662109,-0.179688,1.039062,0.000000,32.588768,54.000000
2.753906,-0.089844,0.919922,0.000000,31.920095,54.000000
0.037109,-0.035156,0.064453,0.000000,30.102999,54.000000
0.046875,-0.046875,0.103516,0.000000,29.003672,54.000000
1.177734,-0.449219,0.355469,0.000000,21.398790,54.000000
1.230469,-0.464844,0.302734,0.000000,19.637878,54.000000
0.011719,-0.039062,-0.007812,0.000000,30.663260,55.000000
0.027344,-0.076172,-0.009766,0.000000,31.858253,55.000000
0.041016,-0.115234,-0.007812,0.000000,30.081741,55.000000
0.056641,-0.154297,0.007812,0.000000,25.352942,55.000000
0.250000,0.039062,-1.242188,0.000000,23.521826,55.000000
0.222656,0.041016,-1.289062,0.000000,24.393328,55.000000
0.472656,0.042969,1.263672,0.000000,22.504200,55.000000
2.201172,-0.138672,-0.109375,0.000000,28.286598,55.000000
2.248047,-0.070312,-0.029297,0.000000,28.075350,55.000000
2.640625,-0.175781,0.978516,0.000000,29.375179,55.000000
2.681641,-0.179688,0.990234,0.000000,32.633995,55.000000
2.771484,-0.089844,0.861328,0.000000,31.989319,55.000000
0.037109,-0.035156,0.064453,0.000000,30.098757,55.000000
0.046875,-0.046875,0.103516,0.000000,28.998205,55.000000
1.175781,-0.449219,0.357422,0.000000,21.430147,55.000000
1.224609,-0.464844,0.328125,0.000000,19.684830,55.000000
0.011719,-0.039062,-0.007812,0.000000,30.666985,56.000000
0.027344,-0.076172,-0.009766,0.000000,31.858253,56.000000
0.041016,-0.115234,-0.007812,0.000000,30.081741,56.000000
0.056641,-0.154297,0.007812,0.000000,25.365585,56.000000
0.279297,0.039062,-1.236328,0.000000,23.483049,56.000000
0.210938,0.041016,-1.291016,0.000000,24.345690,56.000000
0.494141,0.042969,1.255859,0.000000,22.430380,56.000000
2.158203,-0.203125,-0.064453,0.000000,27.817554,56.000000
2.205078,-0.068359,-0.095703,0.000000,28.375885,56.000000
2.617188,-0.175781,1.044922,0.000000,29.222063,56.000000
2.650391,-0.179688,1.070312,0.000000,32.559956,56.000000
2.740234,-0.089844,0.960938,0.000000,31.931246,56.000000
0.037109,-0.035156,0.064453,0.000000,30.102999,56.000000
0.044922,-0.046875,0.103516,0.000000,29.009130,56.000000
1.179688,-0.449219,0.347656,0.000000,21.367207,56.000000
1.236328,-0.464844,0.279297,0.000000,19.684830,56.000000
0.011719,-0.039062,-0.007812,0.000000,30.659531,57.000000
0.027344,-0.076172,-0.009766,0.000000,31.855421,57.000000
0.041016,-0.115234,-0.007812,0.000000,30.077478,57.000000
0.056641,-0.154297,0.007812,0.000000,25.340261,57.000000
0.259766,0.039062,-1.240234,0.000000,23.502480,57.000000
0.199219,0.041016,-1.292969,0.000000,24.377506,57.000000
0.476562,0.042969,1.261719,0.000000,22.504200,57.000000
2.158203,-0.134766,0.152344,0.000000,27.551123,57.000000
2.636719,-0.175781,0.994141,0.000000,29.429996,57.000000
2.666016,-0.179688,1.027344,0.000000,32.586372,57.000000
2.757812,-0.089844,0.906250,0.000000,31.925674,57.000000
0.037109,-0.035156,0.064453,0.000000,30.102999,57.000000
0.046875,-0.046875,0.103516,0.000000,29.003672,57.000000
1.236328,-0.464844,0.281250,0.000000,19.637878,57.000000
0.011719,-0.039062,-0.007812,0.000000,30.666985,58.000000
0.027344,-0.076172,-0.009766,0.000000,31.861084,58.000000
0.041016,-0.115234,-0.007812,0.000000,30.086002,58.000000
0.056641,-0.154297,0.007812,0.000000,25.352942,58.000000
0.281250,0.039062,-1.236328,0.000000,23.502480,58.000000
0.224609,0.041016,-1.289062,0.000000,24.361626,58.000000
0.453125,0.042969,1.271484,0.000000,22.479733,58.000000
2.599609,-0.175781,1.085938,0.000000,29.057959,58.000000
2.656250,-0.179688,1.056641,0.000000,32.533379,58.000000
2.753906,-0.089844,0.917969,0.000000,31.922886,58.000000
4.316406,-0.000000,1.533203,0.000000,28.686445,58.000000
4.431641,-0.000000,1.314453,0.000000,28.721563,58.000000
4.730469,-1.404297,-0.748047,0.000000,29.084850,58.000000
2.138672,-0.134766,0.326172,-0.614669,25.921768,58.000000
0.037109,-0.035156,0.064453,0.000000,30.094509,58.000000
0.046875,-0.046875,0.103516,0.000000,28.998205,58.000000
1.179688,-0.449219,0.343750,0.000000,21.398790,58.000000
1.234375,-0.464844,0.291016,0.000000,19.731279,58.000000
3.662109,-1.718750,-2.150391,0.000000,26.646420,58.000000
3.404297,-1.876953,-2.501953,0.000000,25.954962,58.000000
0.011719,-0.039062,-0.007812,0.000000,30.659531,59.000000
0.027344,-0.076172,-0.009766,0.000000,31.852587,59.000000
0.041016,-0.115234,-0.007812,0.000000,30.077478,59.000000
0.056641,-0.154297,0.007812,0.000000,25.340261,59.000000
0.287109,0.039062,-1.234375,0.000000,23.502480,59.000000
0.232422,0.041016,-1.287109,0.000000,24.377506,59.000000
0.470703,0.042969,1.263672,0.000000,22.479733,59.000000
2.091797,-0.199219,-0.335938,0.000000,28.432327,59.000000
2.146484,-0.134766,-0.269531,0.000000,30.157787,59.000000
2.193359,-0.138672,-0.218750,0.000000,28.188854,59.000000
2.623047,-0.175781,1.029297,0.000000,29.216866,59.000000
2.666016,-0.179688,1.031250,0.000000,32.562366,59.000000
2.759766,-0.089844,0.900391,0.000000,31.914511,59.000000
4.361328,-0.142578,1.394531,0.000000,30.326187,59.000000
4.455078,-0.144531,1.220703,0.000000,30.511526,59.000000
0.037109,-0.035156,0.064453,0.000000,30.102999,59.000000
0.046875,-0.046875,0.103516,0.000000,29.003672,59.000000
1.226562,-0.464844,0.320312,0.000000,19.637878,59.000000
0.011719,-0.039062,-0.007812,0.000000,30.655798,60.000000
0.027344,-0.076172,-0.009766,0.000000,31.855421,60.000000
0.041016,-0.115234,-0.007812,0.000000,30.081741,60.000000
0.056641,-0.154297,0.007812,0.000000,25.352942,60.000000
0.251953,0.039062,-1.242188,0.000000,23.483049,60.000000
0.181641,0.041016,-1.294922,0.000000,24.361626,60.000000
0.496094,0.042969,1.253906,0.000000,22.479733,60.000000
2.101562,-0.132812,-0.302734,0.000000,28.419847,60.000000
2.134766,-0.134766,-0.349609,0.000000,29.863237,60.000000
2.142578,-0.138672,-0.515625,0.000000,28.488047,60.000000
2.601562,-0.175781,1.080078,0.000000,29.360107,60.000000
2.654297,-0.179688,1.058594,0.000000,32.595940,60.000000
2.751953,-0.089844,0.921875,0.000000,31.922886,60.000000
4.275391,-0.000000,1.527344,0.000000,27.619278,60.000000
4.375000,-0.142578,1.349609,0.000000,31.231981,60.000000
4.433594,-0.000000,1.310547,0.000000,30.576660,60.000000
0.037109,-0.035156,0.064453,0.000000,30.094509,60.000000
0.044922,-0.046875,0.103516,0.000000,28.998205,60.000000
1.181641,-0.449219,0.335938,0.000000,21.398790,60.000000
1.242188,-0.464844,0.255859,0.000000,19.684830,60.000000
0.011719,-0.039062,-0.007812,0.000000,30.659531,61.000000
0.027344,-0.076172,-0.009766,0.000000,31.855421,61.000000
0.041016,-0.115234,-0.007812,0.000000,30.077478,61.000000
0.056641,-0.154297,0.007812,0.000000,25.340261,61.000000
0.253906,0.039062,-1.242188,0.000000,23.502480,61.000000
