1.912109,-0.000000,0.199219,-0.614669,27.168377,0.000000
1.935547,0.123047,0.302734,-0.614669,27.168377,0.000000
1.970703,0.187500,0.320312,-0.614669,27.226339,0.000000
0.041016,-0.033203,0.062500,0.000000,30.145205,0.000000
0.044922,-0.046875,0.103516,0.000000,29.047155,0.000000
1.214844,0.357422,0.076172,0.000000,19.138138,0.000000
0.011719,-0.039062,-0.007812,0.000000,30.726175,1.000000
0.017578,-0.080078,-0.007812,0.000000,31.967287,1.000000
0.029297,-0.119141,-0.003906,0.000000,30.195316,1.000000
0.056641,-0.154297,0.005859,0.000000,25.490032,1.000000
0.369141,-0.080078,-1.210938,0.000000,21.931246,1.000000
0.253906,-0.041016,1.283203,0.000000,23.242825,1.000000
0.468750,-0.042969,1.265625,0.000000,21.931246,1.000000
1.781250,-0.000000,-0.259766,0.000000,29.132839,1.000000
1.818359,-0.000000,-0.281250,0.000000,30.413927,1.000000
1.835938,-0.000000,-0.414062,0.000000,28.494194,1.000000
2.554688,-0.263672,1.171875,0.000000,29.425041,1.000000
2.603516,-0.267578,1.160156,0.000000,32.792107,1.000000
2.656250,-0.181641,1.158203,0.000000,32.043915,1.000000
0.041016,-0.033203,0.062500,0.000000,30.145205,1.000000
0.044922,-0.046875,0.103516,0.000000,29.052561,1.000000
1.212891,0.357422,0.089844,0.000000,19.242792,1.000000
0.011719,-0.039062,-0.007812,0.000000,30.737183,2.000000
0.017578,-0.080078,-0.007812,0.000000,31.972805,2.000000
0.029297,-0.119141,-0.003906,0.000000,30.199467,2.000000
0.056641,-0.154297,0.005859,0.000000,25.490032,2.000000
0.357422,-0.080078,-1.214844,0.000000,21.958996,2.000000
0.283203,-0.041016,1.277344,0.000000,23.242825,2.000000
0.482422,-0.042969,1.259766,0.000000,21.931246,2.000000
1.787109,-0.113281,-0.175781,0.000000,28.413595,2.000000
1.824219,-0.056641,-0.238281,0.000000,29.100906,2.000000
2.560547,-0.263672,1.156250,0.000000,29.304396,2.000000
2.625000,-0.179688,1.130859,0.000000,32.718414,2.000000
2.671875,-0.181641,1.125000,0.000000,32.054749,2.000000
1.945312,0.060547,0.263672,-0.614669,27.810369,2.000000
1.982422,0.125000,0.275391,-0.614669,27.745171,2.000000
0.041016,-0.033203,0.062500,0.000000,30.149403,2.000000
0.044922,-0.046875,0.103516,0.000000,29.047155,2.000000
1.214844,0.357422,0.066406,0.000000,19.242792,2.000000
0.011719,-0.039062,-0.007812,0.000000,30.729847,3.000000
0.017578,-0.080078,-0.007812,0.000000,31.970047,3.000000
0.029297,-0.119141,-0.003906,0.000000,30.195316,3.000000
0.056641,-0.154297,0.005859,0.000000,25.490032,3.000000
0.345703,-0.080078,-1.216797,0.000000,21.931246,3.000000
0.285156,-0.041016,1.277344,0.000000,23.222193,3.000000
0.419922,-0.000000,1.283203,0.000000,21.903316,3.000000
1.791016,-0.056641,-0.167969,0.000000,32.041199,3.000000
1.830078,-0.056641,-0.193359,0.000000,33.038437,3.000000
1.865234,-0.117188,-0.214844,0.000000,30.644581,3.000000
1.869141,-0.300781,0.332031,0.000000,27.151674,3.000000
1.951172,0.183594,0.115234,0.000000,27.226339,3.000000
2.556641,-0.263672,1.167969,0.000000,29.479237,3.000000
2.623047,-0.179688,1.134766,0.000000,32.798950,3.000000
2.669922,-0.181641,1.130859,0.000000,32.046623,3.000000
1.990234,0.187500,0.146484,-0.614669,26.148972,3.000000
0.041016,-0.033203,0.062500,0.000000,30.145205,3.000000
0.044922,-0.046875,0.103516,0.000000,29.057959,3.000000
1.214844,0.357422,0.080078,0.000000,19.294189,3.000000
1.904297,0.179688,-0.201172,0.000000,25.158739,3.000000
1.652344,-0.367188,0.994141,0.000000,26.655809,3.000000
1.648438,-0.375000,1.076172,-0.614669,25.185139,3.000000
0.011719,-0.039062,-0.007812,0.000000,30.722500,4.000000
0.017578,-0.080078,-0.007812,0.000000,31.970047,4.000000
0.029297,-0.119141,-0.003906,0.000000,30.203613,4.000000
0.056641,-0.154297,0.005859,0.000000,25.514500,4.000000
0.341797,-0.080078,-1.218750,0.000000,21.986570,4.000000
0.300781,-0.041016,1.273438,0.000000,23.263359,4.000000
0.427734,-0.000000,1.281250,0.000000,21.958996,4.000000
1.791016,-0.113281,-0.126953,0.000000,27.283537,4.000000
1.833984,-0.115234,-0.093750,0.000000,28.591383,4.000000
1.876953,-0.117188,-0.033203,0.000000,26.665180,4.000000
1.916016,0.246094,0.355469,0.000000,27.450748,4.000000
2.527344,-0.263672,1.230469,0.000000,29.425041,4.000000
2.599609,-0.267578,1.169922,0.000000,32.741577,4.000000
2.662109,-0.181641,1.146484,0.000000,32.065559,4.000000
0.041016,-0.033203,0.062500,0.000000,30.145205,4.000000
0.044922,-0.046875,0.103516,0.000000,29.052561,4.000000
1.214844,0.357422,0.068359,0.000000,19.294189,4.000000
0.185547,-0.429688,1.906250,0.000000,26.434526,4.000000
0.011719,-0.039062,-0.007812,0.000000,30.729847,5.000000
0.017578,-0.080078,-0.007812,0.000000,31.972805,5.000000
0.029297,-0.119141,-0.003906,0.000000,30.199467,5.000000
0.056641,-0.154297,0.005859,0.000000,25.490032,5.000000
0.365234,-0.080078,-1.212891,0.000000,21.958996,5.000000
0.277344,-0.041016,1.279297,0.000000,23.222193,5.000000
0.396484,-0.000000,1.291016,0.000000,21.875208,5.000000
1.792969,-0.056641,-0.142578,0.000000,30.013010,5.000000
1.837891,-0.056641,-0.103516,0.000000,30.591846,5.000000
1.880859,-0.058594,-0.029297,0.000000,27.902851,5.000000
1.880859,-0.429688,0.363281,0.000000,27.126497,5.000000
1.917969,-0.437500,0.382812,0.000000,27.411516,5.000000
2.546875,-0.263672,1.185547,0.000000,29.334873,5.000000
2.605469,-0.267578,1.156250,0.000000,32.676411,5.000000
2.664062,-0.181641,1.142578,0.000000,31.931246,5.000000
0.041016,-0.033203,0.062500,0.000000,30.149403,5.000000
0.044922,-0.046875,0.103516,0.000000,29.047155,5.000000
1.212891,0.357422,0.091797,0.000000,19.190781,5.000000
0.011719,-0.039062,-0.007812,0.000000,30.726175,6.000000
0.017578,-0.080078,-0.007812,0.000000,31.967287,6.000000
0.029297,-0.119141,-0.003906,0.000000,30.195316,6.000000
0.056641,-0.154297,0.007812,0.000000,25.502283,6.000000
0.359375,-0.080078,-1.212891,0.000000,21.931246,6.000000
0.289062,-0.041016,1.275391,0.000000,23.242825,6.000000
0.486328,-0.042969,1.259766,0.000000,21.986570,6.000000
1.732422,-0.054688,-0.294922,0.000000,28.000294,6.000000
1.777344,-0.056641,-0.285156,0.000000,31.222158,6.000000
1.816406,-0.056641,-0.291016,0.000000,30.795429,6.000000
1.869141,-0.000000,-0.220703,0.000000,27.458551,6.000000
2.523438,-0.263672,1.236328,0.000000,29.380192,6.000000
2.607422,-0.179688,1.169922,0.000000,32.757717,6.000000
2.654297,-0.181641,1.164062,0.000000,32.057457,6.000000
0.041016,-0.033203,0.062500,0.000000,30.149403,6.000000
0.044922,-0.046875,0.103516,0.000000,29.052561,6.000000
1.214844,0.357422,0.072266,0.000000,19.242792,6.000000
0.011719,-0.039062,-0.007812,0.000000,30.726175,7.000000
0.017578,-0.080078,-0.007812,0.000000,31.970047,7.000000
0.029297,-0.119141,-0.003906,0.000000,30.199467,7.000000
0.056641,-0.154297,0.005859,0.000000,25.502283,7.000000
0.373047,-0.080078,-1.208984,0.000000,21.958996,7.000000
0.277344,-0.041016,1.279297,0.000000,23.222193,7.000000
0.474609,-0.042969,1.263672,0.000000,21.903316,7.000000
1.734375,-0.054688,-0.287109,0.000000,27.923918,7.000000
1.779297,-0.000000,-0.277344,0.000000,30.064661,7.000000
1.830078,-0.056641,-0.197266,0.000000,29.309490,7.000000
2.548828,-0.263672,1.183594,0.000000,29.365137,7.000000
2.619141,-0.179688,1.144531,0.000000,32.671719,7.000000
2.666016,-0.181641,1.138672,0.000000,31.855421,7.000000
0.041016,-0.033203,0.062500,0.000000,30.141003,7.000000
0.044922,-0.046875,0.103516,0.000000,29.047155,7.000000
1.214844,0.357422,0.062500,0.000000,19.294189,7.000000
0.011719,-0.039062,-0.007812,0.000000,30.729847,8.000000
0.017578,-0.080078,-0.007812,0.000000,31.972805,8.000000
0.029297,-0.119141,-0.003906,0.000000,30.199467,8.000000
0.056641,-0.154297,0.005859,0.000000,25.502283,8.000000
0.347656,-0.080078,-1.216797,0.000000,21.931246,8.000000
0.277344,-0.041016,1.279297,0.000000,23.222193,8.000000
0.464844,-0.042969,1.267578,0.000000,21.875208,8.000000
1.941406,0.183594,0.230469,0.000000,27.411516,8.000000
2.550781,-0.263672,1.177734,0.000000,29.390198,8.000000
2.617188,-0.179688,1.148438,0.000000,32.732327,8.000000
2.666016,-0.181641,1.138672,0.000000,31.997551,8.000000
0.041016,-0.033203,0.062500,0.000000,30.149403,8.000000
0.046875,-0.046875,0.103516,0.000000,29.052561,8.000000
1.216797,0.357422,0.042969,0.000000,19.395193,8.000000
0.011719,-0.039062,-0.007812,0.000000,30.729847,9.000000
0.017578,-0.080078,-0.007812,0.000000,31.972805,9.000000
0.029297,-0.119141,-0.003906,0.000000,30.203613,9.000000
0.056641,-0.154297,0.005859,0.000000,25.502283,9.000000
0.363281,-0.080078,-1.212891,0.000000,22.041201,9.000000
0.285156,-0.041016,1.277344,0.000000,23.283796,9.000000
0.482422,-0.042969,1.259766,0.000000,21.958996,9.000000
1.783203,-0.113281,-0.222656,0.000000,27.923918,9.000000
1.808594,-0.171875,-0.298828,0.000000,27.923918,9.000000
2.554688,-0.263672,1.167969,0.000000,29.513374,9.000000
2.623047,-0.179688,1.136719,0.000000,32.766914,9.000000
2.666016,-0.181641,1.138672,0.000000,31.956230,9.000000
0.041016,-0.033203,0.062500,0.000000,30.141003,9.000000
0.044922,-0.046875,0.103516,0.000000,29.047155,9.000000
1.212891,0.357422,0.087891,0.000000,19.294189,9.000000
0.011719,-0.039062,-0.007812,0.000000,30.733517,10.000000
0.017578,-0.080078,-0.007812,0.000000,31.975563,10.000000
0.029297,-0.119141,-0.003906,0.000000,30.203613,10.000000
0.056641,-0.154297,0.005859,0.000000,25.502283,10.000000
0.347656,-0.080078,-1.216797,0.000000,22.013971,10.000000
0.287109,-0.041016,1.275391,0.000000,23.263359,10.000000
0.476562,-0.042969,1.261719,0.000000,21.958996,10.000000
1.798828,-0.056641,-0.052734,0.000000,28.469553,10.000000
1.828125,-0.115234,-0.191406,0.000000,27.535831,10.000000
2.550781,-0.263672,1.179688,0.000000,29.273705,10.000000
2.613281,-0.179688,1.154297,0.000000,32.659966,10.000000
2.662109,-0.181641,1.144531,0.000000,31.956230,10.000000
0.041016,-0.033203,0.062500,0.000000,30.145205,10.000000
0.044922,-0.046875,0.103516,0.000000,29.047155,10.000000
1.210938,0.357422,0.115234,0.000000,19.242792,10.000000
0.011719,-0.039062,-0.007812,0.000000,30.726175,11.000000
0.017578,-0.080078,-0.007812,0.000000,31.970047,11.000000
0.029297,-0.119141,-0.003906,0.000000,30.199467,11.000000
0.056641,-0.154297,0.005859,0.000000,25.502283,11.000000
0.353516,-0.080078,-1.214844,0.000000,21.958996,11.000000
0.314453,-0.041016,1.269531,0.000000,23.222193,11.000000
0.511719,-0.042969,1.248047,0.000000,21.931246,11.000000
1.751953,-0.109375,-0.123047,0.000000,27.134905,11.000000
1.792969,-0.056641,-0.152344,0.000000,30.145205,11.000000
1.832031,-0.056641,-0.160156,0.000000,30.145205,11.000000
1.878906,-0.058594,-0.097656,0.000000,27.379873,11.000000
2.535156,-0.263672,1.210938,0.000000,29.365137,11.000000
2.609375,-0.179688,1.166016,0.000000,32.681099,11.000000
2.660156,-0.181641,1.150391,0.000000,31.992065,11.000000
0.041016,-0.033203,0.062500,0.000000,30.145205,11.000000
0.044922,-0.046875,0.103516,0.000000,29.052561,11.000000
1.214844,0.357422,0.066406,0.000000,19.294189,11.000000
0.011719,-0.039062,-0.007812,0.000000,30.729847,12.000000
0.017578,-0.080078,-0.007812,0.000000,31.972805,12.000000
0.029297,-0.119141,-0.003906,0.000000,30.203613,12.000000
0.056641,-0.154297,0.005859,0.000000,25.502283,12.000000
0.363281,-0.080078,-1.212891,0.000000,21.958996,12.000000
0.287109,-0.041016,1.277344,0.000000,23.242825,12.000000
0.484375,-0.042969,1.259766,0.000000,21.931246,12.000000
1.744141,-0.109375,-0.199219,0.000000,28.426092,12.000000
1.779297,-0.113281,-0.240234,0.000000,29.694159,12.000000
1.822266,-0.056641,-0.250000,0.000000,27.512791,12.000000
1.880859,-0.058594,0.033203,0.000000,28.656961,12.000000
1.916016,-0.060547,0.156250,0.000000,27.781513,12.000000
2.548828,-0.263672,1.185547,0.000000,29.454685,12.000000
2.623047,-0.179688,1.134766,0.000000,32.734642,12.000000
2.677734,-0.181641,1.109375,0.000000,32.070957,12.000000
0.041016,-0.033203,0.062500,0.000000,30.145205,12.000000
0.044922,-0.046875,0.103516,0.000000,29.047155,12.000000
1.214844,0.357422,0.070312,0.000000,19.344984,12.000000
0.011719,-0.039062,-0.007812,0.000000,30.737183,13.000000
0.017578,-0.080078,-0.007812,0.000000,31.975563,13.000000
0.029297,-0.119141,-0.003906,0.000000,30.203613,13.000000
0.056641,-0.154297,0.007812,0.000000,25.502283,13.000000
0.363281,-0.080078,-1.212891,0.000000,21.958996,13.000000
0.289062,-0.041016,1.275391,0.000000,23.222193,13.000000
0.490234,-0.042969,1.257812,0.000000,21.903316,13.000000
2.529297,-0.263672,1.224609,0.000000,29.190781,13.000000
2.609375,-0.179688,1.166016,0.000000,32.586372,13.000000
2.652344,-0.181641,1.169922,0.000000,31.829849,13.000000
0.041016,-0.033203,0.062500,0.000000,30.145205,13.000000
0.044922,-0.046875,0.103516,0.000000,29.052561,13.000000
1.212891,0.357422,0.103516,0.000000,19.294189,13.000000
0.011719,-0.039062,-0.007812,0.000000,30.733517,14.000000
0.017578,-0.080078,-0.007812,0.000000,31.972805,14.000000
0.029297,-0.119141,-0.003906,0.000000,30.203613,14.000000
0.056641,-0.154297,0.007812,0.000000,25.502283,14.000000
0.322266,-0.080078,-1.224609,0.000000,21.958996,14.000000
0.339844,-0.041016,1.263672,0.000000,23.222193,14.000000
0.494141,-0.042969,1.255859,0.000000,21.931246,14.000000
1.753906,-0.109375,-0.060547,0.000000,28.444771,14.000000
1.796875,-0.113281,-0.035156,0.000000,31.714338,14.000000
1.835938,-0.115234,-0.042969,0.000000,31.464382,14.000000
1.876953,-0.058594,-0.107422,0.000000,28.122446,14.000000
2.583984,-0.263672,1.105469,0.000000,29.370161,14.000000
2.632812,-0.179688,1.113281,0.000000,32.736958,14.000000
2.673828,-0.181641,1.117188,0.000000,32.041199,14.000000
0.041016,-0.033203,0.062500,0.000000,30.141003,14.000000
0.044922,-0.046875,0.103516,0.000000,29.047155,14.000000
1.214844,0.357422,0.056641,0.000000,19.242792,14.000000
0.011719,-0.039062,-0.007812,0.000000,30.733517,15.000000
0.017578,-0.080078,-0.007812,0.000000,31.975563,15.000000
0.029297,-0.119141,-0.003906,0.000000,30.203613,15.000000
0.056641,-0.154297,0.005859,0.000000,25.490032,15.000000
0.339844,-0.080078,-1.218750,0.000000,21.986570,15.000000
0.308594,-0.041016,1.271484,0.000000,23.242825,15.000000
0.498047,-0.042969,1.253906,0.000000,21.931246,15.000000
1.791016,-0.113281,0.125000,0.000000,28.573324,15.000000
1.833984,-0.115234,0.107422,0.000000,28.344208,15.000000
2.539062,-0.263672,1.205078,0.000000,29.444826,15.000000
2.615234,-0.179688,1.150391,0.000000,32.757717,15.000000
2.662109,-0.181641,1.146484,0.000000,32.027607,15.000000
0.041016,-0.033203,0.062500,0.000000,30.141003,15.000000
0.044922,-0.046875,0.103516,0.000000,29.052561,15.000000
1.214844,0.357422,0.072266,0.000000,19.190781,15.000000
0.011719,-0.039062,-0.007812,0.000000,30.729847,16.000000
0.017578,-0.080078,-0.007812,0.000000,31.970047,16.000000
0.029297,-0.119141,-0.003906,0.000000,30.195316,16.000000
0.056641,-0.154297,0.005859,0.000000,25.477747,16.000000
0.339844,-0.080078,-1.218750,0.000000,21.958996,16.000000
0.308594,-0.041016,1.271484,0.000000,23.242825,16.000000
0.501953,-0.042969,1.251953,0.000000,21.931246,16.000000
1.753906,-0.054688,-0.115234,0.000000,25.877110,16.000000
1.792969,-0.056641,-0.150391,0.000000,29.694159,16.000000
1.833984,-0.056641,-0.146484,0.000000,29.965117,16.000000
1.871094,-0.117188,-0.164062,0.000000,27.032913,16.000000
2.546875,-0.263672,1.187500,0.000000,29.484129,16.000000
2.607422,-0.179688,1.167969,0.000000,32.766914,16.000000
2.650391,-0.181641,1.175781,0.000000,31.997551,16.000000
0.041016,-0.033203,0.062500,0.000000,30.149403,16.000000
0.044922,-0.046875,0.103516,0.000000,29.052561,16.000000
1.214844,0.357422,0.074219,0.000000,19.190781,16.000000
1.876953,-0.000000,-0.134766,0.000000,27.024305,16.000000
0.011719,-0.039062,-0.007812,0.000000,30.729847,17.000000
0.017578,-0.080078,-0.007812,0.000000,31.972805,17.000000
0.029297,-0.119141,-0.003906,0.000000,30.199467,17.000000
0.056641,-0.154297,0.005859,0.000000,25.502283,17.000000
0.367188,-0.080078,-1.210938,0.000000,21.903316,17.000000
0.273438,-0.041016,1.279297,0.000000,23.201464,17.000000
0.492188,-0.042969,1.255859,0.000000,21.903316,17.000000
1.757812,-0.054688,0.009766,0.000000,26.748611,17.000000
1.798828,-0.056641,0.000000,0.000000,29.090208,17.000000
1.837891,-0.115234,0.031250,0.000000,28.450981,17.000000
2.558594,-0.263672,1.162109,0.000000,29.420080,17.000000
2.617188,-0.179688,1.148438,0.000000,32.702129,17.000000
2.662109,-0.181641,1.148438,0.000000,31.903316,17.000000
0.041016,-0.033203,0.062500,0.000000,30.141003,17.000000
0.044922,-0.046875,0.103516,0.000000,29.047155,17.000000
1.214844,0.357422,0.052734,0.000000,19.344984,17.000000
0.011719,-0.039062,-0.007812,0.000000,30.737183,18.000000
0.017578,-0.080078,-0.007812,0.000000,31.972805,18.000000
0.029297,-0.119141,-0.003906,0.000000,30.199467,18.000000
0.056641,-0.154297,0.005859,0.000000,25.490032,18.000000
0.382812,-0.080078,-1.205078,0.000000,21.986570,18.000000
0.267578,-0.041016,1.281250,0.000000,23.263359,18.000000
0.468750,-0.042969,1.265625,0.000000,21.931246,18.000000
1.767578,-0.113281,-0.324219,0.000000,29.804579,18.000000
1.824219,-0.115234,-0.222656,0.000000,29.845274,18.000000
2.560547,-0.263672,1.158203,0.000000,29.479237,18.000000
2.613281,-0.267578,1.138672,0.000000,32.792107,18.000000
2.675781,-0.181641,1.115234,0.000000,32.095150,18.000000
0.041016,-0.033203,0.062500,0.000000,30.145205,18.000000
0.044922,-0.046875,0.103516,0.000000,29.047155,18.000000
1.214844,0.357422,0.070312,0.000000,19.242792,18.000000
0.011719,-0.039062,-0.007812,0.000000,30.740847,19.000000
0.017578,-0.080078,-0.007812,0.000000,31.972805,19.000000
0.029297,-0.119141,-0.003906,0.000000,30.199467,19.000000
0.056641,-0.154297,0.005859,0.000000,25.490032,19.000000
0.335938,-0.080078,-1.220703,0.000000,21.931246,19.000000
0.298828,-0.041016,1.273438,0.000000,23.242825,19.000000
0.482422,-0.042969,1.259766,0.000000,21.958996,19.000000
1.746094,-0.109375,-0.183594,0.000000,28.102325,19.000000
1.789062,-0.056641,-0.187500,0.000000,29.800034,19.000000
1.830078,-0.115234,-0.164062,0.000000,27.466343,19.000000
2.539062,-0.263672,1.203125,0.000000,29.400181,19.000000
2.605469,-0.267578,1.158203,0.000000,32.773800,19.000000
2.666016,-0.181641,1.136719,0.000000,32.062859,19.000000
0.041016,-0.033203,0.062500,0.000000,30.149403,19.000000
0.044922,-0.046875,0.103516,0.000000,29.052561,19.000000
1.214844,0.357422,0.072266,0.000000,19.190781,19.000000
0.011719,-0.039062,-0.007812,0.000000,30.733517,20.000000
0.017578,-0.080078,-0.007812,0.000000,31.972805,20.000000
0.029297,-0.119141,-0.003906,0.000000,30.195316,20.000000
0.056641,-0.154297,0.005859,0.000000,25.490032,20.000000
0.345703,-0.080078,-1.216797,0.000000,21.958996,20.000000
0.277344,-0.041016,1.279297,0.000000,23.242825,20.000000
0.457031,-0.042969,1.269531,0.000000,21.931246,20.000000
1.835938,-0.000000,-0.138672,0.000000,29.299295,20.000000
2.556641,-0.263672,1.167969,0.000000,29.444826,20.000000
2.619141,-0.179688,1.144531,0.000000,32.757717,20.000000
2.662109,-0.181641,1.146484,0.000000,31.997551,20.000000
1.718750,-0.109375,-0.357422,-0.614669,28.733206,20.000000
1.767578,-0.056641,-0.339844,-0.614669,30.737183,20.000000
0.041016,-0.033203,0.062500,0.000000,30.145205,20.000000
0.044922,-0.046875,0.103516,0.000000,29.052561,20.000000
1.214844,0.357422,0.060547,0.000000,19.242792,20.000000
0.011719,-0.039062,-0.007812,0.000000,30.733517,21.000000
0.017578,-0.080078,-0.007812,0.000000,31.972805,21.000000
0.029297,-0.119141,-0.003906,0.000000,30.203613,21.000000
0.056641,-0.154297,0.007812,0.000000,25.502283,21.000000
0.357422,-0.080078,-1.212891,0.000000,21.986570,21.000000
0.292969,-0.041016,1.275391,0.000000,23.263359,21.000000
0.431641,-0.000000,1.279297,0.000000,21.958996,21.000000
1.746094,-0.054688,-0.205078,0.000000,28.709888,21.000000
1.783203,-0.113281,-0.216797,0.000000,30.228407,21.000000
1.816406,-0.115234,-0.271484,0.000000,30.253059,21.000000
1.849609,-0.175781,-0.302734,0.000000,28.609365,21.000000
2.542969,-0.263672,1.197266,0.000000,29.425041,21.000000
2.603516,-0.267578,1.160156,0.000000,32.757717,21.000000
2.664062,-0.181641,1.144531,0.000000,32.022160,21.000000
0.041016,-0.033203,0.062500,0.000000,30.145205,21.000000
0.044922,-0.046875,0.103516,0.000000,29.052561,21.000000
1.214844,0.357422,0.072266,0.000000,19.138138,21.000000
0.011719,-0.039062,-0.007812,0.000000,30.733517,22.000000
0.017578,-0.080078,-0.007812,0.000000,31.975563,22.000000
0.041016,-0.115234,-0.007812,0.000000,30.203613,22.000000
0.056641,-0.154297,0.005859,0.000000,25.502283,22.000000
0.349609,-0.080078,-1.216797,0.000000,21.875208,22.000000
0.302734,-0.041016,1.273438,0.000000,23.201464,22.000000
0.509766,-0.042969,1.250000,0.000000,21.875208,22.000000
1.736328,-0.054688,-0.277344,0.000000,28.286598,22.000000
1.771484,-0.000000,-0.318359,0.000000,29.216866,22.000000
2.544922,-0.263672,1.189453,0.000000,29.268568,22.000000
2.617188,-0.179688,1.148438,0.000000,32.674065,22.000000
2.667969,-0.181641,1.132812,0.000000,31.978317,22.000000
1.750000,-0.113281,-0.408203,-0.614669,29.263424,22.000000
1.779297,-0.056641,-0.468750,-0.614669,27.902851,22.000000
0.041016,-0.033203,0.062500,0.000000,30.145205,22.000000
0.044922,-0.046875,0.103516,0.000000,29.047155,22.000000
1.212891,0.357422,0.091797,0.000000,19.242792,22.000000
0.011719,-0.039062,-0.007812,0.000000,30.729847,23.000000
0.017578,-0.080078,-0.007812,0.000000,31.970047,23.000000
0.029297,-0.119141,-0.003906,0.000000,30.199467,23.000000
0.056641,-0.154297,0.005859,0.000000,25.502283,23.000000
0.349609,-0.080078,-1.216797,0.000000,21.931246,23.000000
0.308594,-0.041016,1.271484,0.000000,23.242825,23.000000
0.511719,-0.042969,1.248047,0.000000,21.931246,23.000000
1.794922,-0.113281,-0.064453,0.000000,29.106243,23.000000
1.808594,-0.056641,-0.335938,0.000000,28.375885,23.000000
2.548828,-0.263672,1.181641,0.000000,29.304396,23.000000
2.613281,-0.179688,1.156250,0.000000,32.692795,23.000000
2.656250,-0.181641,1.160156,0.000000,31.967287,23.000000
0.041016,-0.033203,0.062500,0.000000,30.149403,23.000000
0.044922,-0.046875,0.103516,0.000000,29.057959,23.000000
1.216797,0.357422,0.046875,0.000000,19.190781,23.000000
0.011719,-0.039062,-0.007812,0.000000,30.733517,24.000000
0.017578,-0.080078,-0.007812,0.000000,31.970047,24.000000
0.029297,-0.119141,-0.003906,0.000000,30.199467,24.000000
0.056641,-0.154297,0.005859,0.000000,25.502283,24.000000
0.333984,-0.080078,-1.220703,0.000000,21.903316,24.000000
0.306641,-0.041016,1.271484,0.000000,23.222193,24.000000
0.492188,-0.042969,1.255859,0.000000,21.958996,24.000000
1.695312,-0.107422,-0.259766,0.000000,28.273693,24.000000
1.736328,-0.109375,-0.259766,0.000000,31.251558,24.000000
1.775391,-0.056641,-0.287109,0.000000,30.257154,24.000000
2.552734,-0.263672,1.175781,0.000000,29.614210,24.000000
2.626953,-0.179688,1.126953,0.000000,32.821690,24.000000
2.673828,-0.181641,1.119141,0.000000,32.052044,24.000000
4.906250,1.437500,-0.082031,0.000000,28.567289,24.000000
0.041016,-0.033203,0.062500,0.000000,30.149403,24.000000
0.044922,-0.046875,0.103516,0.000000,29.052561,24.000000
1.212891,0.357422,0.087891,0.000000,19.242792,24.000000
0.011719,-0.039062,-0.007812,0.000000,30.744507,25.000000
0.017578,-0.080078,-0.007812,0.000000,31.975563,25.000000
0.029297,-0.119141,-0.003906,0.000000,30.199467,25.000000
0.056641,-0.154297,0.005859,0.000000,25.502283,25.000000
0.361328,-0.080078,-1.212891,0.000000,21.958996,25.000000
0.277344,-0.041016,1.279297,0.000000,23.263359,25.000000
0.484375,-0.042969,1.259766,0.000000,21.986570,25.000000
1.703125,-0.107422,-0.203125,0.000000,29.132839,25.000000
1.748047,-0.109375,-0.152344,0.000000,31.476763,25.000000
1.798828,-0.056641,-0.011719,0.000000,30.047512,25.000000
2.556641,-0.263672,1.166016,0.000000,29.469433,25.000000
2.619141,-0.179688,1.142578,0.000000,32.690456,25.000000
2.667969,-0.181641,1.130859,0.000000,31.967287,25.000000
0.041016,-0.033203,0.062500,0.000000,30.141003,25.000000
0.044922,-0.046875,0.103516,0.000000,29.052561,25.000000
1.214844,0.357422,0.072266,0.000000,19.294189,25.000000
0.011719,-0.039062,-0.007812,0.000000,30.740847,26.000000
0.017578,-0.080078,-0.007812,0.000000,31.972805,26.000000
0.029297,-0.119141,-0.003906,0.000000,30.199467,26.000000
0.056641,-0.154297,0.007812,0.000000,25.490032,26.000000
0.359375,-0.080078,-1.212891,0.000000,21.986570,26.000000
0.310547,-0.041016,1.271484,0.000000,23.242825,26.000000
0.507812,-0.042969,1.250000,0.000000,21.931246,26.000000
1.748047,-0.109375,-0.152344,0.000000,28.463371,26.000000
1.779297,-0.056641,-0.267578,0.000000,27.611757,26.000000
2.572266,-0.263672,1.130859,0.000000,29.513374,26.000000
2.625000,-0.179688,1.130859,0.000000,32.785248,26.000000
2.671875,-0.181641,1.123047,0.000000,32.022160,26.000000
1.730469,0.601562,0.582031,1.229337,21.522884,26.000000
0.041016,-0.033203,0.062500,0.000000,30.145205,26.000000
0.044922,-0.046875,0.103516,0.000000,29.052561,26.000000
1.212891,0.357422,0.085938,0.000000,19.190781,26.000000
0.011719,-0.039062,-0.007812,0.000000,30.726175,27.000000
0.017578,-0.080078,-0.007812,0.000000,31.970047,27.000000
0.041016,-0.115234,-0.007812,0.000000,30.195316,27.000000
0.056641,-0.154297,0.005859,0.000000,25.490032,27.000000
0.390625,-0.080078,-1.203125,0.000000,21.986570,27.000000
0.259766,-0.041016,1.283203,0.000000,23.263359,27.000000
0.476562,-0.042969,1.261719,0.000000,21.958996,27.000000
1.734375,-0.109375,-0.271484,0.000000,31.136091,27.000000
1.785156,-0.113281,-0.205078,0.000000,31.199154,27.000000
1.833984,-0.115234,-0.109375,0.000000,28.188854,27.000000
2.564453,-0.263672,1.148438,0.000000,29.365137,27.000000
2.628906,-0.179688,1.119141,0.000000,32.743889,27.000000
2.677734,-0.181641,1.109375,0.000000,32.052044,27.000000
0.041016,-0.033203,0.062500,0.000000,30.141003,27.000000
0.044922,-0.046875,0.103516,0.000000,29.047155,27.000000
1.214844,0.357422,0.082031,0.000000,19.294189,27.000000
0.011719,-0.039062,-0.007812,0.000000,30.733517,28.000000
0.017578,-0.080078,-0.007812,0.000000,31.975563,28.000000
0.029297,-0.119141,-0.003906,0.000000,30.203613,28.000000
0.056641,-0.154297,0.005859,0.000000,25.502283,28.000000
0.375000,-0.080078,-1.208984,0.000000,21.958996,28.000000
0.275391,-0.041016,1.279297,0.000000,23.222193,28.000000
0.480469,-0.042969,1.261719,0.000000,21.846914,28.000000
2.531250,-0.263672,1.222656,0.000000,29.400181,28.000000
2.615234,-0.179688,1.152344,0.000000,32.716091,28.000000
2.669922,-0.181641,1.130859,0.000000,31.981070,28.000000
0.041016,-0.033203,0.062500,0.000000,30.145205,28.000000
0.044922,-0.046875,0.103516,0.000000,29.052561,28.000000
1.212891,0.357422,0.105469,0.000000,19.242792,28.000000
0.011719,-0.039062,-0.007812,0.000000,30.729847,29.000000
0.017578,-0.080078,-0.007812,0.000000,31.972805,29.000000
0.029297,-0.119141,-0.003906,0.000000,30.199467,29.000000
0.056641,-0.154297,0.005859,0.000000,25.502283,29.000000
0.369141,-0.080078,-1.210938,0.000000,21.903316,29.000000
0.298828,-0.041016,1.273438,0.000000,23.201464,29.000000
0.427734,-0.000000,1.281250,0.000000,21.903316,29.000000
1.730469,-0.109375,-0.294922,0.000000,28.830935,29.000000
1.777344,-0.113281,-0.261719,0.000000,29.881128,29.000000
1.832031,-0.115234,-0.136719,0.000000,27.419392,29.000000
1.865234,0.240234,0.404297,0.000000,26.627579,29.000000
1.896484,0.246094,0.447266,0.000000,27.075703,29.000000
2.568359,-0.263672,1.138672,0.000000,29.439888,29.000000
2.617188,-0.267578,1.128906,0.000000,32.762321,29.000000
2.677734,-0.181641,1.109375,0.000000,31.997551,29.000000
0.041016,-0.033203,0.062500,0.000000,30.141003,29.000000
0.044922,-0.046875,0.103516,0.000000,29.052561,29.000000
1.214844,0.357422,0.083984,0.000000,19.242792,29.000000
0.011719,-0.039062,-0.007812,0.000000,30.733517,30.000000
0.017578,-0.080078,-0.007812,0.000000,31.975563,30.000000
0.029297,-0.119141,-0.003906,0.000000,30.203613,30.000000
0.056641,-0.154297,0.005859,0.000000,25.502283,30.000000
0.382812,-0.080078,-1.207031,0.000000,21.986570,30.000000
0.289062,-0.041016,1.275391,0.000000,23.283796,30.000000
0.527344,-0.042969,1.242188,0.000000,21.986570,30.000000
1.789062,-0.056641,-0.191406,0.000000,29.960737,30.000000
1.835938,-0.115234,-0.078125,0.000000,28.680563,30.000000
2.552734,-0.263672,1.173828,0.000000,29.400181,30.000000
2.615234,-0.179688,1.154297,0.000000,32.730011,30.000000
2.656250,-0.181641,1.158203,0.000000,32.003033,30.000000
1.888672,0.179688,0.312500,-0.614669,27.759743,30.000000
1.906250,0.246094,0.400391,-0.614669,26.512779,30.000000
0.041016,-0.033203,0.062500,0.000000,30.145205,30.000000
0.044922,-0.046875,0.103516,0.000000,29.052561,30.000000
1.210938,0.357422,0.111328,0.000000,19.190781,30.000000
1.560547,-0.490234,-1.085938,-0.614669,23.673559,30.000000
0.011719,-0.039062,-0.007812,0.000000,30.733517,31.000000
0.017578,-0.080078,-0.007812,0.000000,31.972805,31.000000
0.029297,-0.119141,-0.003906,0.000000,30.199467,31.000000
0.056641,-0.154297,0.005859,0.000000,25.490032,31.000000
0.347656,-0.080078,-1.216797,0.000000,22.041201,31.000000
0.337891,-0.041016,1.263672,0.000000,23.263359,31.000000
0.515625,-0.042969,1.246094,0.000000,21.958996,31.000000
2.529297,-0.263672,1.224609,0.000000,29.395193,31.000000
2.611328,-0.179688,1.160156,0.000000,32.725376,31.000000
2.667969,-0.181641,1.134766,0.000000,32.038486,31.000000
1.773438,-0.113281,-0.291016,0.614669,28.048206,31.000000
1.808594,-0.056641,-0.337891,0.614669,27.860413,31.000000
1.818359,-0.058594,-0.482422,0.614669,25.171959,31.000000
1.935547,-0.501953,0.150391,-0.614669,25.854607,31.000000
0.041016,-0.033203,0.062500,0.000000,30.145205,31.000000
0.044922,-0.046875,0.103516,0.000000,29.052561,31.000000
1.212891,0.357422,0.093750,0.000000,19.242792,31.000000
0.011719,-0.039062,-0.007812,0.000000,30.737183,32.000000
0.017578,-0.080078,-0.007812,0.000000,31.972805,32.000000
0.029297,-0.119141,-0.003906,0.000000,30.199467,32.000000
0.056641,-0.154297,0.007812,0.000000,25.490032,32.000000
0.394531,-0.080078,-1.203125,0.000000,22.013971,32.000000
0.261719,-0.041016,1.281250,0.000000,23.242825,32.000000
0.470703,-0.042969,1.263672,0.000000,21.875208,32.000000
1.785156,-0.000000,-0.447266,0.000000,29.052561,32.000000
2.539062,-0.263672,1.205078,0.000000,29.439888,32.000000
2.605469,-0.267578,1.160156,0.000000,32.739269,32.000000
2.666016,-0.181641,1.140625,0.000000,32.005768,32.000000
0.041016,-0.033203,0.062500,0.000000,30.141003,32.000000
0.044922,-0.046875,0.103516,0.000000,29.047155,32.000000
1.212891,0.357422,0.087891,0.000000,19.242792,32.000000
0.011719,-0.039062,-0.007812,0.000000,30.726175,33.000000
0.017578,-0.080078,-0.007812,0.000000,31.972805,33.000000
0.029297,-0.119141,-0.003906,0.000000,30.203613,33.000000
0.056641,-0.154297,0.005859,0.000000,25.502283,33.000000
0.380859,-0.080078,-1.207031,0.000000,21.958996,33.000000
0.263672,-0.041016,1.281250,0.000000,23.263359,33.000000
0.453125,-0.042969,1.271484,0.000000,21.903316,33.000000
1.753906,-0.109375,-0.064453,0.000000,29.469433,33.000000
1.796875,-0.056641,-0.089844,0.000000,31.978317,33.000000
1.833984,-0.115234,-0.101562,0.000000,30.877813,33.000000
1.865234,-0.429688,0.437500,0.000000,27.895807,33.000000
2.550781,-0.263672,1.179688,0.000000,29.360107,33.000000
2.623047,-0.179688,1.136719,0.000000,32.739269,33.000000
2.669922,-0.181641,1.128906,0.000000,31.983822,33.000000
0.041016,-0.033203,0.062500,0.000000,30.149403,33.000000
0.044922,-0.046875,0.103516,0.000000,29.057959,33.000000
1.214844,0.357422,0.070312,0.000000,19.344984,33.000000
0.011719,-0.039062,-0.007812,0.000000,30.737183,34.000000
0.017578,-0.080078,-0.007812,0.000000,31.972805,34.000000
0.029297,-0.119141,-0.003906,0.000000,30.199467,34.000000
0.056641,-0.154297,0.005859,0.000000,25.514500,34.000000
0.339844,-0.080078,-1.218750,0.000000,21.931246,34.000000
0.322266,-0.041016,1.267578,0.000000,23.222193,34.000000
0.484375,-0.042969,1.259766,0.000000,21.903316,34.000000
1.726562,-0.109375,-0.322266,0.000000,28.970770,34.000000
1.773438,-0.113281,-0.287109,0.000000,32.499317,34.000000
1.810547,-0.171875,-0.289062,0.000000,32.062859,34.000000
1.820312,-0.175781,-0.441406,0.000000,28.382193,34.000000
1.894531,0.179688,0.275391,0.000000,28.000294,34.000000
1.773438,-0.367188,0.757812,0.000000,28.182259,34.000000
1.882812,-0.375000,0.578125,0.000000,27.015680,34.000000
2.568359,-0.263672,1.140625,0.000000,29.604708,34.000000
2.611328,-0.267578,1.144531,0.000000,32.835274,34.000000
2.667969,-0.181641,1.130859,0.000000,32.065559,34.000000
0.041016,-0.033203,0.062500,0.000000,30.145205,34.000000
0.044922,-0.046875,0.103516,0.000000,29.052561,34.000000
1.212891,0.357422,0.089844,0.000000,19.190781,34.000000
1.818359,-0.056641,-0.275391,0.000000,32.057457,34.000000
1.564453,-0.361328,1.056641,0.000000,26.785183,34.000000
0.011719,-0.039062,-0.007812,0.000000,30.733517,35.000000
0.017578,-0.080078,-0.007812,0.000000,31.975563,35.000000
0.029297,-0.119141,-0.003906,0.000000,30.207754,35.000000
0.056641,-0.154297,0.007812,0.000000,25.514500,35.000000
0.335938,-0.080078,-1.220703,0.000000,21.958996,35.000000
0.308594,-0.041016,1.271484,0.000000,23.201464,35.000000
0.414062,-0.000000,1.285156,0.000000,21.875208,35.000000
1.794922,-0.113281,-0.087891,0.000000,30.852905,35.000000
1.828125,-0.115234,-0.175781,0.000000,29.986952,35.000000
1.746094,0.179688,0.783203,0.000000,28.369568,35.000000
1.855469,0.246094,0.591797,0.000000,27.419392,35.000000
2.546875,-0.263672,1.187500,0.000000,29.375179,35.000000
2.617188,-0.179688,1.150391,0.000000,32.711445,35.000000
2.664062,-0.181641,1.144531,0.000000,31.992065,35.000000
0.041016,-0.033203,0.062500,0.000000,30.145205,35.000000
0.044922,-0.046875,0.103516,0.000000,29.047155,35.000000
1.212891,0.357422,0.107422,0.000000,19.190781,35.000000
1.455078,-0.480469,-1.162109,0.000000,25.820633,35.000000
1.693359,-0.490234,-0.863281,0.000000,26.473829,35.000000
0.011719,-0.039062,-0.007812,0.000000,30.722500,36.000000
0.017578,-0.080078,-0.007812,0.000000,31.972805,36.000000
0.029297,-0.119141,-0.003906,0.000000,30.199467,36.000000
0.056641,-0.154297,0.005859,0.000000,25.502283,36.000000
0.361328,-0.080078,-1.212891,0.000000,21.903316,36.000000
0.287109,-0.041016,1.275391,0.000000,23.222193,36.000000
0.472656,-0.042969,1.263672,0.000000,21.931246,36.000000
1.751953,-0.109375,-0.113281,0.000000,29.350031,36.000000
1.794922,-0.113281,-0.064453,0.000000,32.312145,36.000000
1.837891,-0.115234,-0.009766,0.000000,32.276295,36.000000
1.871094,-0.117188,0.154297,0.000000,29.547249,36.000000
2.554688,-0.263672,1.171875,0.000000,29.508514,36.000000
2.621094,-0.179688,1.136719,0.000000,32.741577,36.000000
2.666016,-0.181641,1.136719,0.000000,31.986570,36.000000
0.041016,-0.033203,0.062500,0.000000,30.141003,36.000000
0.044922,-0.046875,0.103516,0.000000,29.047155,36.000000
1.214844,0.357422,0.072266,0.000000,19.138138,36.000000
0.011719,-0.039062,-0.007812,0.000000,30.729847,37.000000
0.017578,-0.080078,-0.007812,0.000000,31.975563,37.000000
0.029297,-0.119141,-0.003906,0.000000,30.203613,37.000000
0.056641,-0.154297,0.005859,0.000000,25.502283,37.000000
0.367188,-0.080078,-1.210938,0.000000,21.931246,37.000000
0.248047,-0.041016,1.285156,0.000000,23.201464,37.000000
0.449219,-0.042969,1.271484,0.000000,21.903316,37.000000
1.792969,-0.113281,-0.125000,0.000000,28.937618,37.000000
1.835938,-0.115234,-0.052734,0.000000,29.444826,37.000000
1.873047,-0.175781,0.003906,0.000000,27.979597,37.000000
2.544922,-0.263672,1.193359,0.000000,29.429996,37.000000
2.599609,-0.267578,1.167969,0.000000,32.755417,37.000000
2.656250,-0.181641,1.158203,0.000000,32.030331,37.000000
0.041016,-0.033203,0.062500,0.000000,30.149403,37.000000
0.044922,-0.046875,0.103516,0.000000,29.052561,37.000000
1.214844,0.357422,0.052734,0.000000,19.190781,37.000000
0.011719,-0.039062,-0.007812,0.000000,30.729847,38.000000
0.017578,-0.080078,-0.007812,0.000000,31.972805,38.000000
0.029297,-0.119141,-0.003906,0.000000,30.199467,38.000000
0.056641,-0.154297,0.005859,0.000000,25.490032,38.000000
0.353516,-0.080078,-1.214844,0.000000,21.958996,38.000000
0.269531,-0.041016,1.279297,0.000000,23.222193,38.000000
0.453125,-0.042969,1.271484,0.000000,21.903316,38.000000
2.562500,-0.263672,1.152344,0.000000,29.726656,38.000000
2.613281,-0.267578,1.140625,0.000000,32.895889,38.000000
2.666016,-0.181641,1.136719,0.000000,32.151085,38.000000
1.714844,0.345703,0.574219,-1.229337,23.404442,38.000000
1.753906,0.353516,0.582031,-1.229337,24.132998,38.000000
0.041016,-0.033203,0.062500,0.000000,30.145205,38.000000
0.044922,-0.046875,0.103516,0.000000,29.047155,38.000000
1.214844,0.357422,0.076172,0.000000,19.190781,38.000000
0.011719,-0.039062,-0.007812,0.000000,30.729847,39.000000
0.017578,-0.080078,-0.007812,0.000000,31.972805,39.000000
0.029297,-0.119141,-0.003906,0.000000,30.199467,39.000000
0.056641,-0.154297,0.007812,0.000000,25.502283,39.000000
0.369141,-0.080078,-1.210938,0.000000,21.931246,39.000000
0.263672,-0.041016,1.281250,0.000000,23.242825,39.000000
0.466797,-0.042969,1.265625,0.000000,21.931246,39.000000
1.830078,-0.117188,0.419922,0.000000,29.836264,39.000000
1.892578,-0.060547,0.337891,0.000000,29.020029,39.000000
2.533203,-0.263672,1.218750,0.000000,29.232441,39.000000
2.613281,-0.179688,1.158203,0.000000,32.638725,39.000000
2.660156,-0.181641,1.152344,0.000000,31.953461,39.000000
1.701172,0.394531,0.435547,-1.229337,23.891661,39.000000
1.740234,0.402344,0.443359,-1.229337,24.698219,39.000000
0.041016,-0.033203,0.062500,0.000000,30.141003,39.000000
0.044922,-0.046875,0.103516,0.000000,29.047155,39.000000
1.212891,0.357422,0.093750,0.000000,19.138138,39.000000
0.011719,-0.039062,-0.007812,0.000000,30.737183,40.000000
0.017578,-0.080078,-0.007812,0.000000,31.972805,40.000000
0.029297,-0.119141,-0.003906,0.000000,30.199467,40.000000
0.056641,-0.154297,0.005859,0.000000,25.490032,40.000000
0.337891,-0.080078,-1.218750,0.000000,21.958996,40.000000
0.316406,-0.041016,1.269531,0.000000,23.242825,40.000000
0.492188,-0.042969,1.255859,0.000000,21.958996,40.000000
1.746094,-0.054688,-0.210938,0.000000,29.365137,40.000000
1.792969,-0.056641,-0.142578,0.000000,30.762762,40.000000
1.835938,-0.056641,0.125000,0.000000,29.304396,40.000000
1.869141,-0.058594,0.216797,0.000000,29.489017,40.000000
1.908203,-0.060547,0.234375,0.000000,29.057959,40.000000
2.568359,-0.263672,1.140625,0.000000,29.425041,40.000000
2.626953,-0.179688,1.126953,0.000000,32.785248,40.000000
2.667969,-0.181641,1.134766,0.000000,31.989319,40.000000
0.041016,-0.033203,0.062500,0.000000,30.145205,40.000000
0.044922,-0.046875,0.103516,0.000000,29.052561,40.000000
1.212891,0.357422,0.099609,0.000000,19.190781,40.000000
0.011719,-0.039062,-0.007812,0.000000,30.737183,41.000000
0.017578,-0.080078,-0.007812,0.000000,31.972805,41.000000
0.029297,-0.119141,-0.003906,0.000000,30.199467,41.000000
0.056641,-0.154297,0.007812,0.000000,25.490032,41.000000
0.349609,-0.080078,-1.216797,0.000000,21.903316,41.000000
0.285156,-0.041016,1.277344,0.000000,23.222193,41.000000
0.398438,-0.000000,1.289062,0.000000,21.903316,41.000000
1.748047,-0.109375,-0.167969,0.000000,30.530785,41.000000
1.791016,-0.113281,-0.130859,0.000000,32.990711,41.000000
1.835938,-0.056641,-0.125000,0.000000,32.365372,41.000000
1.869141,-0.117188,-0.183594,0.000000,29.106243,41.000000
2.523438,-0.263672,1.238281,0.000000,29.339931,41.000000
2.587891,-0.267578,1.197266,0.000000,32.706787,41.000000
2.640625,-0.181641,1.195312,0.000000,31.922886,41.000000
0.041016,-0.033203,0.062500,0.000000,30.149403,41.000000
0.044922,-0.046875,0.103516,0.000000,29.057959,41.000000
1.214844,0.357422,0.068359,0.000000,19.242792,41.000000
0.011719,-0.039062,-0.007812,0.000000,30.733517,42.000000
0.017578,-0.080078,-0.007812,0.000000,31.972805,42.000000
0.029297,-0.119141,-0.003906,0.000000,30.199467,42.000000
0.056641,-0.154297,0.005859,0.000000,25.502283,42.000000
0.386719,-0.080078,-1.205078,0.000000,21.931246,42.000000
0.265625,-0.041016,1.281250,0.000000,23.222193,42.000000
0.464844,-0.042969,1.267578,0.000000,21.903316,42.000000
1.742188,-0.109375,-0.218750,0.000000,28.413595,42.000000
1.785156,-0.113281,-0.197266,0.000000,31.245043,42.000000
1.824219,-0.115234,-0.216797,0.000000,30.722500,42.000000
1.861328,-0.058594,-0.271484,0.000000,26.304279,42.000000
2.546875,-0.263672,1.189453,0.000000,29.489017,42.000000
2.613281,-0.179688,1.156250,0.000000,32.780674,42.000000
2.662109,-0.181641,1.148438,0.000000,32.065559,42.000000
0.041016,-0.033203,0.062500,0.000000,30.153597,42.000000
0.044922,-0.046875,0.103516,0.000000,29.052561,42.000000
1.214844,0.357422,0.070312,0.000000,19.242792,42.000000
0.011719,-0.039062,-0.007812,0.000000,30.737183,43.000000
0.017578,-0.080078,-0.007812,0.000000,31.972805,43.000000
0.029297,-0.119141,-0.003906,0.000000,30.203613,43.000000
0.056641,-0.154297,0.007812,0.000000,25.502283,43.000000
0.371094,-0.080078,-1.210938,0.000000,21.931246,43.000000
0.240234,-0.041016,1.285156,0.000000,23.201464,43.000000
0.464844,-0.042969,1.267578,0.000000,21.875208,43.000000
1.796875,-0.113281,0.017578,0.000000,28.561245,43.000000
1.835938,-0.115234,-0.078125,0.000000,29.390198,43.000000
1.871094,-0.117188,-0.167969,0.000000,27.283537,43.000000
2.548828,-0.263672,1.181641,0.000000,29.469433,43.000000
2.617188,-0.179688,1.150391,0.000000,32.713768,43.000000
2.662109,-0.181641,1.146484,0.000000,31.914511,43.000000
0.041016,-0.033203,0.062500,0.000000,30.145205,43.000000
0.044922,-0.046875,0.103516,0.000000,29.052561,43.000000
1.214844,0.357422,0.058594,0.000000,19.395193,43.000000
0.011719,-0.039062,-0.007812,0.000000,30.733517,44.000000
0.017578,-0.080078,-0.007812,0.000000,31.972805,44.000000
0.029297,-0.119141,-0.003906,0.000000,30.203613,44.000000
0.056641,-0.154297,0.005859,0.000000,25.502283,44.000000
0.357422,-0.080078,-1.214844,0.000000,21.986570,44.000000
0.296875,-0.041016,1.273438,0.000000,23.222193,44.000000
0.494141,-0.042969,1.255859,0.000000,21.903316,44.000000
1.794922,-0.113281,-0.085938,0.000000,27.895807,44.000000
1.837891,-0.056641,-0.099609,0.000000,31.072100,44.000000
1.878906,-0.058594,-0.083984,0.000000,31.024338,44.000000
1.921875,-0.060547,-0.048828,0.000000,28.142475,44.000000
2.558594,-0.263672,1.162109,0.000000,29.503649,44.000000
2.626953,-0.179688,1.123047,0.000000,32.762321,44.000000
2.673828,-0.181641,1.119141,0.000000,32.013969,44.000000
0.041016,-0.033203,0.062500,0.000000,30.145205,44.000000
0.044922,-0.046875,0.103516,0.000000,29.052561,44.000000
1.214844,0.357422,0.082031,0.000000,19.242792,44.000000
0.011719,-0.039062,-0.007812,0.000000,30.729847,45.000000
0.017578,-0.080078,-0.007812,0.000000,31.970047,45.000000
0.029297,-0.119141,-0.003906,0.000000,30.195316,45.000000
0.056641,-0.154297,0.005859,0.000000,25.502283,45.000000
0.355469,-0.080078,-1.214844,0.000000,21.958996,45.000000
0.277344,-0.041016,1.279297,0.000000,23.222193,45.000000
0.384766,-0.000000,1.294922,0.000000,21.875208,45.000000
1.775391,-0.113281,-0.269531,0.000000,29.991306,45.000000
1.808594,-0.115234,-0.328125,0.000000,30.530785,45.000000
1.824219,-0.058594,-0.460938,0.000000,27.916906,45.000000
2.550781,-0.263672,1.179688,0.000000,29.360107,45.000000
2.615234,-0.179688,1.152344,0.000000,32.711445,45.000000
2.658203,-0.181641,1.154297,0.000000,31.978317,45.000000
0.041016,-0.033203,0.062500,0.000000,30.149403,45.000000
0.044922,-0.046875,0.103516,0.000000,29.052561,45.000000
1.214844,0.357422,0.058594,0.000000,19.190781,45.000000
0.011719,-0.039062,-0.007812,0.000000,30.733517,46.000000
0.017578,-0.080078,-0.007812,0.000000,31.972805,46.000000
0.029297,-0.119141,-0.003906,0.000000,30.203613,46.000000
0.056641,-0.154297,0.007812,0.000000,25.502283,46.000000
0.339844,-0.080078,-1.218750,0.000000,21.986570,46.000000
0.291016,-0.041016,1.275391,0.000000,23.263359,46.000000
0.476562,-0.042969,1.261719,0.000000,21.958996,46.000000
1.697266,-0.056641,-0.597656,0.000000,27.151674,46.000000
1.798828,-0.056641,-0.384766,0.000000,29.439888,46.000000
1.865234,-0.058594,-0.246094,0.000000,28.356905,46.000000
2.554688,-0.263672,1.171875,0.000000,29.429996,46.000000
2.603516,-0.267578,1.162109,0.000000,32.778385,46.000000
2.660156,-0.181641,1.152344,0.000000,32.038486,46.000000
0.041016,-0.033203,0.062500,0.000000,30.145205,46.000000
0.044922,-0.046875,0.103516,0.000000,29.052561,46.000000
1.212891,0.357422,0.101562,0.000000,19.138138,46.000000
0.011719,-0.039062,-0.007812,0.000000,30.737183,47.000000
0.017578,-0.080078,-0.007812,0.000000,31.972805,47.000000
0.029297,-0.119141,-0.003906,0.000000,30.199467,47.000000
0.056641,-0.154297,0.005859,0.000000,25.502283,47.000000
0.345703,-0.080078,-1.216797,0.000000,21.958996,47.000000
0.300781,-0.041016,1.273438,0.000000,23.222193,47.000000
0.474609,-0.042969,1.263672,0.000000,21.903316,47.000000
1.837891,-0.056641,-0.085938,0.000000,27.993406,47.000000
1.878906,-0.058594,0.070312,0.000000,27.032913,47.000000
2.550781,-0.263672,1.179688,0.000000,29.390198,47.000000
2.621094,-0.179688,1.140625,0.000000,32.727695,47.000000
2.666016,-0.181641,1.140625,0.000000,31.983822,47.000000
4.373047,-0.287109,1.337891,0.000000,29.444826,47.000000
4.384766,-0.289062,1.433594,0.000000,29.469433,47.000000
0.041016,-0.033203,0.062500,0.000000,30.145205,47.000000
0.044922,-0.046875,0.103516,0.000000,29.047155,47.000000
1.214844,0.357422,0.062500,0.000000,19.138138,47.000000
0.011719,-0.039062,-0.007812,0.000000,30.733517,48.000000
0.017578,-0.080078,-0.007812,0.000000,31.972805,48.000000
0.029297,-0.119141,-0.003906,0.000000,30.199467,48.000000
0.056641,-0.154297,0.005859,0.000000,25.502283,48.000000
0.369141,-0.080078,-1.210938,0.000000,21.903316,48.000000
0.304688,-0.041016,1.273438,0.000000,23.222193,48.000000
0.484375,-0.042969,1.259766,0.000000,21.903316,48.000000
1.792969,-0.113281,-0.117188,0.000000,28.312298,48.000000
1.833984,-0.056641,-0.136719,0.000000,29.947569,48.000000
1.875000,-0.058594,-0.144531,0.000000,28.260748,48.000000
2.542969,-0.263672,1.197266,0.000000,29.375179,48.000000
2.595703,-0.267578,1.177734,0.000000,32.713768,48.000000
2.658203,-0.181641,1.158203,0.000000,31.972805,48.000000
4.349609,-0.429688,1.371094,0.000000,28.992731,48.000000
4.376953,-0.289062,1.460938,0.000000,29.106243,48.000000
0.041016,-0.033203,0.062500,0.000000,30.149403,48.000000
0.044922,-0.046875,0.103516,0.000000,29.057959,48.000000
1.214844,0.357422,0.060547,0.000000,19.242792,48.000000
0.011719,-0.039062,-0.007812,0.000000,30.733517,49.000000
0.017578,-0.080078,-0.007812,0.000000,31.975563,49.000000
0.029297,-0.119141,-0.003906,0.000000,30.203613,49.000000
0.056641,-0.154297,0.005859,0.000000,25.514500,49.000000
0.365234,-0.080078,-1.210938,0.000000,21.958996,49.000000
0.269531,-0.041016,1.279297,0.000000,23.283796,49.000000
0.373047,-0.000000,1.296875,0.000000,21.986570,49.000000
1.759766,-0.113281,-0.357422,0.000000,29.763500,49.000000
1.802734,-0.115234,-0.351562,0.000000,30.538464,49.000000
1.855469,-0.175781,-0.255859,0.000000,28.149132,49.000000
2.523438,-0.263672,1.234375,0.000000,29.334873,49.000000
2.605469,-0.179688,1.175781,0.000000,32.725376,49.000000
2.652344,-0.181641,1.169922,0.000000,32.011238,49.000000
0.041016,-0.033203,0.062500,0.000000,30.145205,49.000000
0.044922,-0.046875,0.103516,0.000000,29.052561,49.000000
1.214844,0.357422,0.076172,0.000000,19.294189,49.000000
0.011719,-0.039062,-0.007812,0.000000,30.733517,50.000000
0.017578,-0.080078,-0.007812,0.000000,31.972805,50.000000
0.029297,-0.119141,-0.003906,0.000000,30.199467,50.000000
0.056641,-0.154297,0.005859,0.000000,25.502283,50.000000
0.361328,-0.080078,-1.212891,0.000000,21.931246,50.000000
0.289062,-0.041016,1.275391,0.000000,23.222193,50.000000
0.472656,-0.042969,1.263672,0.000000,21.931246,50.000000
1.792969,-0.113281,-0.099609,0.000000,27.226339,50.000000
2.542969,-0.263672,1.197266,0.000000,29.375179,50.000000
2.603516,-0.267578,1.160156,0.000000,32.716091,50.000000
2.667969,-0.181641,1.134766,0.000000,31.970047,50.000000
0.041016,-0.033203,0.062500,0.000000,30.145205,50.000000
0.044922,-0.046875,0.105469,0.000000,29.047155,50.000000
1.212891,0.357422,0.095703,0.000000,19.138138,50.000000
0.011719,-0.039062,-0.007812,0.000000,30.740847,51.000000
0.017578,-0.080078,-0.007812,0.000000,31.975563,51.000000
0.029297,-0.119141,-0.003906,0.000000,30.207754,51.000000
0.056641,-0.154297,0.005859,0.000000,25.514500,51.000000
0.347656,-0.080078,-1.216797,0.000000,21.986570,51.000000
0.294922,-0.041016,1.275391,0.000000,23.242825,51.000000
0.492188,-0.042969,1.255859,0.000000,21.931246,51.000000
1.748047,-0.000000,-0.191406,0.000000,26.009729,51.000000
1.789062,-0.000000,-0.201172,0.000000,29.561684,51.000000
1.828125,-0.000000,-0.210938,0.000000,29.670797,51.000000
1.865234,0.058594,-0.242188,0.000000,26.954817,51.000000
2.546875,-0.263672,1.187500,0.000000,29.503649,51.000000
2.613281,-0.179688,1.156250,0.000000,32.773800,51.000000
2.660156,-0.181641,1.152344,0.000000,32.068260,51.000000
0.041016,-0.033203,0.062500,0.000000,30.145205,51.000000
0.044922,-0.046875,0.103516,0.000000,29.052561,51.000000
1.212891,0.357422,0.093750,0.000000,19.190781,51.000000
0.011719,-0.039062,-0.007812,0.000000,30.737183,52.000000
0.017578,-0.080078,-0.007812,0.000000,31.972805,52.000000
0.029297,-0.119141,-0.003906,0.000000,30.199467,52.000000
0.056641,-0.154297,0.005859,0.000000,25.502283,52.000000
0.359375,-0.080078,-1.212891,0.000000,21.986570,52.000000
0.306641,-0.041016,1.271484,0.000000,23.222193,52.000000
0.414062,-0.000000,1.285156,0.000000,21.931246,52.000000
1.837891,0.056641,-0.064453,0.000000,27.032913,52.000000
1.876953,0.058594,-0.107422,0.000000,26.794279,52.000000
2.541016,-0.263672,1.199219,0.000000,29.595184,52.000000
2.597656,-0.267578,1.171875,0.000000,32.864563,52.000000
2.660156,-0.181641,1.154297,0.000000,32.097832,52.000000
0.041016,-0.033203,0.062500,0.000000,30.149403,52.000000
0.044922,-0.046875,0.103516,0.000000,29.052561,52.000000
1.214844,0.357422,0.066406,0.000000,19.190781,52.000000
0.896484,-0.576172,1.500000,0.000000,24.593925,52.000000
0.011719,-0.039062,-0.007812,0.000000,30.733517,53.000000
0.017578,-0.080078,-0.007812,0.000000,31.972805,53.000000
0.029297,-0.119141,-0.003906,0.000000,30.203613,53.000000
0.056641,-0.154297,0.007812,0.000000,25.502283,53.000000
0.369141,-0.080078,-1.210938,0.000000,21.986570,53.000000
0.281250,-0.041016,1.277344,0.000000,23.222193,53.000000
0.470703,-0.042969,1.263672,0.000000,21.875208,53.000000
1.796875,-0.113281,-0.019531,0.000000,31.044870,53.000000
1.837891,-0.056641,-0.082031,0.000000,31.649473,53.000000
1.867188,-0.058594,-0.230469,0.000000,28.524799,53.000000
2.550781,-0.263672,1.177734,0.000000,29.532763,53.000000
2.605469,-0.267578,1.156250,0.000000,32.839794,53.000000
2.664062,-0.181641,1.142578,0.000000,32.062859,53.000000
1.826172,-0.437500,0.699219,1.229337,24.216040,53.000000
1.609375,-0.447266,1.179688,1.229337,26.757784,53.000000
1.380859,-0.457031,1.496094,1.229337,25.740313,53.000000
0.041016,-0.033203,0.062500,0.000000,30.145205,53.000000
0.044922,-0.046875,0.103516,0.000000,29.052561,53.000000
1.214844,0.357422,0.082031,0.000000,19.190781,53.000000
1.623047,0.312500,-1.134766,1.229337,23.180634,53.000000
1.703125,0.320312,-1.085938,1.229337,25.751879,53.000000
1.662109,0.390625,-1.199219,1.229337,24.698219,53.000000
0.011719,-0.039062,-0.007812,0.000000,30.733517,54.000000
0.017578,-0.080078,-0.007812,0.000000,31.972805,54.000000
0.029297,-0.119141,-0.003906,0.000000,30.199467,54.000000
0.056641,-0.154297,0.005859,0.000000,25.490032,54.000000
0.357422,-0.080078,-1.214844,0.000000,21.986570,54.000000
0.271484,-0.041016,1.279297,0.000000,23.242825,54.000000
0.488281,-0.042969,1.257812,0.000000,21.931246,54.000000
1.751953,-0.109375,-0.123047,0.000000,27.774269,54.000000
1.792969,-0.056641,-0.148438,0.000000,29.995655,54.000000
1.818359,-0.056641,-0.277344,0.000000,28.273693,54.000000
2.550781,-0.263672,1.177734,0.000000,29.263424,54.000000
2.601562,-0.267578,1.164062,0.000000,32.662315,54.000000
2.658203,-0.181641,1.154297,0.000000,31.978317,54.000000
4.904297,1.437500,-0.132812,0.000000,28.744818,54.000000
0.041016,-0.033203,0.062500,0.000000,30.145205,54.000000
0.044922,-0.046875,0.103516,0.000000,29.052561,54.000000
1.212891,0.357422,0.105469,0.000000,19.242792,54.000000
0.011719,-0.039062,-0.007812,0.000000,30.740847,55.000000
0.017578,-0.080078,-0.007812,0.000000,31.972805,55.000000
0.029297,-0.119141,-0.003906,0.000000,30.199467,55.000000
0.056641,-0.154297,0.005859,0.000000,25.502283,55.000000
0.345703,-0.080078,-1.216797,0.000000,21.958996,55.000000
0.318359,-0.041016,1.269531,0.000000,23.222193,55.000000
0.507812,-0.042969,1.250000,0.000000,21.958996,55.000000
1.748047,-0.109375,-0.164062,0.000000,30.273497,55.000000
1.791016,-0.113281,-0.130859,0.000000,32.557549,55.000000
1.837891,-0.056641,-0.091797,0.000000,30.982975,55.000000
2.525391,-0.263672,1.232422,0.000000,29.309490,55.000000
2.589844,-0.267578,1.193359,0.000000,32.667019,55.000000
2.650391,-0.181641,1.175781,0.000000,31.863913,55.000000
0.041016,-0.033203,0.062500,0.000000,30.141003,55.000000
0.044922,-0.046875,0.103516,0.000000,29.047155,55.000000
1.212891,0.357422,0.093750,0.000000,19.242792,55.000000
0.011719,-0.039062,-0.007812,0.000000,30.740847,56.000000
0.017578,-0.080078,-0.007812,0.000000,31.975563,56.000000
0.029297,-0.119141,-0.003906,0.000000,30.199467,56.000000
0.056641,-0.154297,0.005859,0.000000,25.502283,56.000000
0.349609,-0.080078,-1.216797,0.000000,21.958996,56.000000
0.302734,-0.041016,1.273438,0.000000,23.242825,56.000000
0.500000,-0.042969,1.253906,0.000000,21.958996,56.000000
1.748047,-0.054688,-0.181641,0.000000,29.858753,56.000000
1.792969,-0.056641,-0.140625,0.000000,32.499317,56.000000
1.839844,-0.056641,-0.041016,0.000000,32.442772,56.000000
1.873047,-0.058594,0.166016,0.000000,31.205740,56.000000
1.892578,-0.060547,0.333984,0.000000,29.666109,56.000000
1.931641,-0.060547,0.341797,0.000000,27.134905,56.000000
2.541016,-0.263672,1.199219,0.000000,29.449759,56.000000
2.617188,-0.179688,1.146484,0.000000,32.713768,56.000000
2.671875,-0.181641,1.123047,0.000000,31.961761,56.000000
0.041016,-0.033203,0.062500,0.000000,30.145205,56.000000
0.044922,-0.046875,0.103516,0.000000,29.047155,56.000000
1.214844,0.357422,0.080078,0.000000,19.190781,56.000000
0.011719,-0.039062,-0.007812,0.000000,30.744507,57.000000
0.017578,-0.080078,-0.007812,0.000000,31.978317,57.000000
0.029297,-0.119141,-0.003906,0.000000,30.207754,57.000000
0.056641,-0.154297,0.005859,0.000000,25.502283,57.000000
0.371094,-0.080078,-1.210938,0.000000,21.958996,57.000000
0.292969,-0.041016,1.275391,0.000000,23.263359,57.000000
0.513672,-0.042969,1.248047,0.000000,21.958996,57.000000
1.787109,-0.113281,-0.179688,0.000000,31.373541,57.000000
1.832031,-0.171875,-0.021484,0.000000,31.235250,57.000000
1.859375,-0.117188,0.269531,0.000000,29.009130,57.000000
2.519531,-0.263672,1.244141,0.000000,29.289078,57.000000
2.583984,-0.267578,1.203125,0.000000,32.650539,57.000000
2.644531,-0.181641,1.189453,0.000000,31.886473,57.000000
1.925781,0.375000,0.410156,0.614669,27.050079,57.000000
0.041016,-0.033203,0.062500,0.000000,30.149403,57.000000
0.044922,-0.046875,0.103516,0.000000,29.057959,57.000000
1.214844,0.357422,0.082031,0.000000,19.242792,57.000000
0.011719,-0.039062,-0.007812,0.000000,30.737183,58.000000
0.017578,-0.080078,-0.007812,0.000000,31.975563,58.000000
0.029297,-0.119141,-0.003906,0.000000,30.203613,58.000000
0.056641,-0.154297,0.005859,0.000000,25.514500,58.000000
0.386719,-0.080078,-1.205078,0.000000,22.013971,58.000000
0.251953,-0.041016,1.283203,0.000000,23.304138,58.000000
0.408203,-0.000000,1.287109,0.000000,21.958996,58.000000
1.728516,-0.054688,-0.322266,0.000000,28.830935,58.000000
1.767578,-0.056641,-0.337891,0.000000,31.964525,58.000000
1.785156,-0.056641,-0.449219,0.000000,31.565491,58.000000
1.921875,0.437500,0.359375,0.000000,26.910814,58.000000
1.966797,0.447266,0.337891,0.000000,27.573959,58.000000
2.550781,-0.263672,1.181641,0.000000,29.444826,58.000000
2.603516,-0.267578,1.162109,0.000000,32.750809,58.000000
2.656250,-0.181641,1.158203,0.000000,32.003033,58.000000
1.791016,-0.058594,-0.572266,0.614669,27.371927,58.000000
1.888672,-0.121094,0.339844,-0.614669,26.314438,58.000000
0.041016,-0.033203,0.062500,0.000000,30.145205,58.000000
0.044922,-0.046875,0.103516,0.000000,29.047155,58.000000
1.214844,0.357422,0.070312,0.000000,19.395193,58.000000
0.011719,-0.039062,-0.007812,0.000000,30.733517,59.000000
0.017578,-0.080078,-0.007812,0.000000,31.975563,59.000000
0.029297,-0.119141,-0.003906,0.000000,30.203613,59.000000
0.056641,-0.154297,0.005859,0.000000,25.502283,59.000000
0.330078,-0.080078,-1.222656,0.000000,21.958996,59.000000
0.308594,-0.041016,1.271484,0.000000,23.242825,59.000000
0.488281,-0.042969,1.257812,0.000000,21.931246,59.000000
1.882812,-0.564453,0.394531,0.000000,27.551123,59.000000
1.941406,-0.576172,0.292969,0.000000,28.481892,59.000000
2.546875,-0.263672,1.189453,0.000000,29.395193,59.000000
2.603516,-0.267578,1.160156,0.000000,32.695129,59.000000
2.666016,-0.181641,1.134766,0.000000,31.970047,59.000000
0.041016,-0.033203,0.062500,0.000000,30.145205,59.000000
0.044922,-0.046875,0.103516,0.000000,29.052561,59.000000
1.214844,0.357422,0.074219,0.000000,19.242792,59.000000
1.984375,0.250000,0.142578,0.000000,24.899586,59.000000
2.019531,0.255859,0.193359,0.000000,25.682016,59.000000
1.203125,-0.871094,-2.054688,1.229337,22.405493,59.000000
0.011719,-0.039062,-0.007812,0.000000,30.733517,60.000000
0.017578,-0.080078,-0.007812,0.000000,31.972805,60.000000
0.029297,-0.119141,-0.003906,0.000000,30.199467,60.000000
0.056641,-0.154297,0.005859,0.000000,25.490032,60.000000
0.339844,-0.080078,-1.218750,0.000000,21.958996,60.000000
0.306641,-0.041016,1.271484,0.000000,23.242825,60.000000
0.482422,-0.042969,1.259766,0.000000,21.931246,60.000000
1.835938,-0.115234,-0.048828,0.000000,30.166155,60.000000
1.878906,-0.058594,-0.093750,0.000000,30.025980,60.000000
1.917969,-0.060547,-0.105469,0.000000,27.379873,60.000000
2.531250,-0.263672,1.218750,0.000000,29.344984,60.000000
2.599609,-0.267578,1.169922,0.000000,32.718414,60.000000
2.660156,-0.181641,1.150391,0.000000,32.041199,60.000000
1.945312,0.123047,0.234375,-0.614669,25.453072,60.000000
1.957031,0.250000,0.353516,-0.614669,27.951845,60.000000
2.000000,0.255859,0.349609,-0.614669,27.888752,60.000000
0.041016,-0.033203,0.062500,0.000000,30.145205,60.000000
0.044922,-0.046875,0.103516,0.000000,29.047155,60.000000
1.212891,0.357422,0.097656,0.000000,19.242792,60.000000
1.777344,-0.564453,0.734375,-0.614669,26.919651,60.000000
1.935547,-0.576172,0.328125,-0.614669,27.781513,60.000000
0.011719,-0.039062,-0.007812,0.000000,30.744507,61.000000
0.017578,-0.080078,-0.007812,0.000000,31.975563,61.000000
0.029297,-0.119141,-0.003906,0.000000,30.203613,61.000000
0.056641,-0.154297,0.007812,0.000000,25.502283,61.000000
0.380859,-0.080078,-1.207031,0.000000,22.041201,61.000000
0.269531,-0.041016,1.279297,0.000000,23.283796,61.000000
0.412109,-0.000000,1.285156,0.000000,21.875208,61.000000
