2.289062,-0.000000,-0.089844,0.000000,26.693169,0.000000
2.638672,-0.179688,1.097656,0.000000,32.484638,0.000000
2.716797,-0.089844,1.023438,0.000000,31.658377,0.000000
4.285156,-0.000000,1.503906,0.000000,27.867514,0.000000
4.384766,-0.142578,1.322266,0.000000,31.357685,0.000000
4.466797,-0.000000,1.191406,0.000000,31.048285,0.000000
4.830078,-0.308594,1.039062,0.000000,29.159271,0.000000
0.037109,-0.035156,0.064453,0.000000,30.081741,0.000000
0.046875,-0.046875,0.103516,0.000000,28.992731,0.000000
1.173828,-0.449219,0.365234,0.000000,21.398790,0.000000
1.230469,-0.464844,0.304688,0.000000,19.637878,0.000000
0.011719,-0.039062,-0.007812,0.000000,30.666985,1.000000
0.027344,-0.076172,-0.009766,0.000000,31.861084,1.000000
0.029297,-0.119141,-0.005859,0.000000,30.068937,1.000000
0.056641,-0.154297,0.007812,0.000000,25.340261,1.000000
0.265625,0.039062,-1.240234,0.000000,23.521826,1.000000
0.210938,0.041016,-1.291016,0.000000,24.329693,1.000000
0.458984,0.042969,1.269531,0.000000,22.430380,1.000000
2.197266,-0.068359,-0.224609,0.000000,29.253120,1.000000
2.234375,-0.070312,-0.250000,0.000000,29.599949,1.000000
2.626953,-0.175781,1.017578,0.000000,29.339931,1.000000
2.666016,-0.179688,1.027344,0.000000,32.562366,1.000000
2.757812,-0.089844,0.904297,0.000000,31.863913,1.000000
4.306641,-0.142578,1.429688,0.000000,27.759743,1.000000
4.398438,-0.142578,1.273438,0.000000,31.319393,1.000000
4.474609,-0.000000,1.156250,0.000000,31.007151,1.000000
4.861328,-0.464844,0.802734,0.000000,29.628428,1.000000
4.914062,-0.779297,0.380859,0.000000,29.127533,1.000000
0.037109,-0.035156,0.064453,0.000000,30.086002,1.000000
0.044922,-0.046875,0.103516,0.000000,28.992731,1.000000
1.181641,-0.449219,0.339844,0.000000,21.398790,1.000000
1.234375,-0.464844,0.285156,0.000000,19.684830,1.000000
0.011719,-0.039062,-0.007812,0.000000,30.652061,2.000000
0.027344,-0.076172,-0.009766,0.000000,31.855421,2.000000
0.029297,-0.119141,-0.005859,0.000000,30.073210,2.000000
0.056641,-0.154297,0.007812,0.000000,25.352942,2.000000
0.277344,0.039062,-1.236328,0.000000,23.463530,2.000000
0.214844,0.041016,-1.291016,0.000000,24.313637,2.000000
0.482422,0.042969,1.259766,0.000000,22.430380,2.000000
2.207031,-0.000000,-0.095703,0.000000,27.634279,2.000000
2.248047,-0.000000,-0.101562,0.000000,29.527924,2.000000
2.287109,0.072266,-0.099609,0.000000,28.762178,2.000000
2.328125,0.072266,0.111328,0.000000,26.637009,2.000000
2.619141,-0.175781,1.035156,0.000000,29.339931,2.000000
2.667969,-0.179688,1.021484,0.000000,32.552727,2.000000
2.767578,-0.089844,0.873047,0.000000,31.766699,2.000000
4.306641,-0.142578,1.429688,0.000000,27.972675,2.000000
4.396484,-0.142578,1.281250,0.000000,31.451963,2.000000
4.470703,-0.000000,1.171875,0.000000,31.122698,2.000000
4.810547,-0.154297,1.152344,0.000000,29.420080,2.000000
0.037109,-0.035156,0.064453,0.000000,30.081741,2.000000
0.044922,-0.046875,0.103516,0.000000,28.998205,2.000000
1.177734,-0.449219,0.351562,0.000000,21.461281,2.000000
1.234375,-0.464844,0.291016,0.000000,19.637878,2.000000
0.011719,-0.039062,-0.007812,0.000000,30.648323,3.000000
0.027344,-0.076172,-0.009766,0.000000,31.858253,3.000000
0.029297,-0.119141,-0.005859,0.000000,30.077478,3.000000
0.056641,-0.154297,0.007812,0.000000,25.365585,3.000000
0.281250,0.039062,-1.236328,0.000000,23.521826,3.000000
0.210938,0.041016,-1.291016,0.000000,24.345690,3.000000
0.476562,0.042969,1.261719,0.000000,22.430380,3.000000
2.222656,-0.070312,-0.335938,0.000000,26.954817,3.000000
2.658203,-0.175781,0.935547,0.000000,29.344984,3.000000
2.720703,-0.089844,0.888672,0.000000,32.636360,3.000000
2.781250,-0.089844,0.833984,0.000000,31.936810,3.000000
4.302734,-0.142578,1.443359,0.000000,27.986506,3.000000
4.398438,-0.142578,1.275391,0.000000,31.433271,3.000000
4.474609,-0.000000,1.164062,0.000000,30.969101,3.000000
4.853516,-0.308594,0.919922,0.000000,31.020905,3.000000
4.929688,-0.623047,0.460938,0.000000,29.712759,3.000000
0.037109,-0.035156,0.064453,0.000000,30.077478,3.000000
0.044922,-0.046875,0.103516,0.000000,28.992731,3.000000
1.177734,-0.449219,0.349609,0.000000,21.367207,3.000000
1.234375,-0.464844,0.287109,0.000000,19.590414,3.000000
0.011719,-0.039062,-0.007812,0.000000,30.663260,4.000000
0.027344,-0.076172,-0.009766,0.000000,31.861084,4.000000
0.029297,-0.119141,-0.005859,0.000000,30.073210,4.000000
0.056641,-0.154297,0.007812,0.000000,25.340261,4.000000
0.078125,-0.000000,-1.265625,0.000000,23.521826,4.000000
0.173828,0.041016,-1.296875,0.000000,24.361626,4.000000
0.474609,0.042969,1.263672,0.000000,22.455126,4.000000
2.224609,-0.070312,-0.332031,0.000000,26.981005,4.000000
2.626953,-0.175781,1.017578,0.000000,29.211660,4.000000
2.693359,-0.089844,0.964844,0.000000,32.557549,4.000000
2.740234,-0.089844,0.958984,0.000000,31.903316,4.000000
4.302734,-0.142578,1.443359,0.000000,27.951845,4.000000
4.398438,-0.142578,1.275391,0.000000,31.433271,4.000000
4.474609,-0.000000,1.162109,0.000000,31.058506,4.000000
4.847656,-0.308594,0.951172,0.000000,29.863237,4.000000
4.900391,-0.935547,0.146484,0.000000,28.864906,4.000000
0.037109,-0.035156,0.064453,0.000000,30.077478,4.000000
0.046875,-0.046875,0.103516,0.000000,28.992731,4.000000
1.236328,-0.464844,0.277344,0.000000,19.637878,4.000000
0.011719,-0.039062,-0.007812,0.000000,30.655798,5.000000
0.027344,-0.076172,-0.009766,0.000000,31.861084,5.000000
0.029297,-0.119141,-0.005859,0.000000,30.073210,5.000000
0.056641,-0.154297,0.007812,0.000000,25.352942,5.000000
0.287109,0.039062,-1.234375,0.000000,23.483049,5.000000
0.220703,0.041016,-1.289062,0.000000,24.297523,5.000000
0.458984,0.042969,1.267578,0.000000,22.405493,5.000000
2.207031,-0.000000,-0.433594,0.000000,27.649229,5.000000
2.320312,-0.218750,0.037109,0.000000,27.134905,5.000000
2.353516,-0.296875,-0.005859,0.000000,27.299744,5.000000
2.644531,-0.175781,0.970703,0.000000,29.390198,5.000000
2.681641,-0.179688,0.990234,0.000000,32.598328,5.000000
2.779297,-0.089844,0.839844,0.000000,31.855421,5.000000
4.318359,-0.142578,1.396484,0.000000,28.000294,5.000000
4.402344,-0.142578,1.259766,0.000000,31.473671,5.000000
4.470703,-0.000000,1.173828,0.000000,31.020905,5.000000
4.849609,-0.308594,0.941406,0.000000,30.549959,5.000000
4.921875,-0.779297,0.251953,0.000000,29.041744,5.000000
0.037109,-0.035156,0.064453,0.000000,30.081741,5.000000
0.046875,-0.046875,0.103516,0.000000,28.987251,5.000000
1.179688,-0.449219,0.345703,0.000000,21.367207,5.000000
1.230469,-0.464844,0.302734,0.000000,19.590414,5.000000
0.011719,-0.039062,-0.007812,0.000000,30.655798,6.000000
0.027344,-0.076172,-0.009766,0.000000,31.858253,6.000000
0.029297,-0.119141,-0.005859,0.000000,30.073210,6.000000
0.056641,-0.154297,0.007812,0.000000,25.352942,6.000000
0.287109,0.039062,-1.234375,0.000000,23.521826,6.000000
0.228516,0.041016,-1.289062,0.000000,24.345690,6.000000
0.431641,0.042969,1.279297,0.000000,22.479733,6.000000
2.642578,-0.175781,0.974609,0.000000,29.211660,6.000000
2.708984,-0.089844,0.925781,0.000000,32.484638,6.000000
2.765625,-0.089844,0.880859,0.000000,31.781132,6.000000
4.304688,-0.142578,1.437500,0.000000,27.923918,6.000000
4.398438,-0.142578,1.275391,0.000000,31.401937,6.000000
4.458984,-0.000000,1.216797,0.000000,30.759117,6.000000
4.835938,-0.308594,1.007812,0.000000,30.342272,6.000000
4.917969,-0.779297,0.333984,0.000000,29.164539,6.000000
0.037109,-0.035156,0.064453,0.000000,30.086002,6.000000
0.044922,-0.046875,0.103516,0.000000,28.998205,6.000000
1.230469,-0.464844,0.308594,0.000000,19.590414,6.000000
0.011719,-0.039062,-0.007812,0.000000,30.655798,7.000000
0.027344,-0.076172,-0.009766,0.000000,31.861084,7.000000
0.029297,-0.119141,-0.003906,0.000000,30.073210,7.000000
0.056641,-0.154297,0.007812,0.000000,25.352942,7.000000
0.267578,0.039062,-1.238281,0.000000,23.541084,7.000000
0.208984,0.041016,-1.291016,0.000000,24.361626,7.000000
0.449219,0.042969,1.271484,0.000000,22.430380,7.000000
2.220703,-0.000000,-0.357422,0.000000,30.576660,7.000000
2.267578,-0.000000,-0.332031,0.000000,30.996807,7.000000
2.320312,-0.072266,-0.226562,0.000000,27.817554,7.000000
2.693359,-0.089844,0.964844,0.000000,32.533379,7.000000
2.744141,-0.089844,0.947266,0.000000,31.889284,7.000000
4.324219,-0.142578,1.378906,0.000000,28.075350,7.000000
4.408203,-0.142578,1.240234,0.000000,31.547281,7.000000
4.488281,-0.000000,1.101562,0.000000,31.212315,7.000000
4.857422,-0.308594,0.902344,0.000000,30.707766,7.000000
4.925781,-0.779297,0.208984,0.000000,29.547249,7.000000
0.037109,-0.035156,0.064453,0.000000,30.086002,7.000000
0.044922,-0.046875,0.103516,0.000000,28.998205,7.000000
1.179688,-0.449219,0.347656,0.000000,21.430147,7.000000
1.236328,-0.464844,0.281250,0.000000,19.684830,7.000000
0.011719,-0.039062,-0.007812,0.000000,30.659531,8.000000
0.027344,-0.076172,-0.009766,0.000000,31.861084,8.000000
0.029297,-0.119141,-0.005859,0.000000,30.073210,8.000000
0.056641,-0.154297,0.007812,0.000000,25.340261,8.000000
0.265625,0.039062,-1.240234,0.000000,23.483049,8.000000
0.216797,0.041016,-1.291016,0.000000,24.329693,8.000000
0.447266,0.042969,1.273438,0.000000,22.430380,8.000000
2.166016,-0.000000,-0.427734,0.000000,26.839472,8.000000
2.208984,-0.000000,-0.431641,0.000000,30.153597,8.000000
2.236328,-0.000000,-0.496094,0.000000,29.666109,8.000000
2.626953,-0.175781,1.019531,0.000000,29.314579,8.000000
2.703125,-0.089844,0.939453,0.000000,32.543064,8.000000
2.767578,-0.089844,0.875000,0.000000,31.863913,8.000000
4.326172,-0.000000,1.380859,0.000000,28.088860,8.000000
4.406250,-0.142578,1.248047,0.000000,31.504494,8.000000
4.486328,-0.000000,1.115234,0.000000,31.370375,8.000000
4.574219,0.146484,0.894531,0.000000,29.735897,8.000000
4.623047,0.294922,0.816406,0.000000,29.294189,8.000000
4.843750,-0.308594,0.970703,0.000000,30.849337,8.000000
4.937500,-0.623047,0.365234,0.000000,29.263424,8.000000
0.037109,-0.035156,0.064453,0.000000,30.081741,8.000000
0.044922,-0.046875,0.103516,0.000000,28.998205,8.000000
1.181641,-0.449219,0.337891,0.000000,21.430147,8.000000
1.240234,-0.464844,0.259766,0.000000,19.731279,8.000000
0.011719,-0.039062,-0.007812,0.000000,30.659531,9.000000
0.027344,-0.076172,-0.009766,0.000000,31.861084,9.000000
0.029297,-0.119141,-0.003906,0.000000,30.077478,9.000000
0.056641,-0.154297,0.007812,0.000000,25.352942,9.000000
0.265625,0.039062,-1.240234,0.000000,23.541084,9.000000
0.195312,0.041016,-1.292969,0.000000,24.361626,9.000000
0.468750,0.042969,1.265625,0.000000,22.455126,9.000000
2.330078,-0.371094,0.244141,0.000000,25.843311,9.000000
2.369141,-0.226562,0.402344,0.000000,27.299744,9.000000
2.632812,-0.175781,1.001953,0.000000,29.339931,9.000000
2.697266,-0.089844,0.957031,0.000000,32.540646,9.000000
2.736328,-0.089844,0.966797,0.000000,31.827000,9.000000
4.316406,-0.142578,1.398438,0.000000,27.853298,9.000000
4.400391,-0.142578,1.265625,0.000000,31.316187,9.000000
4.464844,-0.000000,1.197266,0.000000,30.707766,9.000000
4.845703,-0.308594,0.960938,0.000000,30.856472,9.000000
4.941406,-0.623047,0.320312,0.000000,29.758911,9.000000
0.037109,-0.035156,0.064453,0.000000,30.081741,9.000000
0.044922,-0.046875,0.103516,0.000000,28.992731,9.000000
1.181641,-0.449219,0.337891,0.000000,21.398790,9.000000
1.240234,-0.464844,0.265625,0.000000,19.684830,9.000000
0.011719,-0.039062,-0.007812,0.000000,30.659531,10.000000
0.027344,-0.076172,-0.009766,0.000000,31.858253,10.000000
0.029297,-0.119141,-0.003906,0.000000,30.073210,10.000000
0.056641,-0.154297,0.007812,0.000000,25.352942,10.000000
0.279297,0.039062,-1.236328,0.000000,23.521826,10.000000
0.220703,0.041016,-1.289062,0.000000,24.361626,10.000000
0.445312,0.042969,1.273438,0.000000,22.479733,10.000000
2.228516,-0.000000,-0.302734,0.000000,29.350031,10.000000
2.269531,-0.000000,-0.314453,0.000000,28.686445,10.000000
2.689453,-0.089844,0.976562,0.000000,32.528530,10.000000
2.734375,-0.089844,0.972656,0.000000,31.792645,10.000000
4.304688,-0.142578,1.439453,0.000000,27.909885,10.000000
4.398438,-0.142578,1.271484,0.000000,31.417633,10.000000
4.476562,-0.000000,1.156250,0.000000,31.020905,10.000000
4.849609,-0.308594,0.941406,0.000000,30.606977,10.000000
4.925781,-0.779297,0.175781,0.000000,29.116901,10.000000
2.353516,0.150391,0.517578,0.614669,25.877110,10.000000
2.400391,0.230469,0.460938,0.614669,25.965971,10.000000
0.037109,-0.035156,0.064453,0.000000,30.081741,10.000000
0.044922,-0.046875,0.103516,0.000000,28.998205,10.000000
1.234375,-0.464844,0.291016,0.000000,19.731279,10.000000
0.011719,-0.039062,-0.007812,0.000000,30.659531,11.000000
0.027344,-0.076172,-0.009766,0.000000,31.858253,11.000000
0.029297,-0.119141,-0.005859,0.000000,30.068937,11.000000
0.056641,-0.154297,0.007812,0.000000,25.340261,11.000000
0.277344,0.039062,-1.236328,0.000000,23.521826,11.000000
0.226562,0.041016,-1.289062,0.000000,24.345690,11.000000
0.439453,0.042969,1.275391,0.000000,22.430380,11.000000
2.242188,-0.000000,-0.193359,0.000000,27.888752,11.000000
2.285156,-0.000000,-0.158203,0.000000,26.454224,11.000000
2.625000,-0.175781,1.023438,0.000000,29.263424,11.000000
2.691406,-0.089844,0.974609,0.000000,32.538223,11.000000
2.738281,-0.089844,0.962891,0.000000,31.824146,11.000000
4.320312,-0.142578,1.392578,0.000000,27.951845,11.000000
4.408203,-0.142578,1.240234,0.000000,31.476763,11.000000
4.480469,-0.000000,1.138672,0.000000,31.105898,11.000000
4.835938,-0.308594,1.009766,0.000000,29.708117,11.000000
4.902344,-0.935547,0.080078,0.000000,28.893017,11.000000
1.699219,-2.761719,0.447266,1.229337,21.673174,11.000000
0.037109,-0.035156,0.064453,0.000000,30.081741,11.000000
0.044922,-0.046875,0.103516,0.000000,28.998205,11.000000
1.175781,-0.449219,0.355469,0.000000,21.430147,11.000000
1.232422,-0.464844,0.300781,0.000000,19.684830,11.000000
3.187500,0.716797,0.175781,1.229337,20.211893,11.000000
0.011719,-0.039062,-0.007812,0.000000,30.666985,12.000000
0.027344,-0.076172,-0.009766,0.000000,31.863913,12.000000
0.029297,-0.119141,-0.003906,0.000000,30.077478,12.000000
0.056641,-0.154297,0.007812,0.000000,25.365585,12.000000
0.273438,0.039062,-1.238281,0.000000,23.502480,12.000000
0.199219,0.041016,-1.292969,0.000000,24.345690,12.000000
0.480469,0.042969,1.261719,0.000000,22.479733,12.000000
2.638672,-0.175781,0.986328,0.000000,29.237619,12.000000
2.714844,-0.089844,0.904297,0.000000,32.487087,12.000000
2.779297,-0.089844,0.835938,0.000000,31.827000,12.000000
4.308594,-0.142578,1.425781,0.000000,27.888752,12.000000
4.404297,-0.142578,1.255859,0.000000,31.398790,12.000000
4.476562,-0.000000,1.150391,0.000000,30.969101,12.000000
4.855469,-0.308594,0.906250,0.000000,30.519239,12.000000
4.925781,-0.779297,0.195312,0.000000,29.571281,12.000000
0.037109,-0.035156,0.064453,0.000000,30.086002,12.000000
0.044922,-0.046875,0.103516,0.000000,28.998205,12.000000
1.232422,-0.464844,0.292969,0.000000,19.590414,12.000000
0.011719,-0.039062,-0.007812,0.000000,30.655798,13.000000
0.027344,-0.076172,-0.009766,0.000000,31.861084,13.000000
0.029297,-0.119141,-0.005859,0.000000,30.073210,13.000000
0.056641,-0.154297,0.007812,0.000000,25.340261,13.000000
0.230469,0.039062,-1.246094,0.000000,23.521826,13.000000
0.179688,0.041016,-1.294922,0.000000,24.345690,13.000000
0.460938,0.042969,1.267578,0.000000,22.455126,13.000000
2.613281,-0.175781,1.054688,0.000000,29.334873,13.000000
2.654297,-0.179688,1.058594,0.000000,32.648178,13.000000
2.750000,-0.089844,0.931641,0.000000,31.956230,13.000000
4.316406,-0.142578,1.400391,0.000000,27.986506,13.000000
4.402344,-0.142578,1.263672,0.000000,31.507565,13.000000
4.476562,-0.000000,1.148438,0.000000,31.152777,13.000000
4.849609,-0.308594,0.937500,0.000000,30.576660,13.000000
0.037109,-0.035156,0.064453,0.000000,30.081741,13.000000
0.044922,-0.046875,0.103516,0.000000,28.998205,13.000000
1.175781,-0.449219,0.359375,0.000000,21.398790,13.000000
1.234375,-0.464844,0.287109,0.000000,19.731279,13.000000
0.011719,-0.039062,-0.007812,0.000000,30.659531,14.000000
0.027344,-0.076172,-0.009766,0.000000,31.861084,14.000000
0.029297,-0.119141,-0.005859,0.000000,30.077478,14.000000
0.056641,-0.154297,0.007812,0.000000,25.352942,14.000000
0.279297,0.039062,-1.236328,0.000000,23.483049,14.000000
0.210938,0.041016,-1.291016,0.000000,24.329693,14.000000
0.462891,0.042969,1.267578,0.000000,22.405493,14.000000
2.632812,-0.175781,1.003906,0.000000,29.232441,14.000000
2.708984,-0.089844,0.925781,0.000000,32.513950,14.000000
2.769531,-0.089844,0.867188,0.000000,31.892096,14.000000
4.310547,-0.142578,1.417969,0.000000,27.874605,14.000000
4.398438,-0.142578,1.271484,0.000000,31.411362,14.000000
4.474609,-0.000000,1.158203,0.000000,31.041456,14.000000
4.783203,-0.000000,1.273438,0.000000,29.872192,14.000000
0.037109,-0.035156,0.064453,0.000000,30.081741,14.000000
0.046875,-0.046875,0.103516,0.000000,28.992731,14.000000
1.232422,-0.464844,0.294922,0.000000,19.444826,14.000000
3.119141,-1.855469,-3.365234,0.000000,26.901960,14.000000
0.011719,-0.039062,-0.007812,0.000000,30.655798,15.000000
0.027344,-0.076172,-0.009766,0.000000,31.861084,15.000000
0.029297,-0.119141,-0.005859,0.000000,30.077478,15.000000
0.056641,-0.154297,0.007812,0.000000,25.352942,15.000000
0.261719,0.039062,-1.240234,0.000000,23.502480,15.000000
0.232422,0.041016,-1.287109,0.000000,24.329693,15.000000
0.449219,0.042969,1.271484,0.000000,22.430380,15.000000
2.242188,-0.000000,-0.185547,0.000000,29.898945,15.000000
2.275391,-0.000000,-0.259766,0.000000,29.836264,15.000000
2.302734,-0.000000,-0.369141,0.000000,27.767012,15.000000
2.626953,-0.175781,1.015625,0.000000,29.375179,15.000000
2.650391,-0.179688,1.068359,0.000000,32.557549,15.000000
2.726562,-0.089844,0.998047,0.000000,31.806992,15.000000
4.308594,-0.142578,1.427734,0.000000,28.034571,15.000000
4.398438,-0.142578,1.275391,0.000000,31.464382,15.000000
4.470703,-0.000000,1.171875,0.000000,31.017471,15.000000
4.843750,-0.464844,0.906250,0.000000,30.606977,15.000000
4.917969,-0.623047,0.572266,0.000000,29.523081,15.000000
0.037109,-0.035156,0.064453,0.000000,30.081741,15.000000
0.044922,-0.046875,0.103516,0.000000,28.998205,15.000000
1.173828,-0.449219,0.361328,0.000000,21.367207,15.000000
1.224609,-0.464844,0.324219,0.000000,19.637878,15.000000
0.011719,-0.039062,-0.007812,0.000000,30.655798,16.000000
0.027344,-0.076172,-0.009766,0.000000,31.858253,16.000000
0.029297,-0.119141,-0.005859,0.000000,30.068937,16.000000
0.056641,-0.154297,0.007812,0.000000,25.340261,16.000000
0.275391,0.039062,-1.236328,0.000000,23.502480,16.000000
0.195312,0.041016,-1.292969,0.000000,24.345690,16.000000
0.464844,0.042969,1.267578,0.000000,22.405493,16.000000
2.234375,-0.000000,-0.267578,0.000000,28.750612,16.000000
2.279297,-0.072266,-0.207031,0.000000,27.528164,16.000000
2.617188,-0.175781,1.041016,0.000000,29.116901,16.000000
2.660156,-0.179688,1.046875,0.000000,32.523674,16.000000
2.751953,-0.089844,0.923828,0.000000,31.925674,16.000000
4.314453,-0.142578,1.408203,0.000000,28.027737,16.000000
4.404297,-0.142578,1.250000,0.000000,31.504494,16.000000
4.478516,-0.000000,1.146484,0.000000,31.129400,16.000000
4.798828,-0.154297,1.203125,0.000000,30.322157,16.000000
0.037109,-0.035156,0.064453,0.000000,30.077478,16.000000
0.044922,-0.046875,0.103516,0.000000,28.992731,16.000000
1.230469,-0.464844,0.304688,0.000000,19.590414,16.000000
0.011719,-0.039062,-0.007812,0.000000,30.655798,17.000000
0.027344,-0.076172,-0.009766,0.000000,31.861084,17.000000
0.029297,-0.119141,-0.005859,0.000000,30.077478,17.000000
0.056641,-0.154297,0.007812,0.000000,25.352942,17.000000
0.279297,0.039062,-1.236328,0.000000,23.502480,17.000000
0.218750,0.041016,-1.289062,0.000000,24.313637,17.000000
0.447266,0.042969,1.273438,0.000000,22.430380,17.000000
2.228516,-0.070312,-0.294922,0.000000,30.207754,17.000000
2.275391,-0.000000,-0.263672,0.000000,31.010593,17.000000
2.320312,-0.000000,-0.226562,0.000000,28.744818,17.000000
2.636719,-0.175781,0.992188,0.000000,29.339931,17.000000
2.714844,-0.089844,0.906250,0.000000,32.591160,17.000000
2.785156,-0.089844,0.820312,0.000000,31.906118,17.000000
4.314453,-0.142578,1.406250,0.000000,27.986506,17.000000
4.400391,-0.142578,1.265625,0.000000,31.451963,17.000000
4.472656,-0.000000,1.164062,0.000000,31.089031,17.000000
4.820312,-0.308594,1.078125,0.000000,30.170334,17.000000
4.921875,-0.779297,0.281250,0.000000,28.773714,17.000000
0.037109,-0.035156,0.064453,0.000000,30.077478,17.000000
0.044922,-0.046875,0.103516,0.000000,28.998205,17.000000
1.179688,-0.449219,0.343750,0.000000,21.335388,17.000000
1.234375,-0.464844,0.291016,0.000000,19.590414,17.000000
0.011719,-0.039062,-0.007812,0.000000,30.659531,18.000000
0.027344,-0.076172,-0.009766,0.000000,31.861084,18.000000
0.029297,-0.119141,-0.005859,0.000000,30.073210,18.000000
0.056641,-0.154297,0.007812,0.000000,25.340261,18.000000
0.244141,0.039062,-1.244141,0.000000,23.521826,18.000000
0.191406,0.041016,-1.294922,0.000000,24.345690,18.000000
0.447266,0.042969,1.273438,0.000000,22.430380,18.000000
2.632812,-0.175781,1.003906,0.000000,29.237619,18.000000
2.667969,-0.179688,1.023438,0.000000,32.543064,18.000000
2.763672,-0.089844,0.886719,0.000000,31.821293,18.000000
4.320312,-0.142578,1.390625,0.000000,28.007172,18.000000
4.406250,-0.142578,1.246094,0.000000,31.479853,18.000000
4.480469,-0.000000,1.138672,0.000000,31.105898,18.000000
4.843750,-0.308594,0.966797,0.000000,31.007151,18.000000
4.925781,-0.623047,0.511719,0.000000,29.571281,18.000000
0.037109,-0.035156,0.064453,0.000000,30.077478,18.000000
0.046875,-0.046875,0.103516,0.000000,28.992731,18.000000
1.179688,-0.449219,0.343750,0.000000,21.398790,18.000000
1.232422,-0.464844,0.296875,0.000000,19.731279,18.000000
0.011719,-0.039062,-0.007812,0.000000,30.659531,19.000000
0.027344,-0.076172,-0.009766,0.000000,31.861084,19.000000
0.029297,-0.119141,-0.005859,0.000000,30.073210,19.000000
0.056641,-0.154297,0.007812,0.000000,25.352942,19.000000
0.296875,0.039062,-1.232422,0.000000,23.521826,19.000000
0.224609,0.041016,-1.289062,0.000000,24.377506,19.000000
0.455078,0.042969,1.269531,0.000000,22.479733,19.000000
2.242188,-0.070312,-0.169922,0.000000,26.394865,19.000000
2.289062,-0.000000,-0.083984,0.000000,26.159500,19.000000
2.642578,-0.175781,0.974609,0.000000,29.227255,19.000000
2.716797,-0.089844,0.902344,0.000000,32.540646,19.000000
2.783203,-0.089844,0.822266,0.000000,31.872387,19.000000
4.302734,-0.142578,1.443359,0.000000,27.951845,19.000000
4.392578,-0.142578,1.292969,0.000000,31.411362,19.000000
4.466797,-0.000000,1.189453,0.000000,31.017471,19.000000
4.865234,-0.308594,0.853516,0.000000,30.881361,19.000000
4.945312,-0.623047,0.250000,0.000000,29.614210,19.000000
0.037109,-0.035156,0.064453,0.000000,30.077478,19.000000
0.044922,-0.046875,0.103516,0.000000,28.987251,19.000000
1.177734,-0.449219,0.355469,0.000000,21.398790,19.000000
1.236328,-0.464844,0.281250,0.000000,19.637878,19.000000
0.011719,-0.039062,-0.007812,0.000000,30.652061,20.000000
0.027344,-0.076172,-0.009766,0.000000,31.858253,20.000000
0.029297,-0.119141,-0.005859,0.000000,30.077478,20.000000
0.056641,-0.154297,0.007812,0.000000,25.352942,20.000000
0.291016,0.039062,-1.234375,0.000000,23.502480,20.000000
0.238281,0.041016,-1.287109,0.000000,24.329693,20.000000
0.458984,0.042969,1.269531,0.000000,22.455126,20.000000
2.636719,-0.175781,0.994141,0.000000,29.143431,20.000000
2.675781,-0.179688,1.003906,0.000000,32.494431,20.000000
2.771484,-0.089844,0.863281,0.000000,31.818436,20.000000
4.310547,-0.142578,1.421875,0.000000,27.951845,20.000000
4.398438,-0.142578,1.275391,0.000000,31.433271,20.000000
4.478516,-0.000000,1.148438,0.000000,31.139433,20.000000
4.828125,-0.308594,1.041016,0.000000,30.696680,20.000000
4.919922,-0.779297,0.310547,0.000000,29.415113,20.000000
0.037109,-0.035156,0.064453,0.000000,30.081741,20.000000
0.044922,-0.046875,0.103516,0.000000,28.998205,20.000000
1.234375,-0.464844,0.291016,0.000000,19.684830,20.000000
0.011719,-0.039062,-0.007812,0.000000,30.648323,21.000000
0.027344,-0.076172,-0.009766,0.000000,31.858253,21.000000
0.029297,-0.119141,-0.003906,0.000000,30.073210,21.000000
0.056641,-0.154297,0.007812,0.000000,25.352942,21.000000
0.298828,0.039062,-1.232422,0.000000,23.541084,21.000000
0.238281,0.041016,-1.287109,0.000000,24.361626,21.000000
0.470703,0.042969,1.265625,0.000000,22.455126,21.000000
2.677734,-0.179688,1.000000,0.000000,32.489536,21.000000
2.761719,-0.089844,0.892578,0.000000,31.818436,21.000000
4.316406,-0.142578,1.400391,0.000000,27.916906,21.000000
4.400391,-0.142578,1.269531,0.000000,31.420765,21.000000
4.464844,-0.000000,1.193359,0.000000,30.895519,21.000000
4.835938,-0.308594,1.007812,0.000000,30.948204,21.000000
4.917969,-0.779297,0.332031,0.000000,29.556877,21.000000
0.037109,-0.035156,0.064453,0.000000,30.077478,21.000000
0.044922,-0.046875,0.103516,0.000000,28.992731,21.000000
1.177734,-0.449219,0.349609,0.000000,21.398790,21.000000
1.230469,-0.464844,0.304688,0.000000,19.637878,21.000000
0.011719,-0.039062,-0.007812,0.000000,30.655798,22.000000
0.027344,-0.076172,-0.009766,0.000000,31.858253,22.000000
0.029297,-0.119141,-0.005859,0.000000,30.068937,22.000000
0.056641,-0.154297,0.007812,0.000000,25.340261,22.000000
0.304688,0.039062,-1.230469,0.000000,23.483049,22.000000
0.251953,0.041016,-1.283203,0.000000,24.329693,22.000000
0.447266,0.042969,1.273438,0.000000,22.479733,22.000000
2.240234,-0.000000,-0.197266,0.000000,26.589649,22.000000
2.636719,-0.175781,0.990234,0.000000,29.190781,22.000000
2.673828,-0.179688,1.009766,0.000000,32.513950,22.000000
2.771484,-0.089844,0.867188,0.000000,31.849752,22.000000
4.308594,-0.142578,1.427734,0.000000,28.007172,22.000000
4.396484,-0.142578,1.277344,0.000000,31.467480,22.000000
4.474609,-0.000000,1.164062,0.000000,31.095785,22.000000
4.837891,-0.308594,1.003906,0.000000,31.048285,22.000000
4.931641,-0.623047,0.435547,0.000000,29.717396,22.000000
0.037109,-0.035156,0.064453,0.000000,30.081741,22.000000
0.044922,-0.046875,0.103516,0.000000,28.998205,22.000000
1.175781,-0.449219,0.357422,0.000000,21.367207,22.000000
1.236328,-0.464844,0.281250,0.000000,19.637878,22.000000
0.011719,-0.039062,-0.007812,0.000000,30.655798,23.000000
0.027344,-0.076172,-0.009766,0.000000,31.861084,23.000000
0.029297,-0.119141,-0.003906,0.000000,30.073210,23.000000
0.056641,-0.154297,0.007812,0.000000,25.365585,23.000000
0.287109,0.039062,-1.234375,0.000000,23.521826,23.000000
0.208984,0.041016,-1.291016,0.000000,24.313637,23.000000
0.455078,0.042969,1.269531,0.000000,22.430380,23.000000
2.630859,-0.175781,1.005859,0.000000,29.314579,23.000000
2.671875,-0.179688,1.015625,0.000000,32.583977,23.000000
2.763672,-0.089844,0.890625,0.000000,31.906118,23.000000
4.312500,-0.142578,1.414062,0.000000,27.965744,23.000000
4.404297,-0.142578,1.255859,0.000000,31.467480,23.000000
4.482422,-0.000000,1.130859,0.000000,31.176027,23.000000
4.826172,-0.308594,1.056641,0.000000,30.326187,23.000000
4.917969,-0.779297,0.337891,0.000000,29.074114,23.000000
0.037109,-0.035156,0.064453,0.000000,30.081741,23.000000
0.046875,-0.046875,0.103516,0.000000,28.992731,23.000000
1.177734,-0.449219,0.353516,0.000000,21.335388,23.000000
1.234375,-0.464844,0.289062,0.000000,19.542425,23.000000
0.011719,-0.039062,-0.007812,0.000000,30.652061,24.000000
0.027344,-0.076172,-0.009766,0.000000,31.858253,24.000000
0.029297,-0.119141,-0.003906,0.000000,30.073210,24.000000
0.056641,-0.154297,0.007812,0.000000,25.352942,24.000000
0.265625,0.039062,-1.240234,0.000000,23.560259,24.000000
0.203125,0.041016,-1.292969,0.000000,24.361626,24.000000
0.468750,0.042969,1.265625,0.000000,22.455126,24.000000
2.619141,-0.175781,1.035156,0.000000,29.294189,24.000000
2.660156,-0.179688,1.046875,0.000000,32.567177,24.000000
2.751953,-0.089844,0.925781,0.000000,31.852587,24.000000
4.318359,-0.142578,1.394531,0.000000,27.979597,24.000000
4.402344,-0.142578,1.259766,0.000000,31.433271,24.000000
4.478516,-0.000000,1.144531,0.000000,31.017471,24.000000
4.851562,-0.464844,0.867188,0.000000,30.220158,24.000000
4.919922,-0.779297,0.289062,0.000000,29.289078,24.000000
0.037109,-0.035156,0.064453,0.000000,30.077478,24.000000
0.046875,-0.046875,0.103516,0.000000,28.992731,24.000000
1.179688,-0.449219,0.345703,0.000000,21.398790,24.000000
1.236328,-0.464844,0.277344,0.000000,19.590414,24.000000
0.011719,-0.039062,-0.007812,0.000000,30.652061,25.000000
0.027344,-0.076172,-0.009766,0.000000,31.858253,25.000000
0.029297,-0.119141,-0.005859,0.000000,30.068937,25.000000
0.056641,-0.154297,0.007812,0.000000,25.352942,25.000000
0.259766,0.039062,-1.240234,0.000000,23.483049,25.000000
0.205078,0.041016,-1.292969,0.000000,24.313637,25.000000
0.462891,0.042969,1.267578,0.000000,22.430380,25.000000
2.400391,0.226562,0.093750,0.000000,26.963564,25.000000
2.433594,0.306641,-0.058594,0.000000,28.068581,25.000000
2.644531,-0.175781,0.968750,0.000000,29.350031,25.000000
2.675781,-0.179688,1.003906,0.000000,32.569580,25.000000
2.765625,-0.089844,0.882812,0.000000,31.872387,25.000000
4.312500,-0.142578,1.416016,0.000000,27.759743,25.000000
4.404297,-0.142578,1.255859,0.000000,31.264561,25.000000
4.478516,-0.000000,1.142578,0.000000,30.831442,25.000000
4.902344,-0.935547,-0.029297,0.000000,29.057959,25.000000
0.037109,-0.035156,0.064453,0.000000,30.077478,25.000000
0.044922,-0.046875,0.103516,0.000000,28.992731,25.000000
1.181641,-0.449219,0.339844,0.000000,21.367207,25.000000
1.240234,-0.464844,0.261719,0.000000,19.684830,25.000000
0.011719,-0.039062,-0.007812,0.000000,30.659531,26.000000
0.027344,-0.076172,-0.009766,0.000000,31.863913,26.000000
0.029297,-0.119141,-0.005859,0.000000,30.077478,26.000000
0.056641,-0.154297,0.007812,0.000000,25.340261,26.000000
0.242188,0.039062,-1.244141,0.000000,23.521826,26.000000
0.199219,0.041016,-1.292969,0.000000,24.313637,26.000000
0.447266,0.042969,1.273438,0.000000,22.380461,26.000000
2.203125,-0.000000,-0.160156,0.000000,28.937618,26.000000
2.246094,-0.000000,-0.134766,0.000000,29.867718,26.000000
2.287109,-0.072266,-0.087891,0.000000,26.866364,26.000000
2.607422,-0.175781,1.066406,0.000000,29.299295,26.000000
2.644531,-0.179688,1.083984,0.000000,32.547897,26.000000
2.722656,-0.089844,1.009766,0.000000,31.824146,26.000000
4.316406,-0.142578,1.400391,0.000000,28.221682,26.000000
4.404297,-0.142578,1.251953,0.000000,31.699682,26.000000
4.476562,-0.000000,1.152344,0.000000,31.283993,26.000000
0.037109,-0.035156,0.064453,0.000000,30.081741,26.000000
0.046875,-0.046875,0.103516,0.000000,28.998205,26.000000
1.177734,-0.449219,0.351562,0.000000,21.335388,26.000000
1.230469,-0.464844,0.304688,0.000000,19.542425,26.000000
0.011719,-0.039062,-0.007812,0.000000,30.659531,27.000000
0.027344,-0.076172,-0.009766,0.000000,31.858253,27.000000
0.029297,-0.119141,-0.005859,0.000000,30.068937,27.000000
0.056641,-0.154297,0.007812,0.000000,25.340261,27.000000
0.283203,0.039062,-1.236328,0.000000,23.521826,27.000000
0.212891,0.041016,-1.291016,0.000000,24.361626,27.000000
0.453125,0.042969,1.271484,0.000000,22.479733,27.000000
2.199219,-0.000000,-0.208984,0.000000,29.604708,27.000000
2.238281,-0.070312,-0.210938,0.000000,30.603201,27.000000
2.277344,-0.000000,-0.242188,0.000000,28.122446,27.000000
2.615234,-0.175781,1.046875,0.000000,29.380192,27.000000
2.664062,-0.179688,1.035156,0.000000,32.648178,27.000000
2.750000,-0.089844,0.931641,0.000000,31.978317,27.000000
4.320312,-0.142578,1.390625,0.000000,28.234743,27.000000
4.406250,-0.142578,1.250000,0.000000,31.705551,27.000000
4.478516,-0.000000,1.146484,0.000000,31.341770,27.000000
0.037109,-0.035156,0.064453,0.000000,30.081741,27.000000
0.044922,-0.046875,0.103516,0.000000,28.998205,27.000000
1.179688,-0.449219,0.341797,0.000000,21.430147,27.000000
1.238281,-0.464844,0.271484,0.000000,19.731279,27.000000
0.011719,-0.039062,-0.007812,0.000000,30.663260,28.000000
0.027344,-0.076172,-0.009766,0.000000,31.861084,28.000000
0.029297,-0.119141,-0.005859,0.000000,30.073210,28.000000
0.056641,-0.154297,0.007812,0.000000,25.352942,28.000000
0.279297,0.039062,-1.236328,0.000000,23.502480,28.000000
0.216797,0.041016,-1.291016,0.000000,24.329693,28.000000
0.474609,0.042969,1.263672,0.000000,22.430380,28.000000
2.205078,-0.068359,-0.099609,0.000000,27.979597,28.000000
2.248047,-0.070312,-0.082031,0.000000,29.527924,28.000000
2.289062,-0.072266,-0.074219,0.000000,27.201593,28.000000
2.607422,-0.175781,1.064453,0.000000,29.263424,28.000000
2.687500,-0.089844,0.986328,0.000000,32.583977,28.000000
2.738281,-0.089844,0.962891,0.000000,31.897709,28.000000
4.314453,-0.142578,1.410156,0.000000,28.267225,28.000000
4.404297,-0.142578,1.251953,0.000000,31.726028,28.000000
4.478516,-0.000000,1.140625,0.000000,31.325798,28.000000
4.867188,-1.091797,-0.179688,0.000000,29.132839,28.000000
0.037109,-0.035156,0.064453,0.000000,30.077478,28.000000
0.046875,-0.046875,0.103516,0.000000,28.992731,28.000000
1.177734,-0.449219,0.353516,0.000000,21.367207,28.000000
1.232422,-0.464844,0.294922,0.000000,19.590414,28.000000
0.011719,-0.039062,-0.007812,0.000000,30.659531,29.000000
0.027344,-0.076172,-0.009766,0.000000,31.861084,29.000000
0.029297,-0.119141,-0.005859,0.000000,30.073210,29.000000
0.056641,-0.154297,0.007812,0.000000,25.340261,29.000000
0.242188,0.039062,-1.244141,0.000000,23.521826,29.000000
0.193359,0.041016,-1.294922,0.000000,24.345690,29.000000
0.453125,0.042969,1.271484,0.000000,22.479733,29.000000
2.183594,-0.068359,-0.328125,0.000000,28.796692,29.000000
2.226562,-0.000000,-0.322266,0.000000,30.182842,29.000000
2.263672,-0.000000,-0.351562,0.000000,29.036325,29.000000
2.289062,0.072266,-0.433594,0.000000,26.589649,29.000000
2.367188,0.537109,0.357422,0.000000,29.439888,29.000000
2.613281,-0.175781,1.052734,0.000000,29.329807,29.000000
2.654297,-0.179688,1.058594,0.000000,32.583977,29.000000
2.742188,-0.089844,0.953125,0.000000,31.855421,29.000000
4.300781,-0.142578,1.449219,0.000000,27.774269,29.000000
4.400391,-0.142578,1.269531,0.000000,31.309767,29.000000
4.478516,-0.000000,1.144531,0.000000,30.906107,29.000000
0.037109,-0.035156,0.064453,0.000000,30.081741,29.000000
0.046875,-0.046875,0.103516,0.000000,28.998205,29.000000
1.177734,-0.449219,0.353516,0.000000,21.398790,29.000000
1.232422,-0.464844,0.300781,0.000000,19.684830,29.000000
0.011719,-0.039062,-0.007812,0.000000,30.655798,30.000000
0.027344,-0.076172,-0.009766,0.000000,31.858253,30.000000
0.029297,-0.119141,-0.005859,0.000000,30.068937,30.000000
0.056641,-0.154297,0.007812,0.000000,25.340261,30.000000
0.261719,0.039062,-1.240234,0.000000,23.521826,30.000000
0.197266,0.041016,-1.292969,0.000000,24.345690,30.000000
0.472656,0.042969,1.263672,0.000000,22.430380,30.000000
2.226562,-0.000000,-0.328125,0.000000,26.599161,30.000000
2.636719,-0.175781,0.992188,0.000000,29.196011,30.000000
2.705078,-0.089844,0.935547,0.000000,32.516380,30.000000
2.761719,-0.089844,0.892578,0.000000,31.795517,30.000000
4.322266,-0.142578,1.380859,0.000000,27.993406,30.000000
4.406250,-0.142578,1.246094,0.000000,31.467480,30.000000
4.480469,-0.000000,1.140625,0.000000,31.112625,30.000000
4.853516,-0.308594,0.921875,0.000000,30.068937,30.000000
4.921875,-0.779297,0.279297,0.000000,29.206450,30.000000
0.037109,-0.035156,0.064453,0.000000,30.081741,30.000000
0.044922,-0.046875,0.103516,0.000000,28.998205,30.000000
1.179688,-0.449219,0.347656,0.000000,21.461281,30.000000
1.236328,-0.464844,0.279297,0.000000,19.731279,30.000000
0.011719,-0.039062,-0.007812,0.000000,30.666985,31.000000
0.027344,-0.076172,-0.009766,0.000000,31.861084,31.000000
0.029297,-0.119141,-0.005859,0.000000,30.077478,31.000000
0.056641,-0.154297,0.007812,0.000000,25.352942,31.000000
0.300781,0.039062,-1.230469,0.000000,23.483049,31.000000
0.214844,0.041016,-1.291016,0.000000,24.329693,31.000000
0.464844,0.042969,1.267578,0.000000,22.430380,31.000000
2.242188,-0.070312,-0.183594,0.000000,28.344208,31.000000
2.634766,-0.175781,0.998047,0.000000,29.365137,31.000000
2.681641,-0.179688,0.988281,0.000000,32.591160,31.000000
2.781250,-0.089844,0.832031,0.000000,31.922886,31.000000
4.318359,-0.142578,1.394531,0.000000,28.000294,31.000000
4.400391,-0.142578,1.265625,0.000000,31.507565,31.000000
4.468750,-0.000000,1.179688,0.000000,31.078880,31.000000
4.833984,-0.154297,1.054688,0.000000,30.068937,31.000000
4.923828,-0.779297,0.232422,0.000000,28.609365,31.000000
0.037109,-0.035156,0.064453,0.000000,30.081741,31.000000
0.044922,-0.046875,0.103516,0.000000,28.998205,31.000000
1.232422,-0.464844,0.292969,0.000000,19.590414,31.000000
0.011719,-0.039062,-0.007812,0.000000,30.659531,32.000000
0.027344,-0.076172,-0.009766,0.000000,31.858253,32.000000
0.029297,-0.119141,-0.005859,0.000000,30.068937,32.000000
0.056641,-0.154297,0.007812,0.000000,25.340261,32.000000
0.287109,0.039062,-1.234375,0.000000,23.502480,32.000000
0.226562,0.041016,-1.289062,0.000000,24.297523,32.000000
0.476562,0.042969,1.261719,0.000000,22.405493,32.000000
2.277344,-0.142578,-0.207031,0.000000,27.634279,32.000000
2.296875,-0.218750,-0.335938,0.000000,26.655809,32.000000
2.328125,-0.371094,-0.265625,0.000000,26.830471,32.000000
2.623047,-0.175781,1.027344,0.000000,29.100906,32.000000
2.695312,-0.089844,0.962891,0.000000,32.479733,32.000000
2.746094,-0.089844,0.941406,0.000000,31.812717,32.000000
4.316406,-0.142578,1.404297,0.000000,27.993406,32.000000
4.400391,-0.142578,1.267578,0.000000,31.522884,32.000000
4.474609,-0.000000,1.160156,0.000000,31.235250,32.000000
4.841797,-0.308594,0.978516,0.000000,30.906107,32.000000
4.931641,-0.623047,0.453125,0.000000,29.532763,32.000000
2.343750,0.376953,0.433594,-0.614669,27.283537,32.000000
0.037109,-0.035156,0.064453,0.000000,30.077478,32.000000
0.044922,-0.046875,0.103516,0.000000,28.992731,32.000000
1.175781,-0.449219,0.361328,0.000000,21.367207,32.000000
1.230469,-0.464844,0.304688,0.000000,19.637878,32.000000
2.099609,0.445312,1.009766,0.000000,25.118834,32.000000
2.283203,-0.453125,-0.634766,-0.614669,27.007038,32.000000
0.011719,-0.039062,-0.007812,0.000000,30.663260,33.000000
0.027344,-0.076172,-0.009766,0.000000,31.861084,33.000000
0.029297,-0.119141,-0.005859,0.000000,30.073210,33.000000
0.056641,-0.154297,0.007812,0.000000,25.352942,33.000000
0.279297,0.039062,-1.236328,0.000000,23.483049,33.000000
0.236328,0.041016,-1.287109,0.000000,24.297523,33.000000
0.451172,0.042969,1.271484,0.000000,22.405493,33.000000
2.183594,-0.000000,-0.335938,0.000000,27.759743,33.000000
2.228516,-0.000000,-0.316406,0.000000,30.499929,33.000000
2.267578,-0.000000,-0.324219,0.000000,29.633156,33.000000
2.607422,-0.175781,1.068359,0.000000,29.242792,33.000000
2.650391,-0.179688,1.070312,0.000000,32.571983,33.000000
2.730469,-0.089844,0.986328,0.000000,31.953461,33.000000
4.314453,-0.000000,1.414062,0.000000,27.958799,33.000000
4.394531,-0.142578,1.285156,0.000000,31.433271,33.000000
4.466797,-0.000000,1.187500,0.000000,31.010593,33.000000
4.826172,-0.154297,1.089844,0.000000,30.806265,33.000000
4.935547,-0.623047,0.396484,0.000000,28.876173,33.000000
0.037109,-0.035156,0.064453,0.000000,30.081741,33.000000
0.046875,-0.046875,0.103516,0.000000,28.992731,33.000000
1.171875,-0.449219,0.369141,0.000000,21.335388,33.000000
1.224609,-0.464844,0.330078,0.000000,19.542425,33.000000
0.011719,-0.039062,-0.007812,0.000000,30.659531,34.000000
0.027344,-0.076172,-0.009766,0.000000,31.861084,34.000000
0.029297,-0.119141,-0.005859,0.000000,30.073210,34.000000
0.056641,-0.154297,0.007812,0.000000,25.352942,34.000000
0.291016,0.039062,-1.234375,0.000000,23.502480,34.000000
0.228516,0.041016,-1.289062,0.000000,24.313637,34.000000
0.464844,0.042969,1.265625,0.000000,22.430380,34.000000
2.228516,-0.070312,-0.302734,0.000000,26.730209,34.000000
2.630859,-0.175781,1.007812,0.000000,29.253120,34.000000
2.660156,-0.179688,1.044922,0.000000,32.547897,34.000000
2.759766,-0.089844,0.898438,0.000000,31.869564,34.000000
4.304688,-0.142578,1.439453,0.000000,27.767012,34.000000
4.394531,-0.142578,1.287109,0.000000,31.280760,34.000000
4.451172,-0.144531,1.236328,0.000000,30.629578,34.000000
4.841797,-0.308594,0.978516,0.000000,30.852905,34.000000
4.925781,-0.779297,0.183594,0.000000,28.937618,34.000000
0.037109,-0.035156,0.064453,0.000000,30.086002,34.000000
0.044922,-0.046875,0.103516,0.000000,28.998205,34.000000
1.173828,-0.449219,0.361328,0.000000,21.335388,34.000000
1.234375,-0.464844,0.287109,0.000000,19.590414,34.000000
0.011719,-0.039062,-0.007812,0.000000,30.659531,35.000000
0.027344,-0.076172,-0.009766,0.000000,31.858253,35.000000
0.029297,-0.119141,-0.005859,0.000000,30.073210,35.000000
0.056641,-0.154297,0.007812,0.000000,25.352942,35.000000
0.271484,0.039062,-1.238281,0.000000,23.521826,35.000000
0.234375,0.041016,-1.287109,0.000000,24.345690,35.000000
0.445312,0.042969,1.273438,0.000000,22.455126,35.000000
2.580078,-0.175781,1.128906,0.000000,29.314579,35.000000
2.654297,-0.179688,1.056641,0.000000,32.704460,35.000000
2.761719,-0.089844,0.892578,0.000000,32.079037,35.000000
4.316406,-0.142578,1.400391,0.000000,28.061800,35.000000
4.404297,-0.142578,1.255859,0.000000,31.589653,35.000000
4.482422,-0.000000,1.125000,0.000000,31.436392,35.000000
4.578125,0.146484,0.875000,0.000000,29.253120,35.000000
4.847656,-0.308594,0.945312,0.000000,30.595634,35.000000
4.923828,-0.779297,0.212891,0.000000,29.513374,35.000000
0.037109,-0.035156,0.064453,0.000000,30.086002,35.000000
0.044922,-0.046875,0.103516,0.000000,28.998205,35.000000
1.173828,-0.449219,0.361328,0.000000,21.430147,35.000000
1.230469,-0.464844,0.304688,0.000000,19.684830,35.000000
0.011719,-0.039062,-0.007812,0.000000,30.655798,36.000000
0.027344,-0.076172,-0.009766,0.000000,31.858253,36.000000
0.029297,-0.119141,-0.003906,0.000000,30.073210,36.000000
0.056641,-0.154297,0.007812,0.000000,25.352942,36.000000
0.310547,0.039062,-1.228516,0.000000,23.521826,36.000000
0.248047,0.041016,-1.285156,0.000000,24.345690,36.000000
0.439453,0.042969,1.275391,0.000000,22.430380,36.000000
2.224609,-0.000000,-0.335938,0.000000,27.649229,36.000000
2.621094,-0.175781,1.035156,0.000000,29.365137,36.000000
2.669922,-0.179688,1.021484,0.000000,32.643456,36.000000
2.765625,-0.089844,0.880859,0.000000,31.956230,36.000000
4.324219,-0.142578,1.376953,0.000000,27.930916,36.000000
4.410156,-0.142578,1.232422,0.000000,31.411362,36.000000
4.488281,-0.000000,1.103516,0.000000,31.014034,36.000000
4.847656,-0.308594,0.955078,0.000000,31.027765,36.000000
4.929688,-0.623047,0.460938,0.000000,29.268568,36.000000
0.037109,-0.035156,0.064453,0.000000,30.081741,36.000000
0.046875,-0.046875,0.103516,0.000000,28.992731,36.000000
1.177734,-0.449219,0.355469,0.000000,21.367207,36.000000
1.230469,-0.464844,0.304688,0.000000,19.637878,36.000000
0.011719,-0.039062,-0.007812,0.000000,30.659531,37.000000
0.027344,-0.076172,-0.009766,0.000000,31.858253,37.000000
0.029297,-0.119141,-0.005859,0.000000,30.073210,37.000000
0.056641,-0.154297,0.007812,0.000000,25.340261,37.000000
0.269531,0.039062,-1.238281,0.000000,23.521826,37.000000
0.224609,0.041016,-1.289062,0.000000,24.361626,37.000000
0.443359,0.042969,1.275391,0.000000,22.479733,37.000000
2.613281,-0.175781,1.052734,0.000000,29.294189,37.000000
2.667969,-0.179688,1.025391,0.000000,32.648178,37.000000
2.761719,-0.089844,0.892578,0.000000,31.953461,37.000000
4.310547,-0.142578,1.419922,0.000000,27.958799,37.000000
4.400391,-0.142578,1.265625,0.000000,31.458178,37.000000
4.464844,-0.000000,1.197266,0.000000,30.951693,37.000000
4.818359,-0.154297,1.125000,0.000000,30.507664,37.000000
4.917969,-0.779297,0.332031,0.000000,29.425041,37.000000
0.037109,-0.035156,0.064453,0.000000,30.081741,37.000000
0.046875,-0.046875,0.103516,0.000000,28.992731,37.000000
1.234375,-0.464844,0.291016,0.000000,19.637878,37.000000
0.011719,-0.039062,-0.007812,0.000000,30.652061,38.000000
0.027344,-0.076172,-0.009766,0.000000,31.858253,38.000000
0.029297,-0.119141,-0.003906,0.000000,30.073210,38.000000
0.056641,-0.154297,0.007812,0.000000,25.352942,38.000000
0.296875,0.039062,-1.232422,0.000000,23.502480,38.000000
0.240234,0.041016,-1.285156,0.000000,24.329693,38.000000
0.435547,0.042969,1.277344,0.000000,22.430380,38.000000
2.179688,-0.068359,-0.353516,0.000000,28.286598,38.000000
2.220703,-0.070312,-0.349609,0.000000,28.280151,38.000000
2.619141,-0.175781,1.039062,0.000000,29.283958,38.000000
2.662109,-0.179688,1.039062,0.000000,32.555138,38.000000
2.763672,-0.089844,0.888672,0.000000,31.858253,38.000000
4.328125,-0.000000,1.375000,0.000000,28.122446,38.000000
4.408203,-0.142578,1.238281,0.000000,31.479853,38.000000
4.482422,-0.000000,1.132812,0.000000,31.031193,38.000000
4.857422,-0.308594,0.898438,0.000000,30.820669,38.000000
4.931641,-0.623047,0.431641,0.000000,29.518230,38.000000
0.037109,-0.035156,0.064453,0.000000,30.081741,38.000000
0.046875,-0.046875,0.103516,0.000000,28.992731,38.000000
1.175781,-0.449219,0.357422,0.000000,21.367207,38.000000
1.226562,-0.464844,0.316406,0.000000,19.590414,38.000000
0.011719,-0.039062,-0.007812,0.000000,30.652061,39.000000
0.027344,-0.076172,-0.009766,0.000000,31.858253,39.000000
0.029297,-0.119141,-0.005859,0.000000,30.077478,39.000000
0.056641,-0.154297,0.007812,0.000000,25.352942,39.000000
0.265625,0.039062,-1.240234,0.000000,23.541084,39.000000
0.224609,0.041016,-1.289062,0.000000,24.361626,39.000000
0.472656,0.042969,1.263672,0.000000,22.479733,39.000000
2.160156,-0.000000,-0.187500,0.000000,26.919651,39.000000
2.201172,-0.068359,-0.181641,0.000000,31.061909,39.000000
2.242188,-0.000000,-0.197266,0.000000,31.528996,39.000000
2.277344,-0.000000,-0.255859,0.000000,29.063351,39.000000
2.675781,-0.179688,1.001953,0.000000,32.555138,39.000000
2.757812,-0.089844,0.904297,0.000000,31.917303,39.000000
4.316406,-0.142578,1.398438,0.000000,27.759743,39.000000
4.404297,-0.142578,1.253906,0.000000,31.341770,39.000000
4.482422,-0.000000,1.130859,0.000000,31.109262,39.000000
0.037109,-0.035156,0.064453,0.000000,30.081741,39.000000
0.044922,-0.046875,0.103516,0.000000,28.992731,39.000000
1.236328,-0.464844,0.281250,0.000000,19.637878,39.000000
0.011719,-0.039062,-0.007812,0.000000,30.663260,40.000000
0.027344,-0.076172,-0.009766,0.000000,31.863913,40.000000
0.029297,-0.119141,-0.005859,0.000000,30.077478,40.000000
0.056641,-0.154297,0.007812,0.000000,25.352942,40.000000
0.271484,0.039062,-1.238281,0.000000,23.483049,40.000000
0.207031,0.041016,-1.291016,0.000000,24.345690,40.000000
0.472656,0.042969,1.263672,0.000000,22.455126,40.000000
2.207031,-0.068359,-0.056641,0.000000,28.394781,40.000000
2.246094,-0.070312,-0.113281,0.000000,28.767950,40.000000
2.591797,-0.175781,1.105469,0.000000,29.319662,40.000000
2.646484,-0.179688,1.078125,0.000000,32.667019,40.000000
2.748047,-0.089844,0.935547,0.000000,32.079037,40.000000
4.302734,-0.142578,1.445312,0.000000,27.888752,40.000000
4.398438,-0.142578,1.275391,0.000000,31.451963,40.000000
4.472656,-0.000000,1.166016,0.000000,31.082266,40.000000
4.869141,-1.091797,-0.101562,0.000000,29.614210,40.000000
0.037109,-0.035156,0.064453,0.000000,30.081741,40.000000
0.044922,-0.046875,0.103516,0.000000,28.992731,40.000000
1.179688,-0.449219,0.341797,0.000000,21.367207,40.000000
1.242188,-0.464844,0.253906,0.000000,19.590414,40.000000
3.712891,-1.703125,-1.982422,0.000000,24.927605,40.000000
0.011719,-0.039062,-0.007812,0.000000,30.659531,41.000000
0.027344,-0.076172,-0.009766,0.000000,31.861084,41.000000
0.029297,-0.119141,-0.003906,0.000000,30.077478,41.000000
0.056641,-0.154297,0.007812,0.000000,25.352942,41.000000
0.246094,0.039062,-1.244141,0.000000,23.521826,41.000000
0.173828,0.041016,-1.296875,0.000000,24.361626,41.000000
0.503906,0.042969,1.251953,0.000000,22.455126,41.000000
2.203125,-0.068359,-0.128906,0.000000,30.476643,41.000000
2.246094,-0.070312,-0.107422,0.000000,30.941216,41.000000
2.287109,-0.072266,-0.119141,0.000000,29.283958,41.000000
2.326172,-0.072266,-0.144531,0.000000,27.250946,41.000000
2.636719,-0.175781,0.992188,0.000000,29.299295,41.000000
2.701172,-0.089844,0.943359,0.000000,32.588768,41.000000
2.759766,-0.089844,0.902344,0.000000,31.897709,41.000000
4.302734,-0.142578,1.443359,0.000000,28.034571,41.000000
4.400391,-0.142578,1.269531,0.000000,31.577589,41.000000
4.476562,-0.000000,1.150391,0.000000,31.205740,41.000000
0.037109,-0.035156,0.064453,0.000000,30.081741,41.000000
0.044922,-0.046875,0.103516,0.000000,28.992731,41.000000
1.177734,-0.449219,0.349609,0.000000,21.398790,41.000000
1.236328,-0.464844,0.277344,0.000000,19.684830,41.000000
0.011719,-0.039062,-0.007812,0.000000,30.655798,42.000000
0.027344,-0.076172,-0.009766,0.000000,31.858253,42.000000
0.029297,-0.119141,-0.005859,0.000000,30.077478,42.000000
0.056641,-0.154297,0.007812,0.000000,25.352942,42.000000
0.269531,0.039062,-1.238281,0.000000,23.521826,42.000000
0.195312,0.041016,-1.292969,0.000000,24.345690,42.000000
0.460938,0.042969,1.267578,0.000000,22.430380,42.000000
2.371094,0.453125,-0.042969,0.000000,27.649229,42.000000
2.408203,0.460938,-0.093750,0.000000,27.895807,42.000000
2.595703,-0.175781,1.097656,0.000000,29.360107,42.000000
2.644531,-0.179688,1.085938,0.000000,32.562366,42.000000
2.736328,-0.089844,0.968750,0.000000,31.728947,42.000000
4.298828,-0.142578,1.453125,0.000000,27.810369,42.000000
4.398438,-0.142578,1.277344,0.000000,31.344959,42.000000
4.476562,-0.000000,1.152344,0.000000,30.993353,42.000000
0.037109,-0.035156,0.064453,0.000000,30.081741,42.000000
0.044922,-0.046875,0.103516,0.000000,28.998205,42.000000
1.179688,-0.449219,0.347656,0.000000,21.367207,42.000000
1.236328,-0.464844,0.279297,0.000000,19.590414,42.000000
0.011719,-0.039062,-0.007812,0.000000,30.655798,43.000000
0.027344,-0.076172,-0.009766,0.000000,31.858253,43.000000
0.029297,-0.119141,-0.005859,0.000000,30.073210,43.000000
0.056641,-0.154297,0.007812,0.000000,25.352942,43.000000
0.273438,0.039062,-1.238281,0.000000,23.502480,43.000000
0.183594,0.041016,-1.294922,0.000000,24.329693,43.000000
0.480469,0.042969,1.261719,0.000000,22.430380,43.000000
2.193359,-0.068359,-0.253906,0.000000,30.153597,43.000000
2.232422,-0.070312,-0.275391,0.000000,30.354298,43.000000
2.267578,-0.000000,-0.318359,0.000000,27.347998,43.000000
2.609375,-0.175781,1.060547,0.000000,29.227255,43.000000
2.656250,-0.179688,1.056641,0.000000,32.591160,43.000000
2.746094,-0.089844,0.943359,0.000000,31.922886,43.000000
4.300781,-0.142578,1.449219,0.000000,27.846172,43.000000
4.388672,-0.142578,1.306641,0.000000,31.379868,43.000000
4.464844,-0.000000,1.199219,0.000000,31.126051,43.000000
4.841797,-0.308594,0.980469,0.000000,29.385197,43.000000
4.902344,-0.935547,-0.007812,0.000000,29.222063,43.000000
0.037109,-0.035156,0.064453,0.000000,30.077478,43.000000
0.046875,-0.046875,0.103516,0.000000,28.987251,43.000000
1.175781,-0.449219,0.359375,0.000000,21.398790,43.000000
1.234375,-0.464844,0.285156,0.000000,19.637878,43.000000
0.011719,-0.039062,-0.007812,0.000000,30.655798,44.000000
0.027344,-0.076172,-0.009766,0.000000,31.858253,44.000000
0.029297,-0.119141,-0.005859,0.000000,30.068937,44.000000
0.056641,-0.154297,0.007812,0.000000,25.327543,44.000000
0.267578,0.039062,-1.238281,0.000000,23.502480,44.000000
0.203125,0.041016,-1.292969,0.000000,24.329693,44.000000
0.449219,0.042969,1.273438,0.000000,22.455126,44.000000
2.623047,-0.175781,1.027344,0.000000,29.355072,44.000000
2.656250,-0.179688,1.056641,0.000000,32.706787,44.000000
2.748047,-0.089844,0.933594,0.000000,32.100510,44.000000
4.292969,-0.142578,1.472656,0.000000,27.930916,44.000000
4.392578,-0.142578,1.294922,0.000000,31.448854,44.000000
4.466797,-0.000000,1.191406,0.000000,31.003706,44.000000
4.824219,-0.154297,1.095703,0.000000,30.519239,44.000000
4.923828,-0.779297,0.236328,0.000000,29.206450,44.000000
0.037109,-0.035156,0.064453,0.000000,30.081741,44.000000
0.044922,-0.046875,0.103516,0.000000,28.992731,44.000000
1.181641,-0.449219,0.341797,0.000000,21.398790,44.000000
1.234375,-0.464844,0.285156,0.000000,19.684830,44.000000
0.011719,-0.039062,-0.007812,0.000000,30.659531,45.000000
0.027344,-0.076172,-0.009766,0.000000,31.861084,45.000000
0.029297,-0.119141,-0.005859,0.000000,30.073210,45.000000
0.056641,-0.154297,0.007812,0.000000,25.340261,45.000000
0.273438,0.039062,-1.238281,0.000000,23.502480,45.000000
0.179688,0.041016,-1.294922,0.000000,24.345690,45.000000
0.466797,0.042969,1.265625,0.000000,22.455126,45.000000
2.615234,-0.175781,1.048828,0.000000,29.201233,45.000000
2.652344,-0.179688,1.062500,0.000000,32.533379,45.000000
2.738281,-0.089844,0.964844,0.000000,31.829849,45.000000
4.300781,-0.142578,1.449219,0.000000,27.895807,45.000000
4.396484,-0.142578,1.279297,0.000000,31.423895,45.000000
4.472656,-0.000000,1.166016,0.000000,31.068705,45.000000
4.826172,-0.308594,1.054688,0.000000,30.402067,45.000000
4.917969,-0.623047,0.568359,0.000000,29.216866,45.000000
0.037109,-0.035156,0.064453,0.000000,30.086002,45.000000
0.046875,-0.046875,0.103516,0.000000,28.998205,45.000000
1.175781,-0.449219,0.357422,0.000000,21.398790,45.000000
1.232422,-0.464844,0.300781,0.000000,19.684830,45.000000
0.011719,-0.039062,-0.007812,0.000000,30.652061,46.000000
0.027344,-0.076172,-0.009766,0.000000,31.858253,46.000000
0.029297,-0.119141,-0.005859,0.000000,30.073210,46.000000
0.056641,-0.154297,0.007812,0.000000,25.340261,46.000000
0.257812,0.039062,-1.240234,0.000000,23.541084,46.000000
0.203125,0.041016,-1.292969,0.000000,24.361626,46.000000
0.439453,0.042969,1.275391,0.000000,22.504200,46.000000
2.302734,0.376953,-0.619141,0.000000,26.776070,46.000000
2.396484,0.306641,-0.433594,0.000000,27.543484,46.000000
2.626953,-0.175781,1.015625,0.000000,29.164539,46.000000
2.677734,-0.179688,0.996094,0.000000,32.538223,46.000000
2.769531,-0.089844,0.871094,0.000000,31.878027,46.000000
4.292969,-0.142578,1.470703,0.000000,27.831886,46.000000
4.384766,-0.142578,1.320312,0.000000,31.364035,46.000000
4.462891,-0.000000,1.201172,0.000000,31.105898,46.000000
4.824219,-0.308594,1.062500,0.000000,30.993353,46.000000
4.925781,-0.623047,0.500000,0.000000,29.547249,46.000000
0.037109,-0.035156,0.064453,0.000000,30.086002,46.000000
0.046875,-0.046875,0.103516,0.000000,28.998205,46.000000
1.177734,-0.449219,0.355469,0.000000,21.398790,46.000000
1.232422,-0.464844,0.294922,0.000000,19.684830,46.000000
1.951172,-0.453125,1.345703,0.000000,23.856062,46.000000
0.011719,-0.039062,-0.007812,0.000000,30.652061,47.000000
0.027344,-0.076172,-0.009766,0.000000,31.858253,47.000000
0.029297,-0.119141,-0.003906,0.000000,30.068937,47.000000
0.056641,-0.154297,0.007812,0.000000,25.340261,47.000000
0.265625,0.039062,-1.240234,0.000000,23.483049,47.000000
0.201172,0.041016,-1.292969,0.000000,24.329693,47.000000
0.457031,0.042969,1.269531,0.000000,22.455126,47.000000
2.183594,-0.068359,-0.322266,0.000000,27.041506,47.000000
2.232422,-0.000000,-0.281250,0.000000,26.848454,47.000000
2.613281,-0.175781,1.052734,0.000000,29.375179,47.000000
2.660156,-0.179688,1.044922,0.000000,32.657608,47.000000
2.748047,-0.089844,0.933594,0.000000,31.942368,47.000000
4.291016,-0.142578,1.480469,0.000000,27.824726,47.000000
4.386719,-0.142578,1.314453,0.000000,31.379868,47.000000
4.480469,-0.000000,1.140625,0.000000,31.267805,47.000000
4.595703,0.146484,0.777344,0.000000,28.981766,47.000000
4.839844,-0.308594,0.986328,0.000000,30.860037,47.000000
4.931641,-0.623047,0.439453,0.000000,29.425041,47.000000
0.037109,-0.035156,0.064453,0.000000,30.081741,47.000000
0.044922,-0.046875,0.103516,0.000000,28.998205,47.000000
1.230469,-0.464844,0.302734,0.000000,19.542425,47.000000
0.011719,-0.039062,-0.007812,0.000000,30.655798,48.000000
0.027344,-0.076172,-0.009766,0.000000,31.861084,48.000000
0.029297,-0.119141,-0.005859,0.000000,30.077478,48.000000
0.056641,-0.154297,0.007812,0.000000,25.352942,48.000000
0.267578,0.039062,-1.238281,0.000000,23.541084,48.000000
0.179688,0.041016,-1.294922,0.000000,24.345690,48.000000
0.476562,0.042969,1.261719,0.000000,22.430380,48.000000
2.347656,0.226562,-0.509766,0.000000,27.267273,48.000000
2.617188,-0.175781,1.042969,0.000000,29.365137,48.000000
2.693359,-0.089844,0.968750,0.000000,32.595940,48.000000
2.761719,-0.089844,0.892578,0.000000,31.897709,48.000000
4.296875,-0.142578,1.462891,0.000000,27.937904,48.000000
4.390625,-0.142578,1.300781,0.000000,31.451963,48.000000
4.474609,-0.000000,1.162109,0.000000,31.254812,48.000000
4.587891,0.146484,0.818359,0.000000,28.494194,48.000000
4.833984,-0.308594,1.015625,0.000000,30.996807,48.000000
4.927734,-0.623047,0.492188,0.000000,29.566486,48.000000
2.365234,0.230469,-0.613281,-0.614669,26.201361,48.000000
0.037109,-0.035156,0.064453,0.000000,30.081741,48.000000
0.044922,-0.046875,0.103516,0.000000,28.992731,48.000000
1.179688,-0.449219,0.345703,0.000000,21.430147,48.000000
1.238281,-0.464844,0.275391,0.000000,19.731279,48.000000
0.011719,-0.039062,-0.007812,0.000000,30.652061,49.000000
0.027344,-0.076172,-0.009766,0.000000,31.861084,49.000000
0.029297,-0.119141,-0.005859,0.000000,30.077478,49.000000
0.056641,-0.154297,0.007812,0.000000,25.352942,49.000000
0.263672,0.039062,-1.240234,0.000000,23.521826,49.000000
0.214844,0.041016,-1.291016,0.000000,24.361626,49.000000
0.478516,0.042969,1.261719,0.000000,22.479733,49.000000
2.183594,-0.000000,-0.333984,0.000000,27.395723,49.000000
2.615234,-0.175781,1.048828,0.000000,29.268568,49.000000
2.710938,-0.089844,0.914062,0.000000,32.538223,49.000000
2.783203,-0.089844,0.826172,0.000000,31.855421,49.000000
4.292969,-0.142578,1.474609,0.000000,27.867514,49.000000
4.388672,-0.142578,1.304688,0.000000,31.386185,49.000000
4.466797,-0.000000,1.193359,0.000000,31.000257,49.000000
4.837891,-0.308594,1.000000,0.000000,30.937717,49.000000
4.923828,-0.623047,0.519531,0.000000,29.680157,49.000000
0.037109,-0.035156,0.064453,0.000000,30.081741,49.000000
0.044922,-0.046875,0.103516,0.000000,28.992731,49.000000
1.173828,-0.449219,0.361328,0.000000,21.398790,49.000000
1.234375,-0.464844,0.289062,0.000000,19.684830,49.000000
0.011719,-0.039062,-0.007812,0.000000,30.644581,50.000000
0.027344,-0.076172,-0.009766,0.000000,31.858253,50.000000
0.029297,-0.119141,-0.005859,0.000000,30.077478,50.000000
0.056641,-0.154297,0.007812,0.000000,25.352942,50.000000
0.263672,0.039062,-1.240234,0.000000,23.521826,50.000000
0.187500,0.041016,-1.294922,0.000000,24.361626,50.000000
0.472656,0.042969,1.263672,0.000000,22.504200,50.000000
2.623047,-0.175781,1.029297,0.000000,29.190781,50.000000
2.654297,-0.179688,1.060547,0.000000,32.496876,50.000000
2.750000,-0.089844,0.929688,0.000000,31.769590,50.000000
4.310547,-0.142578,1.421875,0.000000,27.874605,50.000000
4.402344,-0.142578,1.263672,0.000000,31.376705,50.000000
4.470703,-0.000000,1.173828,0.000000,30.877813,50.000000
4.798828,-0.308594,1.175781,0.000000,30.755470,50.000000
4.894531,-0.623047,0.746094,0.000000,28.813847,50.000000
2.265625,0.296875,-0.636719,-0.614669,26.117233,50.000000
2.304688,0.300781,-0.650391,-0.614669,26.532125,50.000000
