0.011719,-0.039062,-0.007812,0.000000,30.737183,0.000000
0.017578,-0.080078,-0.007812,0.000000,31.972805,0.000000
0.029297,-0.119141,-0.003906,0.000000,30.199467,0.000000
0.056641,-0.154297,0.007812,0.000000,25.502283,0.000000
0.347656,-0.080078,-1.216797,0.000000,21.931246,0.000000
0.339844,-0.041016,1.263672,0.000000,23.222193,0.000000
0.537109,-0.042969,1.238281,0.000000,21.875208,0.000000
1.873047,-0.058594,-0.160156,0.000000,27.824726,0.000000
1.912109,-0.121094,-0.160156,0.000000,27.581547,0.000000
2.542969,-0.263672,1.197266,0.000000,29.360107,0.000000
2.599609,-0.267578,1.171875,0.000000,32.720737,0.000000
2.650391,-0.181641,1.171875,0.000000,31.906118,0.000000
0.041016,-0.033203,0.062500,0.000000,30.141003,0.000000
0.044922,-0.046875,0.103516,0.000000,29.047155,0.000000
1.214844,0.357422,0.080078,0.000000,19.138138,0.000000
0.011719,-0.039062,-0.007812,0.000000,30.740847,1.000000
0.017578,-0.080078,-0.007812,0.000000,31.972805,1.000000
0.029297,-0.119141,-0.003906,0.000000,30.203613,1.000000
0.056641,-0.154297,0.005859,0.000000,25.502283,1.000000
0.347656,-0.080078,-1.216797,0.000000,21.958996,1.000000
0.302734,-0.041016,1.273438,0.000000,23.242825,1.000000
0.482422,-0.042969,1.259766,0.000000,21.931246,1.000000
1.863281,-0.058594,-0.251953,0.000000,27.730547,1.000000
1.912109,-0.000000,-0.193359,0.000000,27.596678,1.000000
2.542969,-0.263672,1.193359,0.000000,29.434946,1.000000
2.619141,-0.179688,1.144531,0.000000,32.769211,1.000000
2.673828,-0.181641,1.119141,0.000000,32.081726,1.000000
0.041016,-0.033203,0.062500,0.000000,30.141003,1.000000
0.044922,-0.046875,0.103516,0.000000,29.041744,1.000000
1.216797,0.357422,0.027344,0.000000,19.344984,1.000000
0.011719,-0.039062,-0.007812,0.000000,30.744507,2.000000
0.017578,-0.080078,-0.007812,0.000000,31.975563,2.000000
0.029297,-0.119141,-0.003906,0.000000,30.203613,2.000000
0.056641,-0.154297,0.007812,0.000000,25.490032,2.000000
0.353516,-0.080078,-1.214844,0.000000,21.986570,2.000000
0.310547,-0.041016,1.271484,0.000000,23.201464,2.000000
0.507812,-0.042969,1.250000,0.000000,21.931246,2.000000
1.824219,-0.171875,-0.171875,0.000000,30.000000,2.000000
1.871094,-0.117188,-0.166016,0.000000,31.544239,2.000000
1.917969,-0.121094,-0.037109,0.000000,29.047155,2.000000
2.566406,-0.263672,1.144531,0.000000,29.395193,2.000000
2.623047,-0.179688,1.134766,0.000000,32.720737,2.000000
2.664062,-0.181641,1.144531,0.000000,31.970047,2.000000
0.041016,-0.033203,0.062500,0.000000,30.141003,2.000000
0.044922,-0.046875,0.103516,0.000000,29.047155,2.000000
1.214844,0.357422,0.068359,0.000000,19.242792,2.000000
0.011719,-0.039062,-0.007812,0.000000,30.740847,3.000000
0.017578,-0.080078,-0.007812,0.000000,31.972805,3.000000
0.029297,-0.119141,-0.003906,0.000000,30.199467,3.000000
0.056641,-0.154297,0.005859,0.000000,25.477747,3.000000
0.375000,-0.080078,-1.208984,0.000000,21.958996,3.000000
0.281250,-0.041016,1.277344,0.000000,23.242825,3.000000
0.400391,-0.000000,1.289062,0.000000,21.931246,3.000000
1.826172,-0.056641,-0.228516,0.000000,27.497364,3.000000
1.855469,-0.117188,-0.287109,0.000000,28.149132,3.000000
2.568359,-0.263672,1.140625,0.000000,29.329807,3.000000
2.621094,-0.179688,1.140625,0.000000,32.695129,3.000000
2.658203,-0.181641,1.156250,0.000000,31.947918,3.000000
0.041016,-0.033203,0.062500,0.000000,30.136797,3.000000
0.044922,-0.046875,0.103516,0.000000,29.041744,3.000000
1.216797,0.357422,0.050781,0.000000,19.294189,3.000000
0.011719,-0.039062,-0.007812,0.000000,30.737183,4.000000
0.017578,-0.080078,-0.007812,0.000000,31.972805,4.000000
0.029297,-0.119141,-0.003906,0.000000,30.203613,4.000000
0.056641,-0.154297,0.005859,0.000000,25.514500,4.000000
0.353516,-0.080078,-1.214844,0.000000,21.986570,4.000000
0.308594,-0.041016,1.271484,0.000000,23.263359,4.000000
0.488281,-0.042969,1.257812,0.000000,21.986570,4.000000
1.832031,-0.171875,-0.070312,0.000000,28.450981,4.000000
1.876953,-0.117188,-0.048828,0.000000,29.637878,4.000000
2.556641,-0.263672,1.166016,0.000000,29.425041,4.000000
2.615234,-0.179688,1.150391,0.000000,32.755417,4.000000
2.648438,-0.181641,1.177734,0.000000,31.978317,4.000000
2.019531,0.320312,-0.046875,0.614669,26.394865,4.000000
0.041016,-0.033203,0.062500,0.000000,30.141003,4.000000
0.044922,-0.046875,0.103516,0.000000,29.047155,4.000000
1.212891,0.357422,0.089844,0.000000,19.138138,4.000000
1.837891,-0.056641,-0.080078,0.000000,28.438555,4.000000
0.011719,-0.039062,-0.007812,0.000000,30.737183,5.000000
0.017578,-0.080078,-0.007812,0.000000,31.970047,5.000000
0.029297,-0.119141,-0.003906,0.000000,30.199467,5.000000
0.056641,-0.154297,0.005859,0.000000,25.490032,5.000000
0.314453,-0.080078,-1.226562,0.000000,21.986570,5.000000
0.357422,-0.041016,1.259766,0.000000,23.242825,5.000000
0.535156,-0.042969,1.238281,0.000000,21.958996,5.000000
1.835938,-0.115234,-0.060547,0.000000,27.323938,5.000000
1.876953,-0.117188,0.029297,0.000000,28.444771,5.000000
1.902344,-0.121094,0.251953,0.000000,26.821451,5.000000
2.548828,-0.263672,1.183594,0.000000,29.444826,5.000000
2.597656,-0.267578,1.173828,0.000000,32.785248,5.000000
2.646484,-0.181641,1.181641,0.000000,32.062859,5.000000
4.906250,1.437500,-0.019531,0.000000,28.819550,5.000000
0.041016,-0.033203,0.062500,0.000000,30.141003,5.000000
0.044922,-0.046875,0.103516,0.000000,29.047155,5.000000
1.216797,0.357422,0.048828,0.000000,19.190781,5.000000
0.011719,-0.039062,-0.007812,0.000000,30.740847,6.000000
0.017578,-0.080078,-0.007812,0.000000,31.972805,6.000000
0.029297,-0.119141,-0.003906,0.000000,30.199467,6.000000
0.056641,-0.154297,0.005859,0.000000,25.502283,6.000000
0.349609,-0.080078,-1.216797,0.000000,21.903316,6.000000
0.306641,-0.041016,1.271484,0.000000,23.222193,6.000000
0.427734,-0.000000,1.281250,0.000000,21.931246,6.000000
1.824219,-0.115234,-0.212891,0.000000,28.825245,6.000000
1.857422,-0.117188,-0.273438,0.000000,30.174507,6.000000
1.865234,-0.121094,-0.451172,0.000000,28.202015,6.000000
2.580078,-0.263672,1.115234,0.000000,29.344984,6.000000
2.607422,-0.267578,1.154297,0.000000,32.711445,6.000000
2.654297,-0.181641,1.167969,0.000000,31.934029,6.000000
2.044922,0.390625,0.140625,0.614669,27.686380,6.000000
2.087891,0.398438,0.093750,0.614669,26.901960,6.000000
0.041016,-0.033203,0.062500,0.000000,30.145205,6.000000
0.044922,-0.046875,0.103516,0.000000,29.047155,6.000000
1.214844,0.357422,0.060547,0.000000,19.242792,6.000000
0.011719,-0.039062,-0.007812,0.000000,30.733517,7.000000
0.017578,-0.080078,-0.007812,0.000000,31.970047,7.000000
0.029297,-0.119141,-0.003906,0.000000,30.203613,7.000000
0.056641,-0.154297,0.005859,0.000000,25.502283,7.000000
0.361328,-0.080078,-1.212891,0.000000,21.903316,7.000000
0.312500,-0.041016,1.269531,0.000000,23.222193,7.000000
0.431641,-0.000000,1.279297,0.000000,21.931246,7.000000
1.828125,-0.056641,-0.201172,0.000000,28.401060,7.000000
1.869141,-0.058594,-0.214844,0.000000,30.689276,7.000000
1.906250,-0.060547,-0.244141,0.000000,30.618294,7.000000
1.941406,-0.060547,-0.285156,0.000000,29.190781,7.000000
2.533203,-0.263672,1.216797,0.000000,29.429996,7.000000
2.597656,-0.267578,1.175781,0.000000,32.764618,7.000000
2.654297,-0.181641,1.164062,0.000000,31.994808,7.000000
1.992188,0.457031,0.414062,0.614669,27.067179,7.000000
2.042969,0.464844,0.367188,0.614669,26.972294,7.000000
0.041016,-0.033203,0.062500,0.000000,30.145205,7.000000
0.044922,-0.046875,0.103516,0.000000,29.047155,7.000000
1.214844,0.357422,0.068359,0.000000,19.190781,7.000000
0.011719,-0.039062,-0.007812,0.000000,30.740847,8.000000
0.017578,-0.080078,-0.007812,0.000000,31.972805,8.000000
0.029297,-0.119141,-0.003906,0.000000,30.203613,8.000000
0.056641,-0.154297,0.005859,0.000000,25.502283,8.000000
0.355469,-0.080078,-1.214844,0.000000,21.958996,8.000000
0.294922,-0.041016,1.275391,0.000000,23.242825,8.000000
0.492188,-0.042969,1.255859,0.000000,21.958996,8.000000
1.867188,-0.058594,-0.220703,0.000000,29.916691,8.000000
1.910156,-0.060547,-0.207031,0.000000,29.652018,8.000000
1.998047,0.457031,0.390625,0.000000,29.454685,8.000000
2.058594,0.398438,0.363281,0.000000,30.511526,8.000000
2.099609,0.406250,0.353516,0.000000,27.781513,8.000000
2.535156,-0.263672,1.214844,0.000000,29.227255,8.000000
2.597656,-0.267578,1.173828,0.000000,32.736958,8.000000
2.654297,-0.181641,1.166016,0.000000,32.070957,8.000000
0.041016,-0.033203,0.062500,0.000000,30.145205,8.000000
0.044922,-0.046875,0.103516,0.000000,29.041744,8.000000
1.214844,0.357422,0.068359,0.000000,19.294189,8.000000
0.011719,-0.039062,-0.007812,0.000000,30.737183,9.000000
0.017578,-0.080078,-0.007812,0.000000,31.972805,9.000000
0.029297,-0.119141,-0.003906,0.000000,30.199467,9.000000
0.056641,-0.154297,0.005859,0.000000,25.490032,9.000000
0.347656,-0.080078,-1.216797,0.000000,21.986570,9.000000
0.306641,-0.041016,1.271484,0.000000,23.242825,9.000000
0.496094,-0.042969,1.253906,0.000000,21.958996,9.000000
1.875000,-0.117188,-0.113281,0.000000,30.207754,9.000000
1.916016,-0.121094,-0.091797,0.000000,30.827854,9.000000
1.960938,-0.060547,-0.058594,0.000000,28.494194,9.000000
1.996094,0.326172,0.511719,0.000000,28.149132,9.000000
2.037109,0.332031,0.517578,0.000000,28.954226,9.000000
2.548828,-0.263672,1.181641,0.000000,29.400181,9.000000
2.615234,-0.179688,1.154297,0.000000,32.699799,9.000000
2.666016,-0.181641,1.138672,0.000000,31.922886,9.000000
0.041016,-0.033203,0.062500,0.000000,30.145205,9.000000
0.044922,-0.046875,0.103516,0.000000,29.047155,9.000000
1.214844,0.357422,0.056641,0.000000,19.084850,9.000000
0.011719,-0.039062,-0.007812,0.000000,30.740847,10.000000
0.017578,-0.080078,-0.007812,0.000000,31.975563,10.000000
0.029297,-0.119141,-0.003906,0.000000,30.203613,10.000000
0.056641,-0.154297,0.007812,0.000000,25.502283,10.000000
0.335938,-0.080078,-1.220703,0.000000,21.986570,10.000000
0.333984,-0.041016,1.265625,0.000000,23.263359,10.000000
0.503906,-0.042969,1.251953,0.000000,21.958996,10.000000
1.919922,-0.060547,-0.056641,0.000000,27.193314,10.000000
2.537109,-0.263672,1.208984,0.000000,29.365137,10.000000
2.595703,-0.267578,1.177734,0.000000,32.736958,10.000000
2.654297,-0.181641,1.166016,0.000000,32.005768,10.000000
1.955078,0.261719,0.677734,-0.614669,26.127838,10.000000
0.041016,-0.033203,0.062500,0.000000,30.145205,10.000000
0.044922,-0.046875,0.103516,0.000000,29.047155,10.000000
1.214844,0.357422,0.054688,0.000000,19.294189,10.000000
1.322266,-0.724609,-2.089844,1.229337,20.791813,10.000000
1.248047,-0.736328,-2.181641,1.229337,21.986570,10.000000
1.966797,-0.457031,-0.521484,-0.614669,24.232458,10.000000
0.011719,-0.039062,-0.007812,0.000000,30.737183,11.000000
0.017578,-0.080078,-0.007812,0.000000,31.972805,11.000000
0.029297,-0.119141,-0.003906,0.000000,30.203613,11.000000
0.056641,-0.154297,0.005859,0.000000,25.514500,11.000000
0.363281,-0.080078,-1.212891,0.000000,21.931246,11.000000
0.306641,-0.041016,1.271484,0.000000,23.180634,11.000000
0.429688,-0.000000,1.279297,0.000000,21.846914,11.000000
2.564453,-0.263672,1.146484,0.000000,29.489017,11.000000
2.621094,-0.179688,1.140625,0.000000,32.743889,11.000000
2.671875,-0.181641,1.123047,0.000000,31.975563,11.000000
4.396484,-0.287109,1.255859,0.000000,31.687920,11.000000
4.435547,-0.289062,1.267578,0.000000,31.936810,11.000000
1.970703,0.261719,0.632812,-0.614669,27.007038,11.000000
0.041016,-0.033203,0.062500,0.000000,30.141003,11.000000
0.044922,-0.046875,0.103516,0.000000,29.041744,11.000000
1.216797,0.357422,0.042969,0.000000,19.190781,11.000000
2.001953,-0.521484,-0.269531,-0.614669,25.854607,11.000000
0.011719,-0.039062,-0.007812,0.000000,30.733517,12.000000
0.017578,-0.080078,-0.007812,0.000000,31.972805,12.000000
0.029297,-0.119141,-0.003906,0.000000,30.199467,12.000000
0.056641,-0.154297,0.005859,0.000000,25.490032,12.000000
0.324219,-0.080078,-1.222656,0.000000,21.986570,12.000000
0.332031,-0.041016,1.265625,0.000000,23.242825,12.000000
0.509766,-0.042969,1.250000,0.000000,21.958996,12.000000
1.875000,-0.117188,-0.101562,0.000000,28.337843,12.000000
1.912109,-0.060547,-0.193359,0.000000,29.127533,12.000000
1.927734,-0.060547,-0.363281,0.000000,26.857418,12.000000
1.957031,-0.320312,0.501953,0.000000,26.493349,12.000000
2.535156,-0.263672,1.212891,0.000000,29.289078,12.000000
2.591797,-0.267578,1.185547,0.000000,32.659966,12.000000
2.644531,-0.181641,1.185547,0.000000,31.880844,12.000000
4.402344,-0.287109,1.238281,0.000000,28.943161,12.000000
2.048828,0.064453,0.384766,-0.614669,27.041506,12.000000
0.041016,-0.033203,0.062500,0.000000,30.141003,12.000000
0.044922,-0.046875,0.103516,0.000000,29.041744,12.000000
1.216797,0.357422,0.021484,0.000000,19.395193,12.000000
3.378906,-1.861328,-2.472656,0.000000,26.473829,12.000000
0.011719,-0.039062,-0.007812,0.000000,30.737183,13.000000
0.017578,-0.080078,-0.007812,0.000000,31.972805,13.000000
0.029297,-0.119141,-0.003906,0.000000,30.203613,13.000000
0.056641,-0.154297,0.007812,0.000000,25.502283,13.000000
0.361328,-0.080078,-1.212891,0.000000,21.986570,13.000000
0.283203,-0.041016,1.277344,0.000000,23.263359,13.000000
0.410156,-0.000000,1.285156,0.000000,21.931246,13.000000
2.000000,-0.126953,0.404297,0.000000,27.671558,13.000000
2.552734,-0.263672,1.175781,0.000000,29.350031,13.000000
2.605469,-0.267578,1.158203,0.000000,32.723057,13.000000
2.660156,-0.181641,1.152344,0.000000,31.939590,13.000000
2.044922,-0.064453,0.408203,-0.614669,26.414742,13.000000
0.041016,-0.033203,0.062500,0.000000,30.145205,13.000000
0.044922,-0.046875,0.103516,0.000000,29.052561,13.000000
1.214844,0.357422,0.080078,0.000000,19.294189,13.000000
0.011719,-0.039062,-0.007812,0.000000,30.729847,14.000000
0.017578,-0.080078,-0.007812,0.000000,31.972805,14.000000
0.029297,-0.119141,-0.003906,0.000000,30.199467,14.000000
0.056641,-0.154297,0.005859,0.000000,25.502283,14.000000
0.337891,-0.080078,-1.218750,0.000000,21.931246,14.000000
0.312500,-0.041016,1.269531,0.000000,23.222193,14.000000
0.482422,-0.042969,1.259766,0.000000,21.931246,14.000000
1.957031,-0.447266,0.396484,0.000000,27.209858,14.000000
2.531250,-0.263672,1.220703,0.000000,29.459606,14.000000
2.593750,-0.267578,1.181641,0.000000,32.743889,14.000000
2.658203,-0.181641,1.156250,0.000000,32.008507,14.000000
1.871094,-0.121094,-0.427734,-0.614669,25.943926,14.000000
0.041016,-0.033203,0.062500,0.000000,30.145205,14.000000
0.044922,-0.046875,0.103516,0.000000,29.052561,14.000000
1.214844,0.357422,0.070312,0.000000,19.294189,14.000000
2.025391,0.255859,0.121094,0.000000,27.126497,14.000000
0.011719,-0.039062,-0.007812,0.000000,30.733517,15.000000
0.017578,-0.080078,-0.007812,0.000000,31.972805,15.000000
0.029297,-0.119141,-0.003906,0.000000,30.199467,15.000000
0.056641,-0.154297,0.007812,0.000000,25.490032,15.000000
0.332031,-0.080078,-1.220703,0.000000,22.041201,15.000000
0.355469,-0.041016,1.259766,0.000000,23.263359,15.000000
0.519531,-0.042969,1.244141,0.000000,21.958996,15.000000
1.914062,-0.060547,-0.175781,0.000000,27.458551,15.000000
2.562500,-0.263672,1.154297,0.000000,29.479237,15.000000
2.619141,-0.179688,1.144531,0.000000,32.741577,15.000000
2.658203,-0.181641,1.156250,0.000000,31.972805,15.000000
0.041016,-0.033203,0.062500,0.000000,30.136797,15.000000
0.044922,-0.046875,0.103516,0.000000,29.047155,15.000000
1.216797,0.357422,0.050781,0.000000,19.344984,15.000000
0.011719,-0.039062,-0.007812,0.000000,30.729847,16.000000
0.017578,-0.080078,-0.007812,0.000000,31.967287,16.000000
0.041016,-0.115234,-0.007812,0.000000,30.191162,16.000000
0.056641,-0.154297,0.005859,0.000000,25.490032,16.000000
0.359375,-0.080078,-1.212891,0.000000,21.931246,16.000000
0.304688,-0.041016,1.271484,0.000000,23.222193,16.000000
0.494141,-0.042969,1.255859,0.000000,21.931246,16.000000
2.558594,-0.263672,1.160156,0.000000,29.518230,16.000000
2.605469,-0.267578,1.158203,0.000000,32.789822,16.000000
2.660156,-0.181641,1.152344,0.000000,31.986570,16.000000
1.978516,-0.000000,0.517578,-1.229337,21.303337,16.000000
0.041016,-0.033203,0.062500,0.000000,30.141003,16.000000
0.044922,-0.046875,0.103516,0.000000,29.047155,16.000000
1.212891,0.357422,0.093750,0.000000,19.138138,16.000000
0.011719,-0.039062,-0.007812,0.000000,30.733517,17.000000
0.017578,-0.080078,-0.007812,0.000000,31.972805,17.000000
0.029297,-0.119141,-0.003906,0.000000,30.203613,17.000000
0.056641,-0.154297,0.005859,0.000000,25.502283,17.000000
0.363281,-0.080078,-1.212891,0.000000,21.958996,17.000000
0.312500,-0.041016,1.271484,0.000000,23.242825,17.000000
0.449219,-0.000000,1.273438,0.000000,21.986570,17.000000
2.550781,-0.263672,1.177734,0.000000,29.489017,17.000000
2.617188,-0.179688,1.148438,0.000000,32.766914,17.000000
2.667969,-0.181641,1.134766,0.000000,32.033051,17.000000
0.041016,-0.033203,0.062500,0.000000,30.145205,17.000000
0.044922,-0.046875,0.103516,0.000000,29.047155,17.000000
1.216797,0.357422,0.048828,0.000000,19.294189,17.000000
0.011719,-0.039062,-0.007812,0.000000,30.729847,18.000000
0.017578,-0.080078,-0.007812,0.000000,31.972805,18.000000
0.029297,-0.119141,-0.003906,0.000000,30.203613,18.000000
0.056641,-0.154297,0.005859,0.000000,25.502283,18.000000
0.361328,-0.080078,-1.212891,0.000000,21.986570,18.000000
0.285156,-0.041016,1.277344,0.000000,23.263359,18.000000
0.404297,-0.000000,1.287109,0.000000,21.931246,18.000000
2.552734,-0.263672,1.175781,0.000000,29.344984,18.000000
2.621094,-0.179688,1.136719,0.000000,32.748505,18.000000
2.667969,-0.181641,1.132812,0.000000,31.975563,18.000000
0.041016,-0.033203,0.062500,0.000000,30.141003,18.000000
0.044922,-0.046875,0.103516,0.000000,29.047155,18.000000
1.214844,0.357422,0.076172,0.000000,19.344984,18.000000
0.011719,-0.039062,-0.007812,0.000000,30.729847,19.000000
0.017578,-0.080078,-0.007812,0.000000,31.970047,19.000000
0.029297,-0.119141,-0.003906,0.000000,30.203613,19.000000
0.056641,-0.154297,0.005859,0.000000,25.502283,19.000000
0.320312,-0.080078,-1.224609,0.000000,21.986570,19.000000
0.330078,-0.041016,1.265625,0.000000,23.242825,19.000000
0.509766,-0.042969,1.250000,0.000000,21.958996,19.000000
1.875000,-0.117188,-0.097656,0.000000,28.615345,19.000000
2.550781,-0.263672,1.181641,0.000000,29.508514,19.000000
2.617188,-0.179688,1.148438,0.000000,32.780674,19.000000
2.666016,-0.181641,1.138672,0.000000,32.033051,19.000000
0.041016,-0.033203,0.062500,0.000000,30.141003,19.000000
0.044922,-0.046875,0.103516,0.000000,29.047155,19.000000
1.214844,0.357422,0.056641,0.000000,19.242792,19.000000
0.011719,-0.039062,-0.007812,0.000000,30.740847,20.000000
0.017578,-0.080078,-0.007812,0.000000,31.975563,20.000000
0.029297,-0.119141,-0.003906,0.000000,30.203613,20.000000
0.056641,-0.154297,0.007812,0.000000,25.514500,20.000000
0.343750,-0.080078,-1.218750,0.000000,21.931246,20.000000
0.320312,-0.041016,1.267578,0.000000,23.222193,20.000000
0.443359,-0.000000,1.275391,0.000000,21.958996,20.000000
1.994141,-0.382812,0.248047,0.000000,27.435097,20.000000
2.527344,-0.263672,1.228516,0.000000,29.474337,20.000000
2.613281,-0.179688,1.156250,0.000000,32.801228,20.000000
2.675781,-0.181641,1.115234,0.000000,32.108532,20.000000
0.041016,-0.033203,0.062500,0.000000,30.145205,20.000000
0.044922,-0.046875,0.103516,0.000000,29.047155,20.000000
1.214844,0.357422,0.072266,0.000000,19.138138,20.000000
0.011719,-0.039062,-0.007812,0.000000,30.737183,21.000000
0.017578,-0.080078,-0.007812,0.000000,31.972805,21.000000
0.029297,-0.119141,-0.003906,0.000000,30.203613,21.000000
0.056641,-0.154297,0.007812,0.000000,25.502283,21.000000
0.335938,-0.080078,-1.220703,0.000000,22.013971,21.000000
0.339844,-0.041016,1.263672,0.000000,23.263359,21.000000
0.531250,-0.042969,1.240234,0.000000,21.958996,21.000000
1.869141,-0.058594,-0.207031,0.000000,30.322157,21.000000
1.900391,-0.121094,-0.269531,0.000000,30.366289,21.000000
1.933594,-0.000000,-0.335938,0.000000,28.767950,21.000000
2.570312,-0.263672,1.136719,0.000000,29.370161,21.000000
2.626953,-0.179688,1.123047,0.000000,32.766914,21.000000
2.673828,-0.181641,1.119141,0.000000,32.016701,21.000000
0.041016,-0.033203,0.062500,0.000000,30.145205,21.000000
0.044922,-0.046875,0.103516,0.000000,29.052561,21.000000
1.216797,0.357422,0.031250,0.000000,19.190781,21.000000
0.011719,-0.039062,-0.007812,0.000000,30.737183,22.000000
0.017578,-0.080078,-0.007812,0.000000,31.972805,22.000000
0.029297,-0.119141,-0.003906,0.000000,30.203613,22.000000
0.056641,-0.154297,0.005859,0.000000,25.490032,22.000000
0.339844,-0.080078,-1.218750,0.000000,22.013971,22.000000
0.300781,-0.041016,1.273438,0.000000,23.283796,22.000000
0.494141,-0.042969,1.255859,0.000000,21.958996,22.000000
1.908203,-0.121094,0.210938,0.000000,26.720978,22.000000
1.943359,-0.123047,0.248047,0.000000,28.864906,22.000000
1.976562,-0.125000,0.306641,0.000000,28.007172,22.000000
2.544922,-0.263672,1.193359,0.000000,29.375179,22.000000
2.619141,-0.179688,1.140625,0.000000,32.678753,22.000000
2.669922,-0.181641,1.128906,0.000000,31.975563,22.000000
0.041016,-0.033203,0.062500,0.000000,30.136797,22.000000
0.044922,-0.046875,0.103516,0.000000,29.041744,22.000000
1.216797,0.357422,0.050781,0.000000,19.294189,22.000000
0.011719,-0.039062,-0.007812,0.000000,30.733517,23.000000
0.017578,-0.080078,-0.007812,0.000000,31.970047,23.000000
0.029297,-0.119141,-0.003906,0.000000,30.199467,23.000000
0.056641,-0.154297,0.005859,0.000000,25.502283,23.000000
0.371094,-0.080078,-1.208984,0.000000,22.013971,23.000000
0.296875,-0.041016,1.273438,0.000000,23.242825,23.000000
0.486328,-0.042969,1.257812,0.000000,21.931246,23.000000
1.876953,-0.117188,0.070312,0.000000,27.656685,23.000000
1.917969,-0.121094,0.031250,0.000000,28.887409,23.000000
2.542969,-0.263672,1.193359,0.000000,29.439888,23.000000
2.619141,-0.179688,1.142578,0.000000,32.676411,23.000000
2.662109,-0.181641,1.146484,0.000000,31.846914,23.000000
0.041016,-0.033203,0.062500,0.000000,30.136797,23.000000
0.044922,-0.046875,0.103516,0.000000,29.041744,23.000000
1.214844,0.357422,0.070312,0.000000,19.242792,23.000000
0.011719,-0.039062,-0.007812,0.000000,30.740847,24.000000
0.017578,-0.080078,-0.007812,0.000000,31.972805,24.000000
0.029297,-0.119141,-0.003906,0.000000,30.199467,24.000000
0.056641,-0.154297,0.005859,0.000000,25.502283,24.000000
0.328125,-0.080078,-1.222656,0.000000,21.986570,24.000000
0.326172,-0.041016,1.267578,0.000000,23.242825,24.000000
0.505859,-0.042969,1.250000,0.000000,21.931246,24.000000
1.841797,-0.058594,-0.382812,0.000000,28.388491,24.000000
1.820312,-0.060547,-0.613281,0.000000,27.752462,24.000000
2.539062,-0.263672,1.203125,0.000000,29.258276,24.000000
2.615234,-0.179688,1.154297,0.000000,32.683437,24.000000
2.660156,-0.181641,1.148438,0.000000,31.978317,24.000000
0.041016,-0.033203,0.062500,0.000000,30.141003,24.000000
0.044922,-0.046875,0.103516,0.000000,29.047155,24.000000
1.216797,0.357422,0.037109,0.000000,19.294189,24.000000
0.011719,-0.039062,-0.007812,0.000000,30.737183,25.000000
0.017578,-0.080078,-0.007812,0.000000,31.970047,25.000000
0.029297,-0.119141,-0.003906,0.000000,30.199467,25.000000
0.056641,-0.154297,0.005859,0.000000,25.502283,25.000000
0.337891,-0.080078,-1.218750,0.000000,21.931246,25.000000
0.310547,-0.041016,1.271484,0.000000,23.222193,25.000000
0.425781,-0.000000,1.281250,0.000000,21.958996,25.000000
2.552734,-0.263672,1.175781,0.000000,29.334873,25.000000
2.613281,-0.179688,1.156250,0.000000,32.725376,25.000000
2.658203,-0.181641,1.154297,0.000000,31.986570,25.000000
0.041016,-0.033203,0.062500,0.000000,30.136797,25.000000
0.044922,-0.046875,0.103516,0.000000,29.041744,25.000000
1.214844,0.357422,0.066406,0.000000,19.242792,25.000000
0.011719,-0.039062,-0.007812,0.000000,30.733517,26.000000
0.017578,-0.080078,-0.007812,0.000000,31.967287,26.000000
0.029297,-0.119141,-0.003906,0.000000,30.191162,26.000000
0.056641,-0.154297,0.005859,0.000000,25.477747,26.000000
0.371094,-0.080078,-1.210938,0.000000,22.013971,26.000000
0.324219,-0.041016,1.267578,0.000000,23.283796,26.000000
0.523438,-0.042969,1.244141,0.000000,21.958996,26.000000
1.910156,-0.179688,-0.125000,0.000000,28.965261,26.000000
1.953125,-0.183594,0.087891,0.000000,28.813847,26.000000
2.000000,-0.062500,0.105469,0.000000,27.067179,26.000000
2.550781,-0.263672,1.177734,0.000000,29.434946,26.000000
2.611328,-0.179688,1.160156,0.000000,32.762321,26.000000
2.654297,-0.181641,1.164062,0.000000,32.003033,26.000000
0.041016,-0.033203,0.062500,0.000000,30.136797,26.000000
0.044922,-0.046875,0.103516,0.000000,29.041744,26.000000
1.216797,0.357422,0.033203,0.000000,19.242792,26.000000
1.962891,-0.060547,0.044922,0.000000,28.779470,26.000000
0.011719,-0.039062,-0.007812,0.000000,30.729847,27.000000
0.017578,-0.080078,-0.007812,0.000000,31.972805,27.000000
0.029297,-0.119141,-0.003906,0.000000,30.207754,27.000000
0.056641,-0.154297,0.005859,0.000000,25.514500,27.000000
0.343750,-0.080078,-1.218750,0.000000,21.986570,27.000000
0.322266,-0.041016,1.267578,0.000000,23.201464,27.000000
0.437500,-0.000000,1.277344,0.000000,21.903316,27.000000
1.857422,-0.058594,-0.298828,0.000000,29.956352,27.000000
1.892578,-0.060547,-0.328125,0.000000,31.900515,27.000000
1.925781,-0.060547,-0.376953,0.000000,30.199467,27.000000
2.550781,-0.263672,1.179688,0.000000,29.405165,27.000000
2.623047,-0.179688,1.134766,0.000000,32.757717,27.000000
2.673828,-0.181641,1.121094,0.000000,32.054749,27.000000
4.390625,-0.287109,1.275391,0.000000,30.526939,27.000000
4.423828,-0.289062,1.306641,0.000000,30.806265,27.000000
0.041016,-0.033203,0.062500,0.000000,30.141003,27.000000
0.044922,-0.046875,0.103516,0.000000,29.052561,27.000000
1.214844,0.357422,0.070312,0.000000,19.344984,27.000000
0.011719,-0.039062,-0.007812,0.000000,30.733517,28.000000
0.017578,-0.080078,-0.007812,0.000000,31.972805,28.000000
0.029297,-0.119141,-0.003906,0.000000,30.199467,28.000000
0.056641,-0.154297,0.007812,0.000000,25.502283,28.000000
0.349609,-0.080078,-1.216797,0.000000,21.986570,28.000000
0.308594,-0.041016,1.271484,0.000000,23.263359,28.000000
0.416016,-0.000000,1.283203,0.000000,21.958996,28.000000
1.855469,-0.117188,-0.289062,0.000000,29.978231,28.000000
1.896484,-0.060547,-0.312500,0.000000,32.273724,28.000000
1.933594,-0.060547,-0.337891,0.000000,30.737183,28.000000
2.531250,-0.263672,1.218750,0.000000,29.410143,28.000000
2.597656,-0.267578,1.173828,0.000000,32.720737,28.000000
2.654297,-0.181641,1.164062,0.000000,31.936810,28.000000
4.414062,-0.287109,1.195312,0.000000,31.461281,28.000000
4.468750,-0.289062,1.146484,0.000000,31.383026,28.000000
0.041016,-0.033203,0.062500,0.000000,30.141003,28.000000
0.044922,-0.046875,0.103516,0.000000,29.047155,28.000000
1.214844,0.357422,0.060547,0.000000,19.242792,28.000000
0.011719,-0.039062,-0.007812,0.000000,30.726175,29.000000
0.017578,-0.080078,-0.007812,0.000000,31.967287,29.000000
0.029297,-0.119141,-0.003906,0.000000,30.199467,29.000000
0.056641,-0.154297,0.005859,0.000000,25.514500,29.000000
0.355469,-0.080078,-1.214844,0.000000,21.958996,29.000000
0.308594,-0.041016,1.271484,0.000000,23.222193,29.000000
0.488281,-0.042969,1.257812,0.000000,21.931246,29.000000
1.878906,-0.060547,-0.398438,0.000000,27.678976,29.000000
2.542969,-0.263672,1.195312,0.000000,29.355072,29.000000
2.615234,-0.179688,1.154297,0.000000,32.753113,29.000000
2.658203,-0.181641,1.154297,0.000000,32.022160,29.000000
4.416016,-0.287109,1.185547,0.000000,31.495270,29.000000
4.464844,-0.289062,1.160156,0.000000,31.510633,29.000000
0.041016,-0.033203,0.062500,0.000000,30.141003,29.000000
0.044922,-0.046875,0.103516,0.000000,29.047155,29.000000
1.214844,0.357422,0.054688,0.000000,19.344984,29.000000
0.011719,-0.039062,-0.007812,0.000000,30.733517,30.000000
0.017578,-0.080078,-0.007812,0.000000,31.970047,30.000000
0.029297,-0.119141,-0.003906,0.000000,30.199467,30.000000
0.056641,-0.154297,0.005859,0.000000,25.502283,30.000000
0.332031,-0.080078,-1.220703,0.000000,21.958996,30.000000
0.328125,-0.041016,1.265625,0.000000,23.242825,30.000000
0.455078,-0.000000,1.271484,0.000000,21.958996,30.000000
1.873047,-0.058594,-0.173828,0.000000,27.143297,30.000000
1.912109,-0.060547,-0.197266,0.000000,29.385197,30.000000
1.955078,-0.000000,-0.189453,0.000000,28.698181,30.000000
2.558594,-0.263672,1.164062,0.000000,29.314579,30.000000
2.619141,-0.179688,1.142578,0.000000,32.736958,30.000000
2.667969,-0.181641,1.134766,0.000000,32.019432,30.000000
4.335938,-0.287109,1.453125,0.000000,28.331470,30.000000
4.355469,-0.289062,1.521484,0.000000,28.802418,30.000000
0.041016,-0.033203,0.062500,0.000000,30.145205,30.000000
0.044922,-0.046875,0.103516,0.000000,29.052561,30.000000
1.214844,0.357422,0.080078,0.000000,19.138138,30.000000
0.011719,-0.039062,-0.007812,0.000000,30.737183,31.000000
0.017578,-0.080078,-0.007812,0.000000,31.972805,31.000000
0.041016,-0.115234,-0.007812,0.000000,30.199467,31.000000
0.056641,-0.154297,0.005859,0.000000,25.502283,31.000000
0.332031,-0.080078,-1.220703,0.000000,21.903316,31.000000
0.308594,-0.041016,1.271484,0.000000,23.201464,31.000000
0.496094,-0.042969,1.253906,0.000000,21.931246,31.000000
2.535156,-0.263672,1.210938,0.000000,29.309490,31.000000
2.615234,-0.179688,1.152344,0.000000,32.669369,31.000000
2.658203,-0.181641,1.156250,0.000000,31.917303,31.000000
0.041016,-0.033203,0.062500,0.000000,30.145205,31.000000
0.044922,-0.046875,0.103516,0.000000,29.052561,31.000000
1.214844,0.357422,0.072266,0.000000,19.190781,31.000000
0.011719,-0.039062,-0.007812,0.000000,30.733517,32.000000
0.017578,-0.080078,-0.007812,0.000000,31.967287,32.000000
0.029297,-0.119141,-0.003906,0.000000,30.199467,32.000000
0.056641,-0.154297,0.007812,0.000000,25.502283,32.000000
0.316406,-0.080078,-1.224609,0.000000,22.013971,32.000000
0.318359,-0.041016,1.269531,0.000000,23.263359,32.000000
0.496094,-0.042969,1.253906,0.000000,21.986570,32.000000
2.550781,-0.263672,1.177734,0.000000,29.344984,32.000000
2.615234,-0.179688,1.154297,0.000000,32.678753,32.000000
2.660156,-0.181641,1.150391,0.000000,31.917303,32.000000
0.041016,-0.033203,0.062500,0.000000,30.145205,32.000000
0.044922,-0.046875,0.103516,0.000000,29.047155,32.000000
1.214844,0.357422,0.070312,0.000000,19.294189,32.000000
0.011719,-0.039062,-0.007812,0.000000,30.737183,33.000000
0.017578,-0.080078,-0.007812,0.000000,31.970047,33.000000
0.029297,-0.119141,-0.003906,0.000000,30.199467,33.000000
0.056641,-0.154297,0.007812,0.000000,25.502283,33.000000
0.375000,-0.080078,-1.208984,0.000000,21.958996,33.000000
0.312500,-0.041016,1.271484,0.000000,23.222193,33.000000
0.439453,-0.000000,1.275391,0.000000,21.931246,33.000000
1.876953,-0.000000,-0.136719,0.000000,27.979597,33.000000
1.921875,-0.000000,-0.062500,0.000000,29.934362,33.000000
1.958984,0.060547,-0.107422,0.000000,28.981766,33.000000
2.552734,-0.263672,1.173828,0.000000,29.370161,33.000000
2.603516,-0.267578,1.160156,0.000000,32.727695,33.000000
2.660156,-0.181641,1.152344,0.000000,31.986570,33.000000
0.041016,-0.033203,0.062500,0.000000,30.141003,33.000000
0.044922,-0.046875,0.103516,0.000000,29.047155,33.000000
1.216797,0.357422,0.042969,0.000000,19.294189,33.000000
0.011719,-0.039062,-0.007812,0.000000,30.740847,34.000000
0.017578,-0.080078,-0.007812,0.000000,31.972805,34.000000
0.029297,-0.119141,-0.003906,0.000000,30.203613,34.000000
0.056641,-0.154297,0.005859,0.000000,25.502283,34.000000
0.371094,-0.080078,-1.208984,0.000000,21.958996,34.000000
0.273438,-0.041016,1.279297,0.000000,23.263359,34.000000
0.406250,-0.000000,1.287109,0.000000,21.958996,34.000000
1.871094,-0.117188,-0.162109,0.000000,27.979597,34.000000
1.912109,-0.179688,-0.099609,0.000000,28.887409,34.000000
1.945312,-0.246094,0.089844,0.000000,27.032913,34.000000
2.542969,-0.263672,1.197266,0.000000,29.385197,34.000000
2.617188,-0.179688,1.148438,0.000000,32.748505,34.000000
2.666016,-0.181641,1.134766,0.000000,32.060158,34.000000
0.041016,-0.033203,0.062500,0.000000,30.141003,34.000000
0.044922,-0.046875,0.103516,0.000000,29.041744,34.000000
1.214844,0.357422,0.082031,0.000000,19.294189,34.000000
0.011719,-0.039062,-0.007812,0.000000,30.729847,35.000000
0.017578,-0.080078,-0.007812,0.000000,31.970047,35.000000
0.029297,-0.119141,-0.003906,0.000000,30.199467,35.000000
0.056641,-0.154297,0.005859,0.000000,25.502283,35.000000
0.333984,-0.080078,-1.220703,0.000000,21.986570,35.000000
0.316406,-0.041016,1.269531,0.000000,23.263359,35.000000
0.486328,-0.042969,1.257812,0.000000,21.958996,35.000000
2.531250,-0.263672,1.220703,0.000000,29.449759,35.000000
2.591797,-0.267578,1.189453,0.000000,32.755417,35.000000
2.650391,-0.181641,1.173828,0.000000,32.011238,35.000000
0.041016,-0.033203,0.062500,0.000000,30.136797,35.000000
0.044922,-0.046875,0.103516,0.000000,29.047155,35.000000
1.214844,0.357422,0.058594,0.000000,19.190781,35.000000
0.011719,-0.039062,-0.007812,0.000000,30.733517,36.000000
0.017578,-0.080078,-0.007812,0.000000,31.970047,36.000000
0.029297,-0.119141,-0.003906,0.000000,30.203613,36.000000
0.056641,-0.154297,0.005859,0.000000,25.502283,36.000000
0.335938,-0.080078,-1.220703,0.000000,21.986570,36.000000
0.337891,-0.041016,1.263672,0.000000,23.242825,36.000000
0.515625,-0.042969,1.246094,0.000000,21.931246,36.000000
2.566406,-0.263672,1.146484,0.000000,29.339931,36.000000
2.625000,-0.179688,1.126953,0.000000,32.720737,36.000000
2.677734,-0.181641,1.111328,0.000000,31.989319,36.000000
0.041016,-0.033203,0.062500,0.000000,30.145205,36.000000
0.044922,-0.046875,0.103516,0.000000,29.047155,36.000000
1.214844,0.357422,0.080078,0.000000,19.138138,36.000000
0.011719,-0.039062,-0.007812,0.000000,30.726175,37.000000
0.017578,-0.080078,-0.007812,0.000000,31.970047,37.000000
0.029297,-0.119141,-0.003906,0.000000,30.195316,37.000000
0.056641,-0.154297,0.005859,0.000000,25.490032,37.000000
0.333984,-0.080078,-1.220703,0.000000,21.958996,37.000000
0.324219,-0.041016,1.267578,0.000000,23.242825,37.000000
0.527344,-0.042969,1.242188,0.000000,21.958996,37.000000
2.505859,-0.263672,1.273438,0.000000,29.350031,37.000000
2.597656,-0.267578,1.175781,0.000000,32.750809,37.000000
2.666016,-0.181641,1.140625,0.000000,32.019432,37.000000
0.041016,-0.033203,0.062500,0.000000,30.149403,37.000000
0.044922,-0.046875,0.103516,0.000000,29.047155,37.000000
1.214844,0.357422,0.054688,0.000000,19.294189,37.000000
0.011719,-0.039062,-0.007812,0.000000,30.729847,38.000000
0.017578,-0.080078,-0.007812,0.000000,31.972805,38.000000
0.029297,-0.119141,-0.003906,0.000000,30.203613,38.000000
0.056641,-0.154297,0.007812,0.000000,25.502283,38.000000
0.343750,-0.080078,-1.218750,0.000000,21.931246,38.000000
0.308594,-0.041016,1.271484,0.000000,23.222193,38.000000
0.476562,-0.042969,1.261719,0.000000,21.958996,38.000000
1.845703,-0.117188,-0.345703,0.000000,27.803173,38.000000
1.873047,-0.121094,-0.417969,0.000000,28.331470,38.000000
2.550781,-0.263672,1.177734,0.000000,29.334873,38.000000
2.607422,-0.267578,1.154297,0.000000,32.692795,38.000000
2.664062,-0.181641,1.140625,0.000000,31.950689,38.000000
0.041016,-0.033203,0.062500,0.000000,30.141003,38.000000
0.044922,-0.046875,0.103516,0.000000,29.047155,38.000000
1.212891,0.357422,0.089844,0.000000,19.294189,38.000000
0.011719,-0.039062,-0.007812,0.000000,30.737183,39.000000
0.017578,-0.080078,-0.007812,0.000000,31.972805,39.000000
0.029297,-0.119141,-0.003906,0.000000,30.199467,39.000000
0.056641,-0.154297,0.005859,0.000000,25.502283,39.000000
0.332031,-0.080078,-1.220703,0.000000,21.986570,39.000000
0.322266,-0.041016,1.267578,0.000000,23.263359,39.000000
0.513672,-0.042969,1.248047,0.000000,21.986570,39.000000
2.554688,-0.263672,1.171875,0.000000,29.360107,39.000000
2.619141,-0.179688,1.146484,0.000000,32.676411,39.000000
2.667969,-0.181641,1.132812,0.000000,31.992065,39.000000
0.041016,-0.033203,0.062500,0.000000,30.141003,39.000000
0.044922,-0.046875,0.103516,0.000000,29.047155,39.000000
1.214844,0.357422,0.056641,0.000000,19.242792,39.000000
0.011719,-0.039062,-0.007812,0.000000,30.737183,40.000000
0.017578,-0.080078,-0.007812,0.000000,31.970047,40.000000
0.029297,-0.119141,-0.003906,0.000000,30.199467,40.000000
0.056641,-0.154297,0.007812,0.000000,25.502283,40.000000
0.376953,-0.080078,-1.208984,0.000000,21.931246,40.000000
0.304688,-0.041016,1.273438,0.000000,23.201464,40.000000
0.509766,-0.042969,1.250000,0.000000,21.931246,40.000000
1.906250,-0.060547,-0.246094,0.000000,29.090208,40.000000
1.958984,-0.060547,-0.126953,0.000000,29.025467,40.000000
2.548828,-0.263672,1.183594,0.000000,29.314579,40.000000
2.605469,-0.267578,1.156250,0.000000,32.716091,40.000000
2.658203,-0.181641,1.158203,0.000000,31.942368,40.000000
0.041016,-0.033203,0.062500,0.000000,30.141003,40.000000
0.044922,-0.046875,0.103516,0.000000,29.047155,40.000000
1.212891,0.357422,0.095703,0.000000,19.138138,40.000000
0.011719,-0.039062,-0.007812,0.000000,30.740847,41.000000
0.017578,-0.080078,-0.007812,0.000000,31.972805,41.000000
0.029297,-0.119141,-0.005859,0.000000,30.199467,41.000000
0.056641,-0.154297,0.005859,0.000000,25.502283,41.000000
0.355469,-0.080078,-1.214844,0.000000,21.931246,41.000000
0.310547,-0.041016,1.271484,0.000000,23.222193,41.000000
0.470703,-0.042969,1.263672,0.000000,21.958996,41.000000
1.947266,-0.060547,-0.242188,0.000000,31.020905,41.000000
2.000000,-0.125000,0.041016,0.000000,27.355989,41.000000
2.556641,-0.263672,1.167969,0.000000,29.449759,41.000000
2.623047,-0.179688,1.132812,0.000000,32.720737,41.000000
2.662109,-0.181641,1.148438,0.000000,31.920095,41.000000
4.371094,-0.287109,1.339844,0.000000,29.661417,41.000000
4.396484,-0.289062,1.400391,0.000000,29.916691,41.000000
1.855469,-0.058594,-0.312500,0.614669,28.859262,41.000000
1.902344,-0.000000,-0.275391,0.614669,31.461281,41.000000
0.041016,-0.033203,0.062500,0.000000,30.141003,41.000000
0.044922,-0.046875,0.103516,0.000000,29.041744,41.000000
1.214844,0.357422,0.066406,0.000000,19.242792,41.000000
2.003906,-0.000000,-0.005859,0.000000,27.347998,41.000000
0.011719,-0.039062,-0.007812,0.000000,30.733517,42.000000
0.017578,-0.080078,-0.007812,0.000000,31.970047,42.000000
0.029297,-0.119141,-0.003906,0.000000,30.203613,42.000000
0.056641,-0.154297,0.007812,0.000000,25.502283,42.000000
0.343750,-0.080078,-1.218750,0.000000,21.931246,42.000000
0.316406,-0.041016,1.269531,0.000000,23.180634,42.000000
0.513672,-0.042969,1.248047,0.000000,21.903316,42.000000
1.869141,-0.117188,-0.173828,0.000000,27.708521,42.000000
1.898438,-0.121094,-0.283203,0.000000,30.603201,42.000000
1.929688,-0.060547,-0.355469,0.000000,29.921114,42.000000
2.558594,-0.263672,1.164062,0.000000,29.390198,42.000000
2.617188,-0.179688,1.146484,0.000000,32.730011,42.000000
2.662109,-0.181641,1.146484,0.000000,31.970047,42.000000
4.390625,-0.287109,1.273438,0.000000,30.788193,42.000000
4.433594,-0.289062,1.273438,0.000000,30.659531,42.000000
0.041016,-0.033203,0.062500,0.000000,30.141003,42.000000
0.044922,-0.046875,0.103516,0.000000,29.047155,42.000000
1.214844,0.357422,0.068359,0.000000,19.294189,42.000000
0.011719,-0.039062,-0.007812,0.000000,30.740847,43.000000
0.017578,-0.080078,-0.007812,0.000000,31.972805,43.000000
0.029297,-0.119141,-0.003906,0.000000,30.203613,43.000000
0.056641,-0.154297,0.005859,0.000000,25.502283,43.000000
0.361328,-0.080078,-1.212891,0.000000,21.986570,43.000000
0.300781,-0.041016,1.273438,0.000000,23.242825,43.000000
0.484375,-0.042969,1.259766,0.000000,21.931246,43.000000
1.882812,-0.060547,-0.384766,0.000000,31.199154,43.000000
1.919922,-0.000000,-0.412109,0.000000,31.553360,43.000000
1.951172,-0.000000,-0.457031,0.000000,27.767012,43.000000
2.542969,-0.263672,1.193359,0.000000,29.415113,43.000000
2.621094,-0.179688,1.138672,0.000000,32.746197,43.000000
2.671875,-0.181641,1.125000,0.000000,32.008507,43.000000
0.041016,-0.033203,0.062500,0.000000,30.145205,43.000000
0.044922,-0.046875,0.103516,0.000000,29.047155,43.000000
1.216797,0.357422,0.044922,0.000000,19.242792,43.000000
0.011719,-0.039062,-0.007812,0.000000,30.740847,44.000000
0.017578,-0.080078,-0.007812,0.000000,31.975563,44.000000
0.029297,-0.119141,-0.003906,0.000000,30.203613,44.000000
0.056641,-0.154297,0.005859,0.000000,25.502283,44.000000
0.349609,-0.080078,-1.216797,0.000000,21.958996,44.000000
0.310547,-0.041016,1.271484,0.000000,23.222193,44.000000
0.494141,-0.042969,1.255859,0.000000,21.903316,44.000000
1.943359,-0.000000,-0.285156,0.000000,26.839472,44.000000
2.007812,-0.382812,-0.087891,0.000000,28.469553,44.000000
2.060547,-0.326172,0.035156,0.000000,28.401060,44.000000
2.529297,-0.263672,1.224609,0.000000,29.304396,44.000000
2.601562,-0.267578,1.167969,0.000000,32.697464,44.000000
2.664062,-0.181641,1.142578,0.000000,31.917303,44.000000
0.041016,-0.033203,0.062500,0.000000,30.145205,44.000000
0.044922,-0.046875,0.103516,0.000000,29.052561,44.000000
1.214844,0.357422,0.068359,0.000000,19.344984,44.000000
0.011719,-0.039062,-0.007812,0.000000,30.744507,45.000000
0.017578,-0.080078,-0.007812,0.000000,31.975563,45.000000
0.029297,-0.119141,-0.003906,0.000000,30.199467,45.000000
0.056641,-0.154297,0.005859,0.000000,25.490032,45.000000
0.341797,-0.080078,-1.218750,0.000000,21.958996,45.000000
0.322266,-0.041016,1.267578,0.000000,23.242825,45.000000
0.509766,-0.042969,1.250000,0.000000,21.958996,45.000000
1.904297,-0.060547,-0.261719,0.000000,30.461048,45.000000
1.945312,-0.060547,-0.257812,0.000000,31.099159,45.000000
1.990234,-0.125000,-0.201172,0.000000,28.739016,45.000000
2.558594,-0.263672,1.160156,0.000000,29.523081,45.000000
2.617188,-0.179688,1.148438,0.000000,32.821690,45.000000
2.664062,-0.181641,1.140625,0.000000,32.049335,45.000000
0.041016,-0.033203,0.062500,0.000000,30.149403,45.000000
0.044922,-0.046875,0.103516,0.000000,29.052561,45.000000
1.214844,0.357422,0.072266,0.000000,19.190781,45.000000
0.011719,-0.039062,-0.007812,0.000000,30.744507,46.000000
0.017578,-0.080078,-0.007812,0.000000,31.975563,46.000000
0.029297,-0.119141,-0.003906,0.000000,30.203613,46.000000
0.056641,-0.154297,0.005859,0.000000,25.502283,46.000000
0.310547,-0.080078,-1.226562,0.000000,22.013971,46.000000
0.341797,-0.041016,1.263672,0.000000,23.242825,46.000000
0.521484,-0.042969,1.244141,0.000000,21.986570,46.000000
1.925781,-0.511719,0.460938,0.000000,28.075350,46.000000
1.998047,-0.457031,0.388672,0.000000,29.675480,46.000000
2.060547,-0.398438,0.343750,0.000000,27.701153,46.000000
2.564453,-0.263672,1.146484,0.000000,29.508514,46.000000
2.621094,-0.179688,1.140625,0.000000,32.757717,46.000000
2.662109,-0.181641,1.146484,0.000000,31.986570,46.000000
4.421875,-0.287109,1.164062,0.000000,29.599949,46.000000
4.507812,-0.289062,0.982422,0.000000,29.339931,46.000000
0.041016,-0.033203,0.062500,0.000000,30.141003,46.000000
0.044922,-0.046875,0.103516,0.000000,29.047155,46.000000
1.216797,0.357422,0.029297,0.000000,19.242792,46.000000
3.134766,-2.003906,-2.671875,0.000000,26.812412,46.000000
2.708984,-2.021484,-3.152344,0.000000,26.693169,46.000000
0.011719,-0.039062,-0.007812,0.000000,30.740847,47.000000
0.017578,-0.080078,-0.007812,0.000000,31.975563,47.000000
0.029297,-0.119141,-0.003906,0.000000,30.203613,47.000000
0.056641,-0.154297,0.007812,0.000000,25.502283,47.000000
0.349609,-0.080078,-1.216797,0.000000,21.958996,47.000000
0.304688,-0.041016,1.271484,0.000000,23.242825,47.000000
0.503906,-0.042969,1.251953,0.000000,21.986570,47.000000
1.910156,-0.121094,-0.179688,0.000000,30.441477,47.000000
1.949219,-0.060547,-0.224609,0.000000,30.666985,47.000000
2.546875,-0.263672,1.187500,0.000000,29.350031,47.000000
2.617188,-0.179688,1.146484,0.000000,32.727695,47.000000
2.662109,-0.181641,1.148438,0.000000,31.972805,47.000000
0.041016,-0.033203,0.062500,0.000000,30.145205,47.000000
0.044922,-0.046875,0.103516,0.000000,29.047155,47.000000
1.214844,0.357422,0.066406,0.000000,19.395193,47.000000
0.011719,-0.039062,-0.007812,0.000000,30.744507,48.000000
0.019531,-0.080078,-0.007812,0.000000,31.972805,48.000000
0.029297,-0.119141,-0.003906,0.000000,30.199467,48.000000
0.056641,-0.154297,0.005859,0.000000,25.490032,48.000000
0.347656,-0.080078,-1.216797,0.000000,21.931246,48.000000
0.316406,-0.041016,1.269531,0.000000,23.201464,48.000000
0.423828,-0.000000,1.281250,0.000000,21.875208,48.000000
1.919922,-0.060547,-0.099609,0.000000,29.840771,48.000000
1.957031,-0.060547,-0.144531,0.000000,30.136797,48.000000
2.570312,-0.263672,1.136719,0.000000,29.434946,48.000000
2.611328,-0.267578,1.142578,0.000000,32.771507,48.000000
2.666016,-0.181641,1.138672,0.000000,32.016701,48.000000
0.041016,-0.033203,0.062500,0.000000,30.141003,48.000000
0.044922,-0.046875,0.103516,0.000000,29.047155,48.000000
1.214844,0.357422,0.072266,0.000000,19.242792,48.000000
0.011719,-0.039062,-0.007812,0.000000,30.737183,49.000000
0.017578,-0.080078,-0.007812,0.000000,31.970047,49.000000
0.029297,-0.119141,-0.003906,0.000000,30.195316,49.000000
0.056641,-0.154297,0.005859,0.000000,25.490032,49.000000
0.359375,-0.080078,-1.212891,0.000000,21.958996,49.000000
0.330078,-0.041016,1.265625,0.000000,23.222193,49.000000
0.535156,-0.042969,1.238281,0.000000,21.903316,49.000000
2.558594,-0.263672,1.160156,0.000000,29.365137,49.000000
2.611328,-0.267578,1.144531,0.000000,32.734642,49.000000
2.671875,-0.181641,1.125000,0.000000,31.989319,49.000000
2.041016,-0.326172,0.291016,0.614669,26.414742,49.000000
0.041016,-0.033203,0.062500,0.000000,30.141003,49.000000
0.044922,-0.046875,0.103516,0.000000,29.047155,49.000000
1.214844,0.357422,0.056641,0.000000,19.344984,49.000000
0.011719,-0.039062,-0.007812,0.000000,30.740847,50.000000
0.017578,-0.080078,-0.007812,0.000000,31.972805,50.000000
0.029297,-0.119141,-0.003906,0.000000,30.199467,50.000000
0.056641,-0.154297,0.005859,0.000000,25.514500,50.000000
0.339844,-0.080078,-1.218750,0.000000,21.986570,50.000000
0.320312,-0.041016,1.267578,0.000000,23.242825,50.000000
0.517578,-0.042969,1.246094,0.000000,21.958996,50.000000
1.910156,-0.060547,-0.216797,0.000000,29.201233,50.000000
1.951172,-0.060547,-0.208984,0.000000,29.444826,50.000000
1.992188,-0.062500,-0.203125,0.000000,27.634279,50.000000
2.564453,-0.263672,1.148438,0.000000,29.309490,50.000000
2.611328,-0.267578,1.144531,0.000000,32.652897,50.000000
2.669922,-0.181641,1.130859,0.000000,31.883659,50.000000
0.041016,-0.033203,0.062500,0.000000,30.145205,50.000000
0.044922,-0.046875,0.103516,0.000000,29.052561,50.000000
1.216797,0.357422,0.048828,0.000000,19.190781,50.000000
0.011719,-0.039062,-0.007812,0.000000,30.737183,51.000000
0.017578,-0.080078,-0.007812,0.000000,31.972805,51.000000
0.029297,-0.119141,-0.003906,0.000000,30.203613,51.000000
0.056641,-0.154297,0.005859,0.000000,25.502283,51.000000
0.330078,-0.080078,-1.222656,0.000000,21.958996,51.000000
0.326172,-0.041016,1.267578,0.000000,23.242825,51.000000
0.517578,-0.042969,1.246094,0.000000,21.958996,51.000000
1.863281,-0.058594,-0.257812,0.000000,28.603380,51.000000
1.904297,-0.060547,-0.255859,0.000000,31.752218,51.000000
1.943359,-0.060547,-0.271484,0.000000,31.586639,51.000000
1.976562,-0.125000,-0.312500,0.000000,28.413595,51.000000
2.558594,-0.263672,1.164062,0.000000,29.454685,51.000000
2.615234,-0.179688,1.154297,0.000000,32.695129,51.000000
2.660156,-0.181641,1.154297,0.000000,31.883659,51.000000
0.041016,-0.033203,0.062500,0.000000,30.145205,51.000000
0.044922,-0.046875,0.103516,0.000000,29.047155,51.000000
1.216797,0.357422,0.039062,0.000000,19.190781,51.000000
0.011719,-0.039062,-0.007812,0.000000,30.737183,52.000000
0.017578,-0.080078,-0.007812,0.000000,31.972805,52.000000
0.029297,-0.119141,-0.003906,0.000000,30.203613,52.000000
0.056641,-0.154297,0.005859,0.000000,25.502283,52.000000
0.351562,-0.080078,-1.214844,0.000000,21.986570,52.000000
0.300781,-0.041016,1.273438,0.000000,23.242825,52.000000
0.423828,-0.000000,1.281250,0.000000,21.931246,52.000000
1.855469,-0.058594,-0.308594,0.000000,27.810369,52.000000
1.900391,-0.060547,-0.285156,0.000000,30.655798,52.000000
1.945312,-0.060547,-0.257812,0.000000,30.261246,52.000000
1.992188,-0.000000,-0.228516,0.000000,27.126497,52.000000
2.546875,-0.263672,1.185547,0.000000,29.380192,52.000000
2.611328,-0.179688,1.160156,0.000000,32.764618,52.000000
2.658203,-0.181641,1.156250,0.000000,32.005768,52.000000
0.041016,-0.033203,0.062500,0.000000,30.145205,52.000000
0.044922,-0.046875,0.103516,0.000000,29.047155,52.000000
1.216797,0.357422,0.035156,0.000000,19.190781,52.000000
0.011719,-0.039062,-0.007812,0.000000,30.737183,53.000000
0.017578,-0.080078,-0.007812,0.000000,31.972805,53.000000
0.029297,-0.119141,-0.003906,0.000000,30.199467,53.000000
0.056641,-0.154297,0.005859,0.000000,25.502283,53.000000
0.353516,-0.080078,-1.214844,0.000000,21.986570,53.000000
0.314453,-0.041016,1.269531,0.000000,23.242825,53.000000
0.511719,-0.042969,1.248047,0.000000,21.931246,53.000000
1.912109,-0.060547,-0.199219,0.000000,30.817072,53.000000
1.957031,-0.060547,-0.152344,0.000000,31.325798,53.000000
2.000000,-0.062500,-0.107422,0.000000,28.898617,53.000000
2.544922,-0.263672,1.191406,0.000000,29.547249,53.000000
2.605469,-0.267578,1.156250,0.000000,32.762321,53.000000
2.666016,-0.181641,1.136719,0.000000,31.950689,53.000000
0.041016,-0.033203,0.062500,0.000000,30.141003,53.000000
0.044922,-0.046875,0.103516,0.000000,29.041744,53.000000
1.212891,0.357422,0.089844,0.000000,19.294189,53.000000
0.011719,-0.039062,-0.007812,0.000000,30.733517,54.000000
0.017578,-0.080078,-0.007812,0.000000,31.970047,54.000000
0.029297,-0.119141,-0.003906,0.000000,30.199467,54.000000
0.056641,-0.154297,0.005859,0.000000,25.490032,54.000000
0.351562,-0.080078,-1.214844,0.000000,21.958996,54.000000
0.294922,-0.041016,1.275391,0.000000,23.242825,54.000000
0.394531,-0.000000,1.291016,0.000000,21.875208,54.000000
1.888672,-0.060547,-0.351562,0.000000,29.405165,54.000000
1.914062,-0.060547,-0.435547,0.000000,29.474337,54.000000
2.535156,-0.263672,1.210938,0.000000,29.344984,54.000000
2.609375,-0.179688,1.164062,0.000000,32.743889,54.000000
2.654297,-0.181641,1.166016,0.000000,32.038486,54.000000
0.041016,-0.033203,0.062500,0.000000,30.141003,54.000000
0.044922,-0.046875,0.103516,0.000000,29.041744,54.000000
1.214844,0.357422,0.068359,0.000000,19.242792,54.000000
0.011719,-0.039062,-0.007812,0.000000,30.729847,55.000000
0.017578,-0.080078,-0.007812,0.000000,31.972805,55.000000
0.029297,-0.119141,-0.003906,0.000000,30.199467,55.000000
0.056641,-0.154297,0.005859,0.000000,25.502283,55.000000
0.357422,-0.080078,-1.214844,0.000000,21.958996,55.000000
0.300781,-0.041016,1.273438,0.000000,23.201464,55.000000
0.468750,-0.042969,1.265625,0.000000,21.931246,55.000000
1.896484,-0.060547,-0.308594,0.000000,28.609365,55.000000
1.943359,-0.060547,-0.279297,0.000000,30.207754,55.000000
1.972656,-0.062500,-0.355469,0.000000,29.211660,55.000000
2.519531,-0.263672,1.244141,0.000000,29.444826,55.000000
2.599609,-0.267578,1.171875,0.000000,32.753113,55.000000
2.656250,-0.181641,1.162109,0.000000,31.989319,55.000000
0.041016,-0.033203,0.062500,0.000000,30.145205,55.000000
0.044922,-0.046875,0.103516,0.000000,29.052561,55.000000
1.214844,0.357422,0.060547,0.000000,19.242792,55.000000
0.011719,-0.039062,-0.007812,0.000000,30.737183,56.000000
0.017578,-0.080078,-0.007812,0.000000,31.972805,56.000000
0.029297,-0.119141,-0.003906,0.000000,30.203613,56.000000
0.056641,-0.154297,0.005859,0.000000,25.514500,56.000000
0.355469,-0.080078,-1.214844,0.000000,21.931246,56.000000
0.312500,-0.041016,1.269531,0.000000,23.222193,56.000000
0.511719,-0.042969,1.248047,0.000000,21.931246,56.000000
1.906250,-0.060547,-0.238281,0.000000,30.244856,56.000000
1.953125,-0.060547,-0.199219,0.000000,32.046623,56.000000
1.996094,-0.062500,-0.169922,0.000000,30.993353,56.000000
2.550781,-0.263672,1.179688,0.000000,29.415113,56.000000
2.605469,-0.267578,1.158203,0.000000,32.727695,56.000000
2.664062,-0.181641,1.142578,0.000000,31.931246,56.000000
0.041016,-0.033203,0.062500,0.000000,30.145205,56.000000
0.044922,-0.046875,0.103516,0.000000,29.047155,56.000000
1.214844,0.357422,0.064453,0.000000,19.190781,56.000000
0.011719,-0.039062,-0.007812,0.000000,30.737183,57.000000
0.017578,-0.080078,-0.007812,0.000000,31.972805,57.000000
0.029297,-0.119141,-0.003906,0.000000,30.199467,57.000000
0.056641,-0.154297,0.005859,0.000000,25.490032,57.000000
0.380859,-0.080078,-1.207031,0.000000,22.041201,57.000000
0.289062,-0.041016,1.275391,0.000000,23.263359,57.000000
0.429688,-0.000000,1.279297,0.000000,21.931246,57.000000
1.892578,-0.121094,-0.318359,0.000000,27.331972,57.000000
1.939453,-0.060547,-0.300781,0.000000,28.260748,57.000000
2.533203,-0.263672,1.216797,0.000000,29.474337,57.000000
2.603516,-0.267578,1.164062,0.000000,32.760021,57.000000
2.664062,-0.181641,1.140625,0.000000,31.992065,57.000000
4.406250,-0.287109,1.222656,0.000000,31.436392,57.000000
4.449219,-0.289062,1.216797,0.000000,31.341770,57.000000
0.041016,-0.033203,0.062500,0.000000,30.145205,57.000000
0.044922,-0.046875,0.103516,0.000000,29.052561,57.000000
1.214844,0.357422,0.076172,0.000000,19.242792,57.000000
0.011719,-0.039062,-0.007812,0.000000,30.737183,58.000000
0.017578,-0.080078,-0.007812,0.000000,31.972805,58.000000
0.029297,-0.119141,-0.003906,0.000000,30.199467,58.000000
0.056641,-0.154297,0.005859,0.000000,25.502283,58.000000
0.355469,-0.080078,-1.214844,0.000000,22.013971,58.000000
0.302734,-0.041016,1.273438,0.000000,23.242825,58.000000
0.500000,-0.042969,1.253906,0.000000,21.958996,58.000000
1.962891,-0.060547,0.021484,0.000000,28.299467,58.000000
2.001953,-0.062500,-0.050781,0.000000,27.723217,58.000000
2.562500,-0.263672,1.154297,0.000000,29.350031,58.000000
2.617188,-0.179688,1.146484,0.000000,32.718414,58.000000
2.664062,-0.181641,1.142578,0.000000,32.008507,58.000000
4.417969,-0.287109,1.181641,0.000000,30.842186,58.000000
4.462891,-0.289062,1.166016,0.000000,30.034605,58.000000
0.041016,-0.033203,0.062500,0.000000,30.145205,58.000000
0.044922,-0.046875,0.103516,0.000000,29.047155,58.000000
1.216797,0.357422,0.041016,0.000000,19.242792,58.000000
3.060547,-2.021484,-2.812500,0.000000,27.209858,58.000000
0.011719,-0.039062,-0.007812,0.000000,30.737183,59.000000
0.017578,-0.080078,-0.007812,0.000000,31.972805,59.000000
0.029297,-0.119141,-0.003906,0.000000,30.203613,59.000000
0.056641,-0.154297,0.005859,0.000000,25.502283,59.000000
0.357422,-0.080078,-1.214844,0.000000,21.931246,59.000000
0.298828,-0.041016,1.273438,0.000000,23.201464,59.000000
0.431641,-0.000000,1.279297,0.000000,21.903316,59.000000
1.949219,-0.060547,-0.220703,0.000000,29.527924,59.000000
1.988281,-0.125000,-0.212891,0.000000,28.802418,59.000000
2.541016,-0.263672,1.199219,0.000000,29.309490,59.000000
2.601562,-0.267578,1.166016,0.000000,32.699799,59.000000
2.662109,-0.181641,1.148438,0.000000,31.942368,59.000000
4.416016,-0.287109,1.185547,0.000000,31.248301,59.000000
4.462891,-0.289062,1.167969,0.000000,30.595634,59.000000
0.041016,-0.033203,0.062500,0.000000,30.149403,59.000000
0.044922,-0.046875,0.103516,0.000000,29.057959,59.000000
1.216797,0.357422,0.031250,0.000000,19.190781,59.000000
0.011719,-0.039062,-0.007812,0.000000,30.744507,60.000000
0.017578,-0.080078,-0.007812,0.000000,31.978317,60.000000
0.029297,-0.119141,-0.003906,0.000000,30.203613,60.000000
0.056641,-0.154297,0.007812,0.000000,25.502283,60.000000
0.363281,-0.080078,-1.212891,0.000000,22.013971,60.000000
0.318359,-0.041016,1.269531,0.000000,23.242825,60.000000
0.505859,-0.042969,1.251953,0.000000,21.931246,60.000000
1.943359,-0.123047,-0.257812,0.000000,27.715876,60.000000
1.986328,-0.062500,-0.265625,0.000000,27.752462,60.000000
2.539062,-0.263672,1.203125,0.000000,29.395193,60.000000
2.605469,-0.267578,1.158203,0.000000,32.725376,60.000000
2.666016,-0.181641,1.136719,0.000000,31.978317,60.000000
4.416016,-0.287109,1.183594,0.000000,31.199154,60.000000
4.457031,-0.289062,1.193359,0.000000,30.492180,60.000000
0.041016,-0.033203,0.062500,0.000000,30.145205,60.000000
0.044922,-0.046875,0.103516,0.000000,29.047155,60.000000
1.214844,0.357422,0.056641,0.000000,19.294189,60.000000
0.011719,-0.039062,-0.007812,0.000000,30.744507,61.000000
0.017578,-0.080078,-0.007812,0.000000,31.978317,61.000000
0.042969,-0.115234,-0.007812,0.000000,30.207754,61.000000
0.056641,-0.154297,0.005859,0.000000,25.502283,61.000000
0.345703,-0.080078,-1.216797,0.000000,21.986570,61.000000
0.330078,-0.041016,1.265625,0.000000,23.263359,61.000000
0.535156,-0.042969,1.238281,0.000000,21.986570,61.000000
1.968750,-0.125000,-0.359375,0.000000,26.095943,61.000000
2.541016,-0.263672,1.199219,0.000000,29.425041,61.000000
2.607422,-0.267578,1.154297,0.000000,32.755417,61.000000
2.666016,-0.181641,1.140625,0.000000,32.016701,61.000000
4.408203,-0.287109,1.212891,0.000000,30.780941,61.000000
4.457031,-0.289062,1.189453,0.000000,29.943172,61.000000
0.041016,-0.033203,0.062500,0.000000,30.145205,61.000000
0.044922,-0.046875,0.103516,0.000000,29.047155,61.000000
1.214844,0.357422,0.056641,0.000000,19.084850,61.000000
1.972656,-0.000000,-0.357422,0.000000,26.074551,61.000000
3.056641,-2.021484,-2.816406,0.000000,27.176704,61.000000
0.011719,-0.039062,-0.007812,0.000000,30.740847,62.000000
0.017578,-0.080078,-0.007812,0.000000,31.975563,62.000000
0.029297,-0.119141,-0.003906,0.000000,30.203613,62.000000
0.056641,-0.154297,0.005859,0.000000,25.502283,62.000000
0.296875,-0.080078,-1.230469,0.000000,22.013971,62.000000
0.353516,-0.041016,1.259766,0.000000,23.242825,62.000000
0.537109,-0.042969,1.238281,0.000000,21.958996,62.000000
1.953125,-0.060547,-0.195312,0.000000,29.513374,62.000000
1.998047,-0.062500,-0.158203,0.000000,29.614210,62.000000
2.539062,-0.263672,1.203125,0.000000,29.344984,62.000000
2.609375,-0.179688,1.164062,0.000000,32.704460,62.000000
2.652344,-0.181641,1.167969,0.000000,31.947918,62.000000
4.404297,-0.287109,1.230469,0.000000,31.455072,62.000000
4.445312,-0.289062,1.232422,0.000000,31.376705,62.000000
0.041016,-0.033203,0.062500,0.000000,30.149403,62.000000
0.044922,-0.046875,0.103516,0.000000,29.052561,62.000000
1.214844,0.357422,0.056641,0.000000,19.242792,62.000000
0.011719,-0.039062,-0.007812,0.000000,30.733517,63.000000
0.017578,-0.080078,-0.007812,0.000000,31.972805,63.000000
0.029297,-0.119141,-0.003906,0.000000,30.203613,63.000000
0.056641,-0.154297,0.007812,0.000000,25.502283,63.000000
0.361328,-0.080078,-1.212891,0.000000,21.986570,63.000000
0.306641,-0.041016,1.271484,0.000000,23.222193,63.000000
0.492188,-0.042969,1.255859,0.000000,21.958996,63.000000
1.962891,-0.000000,-0.046875,0.000000,27.853298,63.000000
2.001953,-0.000000,-0.109375,0.000000,28.959747,63.000000
2.039062,-0.000000,-0.164062,0.000000,27.143297,63.000000
2.519531,-0.263672,1.246094,0.000000,29.334873,63.000000
2.599609,-0.267578,1.169922,0.000000,32.741577,63.000000
2.664062,-0.181641,1.142578,0.000000,32.027607,63.000000
0.041016,-0.033203,0.062500,0.000000,30.145205,63.000000
0.044922,-0.046875,0.103516,0.000000,29.047155,63.000000
1.216797,0.357422,0.042969,0.000000,19.294189,63.000000
0.011719,-0.039062,-0.007812,0.000000,30.740847,64.000000
0.017578,-0.080078,-0.007812,0.000000,31.978317,64.000000
0.029297,-0.119141,-0.003906,0.000000,30.207754,64.000000
