0.011719,-0.039062,-0.007812,0.000000,30.726175,0.000000
0.017578,-0.080078,-0.007812,0.000000,31.975563,0.000000
0.029297,-0.119141,-0.003906,0.000000,30.207754,0.000000
0.056641,-0.154297,0.005859,0.000000,25.514500,0.000000
0.365234,-0.080078,-1.210938,0.000000,21.986570,0.000000
0.292969,-0.041016,1.275391,0.000000,23.263359,0.000000
0.412109,-0.000000,1.285156,0.000000,21.986570,0.000000
1.837891,-0.000000,-0.109375,0.000000,30.394140,0.000000
1.876953,-0.000000,-0.128906,0.000000,32.143139,0.000000
1.912109,-0.000000,-0.203125,0.000000,30.350292,0.000000
2.548828,-0.263672,1.181641,0.000000,29.319662,0.000000
2.607422,-0.267578,1.152344,0.000000,32.716091,0.000000
2.664062,-0.181641,1.142578,0.000000,32.030331,0.000000
4.400391,-0.287109,1.242188,0.000000,31.231981,0.000000
4.437500,-0.289062,1.263672,0.000000,30.700378,0.000000
4.826172,-0.306641,0.843750,0.000000,30.216026,0.000000
4.878906,-0.308594,0.771484,0.000000,31.442627,0.000000
0.041016,-0.033203,0.062500,0.000000,30.145205,0.000000
0.044922,-0.046875,0.103516,0.000000,29.047155,0.000000
1.216797,0.357422,0.044922,0.000000,19.395193,0.000000
0.011719,-0.039062,-0.007812,0.000000,30.729847,1.000000
0.017578,-0.080078,-0.007812,0.000000,31.975563,1.000000
0.029297,-0.119141,-0.003906,0.000000,30.203613,1.000000
0.056641,-0.154297,0.005859,0.000000,25.502283,1.000000
0.300781,-0.080078,-1.228516,0.000000,21.986570,1.000000
0.337891,-0.041016,1.263672,0.000000,23.263359,1.000000
0.537109,-0.042969,1.238281,0.000000,22.041201,1.000000
1.837891,-0.000000,-0.105469,0.000000,27.634279,1.000000
1.880859,-0.000000,-0.074219,0.000000,29.201233,1.000000
1.917969,0.060547,-0.121094,0.000000,27.466343,1.000000
2.548828,-0.263672,1.183594,0.000000,29.498777,1.000000
2.603516,-0.267578,1.160156,0.000000,32.796669,1.000000
2.658203,-0.181641,1.156250,0.000000,32.073650,1.000000
4.322266,-0.283203,1.361328,0.000000,27.788744,1.000000
4.404297,-0.287109,1.228516,0.000000,31.507565,1.000000
4.441406,-0.289062,1.248047,0.000000,31.014034,1.000000
4.865234,-0.308594,0.853516,0.000000,30.457140,1.000000
0.041016,-0.033203,0.062500,0.000000,30.141003,1.000000
0.044922,-0.046875,0.103516,0.000000,29.047155,1.000000
1.216797,0.357422,0.003906,0.000000,19.294189,1.000000
3.558594,-1.843750,-2.134766,0.000000,24.842999,1.000000
0.011719,-0.039062,-0.007812,0.000000,30.740847,2.000000
0.017578,-0.080078,-0.007812,0.000000,31.975563,2.000000
0.029297,-0.119141,-0.003906,0.000000,30.207754,2.000000
0.056641,-0.154297,0.005859,0.000000,25.514500,2.000000
0.314453,-0.080078,-1.226562,0.000000,21.986570,2.000000
0.335938,-0.041016,1.263672,0.000000,23.222193,2.000000
0.517578,-0.042969,1.246094,0.000000,21.958996,2.000000
1.837891,-0.000000,-0.101562,0.000000,28.457180,2.000000
1.880859,-0.000000,-0.042969,0.000000,29.159271,2.000000
1.921875,-0.000000,0.009766,0.000000,28.375885,2.000000
1.960938,-0.000000,0.087891,0.000000,27.535831,2.000000
2.548828,-0.263672,1.183594,0.000000,29.169800,2.000000
2.609375,-0.267578,1.150391,0.000000,32.688118,2.000000
2.667969,-0.181641,1.130859,0.000000,32.049335,2.000000
4.318359,-0.283203,1.373047,0.000000,27.824726,2.000000
4.402344,-0.287109,1.238281,0.000000,31.637575,2.000000
4.439453,-0.289062,1.257812,0.000000,31.280760,2.000000
4.806641,-0.306641,0.949219,0.000000,29.479237,2.000000
4.835938,-0.464844,0.947266,0.000000,31.254812,2.000000
0.041016,-0.033203,0.062500,0.000000,30.145205,2.000000
0.044922,-0.046875,0.103516,0.000000,29.047155,2.000000
1.216797,0.357422,0.027344,0.000000,19.344984,2.000000
3.572266,-1.843750,-2.111328,0.000000,25.078558,2.000000
0.011719,-0.039062,-0.007812,0.000000,30.726175,3.000000
0.017578,-0.080078,-0.007812,0.000000,31.972805,3.000000
0.029297,-0.119141,-0.003906,0.000000,30.203613,3.000000
0.056641,-0.154297,0.005859,0.000000,25.490032,3.000000
0.363281,-0.080078,-1.212891,0.000000,22.041201,3.000000
0.306641,-0.041016,1.271484,0.000000,23.283796,3.000000
0.490234,-0.042969,1.255859,0.000000,21.958996,3.000000
1.904297,-0.000000,-0.265625,0.000000,27.176704,3.000000
2.574219,-0.263672,1.128906,0.000000,29.532763,3.000000
2.628906,-0.179688,1.119141,0.000000,32.782963,3.000000
2.681641,-0.181641,1.099609,0.000000,32.011238,3.000000
4.324219,-0.283203,1.357422,0.000000,27.888752,3.000000
4.404297,-0.287109,1.228516,0.000000,31.702618,3.000000
4.447266,-0.289062,1.226562,0.000000,31.360861,3.000000
4.810547,-0.460938,0.859375,0.000000,29.858753,3.000000
4.890625,-0.308594,0.693359,0.000000,31.420765,3.000000
1.843750,-0.675781,0.019531,1.229337,23.502480,3.000000
0.041016,-0.033203,0.062500,0.000000,30.149403,3.000000
0.044922,-0.046875,0.103516,0.000000,29.052561,3.000000
1.216797,0.357422,0.044922,0.000000,19.395193,3.000000
3.552734,-1.843750,-2.144531,0.000000,25.065050,3.000000
0.011719,-0.039062,-0.007812,0.000000,30.733517,4.000000
0.017578,-0.080078,-0.007812,0.000000,31.975563,4.000000
0.029297,-0.119141,-0.003906,0.000000,30.207754,4.000000
0.056641,-0.154297,0.005859,0.000000,25.514500,4.000000
0.351562,-0.080078,-1.216797,0.000000,21.958996,4.000000
0.308594,-0.041016,1.271484,0.000000,23.242825,4.000000
0.419922,-0.000000,1.283203,0.000000,21.986570,4.000000
1.832031,-0.000000,-0.187500,0.000000,28.579353,4.000000
1.871094,-0.000000,-0.203125,0.000000,29.400181,4.000000
1.916016,0.060547,-0.146484,0.000000,27.701153,4.000000
2.523438,-0.263672,1.236328,0.000000,29.319662,4.000000
2.595703,-0.267578,1.177734,0.000000,32.730011,4.000000
2.656250,-0.181641,1.160156,0.000000,31.992065,4.000000
4.328125,-0.283203,1.345703,0.000000,27.965744,4.000000
4.412109,-0.287109,1.197266,0.000000,31.755117,4.000000
4.453125,-0.289062,1.208984,0.000000,31.408222,4.000000
4.875000,-0.308594,0.798828,0.000000,31.065308,4.000000
0.041016,-0.033203,0.062500,0.000000,30.145205,4.000000
0.044922,-0.046875,0.103516,0.000000,29.047155,4.000000
1.216797,0.357422,0.023438,0.000000,19.242792,4.000000
3.367188,-1.843750,-2.423828,0.000000,25.105450,4.000000
0.011719,-0.039062,-0.007812,0.000000,30.737183,5.000000
0.017578,-0.080078,-0.007812,0.000000,31.978317,5.000000
0.029297,-0.119141,-0.003906,0.000000,30.207754,5.000000
0.056641,-0.154297,0.007812,0.000000,25.514500,5.000000
0.333984,-0.080078,-1.220703,0.000000,22.013971,5.000000
0.312500,-0.041016,1.271484,0.000000,23.263359,5.000000
0.498047,-0.042969,1.253906,0.000000,21.986570,5.000000
1.876953,-0.058594,-0.111328,0.000000,27.831886,5.000000
2.552734,-0.263672,1.173828,0.000000,29.415113,5.000000
2.611328,-0.267578,1.142578,0.000000,32.771507,5.000000
2.669922,-0.181641,1.130859,0.000000,32.062859,5.000000
4.365234,-0.283203,1.214844,0.000000,28.188854,5.000000
4.419922,-0.287109,1.169922,0.000000,31.728947,5.000000
4.457031,-0.289062,1.191406,0.000000,31.254812,5.000000
4.763672,-0.603516,-0.500000,0.000000,29.916691,5.000000
4.843750,-0.464844,0.904297,0.000000,30.211893,5.000000
0.041016,-0.033203,0.062500,0.000000,30.153597,5.000000
0.044922,-0.046875,0.103516,0.000000,29.052561,5.000000
1.216797,0.357422,0.035156,0.000000,19.190781,5.000000
0.011719,-0.039062,-0.007812,0.000000,30.740847,6.000000
0.017578,-0.080078,-0.007812,0.000000,31.975563,6.000000
0.029297,-0.119141,-0.003906,0.000000,30.207754,6.000000
0.056641,-0.154297,0.005859,0.000000,25.514500,6.000000
0.339844,-0.080078,-1.218750,0.000000,21.986570,6.000000
0.316406,-0.041016,1.269531,0.000000,23.263359,6.000000
0.503906,-0.042969,1.251953,0.000000,22.013971,6.000000
1.984375,0.521484,0.378906,0.000000,27.315887,6.000000
2.039062,0.464844,0.390625,0.000000,28.920946,6.000000
2.568359,-0.263672,1.138672,0.000000,29.503649,6.000000
2.621094,-0.179688,1.140625,0.000000,32.773800,6.000000
2.666016,-0.181641,1.136719,0.000000,32.030331,6.000000
4.320312,-0.283203,1.369141,0.000000,27.817554,6.000000
4.402344,-0.287109,1.234375,0.000000,31.448854,6.000000
4.441406,-0.289062,1.246094,0.000000,30.870712,6.000000
4.806641,-0.460938,0.884766,0.000000,30.322157,6.000000
4.873047,-0.308594,0.814453,0.000000,31.812717,6.000000
0.041016,-0.033203,0.062500,0.000000,30.149403,6.000000
0.044922,-0.046875,0.103516,0.000000,29.052561,6.000000
1.216797,0.357422,0.050781,0.000000,19.395193,6.000000
3.601562,-1.843750,-2.062500,0.000000,25.092026,6.000000
0.011719,-0.039062,-0.007812,0.000000,30.744507,7.000000
0.017578,-0.080078,-0.007812,0.000000,31.975563,7.000000
0.029297,-0.119141,-0.003906,0.000000,30.203613,7.000000
0.056641,-0.154297,0.007812,0.000000,25.502283,7.000000
0.335938,-0.080078,-1.220703,0.000000,22.013971,7.000000
0.308594,-0.041016,1.271484,0.000000,23.263359,7.000000
0.410156,-0.000000,1.285156,0.000000,21.958996,7.000000
2.042969,0.464844,0.369141,0.000000,28.215136,7.000000
2.537109,-0.263672,1.208984,0.000000,29.365137,7.000000
2.617188,-0.179688,1.148438,0.000000,32.741577,7.000000
2.675781,-0.181641,1.115234,0.000000,32.052044,7.000000
4.408203,-0.287109,1.218750,0.000000,31.598679,7.000000
4.445312,-0.289062,1.236328,0.000000,31.182648,7.000000
4.818359,-0.460938,0.812500,0.000000,31.215599,7.000000
4.878906,-0.308594,0.781250,0.000000,32.221962,7.000000
0.041016,-0.033203,0.062500,0.000000,30.149403,7.000000
0.044922,-0.046875,0.103516,0.000000,29.052561,7.000000
1.216797,0.357422,0.023438,0.000000,19.294189,7.000000
0.011719,-0.039062,-0.007812,0.000000,30.740847,8.000000
0.017578,-0.080078,-0.007812,0.000000,31.975563,8.000000
0.029297,-0.119141,-0.003906,0.000000,30.207754,8.000000
0.056641,-0.154297,0.005859,0.000000,25.514500,8.000000
0.361328,-0.080078,-1.212891,0.000000,22.068258,8.000000
0.330078,-0.041016,1.265625,0.000000,23.283796,8.000000
0.519531,-0.042969,1.244141,0.000000,21.931246,8.000000
2.566406,-0.263672,1.146484,0.000000,29.439888,8.000000
2.613281,-0.267578,1.138672,0.000000,32.739269,8.000000
2.671875,-0.181641,1.126953,0.000000,32.016701,8.000000
4.339844,-0.283203,1.304688,0.000000,28.621313,8.000000
4.419922,-0.287109,1.173828,0.000000,32.362854,8.000000
4.474609,-0.289062,1.121094,0.000000,32.087101,8.000000
4.820312,-0.460938,0.804688,0.000000,30.511526,8.000000
4.876953,-0.308594,0.781250,0.000000,31.225435,8.000000
1.859375,0.058594,-0.279297,0.614669,26.473829,8.000000
2.050781,0.332031,0.458984,-0.614669,25.943926,8.000000
0.041016,-0.033203,0.062500,0.000000,30.149403,8.000000
0.044922,-0.046875,0.103516,0.000000,29.057959,8.000000
1.216797,0.357422,0.035156,0.000000,19.395193,8.000000
3.435547,-1.843750,-2.328125,0.000000,25.728716,8.000000
0.011719,-0.039062,-0.007812,0.000000,30.748165,9.000000
0.017578,-0.080078,-0.007812,0.000000,31.978317,9.000000
0.042969,-0.115234,-0.007812,0.000000,30.203613,9.000000
0.056641,-0.154297,0.007812,0.000000,25.502283,9.000000
0.351562,-0.080078,-1.214844,0.000000,21.986570,9.000000
0.285156,-0.041016,1.277344,0.000000,23.263359,9.000000
0.484375,-0.042969,1.259766,0.000000,21.986570,9.000000
1.857422,-0.000000,-0.294922,0.000000,29.566486,9.000000
1.894531,-0.000000,-0.326172,0.000000,30.207754,9.000000
1.923828,0.060547,-0.392578,0.000000,27.937904,9.000000
2.046875,0.332031,0.476562,0.000000,29.273705,9.000000
2.554688,-0.263672,1.171875,0.000000,29.493900,9.000000
2.609375,-0.267578,1.148438,0.000000,32.771507,9.000000
2.669922,-0.181641,1.126953,0.000000,32.027607,9.000000
4.335938,-0.283203,1.318359,0.000000,28.149132,9.000000
4.417969,-0.287109,1.175781,0.000000,32.003033,9.000000
4.466797,-0.289062,1.152344,0.000000,31.781132,9.000000
4.826172,-0.306641,0.839844,0.000000,30.386202,9.000000
4.882812,-0.308594,0.746094,0.000000,31.507565,9.000000
1.996094,0.255859,0.361328,-0.614669,26.242821,9.000000
2.025391,0.326172,0.376953,-0.614669,29.717396,9.000000
0.041016,-0.033203,0.062500,0.000000,30.145205,9.000000
0.044922,-0.046875,0.103516,0.000000,29.047155,9.000000
1.214844,0.357422,0.052734,0.000000,19.294189,9.000000
3.451172,-1.843750,-2.304688,0.000000,25.352942,9.000000
0.011719,-0.039062,-0.007812,0.000000,30.740847,10.000000
0.017578,-0.080078,-0.007812,0.000000,31.978317,10.000000
0.029297,-0.119141,-0.003906,0.000000,30.207754,10.000000
0.056641,-0.154297,0.005859,0.000000,25.502283,10.000000
0.339844,-0.080078,-1.218750,0.000000,21.986570,10.000000
0.287109,-0.041016,1.277344,0.000000,23.283796,10.000000
0.416016,-0.000000,1.285156,0.000000,22.013971,10.000000
1.888672,-0.390625,0.796875,0.000000,28.881796,10.000000
1.974609,-0.398438,0.683594,0.000000,28.639174,10.000000
2.537109,-0.263672,1.207031,0.000000,29.294189,10.000000
2.603516,-0.267578,1.162109,0.000000,32.702129,10.000000
2.666016,-0.181641,1.138672,0.000000,31.970047,10.000000
4.802734,-0.460938,0.902344,0.000000,29.956352,10.000000
4.878906,-0.308594,0.777344,0.000000,31.136091,10.000000
0.041016,-0.033203,0.062500,0.000000,30.149403,10.000000
0.044922,-0.046875,0.103516,0.000000,29.052561,10.000000
1.214844,0.357422,0.054688,0.000000,19.294189,10.000000
2.056641,0.326172,-0.136719,0.000000,27.458551,10.000000
2.037109,0.398438,-0.464844,0.000000,25.854607,10.000000
0.011719,-0.039062,-0.007812,0.000000,30.737183,11.000000
0.017578,-0.080078,-0.007812,0.000000,31.975563,11.000000
0.029297,-0.119141,-0.003906,0.000000,30.203613,11.000000
0.056641,-0.154297,0.005859,0.000000,25.502283,11.000000
0.314453,-0.080078,-1.226562,0.000000,21.986570,11.000000
0.322266,-0.041016,1.267578,0.000000,23.242825,11.000000
0.494141,-0.042969,1.255859,0.000000,22.013971,11.000000
1.865234,-0.000000,-0.244141,0.000000,30.874264,11.000000
1.896484,-0.060547,-0.306641,0.000000,31.290451,11.000000
1.925781,-0.000000,-0.384766,0.000000,28.603380,11.000000
2.046875,-0.261719,0.312500,0.000000,28.135809,11.000000
2.087891,-0.265625,0.314453,0.000000,27.589119,11.000000
2.582031,-0.263672,1.111328,0.000000,29.390198,11.000000
2.615234,-0.267578,1.136719,0.000000,32.732327,11.000000
2.666016,-0.181641,1.136719,0.000000,31.975563,11.000000
0.041016,-0.033203,0.062500,0.000000,30.153597,11.000000
0.044922,-0.046875,0.103516,0.000000,29.057959,11.000000
1.216797,0.357422,0.031250,0.000000,19.344984,11.000000
1.898438,0.060547,-0.294922,0.000000,31.271048,11.000000
0.011719,-0.039062,-0.007812,0.000000,30.744507,12.000000
0.017578,-0.080078,-0.007812,0.000000,31.975563,12.000000
0.029297,-0.119141,-0.003906,0.000000,30.203613,12.000000
0.056641,-0.154297,0.005859,0.000000,25.514500,12.000000
0.335938,-0.080078,-1.220703,0.000000,22.068258,12.000000
0.322266,-0.041016,1.267578,0.000000,23.304138,12.000000
0.523438,-0.042969,1.244141,0.000000,22.013971,12.000000
1.873047,0.058594,-0.177734,0.000000,30.220158,12.000000
1.916016,-0.000000,-0.164062,0.000000,30.488300,12.000000
2.039062,-0.326172,0.292969,0.000000,29.938768,12.000000
2.082031,-0.332031,0.279297,0.000000,30.496056,12.000000
2.560547,-0.263672,1.156250,0.000000,29.464523,12.000000
2.607422,-0.267578,1.154297,0.000000,32.750809,12.000000
2.664062,-0.181641,1.142578,0.000000,31.958996,12.000000
4.808594,-0.460938,0.873047,0.000000,30.484419,12.000000
4.882812,-0.308594,0.748047,0.000000,31.634596,12.000000
4.939453,-0.156250,0.689453,0.000000,28.893017,12.000000
0.041016,-0.033203,0.062500,0.000000,30.153597,12.000000
0.044922,-0.046875,0.103516,0.000000,29.057959,12.000000
1.216797,0.357422,0.019531,0.000000,19.242792,12.000000
4.414062,1.871094,1.386719,0.000000,27.512791,12.000000
0.011719,-0.039062,-0.007812,0.000000,30.744507,13.000000
0.017578,-0.080078,-0.007812,0.000000,31.978317,13.000000
0.029297,-0.119141,-0.003906,0.000000,30.207754,13.000000
0.056641,-0.154297,0.007812,0.000000,25.502283,13.000000
0.339844,-0.080078,-1.218750,0.000000,22.013971,13.000000
0.318359,-0.041016,1.269531,0.000000,23.263359,13.000000
0.433594,-0.000000,1.279297,0.000000,21.958996,13.000000
1.878906,-0.000000,0.111328,0.000000,27.649229,13.000000
2.544922,-0.263672,1.191406,0.000000,29.420080,13.000000
2.601562,-0.267578,1.167969,0.000000,32.727695,13.000000
2.656250,-0.181641,1.160156,0.000000,31.975563,13.000000
4.332031,-0.283203,1.333984,0.000000,28.155777,13.000000
4.431641,-0.287109,1.128906,0.000000,31.553360,13.000000
4.466797,-0.433594,1.111328,0.000000,30.920185,13.000000
4.884766,-0.308594,0.734375,0.000000,31.215599,13.000000
0.041016,-0.033203,0.062500,0.000000,30.149403,13.000000
0.044922,-0.046875,0.103516,0.000000,29.052561,13.000000
1.214844,0.357422,0.054688,0.000000,19.344984,13.000000
3.351562,-1.843750,-2.445312,0.000000,25.682016,13.000000
0.011719,-0.039062,-0.007812,0.000000,30.740847,14.000000
0.017578,-0.080078,-0.007812,0.000000,31.978317,14.000000
0.029297,-0.119141,-0.003906,0.000000,30.207754,14.000000
0.056641,-0.154297,0.005859,0.000000,25.502283,14.000000
0.371094,-0.080078,-1.208984,0.000000,22.013971,14.000000
0.279297,-0.041016,1.279297,0.000000,23.263359,14.000000
0.460938,-0.042969,1.267578,0.000000,21.958996,14.000000
1.830078,-0.000000,-0.195312,0.000000,29.722029,14.000000
1.875000,-0.000000,-0.164062,0.000000,31.849752,14.000000
1.917969,-0.060547,-0.119141,0.000000,30.464952,14.000000
2.546875,-0.263672,1.189453,0.000000,29.425041,14.000000
2.617188,-0.179688,1.146484,0.000000,32.760021,14.000000
2.664062,-0.181641,1.144531,0.000000,32.011238,14.000000
4.363281,-0.142578,1.250000,0.000000,28.842287,14.000000
4.427734,-0.287109,1.144531,0.000000,32.862320,14.000000
4.480469,-0.289062,1.101562,0.000000,32.776093,14.000000
4.806641,-0.460938,0.884766,0.000000,29.978231,14.000000
4.880859,-0.308594,0.761719,0.000000,30.972572,14.000000
0.041016,-0.033203,0.062500,0.000000,30.149403,14.000000
0.044922,-0.046875,0.103516,0.000000,29.057959,14.000000
1.216797,0.357422,0.042969,0.000000,19.444826,14.000000
3.337891,-1.843750,-2.462891,0.000000,25.976952,14.000000
0.011719,-0.039062,-0.007812,0.000000,30.729847,15.000000
0.017578,-0.080078,-0.007812,0.000000,31.972805,15.000000
0.029297,-0.119141,-0.003906,0.000000,30.203613,15.000000
0.056641,-0.154297,0.005859,0.000000,25.502283,15.000000
0.341797,-0.080078,-1.218750,0.000000,21.986570,15.000000
0.316406,-0.041016,1.269531,0.000000,23.242825,15.000000
0.500000,-0.042969,1.253906,0.000000,21.958996,15.000000
1.830078,-0.000000,-0.205078,0.000000,28.407331,15.000000
1.873047,-0.000000,-0.171875,0.000000,29.618956,15.000000
2.539062,-0.263672,1.203125,0.000000,29.314579,15.000000
2.605469,-0.267578,1.158203,0.000000,32.669369,15.000000
2.664062,-0.181641,1.144531,0.000000,31.908916,15.000000
4.392578,-0.287109,1.269531,0.000000,31.089031,15.000000
4.417969,-0.289062,1.330078,0.000000,30.553783,15.000000
4.822266,-0.460938,0.798828,0.000000,30.409977,15.000000
4.890625,-0.308594,0.697266,0.000000,31.473671,15.000000
0.041016,-0.033203,0.062500,0.000000,30.145205,15.000000
0.044922,-0.046875,0.103516,0.000000,29.047155,15.000000
1.214844,0.357422,0.076172,0.000000,19.242792,15.000000
0.011719,-0.039062,-0.007812,0.000000,30.737183,16.000000
0.017578,-0.080078,-0.007812,0.000000,31.975563,16.000000
0.029297,-0.119141,-0.003906,0.000000,30.207754,16.000000
0.056641,-0.154297,0.005859,0.000000,25.526682,16.000000
0.308594,-0.080078,-1.226562,0.000000,22.013971,16.000000
0.324219,-0.041016,1.267578,0.000000,23.283796,16.000000
0.433594,-0.000000,1.279297,0.000000,22.013971,16.000000
1.837891,-0.000000,-0.091797,0.000000,27.558748,16.000000
1.875000,0.058594,-0.134766,0.000000,28.438555,16.000000
2.541016,-0.263672,1.201172,0.000000,29.429996,16.000000
2.607422,-0.267578,1.152344,0.000000,32.757717,16.000000
2.673828,-0.181641,1.119141,0.000000,32.038486,16.000000
4.396484,-0.287109,1.259766,0.000000,30.791813,16.000000
4.423828,-0.289062,1.310547,0.000000,30.174507,16.000000
4.886719,-0.308594,0.724609,0.000000,30.409977,16.000000
0.041016,-0.033203,0.062500,0.000000,30.149403,16.000000
0.046875,-0.046875,0.103516,0.000000,29.052561,16.000000
1.214844,0.357422,0.056641,0.000000,19.242792,16.000000
0.011719,-0.039062,-0.007812,0.000000,30.729847,17.000000
0.017578,-0.080078,-0.007812,0.000000,31.975563,17.000000
0.029297,-0.119141,-0.003906,0.000000,30.203613,17.000000
0.056641,-0.154297,0.007812,0.000000,25.490032,17.000000
0.328125,-0.080078,-1.222656,0.000000,22.013971,17.000000
0.324219,-0.041016,1.267578,0.000000,23.263359,17.000000
0.498047,-0.042969,1.253906,0.000000,21.986570,17.000000
1.833984,-0.000000,-0.156250,0.000000,29.469433,17.000000
1.875000,-0.000000,-0.158203,0.000000,30.476643,17.000000
1.916016,-0.000000,-0.166016,0.000000,28.943161,17.000000
2.539062,-0.263672,1.205078,0.000000,29.484129,17.000000
2.619141,-0.179688,1.144531,0.000000,32.782963,17.000000
2.666016,-0.181641,1.138672,0.000000,32.070957,17.000000
4.402344,-0.287109,1.236328,0.000000,30.863598,17.000000
4.427734,-0.289062,1.298828,0.000000,30.305998,17.000000
0.041016,-0.033203,0.062500,0.000000,30.145205,17.000000
0.044922,-0.046875,0.103516,0.000000,29.052561,17.000000
1.216797,0.357422,0.037109,0.000000,19.294189,17.000000
0.011719,-0.039062,-0.007812,0.000000,30.737183,18.000000
0.017578,-0.080078,-0.007812,0.000000,31.975563,18.000000
0.029297,-0.119141,-0.003906,0.000000,30.203613,18.000000
0.056641,-0.154297,0.005859,0.000000,25.502283,18.000000
0.355469,-0.080078,-1.214844,0.000000,22.013971,18.000000
0.283203,-0.041016,1.277344,0.000000,23.263359,18.000000
0.466797,-0.042969,1.265625,0.000000,21.958996,18.000000
1.830078,-0.000000,-0.193359,0.000000,28.767950,18.000000
1.876953,-0.000000,-0.140625,0.000000,28.864906,18.000000
1.921875,-0.000000,0.027344,0.000000,28.475727,18.000000
1.949219,-0.000000,0.234375,0.000000,28.981766,18.000000
1.962891,-0.000000,0.402344,0.000000,27.723217,18.000000
2.535156,-0.263672,1.212891,0.000000,29.410143,18.000000
2.611328,-0.179688,1.158203,0.000000,32.709118,18.000000
2.666016,-0.181641,1.138672,0.000000,31.972805,18.000000
4.390625,-0.287109,1.273438,0.000000,30.622059,18.000000
4.417969,-0.289062,1.328125,0.000000,30.111473,18.000000
0.041016,-0.033203,0.062500,0.000000,30.145205,18.000000
0.044922,-0.046875,0.103516,0.000000,29.052561,18.000000
1.216797,0.357422,0.046875,0.000000,19.294189,18.000000
0.011719,-0.039062,-0.007812,0.000000,30.737183,19.000000
0.017578,-0.080078,-0.007812,0.000000,31.975563,19.000000
0.029297,-0.119141,-0.003906,0.000000,30.207754,19.000000
0.056641,-0.154297,0.005859,0.000000,25.502283,19.000000
0.345703,-0.080078,-1.216797,0.000000,21.986570,19.000000
0.318359,-0.041016,1.269531,0.000000,23.242825,19.000000
0.427734,-0.000000,1.279297,0.000000,21.958996,19.000000
1.880859,0.058594,-0.019531,0.000000,28.573324,19.000000
1.916016,-0.000000,0.158203,0.000000,28.115749,19.000000
2.535156,-0.263672,1.212891,0.000000,29.370161,19.000000
2.617188,-0.179688,1.148438,0.000000,32.739269,19.000000
2.669922,-0.181641,1.126953,0.000000,32.027607,19.000000
4.388672,-0.287109,1.283203,0.000000,30.354298,19.000000
4.408203,-0.289062,1.363281,0.000000,29.790930,19.000000
1.869141,-0.689453,0.226562,-1.229337,22.479733,19.000000
0.041016,-0.033203,0.062500,0.000000,30.145205,19.000000
0.044922,-0.046875,0.103516,0.000000,29.052561,19.000000
1.216797,0.357422,0.027344,0.000000,19.344984,19.000000
0.011719,-0.039062,-0.007812,0.000000,30.733517,20.000000
0.017578,-0.080078,-0.007812,0.000000,31.972805,20.000000
0.029297,-0.119141,-0.003906,0.000000,30.203613,20.000000
0.056641,-0.154297,0.005859,0.000000,25.502283,20.000000
0.341797,-0.080078,-1.218750,0.000000,21.986570,20.000000
0.320312,-0.041016,1.269531,0.000000,23.263359,20.000000
0.503906,-0.042969,1.251953,0.000000,21.986570,20.000000
1.824219,-0.000000,-0.253906,0.000000,28.109043,20.000000
1.859375,-0.000000,-0.294922,0.000000,28.475727,20.000000
2.531250,-0.263672,1.220703,0.000000,29.400181,20.000000
2.613281,-0.179688,1.156250,0.000000,32.762321,20.000000
2.664062,-0.181641,1.144531,0.000000,32.081726,20.000000
4.373047,-0.287109,1.333984,0.000000,29.898945,20.000000
4.396484,-0.289062,1.398438,0.000000,29.395193,20.000000
1.865234,0.613281,0.042969,-1.844006,21.335388,20.000000
0.041016,-0.033203,0.062500,0.000000,30.145205,20.000000
0.044922,-0.046875,0.103516,0.000000,29.047155,20.000000
1.216797,0.357422,0.050781,0.000000,19.294189,20.000000
3.521484,-2.021484,-2.208984,0.000000,26.404814,20.000000
0.011719,-0.039062,-0.007812,0.000000,30.740847,21.000000
0.017578,-0.080078,-0.007812,0.000000,31.978317,21.000000
0.029297,-0.119141,-0.003906,0.000000,30.211893,21.000000
0.056641,-0.154297,0.007812,0.000000,25.502283,21.000000
0.332031,-0.080078,-1.220703,0.000000,21.958996,21.000000
0.333984,-0.041016,1.265625,0.000000,23.222193,21.000000
0.453125,-0.000000,1.271484,0.000000,21.958996,21.000000
1.957031,-0.000000,0.167969,0.000000,27.923918,21.000000
1.990234,-0.000000,0.234375,0.000000,26.812412,21.000000
2.554688,-0.263672,1.169922,0.000000,29.283958,21.000000
2.611328,-0.267578,1.146484,0.000000,32.741577,21.000000
2.667969,-0.181641,1.134766,0.000000,32.013969,21.000000
4.367188,-0.287109,1.353516,0.000000,29.590414,21.000000
4.380859,-0.289062,1.447266,0.000000,28.920946,21.000000
0.041016,-0.033203,0.062500,0.000000,30.153597,21.000000
0.044922,-0.046875,0.103516,0.000000,29.057959,21.000000
1.214844,0.357422,0.064453,0.000000,19.190781,21.000000
3.380859,-2.003906,-2.355469,0.000000,26.683859,21.000000
3.580078,-2.021484,-2.113281,0.000000,26.117233,21.000000
0.011719,-0.039062,-0.007812,0.000000,30.733517,22.000000
0.017578,-0.080078,-0.007812,0.000000,31.975563,22.000000
0.029297,-0.119141,-0.003906,0.000000,30.207754,22.000000
0.056641,-0.154297,0.005859,0.000000,25.514500,22.000000
0.330078,-0.080078,-1.222656,0.000000,21.931246,22.000000
0.341797,-0.041016,1.263672,0.000000,23.222193,22.000000
0.521484,-0.042969,1.244141,0.000000,21.986570,22.000000
2.546875,-0.263672,1.187500,0.000000,29.508514,22.000000
2.615234,-0.179688,1.152344,0.000000,32.773800,22.000000
2.666016,-0.181641,1.136719,0.000000,32.030331,22.000000
4.371094,-0.287109,1.341797,0.000000,29.206450,22.000000
2.029297,-0.000000,-0.486328,-1.229337,19.956352,22.000000
2.103516,-0.000000,-0.310547,-1.229337,20.170334,22.000000
0.041016,-0.033203,0.062500,0.000000,30.157787,22.000000
0.044922,-0.046875,0.103516,0.000000,29.052561,22.000000
1.216797,0.357422,0.011719,0.000000,19.294189,22.000000
3.453125,-2.003906,-2.246094,0.000000,26.334684,22.000000
0.687500,0.912109,1.746094,-1.229337,19.590414,22.000000
0.716797,0.863281,1.806641,-1.229337,19.731279,22.000000
0.011719,-0.039062,-0.007812,0.000000,30.733517,23.000000
0.017578,-0.080078,-0.007812,0.000000,31.975563,23.000000
0.029297,-0.119141,-0.003906,0.000000,30.207754,23.000000
0.056641,-0.154297,0.005859,0.000000,25.514500,23.000000
0.347656,-0.080078,-1.216797,0.000000,22.013971,23.000000
0.292969,-0.041016,1.275391,0.000000,23.283796,23.000000
0.492188,-0.042969,1.255859,0.000000,21.986570,23.000000
2.550781,-0.263672,1.177734,0.000000,29.314579,23.000000
2.603516,-0.267578,1.160156,0.000000,32.727695,23.000000
2.664062,-0.181641,1.140625,0.000000,32.019432,23.000000
4.382812,-0.287109,1.304688,0.000000,29.722029,23.000000
4.390625,-0.289062,1.416016,0.000000,29.253120,23.000000
0.041016,-0.033203,0.062500,0.000000,30.149403,23.000000
0.044922,-0.046875,0.103516,0.000000,29.047155,23.000000
1.216797,0.357422,0.023438,0.000000,19.242792,23.000000
0.011719,-0.039062,-0.007812,0.000000,30.726175,24.000000
0.017578,-0.080078,-0.007812,0.000000,31.975563,24.000000
0.029297,-0.119141,-0.003906,0.000000,30.207754,24.000000
0.056641,-0.154297,0.007812,0.000000,25.502283,24.000000
0.330078,-0.080078,-1.222656,0.000000,21.931246,24.000000
0.312500,-0.041016,1.269531,0.000000,23.242825,24.000000
0.425781,-0.000000,1.281250,0.000000,21.958996,24.000000
2.552734,-0.263672,1.173828,0.000000,29.365137,24.000000
2.609375,-0.267578,1.148438,0.000000,32.723057,24.000000
2.667969,-0.181641,1.130859,0.000000,31.981070,24.000000
4.414062,-0.287109,1.191406,0.000000,31.972805,24.000000
4.462891,-0.289062,1.169922,0.000000,31.821293,24.000000
1.898438,-0.000000,0.300781,-0.614669,26.637009,24.000000
1.955078,-0.000000,0.177734,-0.614669,27.965744,24.000000
1.998047,-0.000000,0.164062,-0.614669,25.502283,24.000000
0.041016,-0.033203,0.062500,0.000000,30.153597,24.000000
0.044922,-0.046875,0.103516,0.000000,29.047155,24.000000
1.216797,0.357422,0.005859,0.000000,19.395193,24.000000
0.011719,-0.039062,-0.007812,0.000000,30.729847,25.000000
0.017578,-0.080078,-0.007812,0.000000,31.975563,25.000000
0.029297,-0.119141,-0.003906,0.000000,30.207754,25.000000
0.056641,-0.154297,0.007812,0.000000,25.502283,25.000000
0.337891,-0.080078,-1.220703,0.000000,22.041201,25.000000
0.281250,-0.041016,1.277344,0.000000,23.242825,25.000000
0.398438,-0.000000,1.289062,0.000000,21.958996,25.000000
2.537109,-0.263672,1.208984,0.000000,29.350031,25.000000
2.595703,-0.267578,1.177734,0.000000,32.664669,25.000000
2.656250,-0.181641,1.162109,0.000000,31.846914,25.000000
4.412109,-0.287109,1.205078,0.000000,30.625820,25.000000
4.460938,-0.289062,1.171875,0.000000,29.633156,25.000000
0.041016,-0.033203,0.062500,0.000000,30.153597,25.000000
0.044922,-0.046875,0.103516,0.000000,29.057959,25.000000
1.216797,0.357422,0.023438,0.000000,19.444826,25.000000
3.025391,-2.021484,-2.849609,0.000000,27.024305,25.000000
0.011719,-0.039062,-0.007812,0.000000,30.733517,26.000000
0.017578,-0.080078,-0.007812,0.000000,31.972805,26.000000
0.029297,-0.119141,-0.003906,0.000000,30.199467,26.000000
0.056641,-0.154297,0.005859,0.000000,25.490032,26.000000
0.339844,-0.080078,-1.218750,0.000000,22.041201,26.000000
0.312500,-0.041016,1.269531,0.000000,23.304138,26.000000
0.478516,-0.042969,1.261719,0.000000,22.013971,26.000000
1.875000,-0.058594,-0.144531,0.000000,27.723217,26.000000
1.917969,-0.060547,-0.132812,0.000000,29.014584,26.000000
1.962891,-0.000000,-0.072266,0.000000,27.234556,26.000000
2.554688,-0.263672,1.169922,0.000000,29.294189,26.000000
2.609375,-0.267578,1.150391,0.000000,32.674065,26.000000
2.669922,-0.181641,1.130859,0.000000,31.967287,26.000000
4.412109,-0.287109,1.203125,0.000000,30.722500,26.000000
4.455078,-0.289062,1.199219,0.000000,29.795485,26.000000
0.041016,-0.033203,0.062500,0.000000,30.149403,26.000000
0.044922,-0.046875,0.103516,0.000000,29.047155,26.000000
1.216797,0.357422,0.031250,0.000000,19.190781,26.000000
3.179688,-2.021484,-2.677734,0.000000,26.954817,26.000000
0.011719,-0.039062,-0.007812,0.000000,30.733517,27.000000
0.017578,-0.080078,-0.007812,0.000000,31.975563,27.000000
0.029297,-0.119141,-0.003906,0.000000,30.203613,27.000000
0.056641,-0.154297,0.005859,0.000000,25.502283,27.000000
0.355469,-0.080078,-1.214844,0.000000,21.958996,27.000000
0.287109,-0.041016,1.277344,0.000000,23.263359,27.000000
0.484375,-0.042969,1.259766,0.000000,21.986570,27.000000
1.878906,-0.058594,-0.101562,0.000000,28.438555,27.000000
1.919922,-0.060547,-0.093750,0.000000,30.670708,27.000000
1.958984,-0.000000,-0.123047,0.000000,30.038912,27.000000
2.527344,-0.263672,1.230469,0.000000,29.339931,27.000000
2.591797,-0.267578,1.187500,0.000000,32.725376,27.000000
2.654297,-0.181641,1.164062,0.000000,31.961761,27.000000
4.417969,-0.287109,1.179688,0.000000,30.538464,27.000000
4.466797,-0.289062,1.154297,0.000000,29.503649,27.000000
0.041016,-0.033203,0.062500,0.000000,30.149403,27.000000
0.044922,-0.046875,0.103516,0.000000,29.052561,27.000000
1.216797,0.357422,0.027344,0.000000,19.242792,27.000000
3.035156,-2.021484,-2.839844,0.000000,26.946053,27.000000
0.011719,-0.039062,-0.007812,0.000000,30.729847,28.000000
0.017578,-0.080078,-0.007812,0.000000,31.975563,28.000000
0.029297,-0.119141,-0.003906,0.000000,30.207754,28.000000
0.056641,-0.154297,0.005859,0.000000,25.502283,28.000000
0.345703,-0.080078,-1.216797,0.000000,21.986570,28.000000
0.292969,-0.041016,1.275391,0.000000,23.283796,28.000000
0.394531,-0.000000,1.291016,0.000000,22.013971,28.000000
1.859375,0.058594,-0.283203,0.000000,29.334873,28.000000
1.904297,0.060547,-0.255859,0.000000,30.086002,28.000000
1.960938,-0.000000,-0.091797,0.000000,28.633228,28.000000
2.552734,-0.263672,1.173828,0.000000,29.385197,28.000000
2.607422,-0.267578,1.152344,0.000000,32.734642,28.000000
2.664062,-0.181641,1.142578,0.000000,31.992065,28.000000
4.416016,-0.287109,1.185547,0.000000,32.140488,28.000000
4.457031,-0.289062,1.193359,0.000000,32.143139,28.000000
0.041016,-0.033203,0.062500,0.000000,30.149403,28.000000
0.044922,-0.046875,0.103516,0.000000,29.057959,28.000000
1.216797,0.357422,0.033203,0.000000,19.294189,28.000000
0.011719,-0.039062,-0.007812,0.000000,30.729847,29.000000
0.017578,-0.080078,-0.007812,0.000000,31.972805,29.000000
0.029297,-0.119141,-0.003906,0.000000,30.199467,29.000000
0.056641,-0.154297,0.005859,0.000000,25.490032,29.000000
0.371094,-0.080078,-1.210938,0.000000,22.013971,29.000000
0.291016,-0.041016,1.275391,0.000000,23.242825,29.000000
0.410156,-0.000000,1.285156,0.000000,21.931246,29.000000
1.849609,-0.058594,-0.341797,0.000000,29.036325,29.000000
1.912109,-0.060547,-0.195312,0.000000,29.758911,29.000000
1.962891,-0.060547,-0.005859,0.000000,29.365137,29.000000
2.001953,-0.062500,0.097656,0.000000,27.708521,29.000000
2.539062,-0.263672,1.205078,0.000000,29.324738,29.000000
2.603516,-0.267578,1.160156,0.000000,32.723057,29.000000
2.662109,-0.181641,1.144531,0.000000,32.030331,29.000000
4.357422,-0.287109,1.382812,0.000000,28.970770,29.000000
0.041016,-0.033203,0.062500,0.000000,30.149403,29.000000
0.044922,-0.046875,0.103516,0.000000,29.047155,29.000000
1.216797,0.357422,0.029297,0.000000,19.242792,29.000000
3.537109,-2.003906,-2.111328,0.000000,26.053051,29.000000
0.011719,-0.039062,-0.007812,0.000000,30.729847,30.000000
0.017578,-0.080078,-0.007812,0.000000,31.972805,30.000000
0.029297,-0.119141,-0.003906,0.000000,30.203613,30.000000
0.056641,-0.154297,0.007812,0.000000,25.490032,30.000000
0.326172,-0.080078,-1.222656,0.000000,21.958996,30.000000
0.335938,-0.041016,1.265625,0.000000,23.242825,30.000000
0.500000,-0.042969,1.253906,0.000000,21.958996,30.000000
1.830078,-0.058594,-0.431641,0.000000,28.247765,30.000000
1.957031,-0.000000,-0.150391,0.000000,29.708117,30.000000
2.000000,-0.062500,-0.125000,0.000000,28.475727,30.000000
2.550781,-0.263672,1.181641,0.000000,29.454685,30.000000
2.617188,-0.179688,1.148438,0.000000,32.739269,30.000000
2.666016,-0.181641,1.138672,0.000000,31.967287,30.000000
4.353516,-0.287109,1.396484,0.000000,28.475727,30.000000
0.041016,-0.033203,0.062500,0.000000,30.145205,30.000000
0.044922,-0.046875,0.103516,0.000000,29.047155,30.000000
1.216797,0.357422,-0.001953,0.000000,19.294189,30.000000
3.595703,-2.003906,-2.009766,0.000000,25.809250,30.000000
0.011719,-0.039062,-0.007812,0.000000,30.737183,31.000000
0.017578,-0.080078,-0.007812,0.000000,31.975563,31.000000
0.029297,-0.119141,-0.003906,0.000000,30.203613,31.000000
0.056641,-0.154297,0.005859,0.000000,25.490032,31.000000
0.320312,-0.080078,-1.224609,0.000000,21.958996,31.000000
0.326172,-0.041016,1.267578,0.000000,23.263359,31.000000
0.517578,-0.042969,1.246094,0.000000,21.986570,31.000000
1.839844,-0.000000,-0.074219,0.000000,30.507664,31.000000
1.878906,0.058594,-0.066406,0.000000,33.843533,31.000000
1.921875,-0.000000,-0.072266,0.000000,33.933998,31.000000
1.957031,0.060547,-0.140625,0.000000,31.586639,31.000000
1.982422,0.062500,-0.285156,0.000000,28.215136,31.000000
2.552734,-0.263672,1.175781,0.000000,29.464523,31.000000
2.601562,-0.267578,1.166016,0.000000,32.727695,31.000000
2.658203,-0.181641,1.154297,0.000000,31.931246,31.000000
4.371094,-0.287109,1.345703,0.000000,29.003672,31.000000
0.041016,-0.033203,0.062500,0.000000,30.153597,31.000000
0.044922,-0.046875,0.103516,0.000000,29.057959,31.000000
1.216797,0.357422,0.044922,0.000000,19.190781,31.000000
3.490234,-2.003906,-2.187500,0.000000,26.232492,31.000000
0.011719,-0.039062,-0.007812,0.000000,30.733517,32.000000
0.017578,-0.080078,-0.007812,0.000000,31.975563,32.000000
0.029297,-0.119141,-0.003906,0.000000,30.207754,32.000000
0.056641,-0.154297,0.005859,0.000000,25.514500,32.000000
0.337891,-0.080078,-1.220703,0.000000,21.986570,32.000000
0.318359,-0.041016,1.269531,0.000000,23.242825,32.000000
0.488281,-0.042969,1.257812,0.000000,21.931246,32.000000
2.541016,-0.263672,1.199219,0.000000,29.400181,32.000000
2.603516,-0.267578,1.162109,0.000000,32.771507,32.000000
2.662109,-0.181641,1.148438,0.000000,32.016701,32.000000
4.365234,-0.287109,1.361328,0.000000,29.074114,32.000000
1.904297,0.626953,0.039062,1.229337,22.405493,32.000000
1.941406,0.638672,0.048828,1.229337,21.038036,32.000000
0.041016,-0.033203,0.062500,0.000000,30.153597,32.000000
0.044922,-0.046875,0.103516,0.000000,29.057959,32.000000
1.216797,0.357422,0.019531,0.000000,19.242792,32.000000
3.466797,-2.003906,-2.226562,0.000000,26.242821,32.000000
0.011719,-0.039062,-0.007812,0.000000,30.733517,33.000000
0.017578,-0.080078,-0.007812,0.000000,31.972805,33.000000
0.029297,-0.119141,-0.003906,0.000000,30.199467,33.000000
0.056641,-0.154297,0.007812,0.000000,25.490032,33.000000
0.341797,-0.080078,-1.218750,0.000000,21.986570,33.000000
0.318359,-0.041016,1.269531,0.000000,23.242825,33.000000
0.445312,-0.000000,1.275391,0.000000,21.931246,33.000000
1.912109,-0.000000,-0.449219,0.000000,28.591383,33.000000
2.539062,-0.263672,1.203125,0.000000,29.508514,33.000000
2.599609,-0.267578,1.169922,0.000000,32.769211,33.000000
2.664062,-0.181641,1.140625,0.000000,31.983822,33.000000
4.365234,-0.287109,1.363281,0.000000,29.222063,33.000000
0.041016,-0.033203,0.062500,0.000000,30.149403,33.000000
0.044922,-0.046875,0.103516,0.000000,29.052561,33.000000
1.216797,0.357422,0.023438,0.000000,19.294189,33.000000
3.419922,-2.003906,-2.298828,0.000000,26.324574,33.000000
0.011719,-0.039062,-0.007812,0.000000,30.733517,34.000000
0.017578,-0.080078,-0.007812,0.000000,31.975563,34.000000
0.029297,-0.119141,-0.003906,0.000000,30.203613,34.000000
0.056641,-0.154297,0.005859,0.000000,25.490032,34.000000
0.324219,-0.080078,-1.222656,0.000000,21.958996,34.000000
0.308594,-0.041016,1.271484,0.000000,23.242825,34.000000
0.490234,-0.042969,1.257812,0.000000,21.958996,34.000000
2.546875,-0.263672,1.187500,0.000000,29.469433,34.000000
2.613281,-0.179688,1.158203,0.000000,32.762321,34.000000
2.660156,-0.181641,1.150391,0.000000,32.060158,34.000000
4.371094,-0.287109,1.343750,0.000000,29.289078,34.000000
0.041016,-0.033203,0.062500,0.000000,30.149403,34.000000
0.044922,-0.046875,0.103516,0.000000,29.047155,34.000000
1.214844,0.357422,0.052734,0.000000,19.242792,34.000000
3.398438,-2.003906,-2.328125,0.000000,26.334684,34.000000
0.011719,-0.039062,-0.007812,0.000000,30.722500,35.000000
0.017578,-0.080078,-0.007812,0.000000,31.972805,35.000000
0.041016,-0.115234,-0.007812,0.000000,30.203613,35.000000
0.056641,-0.154297,0.005859,0.000000,25.514500,35.000000
0.361328,-0.080078,-1.212891,0.000000,21.986570,35.000000
0.304688,-0.041016,1.271484,0.000000,23.242825,35.000000
0.486328,-0.042969,1.257812,0.000000,21.931246,35.000000
1.867188,-0.058594,-0.232422,0.000000,29.047155,35.000000
2.556641,-0.263672,1.166016,0.000000,29.263424,35.000000
2.605469,-0.267578,1.156250,0.000000,32.683437,35.000000
2.662109,-0.181641,1.146484,0.000000,31.931246,35.000000
4.398438,-0.287109,1.251953,0.000000,29.365137,35.000000
0.041016,-0.033203,0.062500,0.000000,30.149403,35.000000
0.044922,-0.046875,0.103516,0.000000,29.052561,35.000000
1.216797,0.357422,0.037109,0.000000,19.294189,35.000000
0.011719,-0.039062,-0.007812,0.000000,30.729847,36.000000
0.017578,-0.080078,-0.007812,0.000000,31.975563,36.000000
0.029297,-0.119141,-0.003906,0.000000,30.207754,36.000000
0.056641,-0.154297,0.005859,0.000000,25.502283,36.000000
0.312500,-0.080078,-1.226562,0.000000,21.958996,36.000000
0.314453,-0.041016,1.269531,0.000000,23.263359,36.000000
0.457031,-0.000000,1.269531,0.000000,22.013971,36.000000
1.828125,-0.058594,-0.443359,0.000000,28.419847,36.000000
1.894531,-0.000000,-0.324219,0.000000,28.419847,36.000000
2.548828,-0.263672,1.185547,0.000000,29.304396,36.000000
2.626953,-0.179688,1.123047,0.000000,32.727695,36.000000
2.675781,-0.181641,1.113281,0.000000,32.008507,36.000000
4.382812,-0.287109,1.304688,0.000000,29.454685,36.000000
2.005859,0.531250,0.470703,0.614669,26.334684,36.000000
0.041016,-0.033203,0.062500,0.000000,30.149403,36.000000
0.044922,-0.046875,0.103516,0.000000,29.052561,36.000000
1.216797,0.357422,0.023438,0.000000,19.242792,36.000000
0.011719,-0.039062,-0.007812,0.000000,30.726175,37.000000
0.017578,-0.080078,-0.007812,0.000000,31.972805,37.000000
0.029297,-0.119141,-0.003906,0.000000,30.203613,37.000000
0.056641,-0.154297,0.005859,0.000000,25.502283,37.000000
0.339844,-0.080078,-1.218750,0.000000,21.986570,37.000000
0.308594,-0.041016,1.271484,0.000000,23.263359,37.000000
0.412109,-0.000000,1.285156,0.000000,21.958996,37.000000
1.871094,-0.000000,-0.199219,0.000000,31.176027,37.000000
1.914062,-0.060547,-0.175781,0.000000,31.832699,37.000000
1.947266,-0.000000,-0.246094,0.000000,28.692318,37.000000
2.005859,0.457031,0.351562,0.000000,28.432327,37.000000
2.060547,0.398438,0.349609,0.000000,30.136797,37.000000
2.085938,0.474609,0.353516,0.000000,28.382193,37.000000
2.556641,-0.263672,1.166016,0.000000,29.479237,37.000000
2.623047,-0.179688,1.134766,0.000000,32.778385,37.000000
2.667969,-0.181641,1.130859,0.000000,32.041199,37.000000
4.392578,-0.287109,1.271484,0.000000,30.115704,37.000000
4.414062,-0.289062,1.339844,0.000000,29.722029,37.000000
0.041016,-0.033203,0.062500,0.000000,30.145205,37.000000
0.044922,-0.046875,0.103516,0.000000,29.052561,37.000000
1.216797,0.357422,0.033203,0.000000,19.294189,37.000000
0.011719,-0.039062,-0.007812,0.000000,30.733517,38.000000
0.017578,-0.080078,-0.007812,0.000000,31.975563,38.000000
0.029297,-0.119141,-0.003906,0.000000,30.203613,38.000000
0.056641,-0.154297,0.007812,0.000000,25.502283,38.000000
0.326172,-0.080078,-1.222656,0.000000,21.958996,38.000000
0.332031,-0.041016,1.265625,0.000000,23.222193,38.000000
0.417969,-0.000000,1.283203,0.000000,21.903316,38.000000
2.535156,-0.263672,1.210938,0.000000,29.344984,38.000000
2.599609,-0.267578,1.169922,0.000000,32.760021,38.000000
2.656250,-0.181641,1.160156,0.000000,32.043915,38.000000
4.333984,-0.283203,1.324219,0.000000,28.188854,38.000000
4.416016,-0.287109,1.187500,0.000000,32.068260,38.000000
4.464844,-0.289062,1.160156,0.000000,31.766699,38.000000
0.041016,-0.033203,0.062500,0.000000,30.145205,38.000000
0.044922,-0.046875,0.103516,0.000000,29.052561,38.000000
1.216797,0.357422,0.005859,0.000000,19.344984,38.000000
3.488281,-1.843750,-2.248047,0.000000,25.263393,38.000000
0.011719,-0.039062,-0.007812,0.000000,30.729847,39.000000
0.017578,-0.080078,-0.007812,0.000000,31.975563,39.000000
0.029297,-0.119141,-0.003906,0.000000,30.203613,39.000000
0.056641,-0.154297,0.007812,0.000000,25.502283,39.000000
0.355469,-0.080078,-1.214844,0.000000,21.986570,39.000000
0.283203,-0.041016,1.277344,0.000000,23.201464,39.000000
0.408203,-0.000000,1.287109,0.000000,21.903316,39.000000
1.914062,-0.060547,-0.173828,0.000000,29.556877,39.000000
2.539062,-0.263672,1.205078,0.000000,29.459606,39.000000
2.599609,-0.267578,1.171875,0.000000,32.757717,39.000000
2.660156,-0.181641,1.150391,0.000000,32.003033,39.000000
4.402344,-0.287109,1.238281,0.000000,30.856472,39.000000
4.445312,-0.289062,1.232422,0.000000,30.161974,39.000000
4.892578,-0.308594,0.689453,0.000000,31.142773,39.000000
4.937500,-0.312500,0.652344,0.000000,29.009130,39.000000
0.041016,-0.033203,0.062500,0.000000,30.149403,39.000000
0.044922,-0.046875,0.103516,0.000000,29.052561,39.000000
1.216797,0.357422,0.044922,0.000000,19.344984,39.000000
4.519531,1.871094,0.992188,0.000000,26.981005,39.000000
0.011719,-0.039062,-0.007812,0.000000,30.729847,40.000000
0.017578,-0.080078,-0.007812,0.000000,31.975563,40.000000
0.029297,-0.119141,-0.003906,0.000000,30.203613,40.000000
0.056641,-0.154297,0.005859,0.000000,25.502283,40.000000
0.367188,-0.080078,-1.210938,0.000000,21.986570,40.000000
0.275391,-0.041016,1.279297,0.000000,23.263359,40.000000
0.410156,-0.000000,1.285156,0.000000,21.986570,40.000000
1.878906,-0.000000,-0.111328,0.000000,27.944880,40.000000
1.919922,-0.000000,-0.097656,0.000000,29.916691,40.000000
1.957031,-0.060547,-0.146484,0.000000,28.715729,40.000000
2.048828,-0.390625,0.068359,0.000000,28.142475,40.000000
2.542969,-0.263672,1.195312,0.000000,29.385197,40.000000
2.613281,-0.179688,1.158203,0.000000,32.757717,40.000000
2.664062,-0.181641,1.144531,0.000000,32.062859,40.000000
4.812500,-0.460938,0.853516,0.000000,31.099159,40.000000
4.876953,-0.308594,0.789062,0.000000,32.425415,40.000000
4.917969,-0.156250,0.832031,0.000000,30.207754,40.000000
0.041016,-0.033203,0.062500,0.000000,30.141003,40.000000
0.044922,-0.046875,0.103516,0.000000,29.047155,40.000000
1.214844,0.357422,0.056641,0.000000,19.294189,40.000000
1.671875,0.261719,1.220703,0.000000,25.717089,40.000000
4.259766,1.871094,1.806641,0.000000,27.566360,40.000000
0.011719,-0.039062,-0.007812,0.000000,30.726175,41.000000
0.017578,-0.080078,-0.007812,0.000000,31.972805,41.000000
0.029297,-0.119141,-0.003906,0.000000,30.203613,41.000000
0.056641,-0.154297,0.005859,0.000000,25.502283,41.000000
0.357422,-0.080078,-1.214844,0.000000,21.986570,41.000000
0.298828,-0.041016,1.273438,0.000000,23.263359,41.000000
0.427734,-0.000000,1.281250,0.000000,21.958996,41.000000
1.865234,-0.000000,-0.250000,0.000000,29.991306,41.000000
1.906250,-0.000000,-0.242188,0.000000,32.516380,41.000000
1.951172,-0.000000,-0.222656,0.000000,31.423895,41.000000
1.986328,0.326172,0.546875,0.000000,28.369568,41.000000
2.541016,-0.263672,1.199219,0.000000,29.410143,41.000000
2.603516,-0.267578,1.160156,0.000000,32.750809,41.000000
2.664062,-0.181641,1.140625,0.000000,32.016701,41.000000
4.371094,-0.287109,1.343750,0.000000,29.498777,41.000000
0.041016,-0.033203,0.062500,0.000000,30.149403,41.000000
0.044922,-0.046875,0.103516,0.000000,29.052561,41.000000
1.216797,0.357422,0.048828,0.000000,19.344984,41.000000
1.904297,-0.457031,-0.718750,0.000000,26.294096,41.000000
3.421875,-1.861328,-2.412109,0.000000,26.794279,41.000000
0.011719,-0.039062,-0.007812,0.000000,30.722500,42.000000
0.017578,-0.080078,-0.007812,0.000000,31.970047,42.000000
0.029297,-0.119141,-0.003906,0.000000,30.199467,42.000000
0.056641,-0.154297,0.005859,0.000000,25.490032,42.000000
0.322266,-0.080078,-1.224609,0.000000,22.013971,42.000000
0.306641,-0.041016,1.271484,0.000000,23.283796,42.000000
0.410156,-0.000000,1.285156,0.000000,21.986570,42.000000
1.859375,-0.058594,-0.279297,0.000000,29.111576,42.000000
1.898438,-0.060547,-0.292969,0.000000,31.414497,42.000000
1.941406,-0.000000,-0.296875,0.000000,29.991306,42.000000
2.552734,-0.263672,1.175781,0.000000,29.324738,42.000000
2.615234,-0.267578,1.136719,0.000000,32.755417,42.000000
2.681641,-0.181641,1.099609,0.000000,32.022160,42.000000
4.394531,-0.287109,1.263672,0.000000,30.576660,42.000000
4.423828,-0.289062,1.308594,0.000000,30.253059,42.000000
0.041016,-0.033203,0.062500,0.000000,30.149403,42.000000
0.044922,-0.046875,0.103516,0.000000,29.047155,42.000000
1.216797,0.357422,0.011719,0.000000,19.344984,42.000000
0.011719,-0.039062,-0.007812,0.000000,30.729847,43.000000
0.017578,-0.080078,-0.007812,0.000000,31.972805,43.000000
0.029297,-0.119141,-0.003906,0.000000,30.199467,43.000000
0.056641,-0.154297,0.005859,0.000000,25.502283,43.000000
0.353516,-0.080078,-1.214844,0.000000,22.013971,43.000000
0.291016,-0.041016,1.275391,0.000000,23.263359,43.000000
0.410156,-0.000000,1.285156,0.000000,21.931246,43.000000
1.914062,-0.000000,-0.189453,0.000000,28.524799,43.000000
1.958984,-0.060547,-0.119141,0.000000,27.427252,43.000000
2.546875,-0.263672,1.189453,0.000000,29.344984,43.000000
2.621094,-0.179688,1.138672,0.000000,32.746197,43.000000
2.666016,-0.181641,1.136719,0.000000,32.019432,43.000000
0.041016,-0.033203,0.062500,0.000000,30.149403,43.000000
0.044922,-0.046875,0.103516,0.000000,29.052561,43.000000
1.214844,0.357422,0.052734,0.000000,19.242792,43.000000
0.011719,-0.039062,-0.007812,0.000000,30.722500,44.000000
0.017578,-0.080078,-0.007812,0.000000,31.972805,44.000000
0.029297,-0.119141,-0.003906,0.000000,30.203613,44.000000
0.056641,-0.154297,0.005859,0.000000,25.502283,44.000000
0.328125,-0.080078,-1.222656,0.000000,22.013971,44.000000
0.328125,-0.041016,1.267578,0.000000,23.263359,44.000000
0.419922,-0.000000,1.283203,0.000000,21.986570,44.000000
1.875000,-0.058594,-0.138672,0.000000,27.566360,44.000000
1.917969,-0.000000,-0.136719,0.000000,29.148718,44.000000
1.960938,-0.060547,-0.093750,0.000000,27.737864,44.000000
2.541016,-0.263672,1.199219,0.000000,29.498777,44.000000
2.603516,-0.267578,1.162109,0.000000,32.718414,44.000000
2.664062,-0.181641,1.144531,0.000000,31.936810,44.000000
4.382812,-0.429688,1.267578,0.000000,30.996807,44.000000
4.427734,-0.289062,1.296875,0.000000,30.820669,44.000000
0.041016,-0.033203,0.062500,0.000000,30.145205,44.000000
0.044922,-0.046875,0.103516,0.000000,29.047155,44.000000
1.216797,0.357422,0.046875,0.000000,19.294189,44.000000
0.011719,-0.039062,-0.007812,0.000000,30.729847,45.000000
0.017578,-0.080078,-0.007812,0.000000,31.975563,45.000000
0.029297,-0.119141,-0.003906,0.000000,30.211893,45.000000
0.056641,-0.154297,0.005859,0.000000,25.514500,45.000000
0.328125,-0.080078,-1.222656,0.000000,22.013971,45.000000
0.310547,-0.041016,1.271484,0.000000,23.242825,45.000000
0.478516,-0.042969,1.261719,0.000000,21.986570,45.000000
1.867188,-0.058594,-0.226562,0.000000,30.766405,45.000000
1.914062,-0.000000,-0.185547,0.000000,30.899052,45.000000
2.546875,-0.263672,1.189453,0.000000,29.309490,45.000000
2.613281,-0.179688,1.156250,0.000000,32.702129,45.000000
2.656250,-0.181641,1.158203,0.000000,32.008507,45.000000
0.041016,-0.033203,0.062500,0.000000,30.149403,45.000000
0.044922,-0.046875,0.103516,0.000000,29.052561,45.000000
1.216797,0.357422,0.027344,0.000000,19.242792,45.000000
0.011719,-0.039062,-0.007812,0.000000,30.729847,46.000000
0.017578,-0.080078,-0.007812,0.000000,31.972805,46.000000
0.029297,-0.119141,-0.003906,0.000000,30.203613,46.000000
0.056641,-0.154297,0.007812,0.000000,25.502283,46.000000
0.335938,-0.080078,-1.220703,0.000000,22.013971,46.000000
0.310547,-0.041016,1.271484,0.000000,23.263359,46.000000
0.433594,-0.000000,1.279297,0.000000,21.958996,46.000000
2.542969,-0.263672,1.197266,0.000000,29.375179,46.000000
2.615234,-0.179688,1.154297,0.000000,32.746197,46.000000
2.662109,-0.181641,1.146484,0.000000,32.046623,46.000000
1.845703,-0.000000,-0.363281,-0.614669,27.339993,46.000000
1.886719,-0.000000,-0.373047,-0.614669,27.730547,46.000000
0.041016,-0.033203,0.062500,0.000000,30.149403,46.000000
0.044922,-0.046875,0.103516,0.000000,29.052561,46.000000
1.216797,0.357422,0.033203,0.000000,19.294189,46.000000
0.011719,-0.039062,-0.007812,0.000000,30.729847,47.000000
0.017578,-0.080078,-0.007812,0.000000,31.972805,47.000000
0.029297,-0.119141,-0.003906,0.000000,30.203613,47.000000
0.056641,-0.154297,0.005859,0.000000,25.514500,47.000000
0.330078,-0.080078,-1.222656,0.000000,22.041201,47.000000
0.320312,-0.041016,1.269531,0.000000,23.304138,47.000000
0.425781,-0.000000,1.281250,0.000000,22.041201,47.000000
2.572266,-0.263672,1.130859,0.000000,29.439888,47.000000
2.621094,-0.179688,1.140625,0.000000,32.764618,47.000000
2.664062,-0.181641,1.140625,0.000000,32.013969,47.000000
0.041016,-0.033203,0.062500,0.000000,30.149403,47.000000
0.044922,-0.046875,0.103516,0.000000,29.052561,47.000000
1.216797,0.357422,0.037109,0.000000,19.294189,47.000000
0.011719,-0.039062,-0.007812,0.000000,30.726175,48.000000
0.017578,-0.080078,-0.007812,0.000000,31.972805,48.000000
0.029297,-0.119141,-0.003906,0.000000,30.199467,48.000000
0.056641,-0.154297,0.005859,0.000000,25.502283,48.000000
0.345703,-0.080078,-1.216797,0.000000,21.931246,48.000000
0.292969,-0.041016,1.275391,0.000000,23.201464,48.000000
0.419922,-0.000000,1.283203,0.000000,21.903316,48.000000
1.875000,-0.000000,-0.164062,0.000000,28.920946,48.000000
1.914062,0.060547,-0.179688,0.000000,28.061800,48.000000
2.542969,-0.263672,1.195312,0.000000,29.405165,48.000000
2.615234,-0.179688,1.150391,0.000000,32.757717,48.000000
2.666016,-0.181641,1.138672,0.000000,32.068260,48.000000
0.041016,-0.033203,0.062500,0.000000,30.141003,48.000000
0.044922,-0.046875,0.103516,0.000000,29.047155,48.000000
1.216797,0.357422,0.011719,0.000000,19.344984,48.000000
0.011719,-0.039062,-0.007812,0.000000,30.722500,49.000000
0.017578,-0.080078,-0.007812,0.000000,31.972805,49.000000
0.029297,-0.119141,-0.003906,0.000000,30.203613,49.000000
0.056641,-0.154297,0.005859,0.000000,25.502283,49.000000
0.359375,-0.080078,-1.212891,0.000000,21.986570,49.000000
0.291016,-0.041016,1.275391,0.000000,23.242825,49.000000
0.386719,-0.000000,1.292969,0.000000,21.958996,49.000000
1.833984,-0.000000,-0.158203,0.000000,28.808136,49.000000
1.878906,-0.058594,-0.091797,0.000000,29.169800,49.000000
2.542969,-0.263672,1.195312,0.000000,29.247959,49.000000
2.601562,-0.267578,1.167969,0.000000,32.641090,49.000000
2.662109,-0.181641,1.146484,0.000000,31.892096,49.000000
0.041016,-0.033203,0.062500,0.000000,30.145205,49.000000
0.044922,-0.046875,0.103516,0.000000,29.057959,49.000000
1.216797,0.357422,0.035156,0.000000,19.395193,49.000000
0.011719,-0.039062,-0.007812,0.000000,30.733517,50.000000
0.017578,-0.080078,-0.007812,0.000000,31.972805,50.000000
0.029297,-0.119141,-0.003906,0.000000,30.203613,50.000000
0.056641,-0.154297,0.005859,0.000000,25.502283,50.000000
0.355469,-0.080078,-1.214844,0.000000,22.013971,50.000000
0.316406,-0.041016,1.269531,0.000000,23.263359,50.000000
0.500000,-0.042969,1.253906,0.000000,21.958996,50.000000
1.865234,-0.058594,-0.238281,0.000000,28.475727,50.000000
1.886719,-0.060547,-0.369141,0.000000,27.626785,50.000000
2.529297,-0.263672,1.222656,0.000000,29.385197,50.000000
2.615234,-0.179688,1.154297,0.000000,32.725376,50.000000
2.662109,-0.181641,1.146484,0.000000,32.000294,50.000000
2.021484,-0.255859,0.169922,-0.614669,25.237465,50.000000
0.041016,-0.033203,0.062500,0.000000,30.145205,50.000000
0.044922,-0.046875,0.103516,0.000000,29.052561,50.000000
1.216797,0.357422,0.050781,0.000000,19.294189,50.000000
0.011719,-0.039062,-0.007812,0.000000,30.733517,51.000000
0.017578,-0.080078,-0.007812,0.000000,31.972805,51.000000
0.029297,-0.119141,-0.003906,0.000000,30.195316,51.000000
0.056641,-0.154297,0.005859,0.000000,25.490032,51.000000
0.349609,-0.080078,-1.216797,0.000000,21.986570,51.000000
0.302734,-0.041016,1.273438,0.000000,23.283796,51.000000
0.427734,-0.000000,1.281250,0.000000,22.013971,51.000000
0.408203,-0.000000,1.330078,0.000000,21.271048,51.000000
2.537109,-0.263672,1.208984,0.000000,29.380192,51.000000
2.617188,-0.179688,1.148438,0.000000,32.709118,51.000000
2.669922,-0.181641,1.126953,0.000000,31.961761,51.000000
4.371094,-0.287109,1.339844,0.000000,28.438555,51.000000
0.041016,-0.033203,0.062500,0.000000,30.149403,51.000000
0.044922,-0.046875,0.103516,0.000000,29.047155,51.000000
1.214844,0.357422,0.054688,0.000000,19.190781,51.000000
3.562500,-2.003906,-2.070312,0.000000,25.932861,51.000000
0.011719,-0.039062,-0.007812,0.000000,30.737183,52.000000
0.017578,-0.080078,-0.007812,0.000000,31.975563,52.000000
0.029297,-0.119141,-0.003906,0.000000,30.203613,52.000000
0.056641,-0.154297,0.005859,0.000000,25.502283,52.000000
0.345703,-0.080078,-1.216797,0.000000,22.013971,52.000000
0.312500,-0.041016,1.269531,0.000000,23.304138,52.000000
0.431641,-0.000000,1.279297,0.000000,21.986570,52.000000
1.867188,-0.060547,-0.453125,0.000000,27.497364,52.000000
2.566406,-0.263672,1.142578,0.000000,29.375179,52.000000
2.621094,-0.179688,1.138672,0.000000,32.734642,52.000000
2.664062,-0.181641,1.142578,0.000000,31.981070,52.000000
0.041016,-0.033203,0.062500,0.000000,30.145205,52.000000
0.044922,-0.046875,0.103516,0.000000,29.047155,52.000000
1.214844,0.357422,0.060547,0.000000,19.294189,52.000000
0.011719,-0.039062,-0.007812,0.000000,30.729847,53.000000
0.017578,-0.080078,-0.007812,0.000000,31.972805,53.000000
0.029297,-0.119141,-0.003906,0.000000,30.203613,53.000000
0.056641,-0.154297,0.005859,0.000000,25.502283,53.000000
0.326172,-0.080078,-1.222656,0.000000,21.986570,53.000000
0.308594,-0.041016,1.271484,0.000000,23.263359,53.000000
0.498047,-0.042969,1.253906,0.000000,21.986570,53.000000
1.806641,-0.056641,-0.347656,0.000000,28.142475,53.000000
1.859375,-0.000000,-0.285156,0.000000,30.406023,53.000000
1.908203,-0.000000,-0.232422,0.000000,29.508514,53.000000
1.962891,-0.060547,-0.023438,0.000000,26.211763,53.000000
2.546875,-0.263672,1.187500,0.000000,29.350031,53.000000
2.621094,-0.179688,1.140625,0.000000,32.764618,53.000000
2.671875,-0.181641,1.123047,0.000000,32.062859,53.000000
4.353516,-0.287109,1.400391,0.000000,28.267225,53.000000
0.041016,-0.033203,0.062500,0.000000,30.149403,53.000000
0.044922,-0.046875,0.103516,0.000000,29.052561,53.000000
1.216797,0.357422,0.041016,0.000000,19.344984,53.000000
3.617188,-2.003906,-1.970703,0.000000,25.682016,53.000000
0.011719,-0.039062,-0.007812,0.000000,30.737183,54.000000
0.017578,-0.080078,-0.007812,0.000000,31.975563,54.000000
0.029297,-0.119141,-0.003906,0.000000,30.207754,54.000000
0.056641,-0.154297,0.007812,0.000000,25.502283,54.000000
0.322266,-0.080078,-1.224609,0.000000,22.041201,54.000000
0.322266,-0.041016,1.267578,0.000000,23.263359,54.000000
0.505859,-0.042969,1.250000,0.000000,21.958996,54.000000
1.826172,-0.000000,-0.234375,0.000000,28.000294,54.000000
1.863281,-0.058594,-0.259766,0.000000,30.507664,54.000000
1.896484,-0.060547,-0.308594,0.000000,29.360107,54.000000
2.552734,-0.263672,1.171875,0.000000,29.375179,54.000000
2.605469,-0.267578,1.158203,0.000000,32.750809,54.000000
2.660156,-0.181641,1.150391,0.000000,32.011238,54.000000
4.404297,-0.287109,1.226562,0.000000,31.693806,54.000000
4.435547,-0.289062,1.267578,0.000000,31.667261,54.000000
0.041016,-0.033203,0.062500,0.000000,30.145205,54.000000
0.044922,-0.046875,0.103516,0.000000,29.052561,54.000000
1.216797,0.357422,0.044922,0.000000,19.395193,54.000000
0.011719,-0.039062,-0.007812,0.000000,30.729847,55.000000
0.017578,-0.080078,-0.007812,0.000000,31.972805,55.000000
0.029297,-0.119141,-0.003906,0.000000,30.207754,55.000000
0.056641,-0.154297,0.005859,0.000000,25.514500,55.000000
0.339844,-0.080078,-1.218750,0.000000,22.041201,55.000000
0.328125,-0.041016,1.267578,0.000000,23.283796,55.000000
0.501953,-0.042969,1.251953,0.000000,22.013971,55.000000
1.806641,-0.000000,-0.351562,0.000000,29.628428,55.000000
1.853516,-0.000000,-0.328125,0.000000,32.792107,55.000000
1.892578,-0.000000,-0.339844,0.000000,32.435341,55.000000
1.917969,-0.000000,-0.417969,0.000000,28.830935,55.000000
2.560547,-0.263672,1.156250,0.000000,29.415113,55.000000
2.623047,-0.179688,1.136719,0.000000,32.769211,55.000000
2.664062,-0.181641,1.140625,0.000000,32.062859,55.000000
4.335938,-0.283203,1.316406,0.000000,28.041395,55.000000
4.427734,-0.287109,1.138672,0.000000,31.908916,55.000000
