2.617188,-0.175781,1.041016,0.000000,28.937618,0.000000
2.691406,-0.089844,0.976562,0.000000,32.119209,0.000000
2.730469,-0.181641,0.970703,0.000000,31.068705,0.000000
4.402344,-0.287109,1.238281,0.000000,30.715137,0.000000
4.447266,-0.144531,1.251953,0.000000,30.124153,0.000000
4.839844,-0.306641,0.763672,0.000000,29.804579,0.000000
4.888672,-0.308594,0.714844,0.000000,31.122698,0.000000
4.951172,-0.623047,-0.031250,0.000000,29.786369,0.000000
1.701172,0.632812,-0.308594,0.614669,25.078558,0.000000
0.009766,0.031250,0.025391,0.000000,29.299295,0.000000
0.041016,-0.033203,0.062500,0.000000,30.090258,0.000000
0.044922,-0.046875,0.103516,0.000000,28.992731,0.000000
2.771484,-0.000000,0.867188,0.000000,31.058506,0.000000
0.011719,-0.039062,-0.007812,0.000000,30.644581,1.000000
0.017578,-0.080078,-0.007812,0.000000,31.903316,1.000000
0.029297,-0.119141,-0.005859,0.000000,30.136797,1.000000
0.056641,-0.154297,0.007812,0.000000,25.453072,1.000000
0.166016,-0.080078,1.253906,0.000000,23.096302,1.000000
0.414062,-0.083984,-1.281250,0.000000,23.053514,1.000000
1.498047,0.142578,-0.156250,0.000000,28.260748,1.000000
1.541016,0.146484,-0.144531,0.000000,30.182842,1.000000
1.568359,0.199219,-0.218750,0.000000,28.633228,1.000000
1.607422,0.154297,-0.267578,0.000000,27.118073,1.000000
1.650391,0.158203,-0.253906,0.000000,26.702459,1.000000
2.611328,-0.175781,1.056641,0.000000,28.909796,1.000000
2.691406,-0.089844,0.970703,0.000000,32.129864,1.000000
2.773438,-0.000000,0.861328,0.000000,31.095785,1.000000
4.406250,-0.287109,1.224609,0.000000,30.722500,1.000000
4.445312,-0.144531,1.255859,0.000000,30.191162,1.000000
4.830078,-0.306641,0.824219,0.000000,29.921114,1.000000
4.847656,-0.154297,0.986328,0.000000,30.633333,1.000000
1.689453,0.619141,-0.046875,0.614669,25.051500,1.000000
1.705078,0.689453,-0.054688,0.614669,25.132175,1.000000
0.009766,0.031250,0.025391,0.000000,29.304396,1.000000
0.041016,-0.033203,0.062500,0.000000,30.090258,1.000000
0.046875,-0.046875,0.103516,0.000000,28.992731,1.000000
2.730469,-0.181641,0.970703,0.000000,31.092409,1.000000
0.011719,-0.039062,-0.007812,0.000000,30.652061,2.000000
0.017578,-0.080078,-0.007812,0.000000,31.908916,2.000000
0.029297,-0.119141,-0.005859,0.000000,30.145205,2.000000
0.056641,-0.154297,0.005859,0.000000,25.465427,2.000000
0.115234,-0.080078,1.259766,0.000000,23.074961,2.000000
0.064453,-0.082031,1.304688,0.000000,24.608978,2.000000
0.412109,-0.083984,-1.283203,0.000000,23.053514,2.000000
0.558594,-0.042969,-1.273438,0.000000,21.583626,2.000000
1.505859,0.093750,-0.113281,0.000000,29.804579,2.000000
1.546875,0.097656,-0.109375,0.000000,31.866739,2.000000
1.587891,0.150391,-0.029297,0.000000,30.191162,2.000000
2.617188,-0.175781,1.041016,0.000000,29.052561,2.000000
2.691406,-0.089844,0.970703,0.000000,32.148438,2.000000
2.732422,-0.181641,0.968750,0.000000,31.007151,2.000000
4.427734,-0.142578,1.166016,0.000000,30.923697,2.000000
4.490234,-0.144531,1.091797,0.000000,30.670708,2.000000
4.843750,-0.306641,0.730469,0.000000,30.244856,2.000000
4.873047,-0.308594,0.814453,0.000000,30.773680,2.000000
1.708984,0.562500,0.046875,0.614669,26.875290,2.000000
1.765625,0.517578,0.025391,0.614669,26.324574,2.000000
0.009766,0.031250,0.025391,0.000000,29.294189,2.000000
0.041016,-0.033203,0.062500,0.000000,30.094509,2.000000
0.044922,-0.046875,0.103516,0.000000,28.998205,2.000000
2.775391,-0.000000,0.857422,0.000000,31.003706,2.000000
0.011719,-0.039062,-0.007812,0.000000,30.640835,3.000000
0.017578,-0.080078,-0.007812,0.000000,31.900515,3.000000
0.029297,-0.119141,-0.005859,0.000000,30.132587,3.000000
0.056641,-0.154297,0.005859,0.000000,25.453072,3.000000
0.140625,-0.080078,1.257812,0.000000,23.096302,3.000000
0.419922,-0.083984,-1.279297,0.000000,23.031961,3.000000
0.578125,-0.042969,-1.263672,0.000000,21.613680,3.000000
1.496094,0.093750,-0.201172,0.000000,26.919651,3.000000
1.533203,0.048828,-0.250000,0.000000,28.680563,3.000000
2.615234,-0.175781,1.046875,0.000000,28.965261,3.000000
2.691406,-0.089844,0.974609,0.000000,32.135178,3.000000
2.771484,-0.000000,0.869141,0.000000,31.048285,3.000000
4.414062,-0.142578,1.218750,0.000000,31.274288,3.000000
4.474609,-0.144531,1.148438,0.000000,31.222158,3.000000
4.851562,-0.306641,0.679688,0.000000,29.867718,3.000000
4.890625,-0.308594,0.701172,0.000000,30.773680,3.000000
0.009766,0.031250,0.025391,0.000000,29.299295,3.000000
0.041016,-0.033203,0.062500,0.000000,30.094509,3.000000
0.044922,-0.046875,0.103516,0.000000,28.998205,3.000000
2.730469,-0.181641,0.974609,0.000000,31.044870,3.000000
0.011719,-0.039062,-0.007812,0.000000,30.637085,4.000000
0.017578,-0.080078,-0.007812,0.000000,31.903316,4.000000
0.029297,-0.119141,-0.005859,0.000000,30.136797,4.000000
0.056641,-0.154297,0.005859,0.000000,25.453072,4.000000
0.169922,-0.080078,1.253906,0.000000,23.138672,4.000000
0.044922,-0.082031,1.306641,0.000000,24.653828,4.000000
0.390625,-0.083984,-1.289062,0.000000,23.138672,4.000000
1.500000,0.093750,-0.173828,0.000000,28.331470,4.000000
1.542969,0.097656,-0.164062,0.000000,31.258064,4.000000
1.580078,0.150391,-0.167969,0.000000,30.633333,4.000000
1.703125,0.689453,0.095703,0.000000,26.334684,4.000000
1.736328,0.705078,0.162109,0.000000,25.965971,4.000000
2.603516,-0.175781,1.074219,0.000000,29.009130,4.000000
2.683594,-0.089844,0.992188,0.000000,32.211533,4.000000
2.767578,-0.000000,0.882812,0.000000,31.195858,4.000000
4.404297,-0.142578,1.251953,0.000000,31.516762,4.000000
4.457031,-0.144531,1.214844,0.000000,31.306553,4.000000
4.746094,-0.298828,-0.546875,0.000000,32.871296,4.000000
4.777344,-0.300781,-0.619141,0.000000,33.029800,4.000000
4.875000,-0.308594,0.792969,0.000000,30.629578,4.000000
4.951172,-0.623047,-0.017578,0.000000,29.190781,4.000000
1.490234,-0.408203,0.537109,0.614669,27.626785,4.000000
1.609375,-0.367188,0.292969,0.614669,30.132587,4.000000
1.658203,-0.375000,0.251953,0.614669,29.929951,4.000000
1.703125,-0.384766,0.207031,0.614669,26.512779,4.000000
0.009766,0.031250,0.025391,0.000000,29.299295,4.000000
0.041016,-0.033203,0.062500,0.000000,30.094509,4.000000
0.044922,-0.046875,0.103516,0.000000,28.992731,4.000000
2.724609,-0.181641,0.990234,0.000000,31.185953,4.000000
1.558594,0.205078,-0.457031,0.614669,25.705429,4.000000
0.011719,-0.039062,-0.007812,0.000000,30.644581,5.000000
0.017578,-0.080078,-0.007812,0.000000,31.903316,5.000000
0.029297,-0.119141,-0.005859,0.000000,30.136797,5.000000
0.056641,-0.154297,0.005859,0.000000,25.440680,5.000000
0.044922,-0.080078,1.265625,0.000000,23.074961,5.000000
0.419922,-0.083984,-1.279297,0.000000,23.031961,5.000000
1.544922,0.146484,-0.085938,0.000000,26.928469,5.000000
1.566406,0.250000,-0.175781,0.000000,26.998377,5.000000
1.662109,-0.208984,0.089844,0.000000,28.802418,5.000000
1.703125,-0.214844,0.048828,0.000000,27.986506,5.000000
1.632812,0.730469,0.193359,0.000000,26.857418,5.000000
1.695312,0.689453,0.197266,0.000000,29.642597,5.000000
1.730469,0.705078,0.224609,0.000000,28.122446,5.000000
2.599609,-0.175781,1.083984,0.000000,28.937618,5.000000
2.683594,-0.089844,0.996094,0.000000,32.087101,5.000000
2.724609,-0.181641,0.988281,0.000000,30.944712,5.000000
4.421875,-0.142578,1.019531,0.000000,28.234743,5.000000
4.423828,-0.142578,1.185547,0.000000,31.592663,5.000000
4.482422,-0.144531,1.117188,0.000000,31.455072,5.000000
4.714844,-0.296875,-0.451172,0.000000,30.976044,5.000000
4.742188,-0.449219,-0.462891,0.000000,35.036545,5.000000
4.791016,-0.300781,-0.501953,0.000000,35.439438,5.000000
4.822266,-0.152344,-0.646484,0.000000,31.658377,5.000000
4.882812,-0.308594,0.744141,0.000000,30.711452,5.000000
0.009766,0.031250,0.025391,0.000000,29.304396,5.000000
0.041016,-0.033203,0.062500,0.000000,30.090258,5.000000
0.046875,-0.046875,0.103516,0.000000,28.998205,5.000000
0.287109,-0.388672,1.476562,0.000000,25.158739,5.000000
0.748047,-0.349609,1.365234,0.000000,25.490032,5.000000
2.765625,-0.000000,0.886719,0.000000,30.913151,5.000000
0.011719,-0.039062,-0.007812,0.000000,30.644581,6.000000
0.017578,-0.080078,-0.007812,0.000000,31.903316,6.000000
0.029297,-0.119141,-0.005859,0.000000,30.132587,6.000000
0.056641,-0.154297,0.005859,0.000000,25.428255,6.000000
0.121094,-0.080078,1.259766,0.000000,23.096302,6.000000
0.041016,-0.082031,1.306641,0.000000,24.608978,6.000000
0.414062,-0.083984,-1.281250,0.000000,23.031961,6.000000
0.568359,-0.042969,-1.267578,0.000000,21.673174,6.000000
1.513672,0.046875,0.017578,0.000000,24.638929,6.000000
1.550781,0.097656,0.007812,0.000000,30.119930,6.000000
1.587891,0.150391,0.007812,0.000000,31.684975,6.000000
1.623047,0.205078,-0.041016,0.000000,30.043213,6.000000
1.636719,-0.261719,0.255859,0.000000,28.102325,6.000000
1.687500,-0.214844,0.246094,0.000000,28.000294,6.000000
2.621094,-0.175781,1.029297,0.000000,28.981766,6.000000
2.695312,-0.089844,0.964844,0.000000,32.137833,6.000000
2.773438,-0.000000,0.859375,0.000000,31.020905,6.000000
4.417969,-0.142578,1.207031,0.000000,30.195316,6.000000
4.468750,-0.144531,1.169922,0.000000,29.804579,6.000000
4.707031,-0.296875,-0.525391,0.000000,30.378248,6.000000
4.738281,-0.449219,-0.500000,0.000000,34.500950,6.000000
4.791016,-0.300781,-0.496094,0.000000,35.087990,6.000000
4.822266,-0.304688,-0.587891,0.000000,31.789770,6.000000
4.880859,-0.308594,0.759766,0.000000,30.244856,6.000000
0.947266,0.576172,1.470703,-0.614669,26.085260,6.000000
1.869141,-0.058594,0.203125,-0.614669,26.031445,6.000000
0.009766,0.031250,0.025391,0.000000,29.299295,6.000000
0.041016,-0.033203,0.062500,0.000000,30.098757,6.000000
0.044922,-0.046875,0.103516,0.000000,28.992731,6.000000
1.089844,0.519531,-0.912109,0.000000,21.818436,6.000000
0.898438,-0.408203,1.304688,0.000000,27.092699,6.000000
0.919922,0.314453,-1.365234,0.000000,25.575071,6.000000
2.732422,-0.181641,0.966797,0.000000,31.010593,6.000000
4.753906,-0.150391,-0.537109,0.000000,34.452927,6.000000
1.833984,-0.056641,0.156250,-0.614669,25.250448,6.000000
0.011719,-0.039062,-0.007812,0.000000,30.644581,7.000000
0.017578,-0.080078,-0.007812,0.000000,31.903316,7.000000
0.029297,-0.119141,-0.005859,0.000000,30.136797,7.000000
0.056641,-0.154297,0.005859,0.000000,25.453072,7.000000
0.148438,-0.080078,1.255859,0.000000,23.096302,7.000000
0.074219,-0.082031,1.304688,0.000000,24.608978,7.000000
0.419922,-0.083984,-1.279297,0.000000,23.096302,7.000000
0.576172,-0.042969,-1.265625,0.000000,21.673174,7.000000
1.523438,0.146484,-0.267578,0.000000,29.159271,7.000000
1.576172,0.099609,-0.230469,0.000000,30.472748,7.000000
1.613281,0.205078,-0.179688,0.000000,28.615345,7.000000
1.664062,-0.208984,0.052734,0.000000,27.250946,7.000000
1.705078,-0.160156,0.146484,0.000000,27.505083,7.000000
2.607422,-0.175781,1.068359,0.000000,28.954226,7.000000
2.685547,-0.089844,0.990234,0.000000,32.164299,7.000000
2.767578,-0.000000,0.880859,0.000000,31.149445,7.000000
4.408203,-0.287109,1.214844,0.000000,30.330214,7.000000
4.466797,-0.144531,1.177734,0.000000,30.000000,7.000000
4.705078,-0.296875,-0.533203,0.000000,29.474337,7.000000
4.746094,-0.298828,-0.548828,0.000000,33.721752,7.000000
4.785156,-0.300781,-0.552734,0.000000,34.416950,7.000000
4.781250,-0.304688,-0.861328,0.000000,30.842186,7.000000
4.873047,-0.308594,0.806641,0.000000,31.723110,7.000000
4.964844,-0.468750,0.203125,0.000000,30.318123,7.000000
1.652344,0.562500,0.435547,-0.614669,26.901960,7.000000
1.675781,0.576172,0.501953,-0.614669,27.151674,7.000000
0.009766,0.031250,0.025391,0.000000,29.299295,7.000000
0.041016,-0.033203,0.062500,0.000000,30.094509,7.000000
0.044922,-0.046875,0.103516,0.000000,28.992731,7.000000
1.160156,0.261719,1.181641,0.000000,24.668676,7.000000
2.726562,-0.181641,0.982422,0.000000,31.136091,7.000000
0.011719,-0.039062,-0.007812,0.000000,30.637085,8.000000
0.017578,-0.080078,-0.007812,0.000000,31.900515,8.000000
0.029297,-0.119141,-0.005859,0.000000,30.132587,8.000000
0.056641,-0.154297,0.005859,0.000000,25.453072,8.000000
0.158203,-0.080078,1.255859,0.000000,23.074961,8.000000
0.414062,-0.083984,-1.281250,0.000000,23.074961,8.000000
0.554688,-0.042969,-1.273438,0.000000,21.702618,8.000000
1.619141,0.154297,0.169922,0.000000,29.885590,8.000000
1.654297,0.105469,0.253906,0.000000,29.148718,8.000000
1.691406,-0.214844,-0.212891,0.000000,27.134905,8.000000
2.632812,-0.175781,1.003906,0.000000,29.047155,8.000000
2.697266,-0.089844,0.958984,0.000000,32.113876,8.000000
2.738281,-0.181641,0.949219,0.000000,31.044870,8.000000
4.718750,-0.296875,-0.404297,0.000000,29.263424,8.000000
4.748047,-0.298828,-0.529297,0.000000,33.523754,8.000000
4.783203,-0.300781,-0.576172,0.000000,34.017452,8.000000
4.800781,-0.304688,-0.746094,0.000000,30.591846,8.000000
4.916016,-0.308594,0.488281,0.000000,29.680157,8.000000
1.669922,0.494141,0.251953,-0.614669,27.209858,8.000000
1.701172,0.505859,0.296875,-0.614669,28.864906,8.000000
1.746094,0.517578,0.267578,-0.614669,27.419392,8.000000
0.009766,0.031250,0.025391,0.000000,29.304396,8.000000
0.041016,-0.033203,0.062500,0.000000,30.090258,8.000000
0.046875,-0.046875,0.103516,0.000000,28.987251,8.000000
1.611328,0.267578,0.531250,0.000000,26.560982,8.000000
1.240234,-0.164062,-1.236328,-0.614669,24.216040,8.000000
1.142578,-0.171875,-1.433594,-0.614669,24.698219,8.000000
0.011719,-0.039062,-0.007812,0.000000,30.644581,9.000000
0.017578,-0.080078,-0.007812,0.000000,31.906118,9.000000
0.029297,-0.119141,-0.005859,0.000000,30.141003,9.000000
0.056641,-0.154297,0.005859,0.000000,25.453072,9.000000
0.208984,-0.080078,1.248047,0.000000,23.096302,9.000000
0.101562,-0.082031,1.302734,0.000000,24.623980,9.000000
0.410156,-0.083984,-1.283203,0.000000,23.074961,9.000000
0.583984,-0.042969,-1.261719,0.000000,21.702618,9.000000
1.500000,0.093750,-0.183594,0.000000,25.453072,9.000000
1.539062,0.097656,-0.199219,0.000000,30.461048,9.000000
1.578125,0.099609,-0.210938,0.000000,31.386185,9.000000
1.626953,0.050781,-0.166016,0.000000,28.976271,9.000000
1.664062,0.494141,0.283203,0.000000,25.763414,9.000000
1.701172,0.505859,0.304688,0.000000,28.506462,9.000000
1.738281,0.517578,0.314453,0.000000,26.812412,9.000000
2.687500,-0.089844,0.984375,0.000000,32.073650,9.000000
2.730469,-0.181641,0.972656,0.000000,30.993353,9.000000
4.707031,-0.445312,-0.396484,0.000000,28.970770,9.000000
4.744141,-0.298828,-0.562500,0.000000,33.199383,9.000000
4.777344,-0.300781,-0.623047,0.000000,33.556431,9.000000
4.787109,-0.304688,-0.828125,0.000000,29.836264,9.000000
0.009766,0.031250,0.025391,0.000000,29.299295,9.000000
0.041016,-0.033203,0.062500,0.000000,30.094509,9.000000
0.044922,-0.046875,0.103516,0.000000,28.992731,9.000000
2.771484,-0.000000,0.867188,0.000000,30.982975,9.000000
0.011719,-0.039062,-0.007812,0.000000,30.629578,10.000000
0.017578,-0.080078,-0.007812,0.000000,31.897709,10.000000
0.029297,-0.119141,-0.005859,0.000000,30.132587,10.000000
0.056641,-0.154297,0.005859,0.000000,25.440680,10.000000
0.146484,-0.080078,1.257812,0.000000,23.074961,10.000000
0.042969,-0.082031,1.306641,0.000000,24.593925,10.000000
0.419922,-0.083984,-1.279297,0.000000,23.053514,10.000000
1.517578,0.146484,-0.306641,0.000000,29.201233,10.000000
1.560547,0.150391,-0.300781,0.000000,30.449316,10.000000
1.628906,0.050781,-0.150391,0.000000,28.830935,10.000000
1.658203,-0.052734,0.251953,0.000000,29.169800,10.000000
1.681641,-0.160156,0.308594,0.000000,30.090258,10.000000
1.748047,-0.164062,0.113281,0.000000,27.993406,10.000000
1.695312,0.394531,0.462891,0.000000,26.937269,10.000000
2.630859,-0.175781,1.009766,0.000000,28.992731,10.000000
2.695312,-0.089844,0.962891,0.000000,32.116543,10.000000
2.775391,-0.000000,0.857422,0.000000,30.944712,10.000000
4.718750,-0.296875,-0.394531,0.000000,29.268568,10.000000
4.750000,-0.298828,-0.500000,0.000000,33.596458,10.000000
4.787109,-0.300781,-0.539062,0.000000,34.053463,10.000000
4.800781,-0.304688,-0.742188,0.000000,30.492180,10.000000
0.009766,0.031250,0.025391,0.000000,29.299295,10.000000
0.041016,-0.033203,0.062500,0.000000,30.094509,10.000000
0.044922,-0.046875,0.103516,0.000000,28.992731,10.000000
1.568359,0.384766,0.695312,0.000000,27.512791,10.000000
2.734375,-0.181641,0.962891,0.000000,30.937717,10.000000
0.011719,-0.039062,-0.007812,0.000000,30.648323,11.000000
0.017578,-0.080078,-0.007812,0.000000,31.906118,11.000000
0.029297,-0.119141,-0.005859,0.000000,30.136797,11.000000
0.056641,-0.154297,0.005859,0.000000,25.440680,11.000000
0.150391,-0.080078,1.255859,0.000000,23.096302,11.000000
0.388672,-0.083984,-1.289062,0.000000,23.031961,11.000000
0.562500,-0.042969,-1.271484,0.000000,21.731863,11.000000
1.542969,0.097656,-0.154297,0.000000,29.947569,11.000000
1.583984,0.150391,-0.117188,0.000000,31.829849,11.000000
1.621094,0.205078,0.078125,0.000000,31.020905,11.000000
1.619141,0.158203,0.404297,0.000000,28.555191,11.000000
1.693359,-0.052734,0.289062,0.000000,27.551123,11.000000
2.615234,-0.175781,1.048828,0.000000,28.898617,11.000000
2.689453,-0.089844,0.978516,0.000000,32.103184,11.000000
2.771484,-0.000000,0.869141,0.000000,31.051695,11.000000
4.429688,-0.142578,1.164062,0.000000,30.461048,11.000000
4.490234,-0.144531,1.083984,0.000000,30.402067,11.000000
4.708984,-0.296875,-0.496094,0.000000,30.338257,11.000000
4.746094,-0.298828,-0.533203,0.000000,34.382259,11.000000
4.787109,-0.300781,-0.546875,0.000000,34.919216,11.000000
4.796875,-0.304688,-0.773438,0.000000,31.464382,11.000000
1.716797,-0.109375,0.365234,-0.614669,25.250448,11.000000
0.009766,0.031250,0.025391,0.000000,29.294189,11.000000
0.041016,-0.033203,0.062500,0.000000,30.098757,11.000000
0.044922,-0.046875,0.103516,0.000000,28.998205,11.000000
2.730469,-0.181641,0.974609,0.000000,31.027765,11.000000
0.011719,-0.039062,-0.007812,0.000000,30.633333,12.000000
0.017578,-0.080078,-0.007812,0.000000,31.900515,12.000000
0.029297,-0.119141,-0.005859,0.000000,30.136797,12.000000
0.056641,-0.154297,0.005859,0.000000,25.453072,12.000000
0.115234,-0.080078,1.259766,0.000000,23.117538,12.000000
0.423828,-0.083984,-1.279297,0.000000,23.074961,12.000000
0.548828,-0.042969,-1.277344,0.000000,21.673174,12.000000
1.488281,0.142578,-0.238281,0.000000,26.201361,12.000000
1.535156,0.146484,-0.193359,0.000000,30.203613,12.000000
1.582031,0.150391,-0.130859,0.000000,30.944712,12.000000
1.632812,0.101562,0.013672,0.000000,29.479237,12.000000
1.660156,0.105469,0.214844,0.000000,27.558748,12.000000
2.607422,-0.175781,1.068359,0.000000,29.074114,12.000000
2.685547,-0.089844,0.992188,0.000000,32.153732,12.000000
2.767578,-0.000000,0.880859,0.000000,31.020905,12.000000
4.410156,-0.142578,1.072266,0.000000,27.715876,12.000000
4.421875,-0.142578,1.187500,0.000000,31.072100,12.000000
4.488281,-0.144531,1.095703,0.000000,31.159431,12.000000
4.648438,-0.146484,0.339844,0.000000,29.973864,12.000000
4.703125,-0.000000,-0.041016,0.000000,28.785217,12.000000
4.714844,-0.296875,-0.439453,0.000000,30.913151,12.000000
4.750000,-0.298828,-0.501953,0.000000,34.779888,12.000000
4.787109,-0.300781,-0.546875,0.000000,35.220528,12.000000
4.794922,-0.304688,-0.783203,0.000000,31.705551,12.000000
4.890625,-0.308594,0.693359,0.000000,30.519239,12.000000
1.607422,0.660156,0.277344,0.614669,25.301996,12.000000
1.658203,0.619141,0.330078,0.614669,30.203613,12.000000
1.697266,0.632812,0.328125,0.614669,30.845762,12.000000
1.761719,0.587891,0.304688,0.614669,27.626785,12.000000
0.009766,0.031250,0.025391,0.000000,29.299295,12.000000
0.041016,-0.033203,0.062500,0.000000,30.094509,12.000000
0.044922,-0.046875,0.103516,0.000000,28.992731,12.000000
0.320312,0.708984,1.298828,0.000000,23.404442,12.000000
2.722656,-0.181641,0.992188,0.000000,31.003706,12.000000
0.011719,-0.039062,-0.007812,0.000000,30.637085,13.000000
0.017578,-0.080078,-0.007812,0.000000,31.903316,13.000000
0.029297,-0.119141,-0.005859,0.000000,30.136797,13.000000
0.056641,-0.154297,0.005859,0.000000,25.453072,13.000000
0.173828,-0.080078,1.253906,0.000000,23.096302,13.000000
0.085938,-0.082031,1.302734,0.000000,24.623980,13.000000
0.404297,-0.083984,-1.285156,0.000000,23.096302,13.000000
0.554688,-0.042969,-1.273438,0.000000,21.702618,13.000000
1.500000,0.142578,-0.138672,0.000000,26.354837,13.000000
1.542969,0.146484,-0.109375,0.000000,29.036325,13.000000
1.589844,0.099609,-0.072266,0.000000,28.055008,13.000000
2.613281,-0.175781,1.050781,0.000000,29.095560,13.000000
2.689453,-0.089844,0.976562,0.000000,32.195847,13.000000
2.773438,-0.000000,0.861328,0.000000,31.115986,13.000000
4.416016,-0.142578,1.044922,0.000000,28.000294,13.000000
4.419922,-0.142578,1.195312,0.000000,31.476763,13.000000
4.474609,-0.144531,1.148438,0.000000,31.631615,13.000000
4.660156,-0.000000,0.173828,0.000000,30.047512,13.000000
4.726562,-0.148438,-0.396484,0.000000,30.852905,13.000000
4.751953,-0.298828,-0.484375,0.000000,34.677559,13.000000
4.789062,-0.300781,-0.531250,0.000000,35.118835,13.000000
4.804688,-0.152344,-0.763672,0.000000,31.357685,13.000000
4.878906,-0.308594,0.771484,0.000000,31.092409,13.000000
4.949219,-0.623047,0.117188,0.000000,29.527924,13.000000
1.728516,0.646484,0.371094,1.229337,21.818436,13.000000
1.773438,0.660156,0.343750,1.229337,20.827854,13.000000
0.009766,0.031250,0.025391,0.000000,29.304396,13.000000
0.041016,-0.033203,0.062500,0.000000,30.094509,13.000000
0.044922,-0.046875,0.103516,0.000000,28.992731,13.000000
2.730469,-0.181641,0.974609,0.000000,31.095785,13.000000
1.792969,-0.000000,0.574219,1.229337,20.211893,13.000000
1.833984,-0.000000,0.574219,1.229337,20.569048,13.000000
0.011719,-0.039062,-0.007812,0.000000,30.644581,14.000000
0.017578,-0.080078,-0.007812,0.000000,31.906118,14.000000
0.029297,-0.119141,-0.005859,0.000000,30.141003,14.000000
0.056641,-0.154297,0.005859,0.000000,25.453072,14.000000
0.134766,-0.080078,1.257812,0.000000,23.096302,14.000000
0.402344,-0.083984,-1.285156,0.000000,23.074961,14.000000
0.535156,-0.042969,-1.283203,0.000000,21.702618,14.000000
1.498047,0.193359,-0.369141,0.000000,27.611757,14.000000
1.671875,0.105469,-0.091797,0.000000,26.711729,14.000000
1.697266,-0.000000,-0.271484,0.000000,25.378191,14.000000
1.695312,0.689453,0.187500,0.000000,27.015680,14.000000
2.623047,-0.175781,1.027344,0.000000,29.052561,14.000000
2.695312,-0.089844,0.962891,0.000000,32.193226,14.000000
2.775391,-0.000000,0.857422,0.000000,31.112625,14.000000
4.410156,-0.287109,1.210938,0.000000,31.225435,14.000000
4.525391,-0.144531,0.931641,0.000000,31.538149,14.000000
4.656250,-0.146484,-0.205078,0.000000,31.112625,14.000000
4.697266,-0.000000,-0.257812,0.000000,30.374266,14.000000
4.716797,-0.296875,-0.417969,0.000000,30.902580,14.000000
4.753906,-0.298828,-0.466797,0.000000,34.805817,14.000000
4.791016,-0.300781,-0.505859,0.000000,35.336449,14.000000
4.810547,-0.152344,-0.726562,0.000000,31.740599,14.000000
4.878906,-0.308594,0.773438,0.000000,31.205740,14.000000
4.951172,-0.623047,0.058594,0.000000,29.872192,14.000000
0.009766,0.031250,0.025391,0.000000,29.304396,14.000000
0.041016,-0.033203,0.062500,0.000000,30.094509,14.000000
0.044922,-0.046875,0.103516,0.000000,28.998205,14.000000
1.355469,-0.576172,0.800781,0.000000,25.118834,14.000000
1.304688,-0.644531,0.912109,0.000000,24.800070,14.000000
2.734375,-0.181641,0.964844,0.000000,31.112625,14.000000
0.011719,-0.039062,-0.007812,0.000000,30.640835,15.000000
0.017578,-0.080078,-0.007812,0.000000,31.906118,15.000000
0.029297,-0.119141,-0.005859,0.000000,30.141003,15.000000
0.056641,-0.154297,0.005859,0.000000,25.440680,15.000000
0.089844,-0.080078,1.261719,0.000000,23.138672,15.000000
0.419922,-0.083984,-1.279297,0.000000,23.117538,15.000000
0.566406,-0.042969,-1.269531,0.000000,21.731863,15.000000
1.511719,0.097656,0.345703,0.000000,26.946053,15.000000
2.607422,-0.175781,1.066406,0.000000,29.025467,15.000000
2.689453,-0.089844,0.980469,0.000000,32.237553,15.000000
2.771484,-0.000000,0.867188,0.000000,31.189257,15.000000
4.433594,-0.287109,1.123047,0.000000,31.119343,15.000000
4.539062,-0.144531,0.859375,0.000000,31.613680,15.000000
4.660156,-0.146484,-0.062500,0.000000,31.476763,15.000000
4.697266,-0.146484,-0.197266,0.000000,30.737183,15.000000
4.726562,-0.148438,-0.392578,0.000000,31.119343,15.000000
4.740234,-0.449219,-0.480469,0.000000,34.653828,15.000000
4.791016,-0.300781,-0.505859,0.000000,35.204834,15.000000
4.802734,-0.304688,-0.734375,0.000000,31.749315,15.000000
4.859375,-0.308594,0.890625,0.000000,31.185953,15.000000
4.947266,-0.623047,0.183594,0.000000,29.781805,15.000000
0.009766,0.031250,0.025391,0.000000,29.299295,15.000000
0.041016,-0.033203,0.062500,0.000000,30.094509,15.000000
0.044922,-0.046875,0.103516,0.000000,28.992731,15.000000
0.919922,-0.437500,-1.173828,0.000000,24.248816,15.000000
2.732422,-0.181641,0.968750,0.000000,31.159431,15.000000
0.011719,-0.039062,-0.007812,0.000000,30.637085,16.000000
0.017578,-0.080078,-0.007812,0.000000,31.900515,16.000000
0.029297,-0.119141,-0.005859,0.000000,30.132587,16.000000
0.056641,-0.154297,0.005859,0.000000,25.440680,16.000000
0.132812,-0.080078,1.257812,0.000000,23.117538,16.000000
0.408203,-0.083984,-1.283203,0.000000,23.074961,16.000000
0.564453,-0.042969,-1.269531,0.000000,21.702618,16.000000
1.544922,0.146484,0.074219,0.000000,28.561245,16.000000
1.585938,0.150391,0.095703,0.000000,29.614210,16.000000
1.623047,0.101562,0.187500,0.000000,28.481892,16.000000
2.597656,-0.175781,1.089844,0.000000,28.970770,16.000000
2.685547,-0.089844,0.988281,0.000000,32.164299,16.000000
2.724609,-0.181641,0.988281,0.000000,31.082266,16.000000
4.423828,-0.287109,1.158203,0.000000,31.010593,16.000000
4.498047,-0.144531,1.058594,0.000000,30.962147,16.000000
4.732422,-0.298828,-0.652344,0.000000,31.504494,16.000000
4.761719,-0.300781,-0.730469,0.000000,31.852587,16.000000
4.865234,-0.154297,0.900391,0.000000,31.283993,16.000000
0.009766,0.031250,0.025391,0.000000,29.299295,16.000000
0.041016,-0.033203,0.062500,0.000000,30.094509,16.000000
0.044922,-0.046875,0.103516,0.000000,28.992731,16.000000
2.767578,-0.000000,0.878906,0.000000,31.068705,16.000000
0.011719,-0.039062,-0.007812,0.000000,30.644581,17.000000
0.017578,-0.080078,-0.007812,0.000000,31.903316,17.000000
0.029297,-0.119141,-0.005859,0.000000,30.136797,17.000000
0.056641,-0.154297,0.005859,0.000000,25.440680,17.000000
0.089844,-0.080078,1.261719,0.000000,23.138672,17.000000
0.410156,-0.083984,-1.283203,0.000000,23.074961,17.000000
0.558594,-0.042969,-1.273438,0.000000,21.673174,17.000000
1.501953,0.142578,-0.119141,0.000000,24.814426,17.000000
1.544922,0.146484,-0.076172,0.000000,29.111576,17.000000
1.582031,0.199219,-0.027344,0.000000,29.595184,17.000000
1.720703,0.632812,-0.166016,0.000000,27.067179,17.000000
2.607422,-0.175781,1.064453,0.000000,28.965261,17.000000
2.687500,-0.089844,0.982422,0.000000,32.127201,17.000000
2.765625,-0.000000,0.886719,0.000000,31.010593,17.000000
4.429688,-0.287109,1.136719,0.000000,30.951693,17.000000
4.533203,-0.144531,0.892578,0.000000,31.068705,17.000000
4.658203,-0.146484,0.181641,0.000000,29.425041,17.000000
4.833984,-0.306641,0.798828,0.000000,30.161974,17.000000
4.873047,-0.308594,0.816406,0.000000,31.274288,17.000000
0.009766,0.031250,0.025391,0.000000,29.304396,17.000000
0.041016,-0.033203,0.062500,0.000000,30.094509,17.000000
0.046875,-0.046875,0.103516,0.000000,28.992731,17.000000
2.722656,-0.181641,0.994141,0.000000,31.000257,17.000000
0.011719,-0.039062,-0.007812,0.000000,30.640835,18.000000
0.017578,-0.080078,-0.007812,0.000000,31.903316,18.000000
0.029297,-0.119141,-0.005859,0.000000,30.136797,18.000000
0.056641,-0.154297,0.005859,0.000000,25.440680,18.000000
0.160156,-0.080078,1.255859,0.000000,23.138672,18.000000
0.062500,-0.082031,1.304688,0.000000,24.653828,18.000000
0.423828,-0.083984,-1.279297,0.000000,23.096302,18.000000
0.568359,-0.042969,-1.269531,0.000000,21.673174,18.000000
1.531250,0.242188,-0.109375,0.000000,28.506462,18.000000
1.582031,0.199219,0.000000,0.000000,31.085649,18.000000
1.615234,0.255859,0.025391,0.000000,30.207754,18.000000
1.689453,0.562500,-0.261719,0.000000,25.976952,18.000000
1.736328,0.576172,-0.201172,0.000000,27.419392,18.000000
2.613281,-0.175781,1.050781,0.000000,29.122221,18.000000
2.689453,-0.089844,0.978516,0.000000,32.232361,18.000000
2.771484,-0.000000,0.867188,0.000000,31.132748,18.000000
4.406250,-0.287109,1.224609,0.000000,31.031193,18.000000
4.451172,-0.144531,1.242188,0.000000,30.492180,18.000000
4.845703,-0.154297,0.775391,0.000000,30.480532,18.000000
4.888672,-0.308594,0.716797,0.000000,31.322598,18.000000
4.951172,-0.623047,0.023438,0.000000,29.804579,18.000000
0.041016,-0.033203,0.062500,0.000000,30.094509,18.000000
0.046875,-0.046875,0.103516,0.000000,28.998205,18.000000
2.732422,-0.181641,0.968750,0.000000,31.129400,18.000000
0.011719,-0.039062,-0.007812,0.000000,30.633333,19.000000
0.017578,-0.080078,-0.007812,0.000000,31.900515,19.000000
0.029297,-0.119141,-0.005859,0.000000,30.136797,19.000000
0.056641,-0.154297,0.005859,0.000000,25.453072,19.000000
0.107422,-0.080078,1.261719,0.000000,23.074961,19.000000
0.046875,-0.082031,1.304688,0.000000,24.593925,19.000000
0.414062,-0.083984,-1.281250,0.000000,23.031961,19.000000
0.562500,-0.042969,-1.271484,0.000000,21.643528,19.000000
1.501953,0.093750,-0.158203,0.000000,25.538830,19.000000
1.542969,0.097656,-0.162109,0.000000,28.254261,19.000000
1.593750,0.050781,0.048828,0.000000,28.597385,19.000000
1.615234,0.050781,0.250000,0.000000,28.426092,19.000000
1.658203,0.105469,0.228516,0.000000,27.395723,19.000000
2.613281,-0.175781,1.052734,0.000000,29.057959,19.000000
2.689453,-0.089844,0.980469,0.000000,32.169571,19.000000
2.730469,-0.181641,0.972656,0.000000,31.048285,19.000000
4.419922,-0.142578,1.199219,0.000000,31.325798,19.000000
4.449219,-0.144531,1.248047,0.000000,30.902580,19.000000
4.826172,-0.154297,0.880859,0.000000,30.207754,19.000000
4.876953,-0.308594,0.789062,0.000000,31.395643,19.000000
4.949219,-0.623047,0.128906,0.000000,29.777237,19.000000
1.656250,0.105469,0.246094,-0.614669,27.363964,19.000000
0.041016,-0.033203,0.062500,0.000000,30.094509,19.000000
0.044922,-0.046875,0.103516,0.000000,28.987251,19.000000
0.248047,0.630859,1.398438,0.000000,25.751879,19.000000
2.771484,-0.000000,0.869141,0.000000,31.020905,19.000000
0.011719,-0.039062,-0.007812,0.000000,30.637085,20.000000
0.017578,-0.080078,-0.007812,0.000000,31.900515,20.000000
0.029297,-0.119141,-0.005859,0.000000,30.132587,20.000000
0.056641,-0.154297,0.007812,0.000000,25.440680,20.000000
0.136719,-0.080078,1.257812,0.000000,23.096302,20.000000
0.082031,-0.082031,1.304688,0.000000,24.623980,20.000000
0.390625,-0.083984,-1.289062,0.000000,23.074961,20.000000
0.558594,-0.042969,-1.273438,0.000000,21.702618,20.000000
1.541016,0.146484,-0.142578,0.000000,25.932861,20.000000
1.580078,0.199219,-0.083984,0.000000,27.218105,20.000000
1.628906,0.154297,-0.015625,0.000000,26.444386,20.000000
2.623047,-0.175781,1.029297,0.000000,29.079485,20.000000
2.693359,-0.089844,0.966797,0.000000,32.190605,20.000000
2.775391,-0.000000,0.857422,0.000000,31.115986,20.000000
4.406250,-0.287109,1.224609,0.000000,31.129400,20.000000
4.451172,-0.144531,1.238281,0.000000,30.670708,20.000000
4.884766,-0.308594,0.736328,0.000000,31.102530,20.000000
4.951172,-0.623047,0.015625,0.000000,29.836264,20.000000
0.041016,-0.033203,0.062500,0.000000,30.086002,20.000000
0.046875,-0.046875,0.103516,0.000000,28.987251,20.000000
2.734375,-0.181641,0.962891,0.000000,31.102530,20.000000
0.011719,-0.039062,-0.007812,0.000000,30.644581,21.000000
0.017578,-0.080078,-0.007812,0.000000,31.903316,21.000000
0.029297,-0.119141,-0.005859,0.000000,30.132587,21.000000
0.056641,-0.154297,0.005859,0.000000,25.440680,21.000000
0.144531,-0.080078,1.257812,0.000000,23.074961,21.000000
0.056641,-0.082031,1.304688,0.000000,24.623980,21.000000
0.429688,-0.083984,-1.277344,0.000000,23.074961,21.000000
0.570312,-0.042969,-1.267578,0.000000,21.731863,21.000000
1.546875,0.146484,-0.048828,0.000000,27.442930,21.000000
1.587891,0.150391,-0.001953,0.000000,27.930916,21.000000
2.626953,-0.175781,1.015625,0.000000,28.992731,21.000000
2.695312,-0.089844,0.964844,0.000000,32.153732,21.000000
2.771484,-0.000000,0.865234,0.000000,31.065308,21.000000
4.400391,-0.142578,1.111328,0.000000,28.082109,21.000000
4.412109,-0.142578,1.226562,0.000000,31.370375,21.000000
4.443359,-0.144531,1.267578,0.000000,30.902580,21.000000
4.738281,-0.298828,-0.603516,0.000000,32.190605,21.000000
4.771484,-0.300781,-0.660156,0.000000,32.685780,21.000000
4.875000,-0.308594,0.798828,0.000000,30.941216,21.000000
4.951172,-0.623047,0.097656,0.000000,29.684830,21.000000
0.009766,0.031250,0.025391,0.000000,29.299295,21.000000
0.041016,-0.033203,0.062500,0.000000,30.094509,21.000000
0.044922,-0.046875,0.103516,0.000000,28.998205,21.000000
2.732422,-0.181641,0.966797,0.000000,31.058506,21.000000
0.011719,-0.039062,-0.007812,0.000000,30.640835,22.000000
0.017578,-0.080078,-0.007812,0.000000,31.903316,22.000000
0.029297,-0.119141,-0.005859,0.000000,30.141003,22.000000
0.056641,-0.154297,0.005859,0.000000,25.453072,22.000000
0.103516,-0.080078,1.261719,0.000000,23.053514,22.000000
0.044922,-0.082031,-1.306641,0.000000,24.578819,22.000000
0.439453,-0.083984,-1.273438,0.000000,23.031961,22.000000
1.537109,0.097656,-0.212891,0.000000,27.788744,22.000000
2.601562,-0.175781,1.082031,0.000000,28.981766,22.000000
2.683594,-0.089844,0.994141,0.000000,32.195847,22.000000
2.767578,-0.000000,0.882812,0.000000,31.136091,22.000000
4.378906,-0.142578,1.193359,0.000000,27.986506,22.000000
4.406250,-0.142578,1.246094,0.000000,31.303337,22.000000
4.441406,-0.144531,1.271484,0.000000,30.835026,22.000000
4.740234,-0.298828,-0.593750,0.000000,33.182720,22.000000
4.773438,-0.300781,-0.648438,0.000000,33.643635,22.000000
4.753906,-0.152344,-1.035156,0.000000,29.726656,22.000000
4.884766,-0.308594,0.734375,0.000000,31.044870,22.000000
4.951172,-0.623047,0.042969,0.000000,29.809120,22.000000
0.009766,0.031250,0.025391,0.000000,29.299295,22.000000
0.041016,-0.033203,0.062500,0.000000,30.090258,22.000000
0.044922,-0.046875,0.103516,0.000000,28.992731,22.000000
0.355469,0.679688,1.351562,0.000000,25.010593,22.000000
2.724609,-0.181641,0.988281,0.000000,31.119343,22.000000
0.011719,-0.039062,-0.007812,0.000000,30.640835,23.000000
0.017578,-0.080078,-0.007812,0.000000,31.900515,23.000000
0.029297,-0.119141,-0.005859,0.000000,30.136797,23.000000
0.056641,-0.154297,0.005859,0.000000,25.453072,23.000000
0.152344,-0.080078,1.255859,0.000000,23.096302,23.000000
0.421875,-0.083984,-1.279297,0.000000,23.096302,23.000000
1.535156,0.146484,-0.193359,0.000000,27.972675,23.000000
1.580078,0.150391,-0.169922,0.000000,28.369568,23.000000
1.679688,0.449219,-0.464844,0.000000,27.993406,23.000000
1.699219,0.517578,-0.480469,0.000000,29.698816,23.000000
1.738281,0.529297,-0.490234,0.000000,27.965744,23.000000
2.626953,-0.175781,1.017578,0.000000,29.052561,23.000000
2.693359,-0.089844,0.966797,0.000000,32.208923,23.000000
2.773438,-0.000000,0.859375,0.000000,31.122698,23.000000
4.398438,-0.287109,1.248047,0.000000,31.258064,23.000000
4.445312,-0.144531,1.259766,0.000000,30.733517,23.000000
4.742188,-0.298828,-0.580078,0.000000,32.798950,23.000000
4.777344,-0.300781,-0.626953,0.000000,33.228394,23.000000
4.880859,-0.308594,0.761719,0.000000,31.222158,23.000000
4.951172,-0.623047,0.080078,0.000000,29.921114,23.000000
0.009766,0.031250,0.025391,0.000000,29.304396,23.000000
0.041016,-0.033203,0.062500,0.000000,30.090258,23.000000
0.044922,-0.046875,0.103516,0.000000,28.992731,23.000000
1.136719,-0.113281,1.390625,0.000000,25.327543,23.000000
2.734375,-0.181641,0.962891,0.000000,31.119343,23.000000
0.011719,-0.039062,-0.007812,0.000000,30.648323,24.000000
0.017578,-0.080078,-0.007812,0.000000,31.906118,24.000000
0.029297,-0.119141,-0.005859,0.000000,30.141003,24.000000
0.056641,-0.154297,0.005859,0.000000,25.465427,24.000000
0.125000,-0.080078,1.259766,0.000000,23.096302,24.000000
0.402344,-0.083984,-1.285156,0.000000,23.031961,24.000000
0.539062,-0.042969,-1.281250,0.000000,21.643528,24.000000
1.492188,0.093750,-0.236328,0.000000,24.756712,24.000000
1.525391,0.146484,-0.261719,0.000000,27.339993,24.000000
1.574219,0.199219,-0.164062,0.000000,27.752462,24.000000
1.689453,0.449219,-0.427734,0.000000,27.015680,24.000000
1.720703,0.517578,-0.398438,0.000000,28.382193,24.000000
1.759766,0.529297,-0.408203,0.000000,26.483601,24.000000
2.611328,-0.175781,1.058594,0.000000,29.003672,24.000000
2.689453,-0.089844,0.978516,0.000000,32.166935,24.000000
2.730469,-0.181641,0.970703,0.000000,31.089031,24.000000
4.410156,-0.142578,1.236328,0.000000,31.312979,24.000000
4.439453,-0.144531,1.279297,0.000000,30.958664,24.000000
4.732422,-0.298828,-0.652344,0.000000,32.180099,24.000000
4.773438,-0.150391,-0.699219,0.000000,32.685780,24.000000
4.878906,-0.308594,0.773438,0.000000,31.199154,24.000000
4.966797,-0.468750,0.138672,0.000000,29.745117,24.000000
0.009766,0.031250,0.025391,0.000000,29.299295,24.000000
0.041016,-0.033203,0.062500,0.000000,30.094509,24.000000
0.044922,-0.046875,0.103516,0.000000,28.998205,24.000000
2.771484,-0.000000,0.867188,0.000000,31.085649,24.000000
4.759766,-0.453125,-0.667969,0.000000,32.683437,24.000000
0.011719,-0.039062,-0.007812,0.000000,30.652061,25.000000
0.017578,-0.080078,-0.007812,0.000000,31.903316,25.000000
0.029297,-0.119141,-0.005859,0.000000,30.132587,25.000000
0.056641,-0.154297,0.005859,0.000000,25.440680,25.000000
0.148438,-0.080078,1.255859,0.000000,23.138672,25.000000
0.017578,-0.082031,1.306641,0.000000,24.638929,25.000000
0.421875,-0.083984,-1.279297,0.000000,23.074961,25.000000
0.546875,-0.042969,-1.277344,0.000000,21.702618,25.000000
1.490234,0.142578,-0.228516,0.000000,24.913616,25.000000
1.523438,0.193359,-0.244141,0.000000,28.202015,25.000000
1.566406,0.199219,-0.226562,0.000000,28.536982,25.000000
1.703125,0.562500,-0.138672,0.000000,26.998377,25.000000
1.746094,0.517578,-0.265625,0.000000,28.853613,25.000000
1.775391,0.529297,-0.326172,0.000000,26.848454,25.000000
2.611328,-0.175781,1.054688,0.000000,29.025467,25.000000
2.693359,-0.089844,0.970703,0.000000,32.153732,25.000000
2.736328,-0.181641,0.955078,0.000000,31.072100,25.000000
4.402344,-0.287109,1.236328,0.000000,30.899052,25.000000
4.447266,-0.144531,1.250000,0.000000,30.248960,25.000000
4.876953,-0.308594,0.785156,0.000000,31.222158,25.000000
4.949219,-0.623047,0.167969,0.000000,29.777237,25.000000
0.009766,0.031250,0.025391,0.000000,29.299295,25.000000
0.041016,-0.033203,0.062500,0.000000,30.086002,25.000000
0.044922,-0.046875,0.103516,0.000000,28.987251,25.000000
2.777344,-0.000000,0.851562,0.000000,31.065308,25.000000
0.011719,-0.039062,-0.007812,0.000000,30.644581,26.000000
0.017578,-0.080078,-0.007812,0.000000,31.903316,26.000000
0.029297,-0.119141,-0.005859,0.000000,30.136797,26.000000
0.056641,-0.154297,0.005859,0.000000,25.453072,26.000000
0.179688,-0.080078,1.251953,0.000000,23.074961,26.000000
0.082031,-0.082031,1.304688,0.000000,24.608978,26.000000
0.408203,-0.083984,-1.283203,0.000000,23.074961,26.000000
1.509766,-0.000000,0.097656,0.000000,24.593925,26.000000
1.541016,-0.000000,0.197266,0.000000,27.101173,26.000000
1.572266,0.099609,0.251953,0.000000,27.226339,26.000000
1.609375,0.255859,0.142578,0.000000,27.916906,26.000000
1.662109,0.208984,0.060547,0.000000,28.790958,26.000000
1.710938,0.160156,-0.029297,0.000000,28.048206,26.000000
1.708984,0.505859,-0.250000,0.000000,26.127838,26.000000
1.748047,0.517578,-0.250000,0.000000,26.532125,26.000000
2.611328,-0.175781,1.056641,0.000000,29.116901,26.000000
2.689453,-0.089844,0.978516,0.000000,32.216751,26.000000
2.773438,-0.000000,0.863281,0.000000,31.129400,26.000000
4.380859,-0.142578,1.183594,0.000000,27.888752,26.000000
4.414062,-0.142578,1.220703,0.000000,31.461281,26.000000
4.451172,-0.144531,1.236328,0.000000,30.958664,26.000000
4.888672,-0.308594,0.708984,0.000000,31.065308,26.000000
4.951172,-0.623047,0.003906,0.000000,29.717396,26.000000
0.009766,0.031250,0.025391,0.000000,29.299295,26.000000
0.041016,-0.033203,0.062500,0.000000,30.094509,26.000000
0.044922,-0.046875,0.103516,0.000000,28.992731,26.000000
1.412109,0.425781,-0.339844,0.000000,22.695129,26.000000
1.482422,0.388672,-0.257812,0.000000,25.740313,26.000000
2.734375,-0.181641,0.964844,0.000000,31.119343,26.000000
0.011719,-0.039062,-0.007812,0.000000,30.637085,27.000000
0.017578,-0.080078,-0.007812,0.000000,31.903316,27.000000
0.029297,-0.119141,-0.005859,0.000000,30.145205,27.000000
0.056641,-0.154297,0.007812,0.000000,25.465427,27.000000
0.068359,-0.080078,1.263672,0.000000,23.117538,27.000000
0.408203,-0.083984,-1.283203,0.000000,23.010300,27.000000
1.501953,0.291016,-0.277344,0.000000,27.250946,27.000000
1.562500,0.250000,-0.201172,0.000000,28.842287,27.000000
1.667969,-0.000000,0.166016,0.000000,26.739420,27.000000
2.611328,-0.175781,1.056641,0.000000,28.992731,27.000000
2.689453,-0.089844,0.980469,0.000000,32.195847,27.000000
2.771484,-0.000000,0.871094,0.000000,31.172712,27.000000
4.414062,-0.142578,1.214844,0.000000,31.458178,27.000000
4.447266,-0.144531,1.248047,0.000000,30.934217,27.000000
4.849609,-0.154297,0.738281,0.000000,30.523090,27.000000
4.875000,-0.308594,0.792969,0.000000,31.322598,27.000000
4.949219,-0.623047,0.119141,0.000000,29.818186,27.000000
0.009766,0.031250,0.025391,0.000000,29.294189,27.000000
0.041016,-0.033203,0.062500,0.000000,30.094509,27.000000
0.044922,-0.046875,0.103516,0.000000,28.992731,27.000000
2.730469,-0.181641,0.972656,0.000000,31.132748,27.000000
0.011719,-0.039062,-0.007812,0.000000,30.644581,28.000000
0.017578,-0.080078,-0.007812,0.000000,31.906118,28.000000
0.029297,-0.119141,-0.005859,0.000000,30.136797,28.000000
0.056641,-0.154297,0.005859,0.000000,25.440680,28.000000
0.115234,-0.080078,1.259766,0.000000,23.117538,28.000000
0.048828,-0.082031,1.304688,0.000000,24.608978,28.000000
0.373047,-0.083984,-1.294922,0.000000,23.010300,28.000000
0.406250,-0.042969,-1.330078,0.000000,21.613680,28.000000
1.677734,0.619141,-0.205078,0.000000,28.813847,28.000000
1.695312,0.689453,-0.193359,0.000000,30.220158,28.000000
1.755859,0.646484,-0.205078,0.000000,28.020893,28.000000
2.619141,-0.175781,1.039062,0.000000,28.981766,28.000000
2.695312,-0.089844,0.962891,0.000000,32.151085,28.000000
2.736328,-0.181641,0.958984,0.000000,31.031193,28.000000
4.398438,-0.142578,1.119141,0.000000,27.902851,28.000000
4.421875,-0.142578,1.191406,0.000000,31.516762,28.000000
4.472656,-0.144531,1.158203,0.000000,31.293676,28.000000
4.837891,-0.306641,0.767578,0.000000,30.464952,28.000000
4.886719,-0.308594,0.720703,0.000000,31.541195,28.000000
0.009766,0.031250,0.025391,0.000000,29.299295,28.000000
0.041016,-0.033203,0.062500,0.000000,30.090258,28.000000
0.044922,-0.046875,0.103516,0.000000,28.998205,28.000000
0.519531,-0.058594,1.808594,0.000000,25.065050,28.000000
2.777344,-0.000000,0.851562,0.000000,31.017471,28.000000
0.011719,-0.039062,-0.007812,0.000000,30.640835,29.000000
0.017578,-0.080078,-0.007812,0.000000,31.903316,29.000000
0.029297,-0.119141,-0.005859,0.000000,30.136797,29.000000
0.056641,-0.154297,0.005859,0.000000,25.440680,29.000000
0.109375,-0.080078,1.261719,0.000000,23.138672,29.000000
0.052734,-0.082031,1.304688,0.000000,24.668676,29.000000
0.439453,-0.083984,-1.273438,0.000000,23.096302,29.000000
0.654297,-0.042969,-1.226562,0.000000,21.673174,29.000000
1.537109,0.193359,-0.128906,0.000000,28.356905,29.000000
1.580078,0.199219,-0.091797,0.000000,29.956352,29.000000
1.619141,0.205078,-0.113281,0.000000,28.082109,29.000000
1.671875,0.105469,0.099609,0.000000,25.899496,29.000000
2.691406,-0.089844,0.974609,0.000000,32.132519,29.000000
2.773438,-0.000000,0.861328,0.000000,31.048285,29.000000
4.433594,-0.142578,1.142578,0.000000,31.341770,29.000000
4.527344,-0.144531,0.923828,0.000000,31.586639,29.000000
4.662109,-0.000000,0.136719,0.000000,30.124153,29.000000
4.832031,-0.154297,0.847656,0.000000,30.538464,29.000000
4.859375,-0.154297,0.925781,0.000000,31.658377,29.000000
4.962891,-0.312500,0.423828,0.000000,29.854265,29.000000
1.373047,-0.402344,-0.001953,0.614669,22.253094,29.000000
1.425781,-0.367188,-0.021484,0.614669,23.304138,29.000000
0.041016,-0.033203,0.062500,0.000000,30.094509,29.000000
0.044922,-0.046875,0.103516,0.000000,28.992731,29.000000
1.263672,-0.564453,0.138672,0.000000,18.750612,29.000000
2.732422,-0.181641,0.968750,0.000000,31.034616,29.000000
0.011719,-0.039062,-0.007812,0.000000,30.652061,30.000000
0.017578,-0.080078,-0.007812,0.000000,31.906118,30.000000
0.029297,-0.119141,-0.005859,0.000000,30.136797,30.000000
0.056641,-0.154297,0.005859,0.000000,25.440680,30.000000
0.144531,-0.080078,1.257812,0.000000,23.074961,30.000000
0.011719,-0.082031,1.306641,0.000000,24.608978,30.000000
0.414062,-0.083984,-1.283203,0.000000,23.053514,30.000000
0.556641,-0.042969,-1.273438,0.000000,21.673174,30.000000
1.486328,-0.000000,-0.285156,0.000000,24.828735,30.000000
1.519531,0.048828,-0.328125,0.000000,28.450981,30.000000
1.527344,0.150391,-0.435547,0.000000,28.744818,30.000000
2.617188,-0.175781,1.042969,0.000000,29.041744,30.000000
2.687500,-0.089844,0.986328,0.000000,32.135178,30.000000
2.722656,-0.181641,0.996094,0.000000,30.958664,30.000000
4.423828,-0.287109,1.152344,0.000000,31.065308,30.000000
4.525391,-0.144531,0.931641,0.000000,31.303337,30.000000
4.660156,-0.146484,-0.087891,0.000000,30.277573,30.000000
4.697266,-0.146484,-0.226562,0.000000,29.227255,30.000000
4.748047,-0.150391,-0.853516,0.000000,29.722029,30.000000
4.824219,-0.306641,0.857422,0.000000,30.153597,30.000000
4.873047,-0.308594,0.812500,0.000000,31.595673,30.000000
4.962891,-0.468750,0.218750,0.000000,30.030294,30.000000
1.435547,-0.322266,0.056641,0.614669,22.329962,30.000000
1.623047,0.863281,0.089844,-0.614669,25.550945,30.000000
1.660156,0.882812,0.085938,-0.614669,25.611013,30.000000
0.009766,0.031250,0.025391,0.000000,29.299295,30.000000
0.041016,-0.033203,0.062500,0.000000,30.086002,30.000000
0.044922,-0.046875,0.103516,0.000000,28.992731,30.000000
2.763672,-0.000000,0.892578,0.000000,30.944712,30.000000
0.011719,-0.039062,-0.007812,0.000000,30.644581,31.000000
0.017578,-0.080078,-0.007812,0.000000,31.900515,31.000000
0.029297,-0.119141,-0.005859,0.000000,30.132587,31.000000
0.056641,-0.154297,0.005859,0.000000,25.440680,31.000000
0.160156,-0.080078,1.255859,0.000000,23.096302,31.000000
0.414062,-0.083984,-1.283203,0.000000,23.096302,31.000000
0.566406,-0.042969,-1.269531,0.000000,21.702618,31.000000
1.416016,0.097656,-0.634766,0.000000,27.874605,31.000000
2.617188,-0.175781,1.044922,0.000000,29.030899,31.000000
2.695312,-0.089844,0.964844,0.000000,32.198463,31.000000
2.775391,-0.000000,0.857422,0.000000,31.099159,31.000000
4.410156,-0.287109,1.210938,0.000000,31.625645,31.000000
4.505859,-0.144531,1.017578,0.000000,32.208923,31.000000
4.660156,-0.146484,-0.105469,0.000000,31.550322,31.000000
4.691406,-0.146484,-0.328125,0.000000,30.425755,31.000000
4.826172,-0.306641,0.839844,0.000000,30.008677,31.000000
4.880859,-0.308594,0.765625,0.000000,31.607685,31.000000
4.951172,-0.623047,0.097656,0.000000,30.453230,31.000000
0.009766,0.031250,0.025391,0.000000,29.304396,31.000000
0.041016,-0.033203,0.062500,0.000000,30.086002,31.000000
0.046875,-0.046875,0.103516,0.000000,28.987251,31.000000
0.849609,0.630859,1.138672,0.000000,26.444386,31.000000
2.732422,-0.181641,0.970703,0.000000,31.085649,31.000000
0.011719,-0.039062,-0.007812,0.000000,30.644581,32.000000
0.017578,-0.080078,-0.007812,0.000000,31.900515,32.000000
0.029297,-0.119141,-0.005859,0.000000,30.132587,32.000000
0.056641,-0.154297,0.005859,0.000000,25.440680,32.000000
0.138672,-0.080078,1.257812,0.000000,23.096302,32.000000
0.429688,-0.083984,-1.277344,0.000000,23.096302,32.000000
0.568359,-0.042969,-1.269531,0.000000,21.760912,32.000000
1.406250,0.437500,-0.496094,0.000000,26.354837,32.000000
1.544922,0.349609,-0.191406,0.000000,28.413595,32.000000
2.617188,-0.175781,1.041016,0.000000,28.948696,32.000000
2.691406,-0.089844,0.974609,0.000000,32.180099,32.000000
2.775391,-0.000000,0.857422,0.000000,31.132748,32.000000
4.416016,-0.287109,1.185547,0.000000,30.913151,32.000000
4.535156,-0.144531,0.880859,0.000000,31.673174,32.000000
4.660156,-0.146484,0.085938,0.000000,30.906107,32.000000
4.689453,-0.000000,-0.371094,0.000000,29.159271,32.000000
4.732422,-0.150391,-0.935547,0.000000,29.090208,32.000000
4.894531,-0.308594,0.669922,0.000000,30.472748,32.000000
4.927734,-0.779297,-0.103516,0.000000,29.552065,32.000000
1.490234,-0.146484,0.419922,1.844006,21.238516,32.000000
1.535156,-0.150391,0.410156,1.844006,24.361626,32.000000
1.568359,-0.205078,0.416016,1.844006,23.765770,32.000000
0.041016,-0.033203,0.062500,0.000000,30.094509,32.000000
0.044922,-0.046875,0.103516,0.000000,28.998205,32.000000
1.451172,0.339844,-0.443359,0.000000,26.253124,32.000000
2.736328,-0.181641,0.958984,0.000000,31.122698,32.000000
0.011719,-0.039062,-0.007812,0.000000,30.644581,33.000000
0.017578,-0.080078,-0.007812,0.000000,31.903316,33.000000
0.029297,-0.119141,-0.005859,0.000000,30.132587,33.000000
0.056641,-0.154297,0.005859,0.000000,25.440680,33.000000
0.117188,-0.080078,1.259766,0.000000,23.117538,33.000000
0.062500,-0.082031,1.304688,0.000000,24.638929,33.000000
0.417969,-0.083984,-1.281250,0.000000,23.117538,33.000000
0.546875,-0.042969,-1.277344,0.000000,21.731863,33.000000
1.458984,0.146484,-0.515625,0.000000,26.665180,33.000000
1.566406,0.150391,-0.257812,0.000000,29.684830,33.000000
1.626953,0.154297,-0.078125,0.000000,30.948204,33.000000
1.664062,0.208984,0.021484,0.000000,29.294189,33.000000
2.689453,-0.089844,0.980469,0.000000,32.153732,33.000000
2.730469,-0.181641,0.976562,0.000000,31.041456,33.000000
0.009766,0.031250,0.025391,0.000000,29.299295,33.000000
0.041016,-0.033203,0.062500,0.000000,30.090258,33.000000
0.044922,-0.046875,0.103516,0.000000,28.987251,33.000000
2.771484,-0.000000,0.865234,0.000000,31.034616,33.000000
0.011719,-0.039062,-0.007812,0.000000,30.644581,34.000000
0.017578,-0.080078,-0.007812,0.000000,31.903316,34.000000
0.029297,-0.119141,-0.005859,0.000000,30.136797,34.000000
0.056641,-0.154297,0.005859,0.000000,25.453072,34.000000
0.123047,-0.080078,1.259766,0.000000,23.074961,34.000000
0.425781,-0.083984,-1.277344,0.000000,23.053514,34.000000
0.562500,-0.042969,-1.271484,0.000000,21.702618,34.000000
1.542969,0.097656,-0.166016,0.000000,30.326187,34.000000
1.578125,0.199219,-0.119141,0.000000,32.511513,34.000000
1.621094,0.205078,-0.097656,0.000000,32.127201,34.000000
1.669922,0.158203,-0.009766,0.000000,29.355072,34.000000
2.623047,-0.175781,1.027344,0.000000,29.014584,34.000000
2.695312,-0.089844,0.964844,0.000000,32.180099,34.000000
2.773438,-0.000000,0.861328,0.000000,31.068705,34.000000
1.675781,0.619141,0.224609,-0.614669,28.419847,34.000000
1.718750,0.632812,0.177734,-0.614669,27.678976,34.000000
0.009766,0.031250,0.025391,0.000000,29.299295,34.000000
0.041016,-0.033203,0.062500,0.000000,30.094509,34.000000
0.044922,-0.046875,0.103516,0.000000,28.987251,34.000000
2.732422,-0.181641,0.968750,0.000000,31.044870,34.000000
0.011719,-0.039062,-0.007812,0.000000,30.648323,35.000000
0.017578,-0.080078,-0.007812,0.000000,31.906118,35.000000
0.029297,-0.119141,-0.005859,0.000000,30.136797,35.000000
0.056641,-0.154297,0.005859,0.000000,25.453072,35.000000
0.105469,-0.080078,1.261719,0.000000,23.138672,35.000000
0.412109,-0.083984,-1.283203,0.000000,23.074961,35.000000
0.566406,-0.042969,-1.269531,0.000000,21.673174,35.000000
1.552734,-0.048828,-0.015625,0.000000,28.524799,35.000000
1.593750,-0.000000,-0.060547,0.000000,30.354298,35.000000
1.632812,-0.000000,-0.089844,0.000000,28.893017,35.000000
2.613281,-0.175781,1.050781,0.000000,29.014584,35.000000
2.687500,-0.089844,0.986328,0.000000,32.166935,35.000000
2.724609,-0.181641,0.990234,0.000000,31.105898,35.000000
0.009766,0.031250,0.025391,0.000000,29.299295,35.000000
0.041016,-0.033203,0.062500,0.000000,30.086002,35.000000
0.046875,-0.046875,0.103516,0.000000,28.981766,35.000000
2.767578,-0.000000,0.878906,0.000000,31.089031,35.000000
0.011719,-0.039062,-0.007812,0.000000,30.640835,36.000000
0.017578,-0.080078,-0.007812,0.000000,31.900515,36.000000
0.029297,-0.119141,-0.005859,0.000000,30.132587,36.000000
0.056641,-0.154297,0.005859,0.000000,25.440680,36.000000
0.152344,-0.080078,1.255859,0.000000,23.053514,36.000000
0.042969,-0.082031,1.306641,0.000000,24.593925,36.000000
0.425781,-0.083984,-1.277344,0.000000,23.053514,36.000000
0.558594,-0.042969,-1.273438,0.000000,21.702618,36.000000
1.552734,-0.000000,-0.056641,0.000000,27.803173,36.000000
1.593750,0.050781,-0.021484,0.000000,28.651039,36.000000
1.626953,0.154297,0.093750,0.000000,28.555191,36.000000
1.664062,0.158203,0.140625,0.000000,28.228216,36.000000
2.623047,-0.175781,1.027344,0.000000,29.095560,36.000000
2.693359,-0.089844,0.966797,0.000000,32.229763,36.000000
2.773438,-0.000000,0.863281,0.000000,31.222158,36.000000
4.701172,-0.300781,-1.050781,0.000000,29.237619,36.000000
0.009766,0.031250,0.025391,0.000000,29.294189,36.000000
0.041016,-0.033203,0.062500,0.000000,30.094509,36.000000
0.044922,-0.046875,0.103516,0.000000,28.992731,36.000000
2.730469,-0.181641,0.974609,0.000000,31.202448,36.000000
0.011719,-0.039062,-0.007812,0.000000,30.640835,37.000000
0.017578,-0.080078,-0.007812,0.000000,31.900515,37.000000
0.029297,-0.119141,-0.005859,0.000000,30.136797,37.000000
0.056641,-0.154297,0.005859,0.000000,25.465427,37.000000
0.144531,-0.080078,1.257812,0.000000,23.117538,37.000000
0.011719,-0.082031,1.306641,0.000000,24.623980,37.000000
0.437500,-0.083984,-1.275391,0.000000,23.074961,37.000000
0.591797,-0.042969,-1.257812,0.000000,21.673174,37.000000
1.521484,0.193359,-0.255859,0.000000,28.887409,37.000000
1.558594,0.199219,-0.273438,0.000000,29.360107,37.000000
2.611328,-0.175781,1.056641,0.000000,29.084850,37.000000
2.689453,-0.089844,0.980469,0.000000,32.172207,37.000000
2.769531,-0.000000,0.876953,0.000000,31.017471,37.000000
4.654297,-0.146484,-0.251953,0.000000,29.434946,37.000000
4.687500,-0.146484,-0.369141,0.000000,29.079485,37.000000
4.718750,-0.298828,-0.738281,0.000000,31.000257,37.000000
4.748047,-0.300781,-0.818359,0.000000,31.448854,37.000000
1.486328,-0.142578,0.250000,-1.229337,26.354837,37.000000
1.515625,-0.193359,0.285156,-1.229337,28.506462,37.000000
1.552734,0.205078,-0.472656,-0.614669,26.263403,37.000000
0.009766,0.031250,0.025391,0.000000,29.299295,37.000000
0.041016,-0.033203,0.062500,0.000000,30.094509,37.000000
0.046875,-0.046875,0.103516,0.000000,28.998205,37.000000
1.099609,-0.291016,-1.058594,0.000000,26.857418,37.000000
0.806641,-0.349609,-1.332031,0.000000,27.075703,37.000000
2.726562,-0.181641,0.984375,0.000000,30.976044,37.000000
1.232422,-0.357422,1.015625,-0.614669,24.132998,37.000000
0.011719,-0.039062,-0.007812,0.000000,30.644581,38.000000
0.017578,-0.080078,-0.007812,0.000000,31.900515,38.000000
0.029297,-0.119141,-0.005859,0.000000,30.132587,38.000000
0.056641,-0.154297,0.005859,0.000000,25.440680,38.000000
0.130859,-0.080078,1.257812,0.000000,23.053514,38.000000
0.425781,-0.083984,-1.277344,0.000000,23.074961,38.000000
0.582031,-0.042969,-1.261719,0.000000,21.760912,38.000000
1.492188,0.093750,-0.230469,0.000000,26.776070,38.000000
1.542969,0.097656,-0.167969,0.000000,30.530785,38.000000
1.582031,0.150391,-0.130859,0.000000,30.877813,38.000000
1.621094,0.205078,-0.089844,0.000000,29.068735,38.000000
1.662109,0.208984,-0.066406,0.000000,26.711729,38.000000
1.630859,0.537109,0.083984,0.000000,27.291647,38.000000
1.664062,0.548828,0.140625,0.000000,30.681858,38.000000
1.681641,0.619141,0.171875,0.000000,30.733517,38.000000
1.716797,0.632812,0.207031,0.000000,27.566360,38.000000
2.617188,-0.175781,1.042969,0.000000,28.948696,38.000000
2.689453,-0.089844,0.978516,0.000000,32.161659,38.000000
2.728516,-0.181641,0.978516,0.000000,31.078880,38.000000
4.390625,-0.287109,1.277344,0.000000,28.651039,38.000000
4.580078,-0.146484,-0.863281,0.000000,29.273705,38.000000
4.679688,-0.146484,-0.464844,0.000000,29.334873,38.000000
4.736328,-0.298828,-0.615234,0.000000,31.510633,38.000000
4.773438,-0.300781,-0.658203,0.000000,32.043915,38.000000
4.914062,-0.464844,0.363281,0.000000,29.355072,38.000000
1.474609,-0.093750,0.324219,-2.458675,21.139433,38.000000
1.513672,-0.097656,0.343750,-2.458675,21.553360,38.000000
0.007812,0.031250,0.025391,0.000000,29.294189,38.000000
0.041016,-0.033203,0.062500,0.000000,30.090258,38.000000
0.046875,-0.046875,0.103516,0.000000,28.987251,38.000000
2.767578,-0.000000,0.880859,0.000000,31.044870,38.000000
0.011719,-0.039062,-0.007812,0.000000,30.640835,39.000000
0.017578,-0.080078,-0.007812,0.000000,31.903316,39.000000
0.029297,-0.119141,-0.005859,0.000000,30.136797,39.000000
0.056641,-0.154297,0.007812,0.000000,25.453072,39.000000
0.101562,-0.080078,1.261719,0.000000,23.117538,39.000000
0.414062,-0.083984,-1.281250,0.000000,23.096302,39.000000
0.564453,-0.042969,-1.269531,0.000000,21.702618,39.000000
1.496094,0.142578,-0.173828,0.000000,28.034571,39.000000
1.537109,0.146484,-0.177734,0.000000,30.965624,39.000000
1.582031,0.099609,-0.171875,0.000000,30.030294,39.000000
1.578125,0.714844,0.306641,0.000000,29.552065,39.000000
1.585938,0.787109,0.326172,0.000000,30.115704,39.000000
1.626953,0.804688,0.304688,0.000000,26.919651,39.000000
2.626953,-0.175781,1.017578,0.000000,29.052561,39.000000
2.693359,-0.089844,0.966797,0.000000,32.198463,39.000000
2.771484,-0.000000,0.871094,0.000000,31.115986,39.000000
4.412109,-0.283203,1.033203,0.000000,28.444771,39.000000
4.423828,-0.287109,1.160156,0.000000,31.861084,39.000000
4.421875,-0.289062,1.312500,0.000000,31.423895,39.000000
4.724609,-0.298828,-0.707031,0.000000,30.644581,39.000000
4.753906,-0.300781,-0.775391,0.000000,31.264561,39.000000
4.785156,-0.306641,1.054688,0.000000,29.479237,39.000000
4.871094,-0.308594,0.826172,0.000000,31.728947,39.000000
4.962891,-0.468750,0.236328,0.000000,30.187004,39.000000
1.621094,-0.205078,-0.103516,0.614669,26.085260,39.000000
1.390625,-0.267578,0.212891,-1.844006,23.909351,39.000000
1.429688,-0.275391,0.224609,-1.844006,25.037907,39.000000
1.478516,-0.236328,0.222656,-1.844006,22.741579,39.000000
0.041016,-0.033203,0.062500,0.000000,30.090258,39.000000
0.044922,-0.046875,0.103516,0.000000,28.992731,39.000000
2.730469,-0.181641,0.974609,0.000000,31.112625,39.000000
0.011719,-0.039062,-0.007812,0.000000,30.644581,40.000000
0.017578,-0.080078,-0.007812,0.000000,31.906118,40.000000
0.029297,-0.119141,-0.005859,0.000000,30.136797,40.000000
0.056641,-0.154297,0.005859,0.000000,25.453072,40.000000
0.064453,-0.080078,1.263672,0.000000,23.096302,40.000000
0.037109,-0.082031,-1.306641,0.000000,24.623980,40.000000
0.335938,-0.083984,-1.304688,0.000000,23.074961,40.000000
1.505859,0.142578,0.042969,0.000000,27.101173,40.000000
