2.041016,0.126953,-0.044922,0.000000,27.566360,0.000000
2.560547,-0.263672,1.158203,0.000000,29.459606,0.000000
2.605469,-0.267578,1.158203,0.000000,32.794388,0.000000
2.667969,-0.271484,1.117188,0.000000,32.024883,0.000000
4.419922,-0.287109,1.169922,0.000000,30.969101,0.000000
4.503906,-0.289062,1.001953,0.000000,30.827854,0.000000
4.730469,-0.449219,-0.572266,0.000000,30.766405,0.000000
4.789062,-0.453125,-0.390625,0.000000,31.364035,0.000000
4.876953,-0.306641,0.464844,0.000000,30.174507,0.000000
4.898438,-0.308594,0.646484,0.000000,30.678144,0.000000
0.041016,-0.033203,0.062500,0.000000,30.145205,0.000000
0.044922,-0.046875,0.103516,0.000000,29.030899,0.000000
1.207031,0.357422,0.148438,0.000000,19.084850,0.000000
0.011719,-0.039062,-0.007812,0.000000,30.755470,1.000000
0.017578,-0.080078,-0.007812,0.000000,31.978317,1.000000
0.029297,-0.119141,-0.005859,0.000000,30.228407,1.000000
0.056641,-0.154297,0.005859,0.000000,25.502283,1.000000
0.359375,-0.080078,-1.212891,0.000000,21.875208,1.000000
0.269531,-0.041016,1.279297,0.000000,23.222193,1.000000
0.488281,-0.042969,1.257812,0.000000,21.931246,1.000000
2.013672,0.255859,0.244141,0.000000,27.151674,1.000000
2.064453,0.195312,0.232422,0.000000,27.291647,1.000000
2.585938,-0.263672,1.101562,0.000000,29.425041,1.000000
2.609375,-0.267578,1.146484,0.000000,32.773800,1.000000
2.669922,-0.271484,1.109375,0.000000,31.967287,1.000000
4.414062,-0.287109,1.197266,0.000000,30.802656,1.000000
4.464844,-0.289062,1.164062,0.000000,30.350292,1.000000
4.802734,-0.453125,-0.183594,0.000000,30.073210,1.000000
4.853516,-0.460938,0.570312,0.000000,30.394140,1.000000
4.888672,-0.308594,0.707031,0.000000,30.606977,1.000000
0.041016,-0.033203,0.062500,0.000000,30.145205,1.000000
0.044922,-0.046875,0.103516,0.000000,29.020029,1.000000
1.115234,-0.474609,0.375000,0.000000,18.976271,1.000000
0.011719,-0.039062,-0.007812,0.000000,30.755470,2.000000
0.017578,-0.080078,-0.007812,0.000000,31.978317,2.000000
0.029297,-0.119141,-0.005859,0.000000,30.224283,2.000000
0.056641,-0.154297,0.005859,0.000000,25.490032,2.000000
0.375000,-0.080078,-1.208984,0.000000,21.903316,2.000000
0.269531,-0.041016,1.281250,0.000000,23.222193,2.000000
0.472656,-0.042969,1.263672,0.000000,21.875208,2.000000
2.560547,-0.263672,1.158203,0.000000,29.334873,2.000000
2.605469,-0.267578,1.158203,0.000000,32.769211,2.000000
2.662109,-0.271484,1.128906,0.000000,32.022160,2.000000
4.412109,-0.287109,1.203125,0.000000,31.065308,2.000000
4.447266,-0.289062,1.222656,0.000000,30.530785,2.000000
4.740234,-0.449219,-0.486328,0.000000,30.382227,2.000000
4.796875,-0.453125,-0.302734,0.000000,30.802656,2.000000
4.865234,-0.306641,0.582031,0.000000,30.178677,2.000000
4.888672,-0.308594,0.705078,0.000000,30.569048,2.000000
0.041016,-0.033203,0.062500,0.000000,30.141003,2.000000
0.046875,-0.046875,0.103516,0.000000,29.025467,2.000000
1.210938,0.357422,0.128906,0.000000,19.030899,2.000000
0.011719,-0.039062,-0.007812,0.000000,30.751818,3.000000
0.017578,-0.080078,-0.007812,0.000000,31.978317,3.000000
0.029297,-0.119141,-0.003906,0.000000,30.224283,3.000000
0.056641,-0.154297,0.005859,0.000000,25.502283,3.000000
0.361328,-0.080078,-1.212891,0.000000,21.846914,3.000000
0.316406,-0.041016,1.269531,0.000000,23.138672,3.000000
0.509766,-0.042969,1.250000,0.000000,21.789770,3.000000
2.029297,0.255859,-0.058594,0.000000,27.109631,3.000000
2.056641,0.261719,-0.240234,0.000000,27.323938,3.000000
2.556641,-0.263672,1.167969,0.000000,29.474337,3.000000
2.597656,-0.267578,1.171875,0.000000,32.771507,3.000000
2.656250,-0.271484,1.142578,0.000000,31.978317,3.000000
4.414062,-0.287109,1.191406,0.000000,30.737183,3.000000
4.490234,-0.289062,1.060547,0.000000,30.094509,3.000000
4.740234,-0.449219,-0.486328,0.000000,31.861084,3.000000
4.792969,-0.453125,-0.355469,0.000000,32.092468,3.000000
4.857422,-0.306641,0.630859,0.000000,30.136797,3.000000
4.888672,-0.308594,0.714844,0.000000,30.916670,3.000000
0.041016,-0.033203,0.062500,0.000000,30.136797,3.000000
0.044922,-0.046875,0.103516,0.000000,29.025467,3.000000
1.208984,0.357422,0.130859,0.000000,19.030899,3.000000
1.044922,-0.447266,1.701172,0.000000,24.281347,3.000000
2.841797,-2.003906,-2.982422,0.000000,27.803173,3.000000
2.763672,-2.021484,-3.105469,0.000000,27.411516,3.000000
0.011719,-0.039062,-0.007812,0.000000,30.755470,4.000000
0.017578,-0.080078,-0.007812,0.000000,31.975563,4.000000
0.041016,-0.115234,-0.007812,0.000000,30.220158,4.000000
0.056641,-0.154297,0.005859,0.000000,25.490032,4.000000
0.337891,-0.080078,-1.218750,0.000000,21.875208,4.000000
0.292969,-0.041016,1.275391,0.000000,23.201464,4.000000
0.457031,-0.042969,1.269531,0.000000,21.846914,4.000000
1.976562,0.125000,-0.312500,0.000000,28.662874,4.000000
2.015625,0.126953,-0.324219,0.000000,29.836264,4.000000
2.054688,0.130859,-0.341797,0.000000,27.979597,4.000000
2.503906,-0.263672,1.275391,0.000000,29.513374,4.000000
2.587891,-0.267578,1.193359,0.000000,32.803509,4.000000
2.652344,-0.271484,1.150391,0.000000,32.000294,4.000000
4.416016,-0.287109,1.183594,0.000000,30.923697,4.000000
4.474609,-0.289062,1.126953,0.000000,30.409977,4.000000
4.738281,-0.449219,-0.505859,0.000000,32.347702,4.000000
4.767578,-0.603516,-0.445312,0.000000,32.506638,4.000000
4.871094,-0.306641,0.521484,0.000000,30.425755,4.000000
4.890625,-0.308594,0.699219,0.000000,30.906107,4.000000
0.041016,-0.033203,0.062500,0.000000,30.136797,4.000000
0.044922,-0.046875,0.103516,0.000000,29.014584,4.000000
1.210938,0.357422,0.128906,0.000000,19.084850,4.000000
2.833984,-2.021484,-3.039062,0.000000,27.466343,4.000000
0.011719,-0.039062,-0.007812,0.000000,30.755470,5.000000
0.017578,-0.080078,-0.007812,0.000000,31.978317,5.000000
0.029297,-0.119141,-0.003906,0.000000,30.224283,5.000000
0.056641,-0.154297,0.005859,0.000000,25.490032,5.000000
0.365234,-0.080078,-1.212891,0.000000,21.875208,5.000000
0.291016,-0.041016,1.275391,0.000000,23.180634,5.000000
0.492188,-0.042969,1.255859,0.000000,21.846914,5.000000
2.027344,0.126953,-0.230469,0.000000,28.293037,5.000000
2.488281,-0.263672,1.304688,0.000000,29.523081,5.000000
2.582031,-0.267578,1.208984,0.000000,32.805782,5.000000
2.650391,-0.271484,1.156250,0.000000,31.981070,5.000000
4.416016,-0.287109,1.189453,0.000000,30.557604,5.000000
4.455078,-0.433594,1.156250,0.000000,29.921114,5.000000
4.736328,-0.449219,-0.515625,0.000000,33.070679,5.000000
4.783203,-0.453125,-0.455078,0.000000,33.517963,5.000000
4.835938,-0.457031,-0.316406,0.000000,30.421816,5.000000
4.876953,-0.306641,0.458984,0.000000,30.228407,5.000000
4.890625,-0.308594,0.691406,0.000000,30.941216,5.000000
0.041016,-0.033203,0.062500,0.000000,30.145205,5.000000
0.044922,-0.046875,0.103516,0.000000,29.020029,5.000000
1.208984,0.357422,0.138672,0.000000,19.030899,5.000000
2.871094,-2.003906,-2.955078,0.000000,27.634279,5.000000
2.876953,-2.021484,-3.000000,0.000000,27.193314,5.000000
0.011719,-0.039062,-0.007812,0.000000,30.755470,6.000000
0.017578,-0.080078,-0.007812,0.000000,31.975563,6.000000
0.029297,-0.119141,-0.005859,0.000000,30.224283,6.000000
0.056641,-0.154297,0.005859,0.000000,25.502283,6.000000
0.355469,-0.080078,-1.214844,0.000000,21.875208,6.000000
0.304688,-0.041016,1.271484,0.000000,23.201464,6.000000
0.488281,-0.042969,1.257812,0.000000,21.875208,6.000000
1.998047,0.125000,-0.109375,0.000000,30.051805,6.000000
2.037109,0.126953,-0.117188,0.000000,31.376705,6.000000
2.076172,0.130859,-0.162109,0.000000,29.309490,6.000000
2.560547,-0.263672,1.158203,0.000000,29.484129,6.000000
2.613281,-0.267578,1.138672,0.000000,32.776093,6.000000
2.666016,-0.271484,1.117188,0.000000,32.003033,6.000000
4.412109,-0.287109,1.199219,0.000000,30.674429,6.000000
4.460938,-0.289062,1.175781,0.000000,30.094509,6.000000
4.740234,-0.449219,-0.490234,0.000000,33.157604,6.000000
4.789062,-0.453125,-0.404297,0.000000,33.697723,6.000000
4.839844,-0.457031,-0.242188,0.000000,30.788193,6.000000
4.859375,-0.460938,0.527344,0.000000,30.362295,6.000000
4.890625,-0.308594,0.701172,0.000000,31.034616,6.000000
0.041016,-0.033203,0.062500,0.000000,30.141003,6.000000
0.044922,-0.046875,0.103516,0.000000,29.020029,6.000000
1.208984,0.357422,0.146484,0.000000,19.084850,6.000000
2.921875,-2.021484,-2.957031,0.000000,27.160034,6.000000
0.011719,-0.039062,-0.007812,0.000000,30.751818,7.000000
0.017578,-0.080078,-0.007812,0.000000,31.978317,7.000000
0.041016,-0.115234,-0.007812,0.000000,30.228407,7.000000
0.056641,-0.154297,0.005859,0.000000,25.502283,7.000000
0.357422,-0.080078,-1.214844,0.000000,21.875208,7.000000
0.285156,-0.041016,1.277344,0.000000,23.180634,7.000000
0.398438,-0.000000,1.289062,0.000000,21.846914,7.000000
1.974609,0.062500,-0.341797,0.000000,27.520485,7.000000
1.982422,0.126953,-0.486328,0.000000,26.766935,7.000000
2.521484,-0.263672,1.242188,0.000000,29.532763,7.000000
2.587891,-0.267578,1.197266,0.000000,32.796669,7.000000
2.648438,-0.271484,1.158203,0.000000,31.967287,7.000000
4.421875,-0.287109,1.166016,0.000000,30.813473,7.000000
4.474609,-0.289062,1.126953,0.000000,30.273497,7.000000
4.736328,-0.449219,-0.515625,0.000000,33.180634,7.000000
4.787109,-0.453125,-0.431641,0.000000,33.465485,7.000000
4.843750,-0.457031,-0.173828,0.000000,29.973864,7.000000
4.869141,-0.306641,0.539062,0.000000,30.285713,7.000000
4.892578,-0.308594,0.679688,0.000000,30.870712,7.000000
1.990234,0.126953,-0.455078,-0.614669,26.848454,7.000000
0.041016,-0.033203,0.062500,0.000000,30.141003,7.000000
0.044922,-0.046875,0.103516,0.000000,29.020029,7.000000
1.207031,0.357422,0.148438,0.000000,19.084850,7.000000
2.820312,-2.003906,-3.001953,0.000000,27.860413,7.000000
2.822266,-2.021484,-3.050781,0.000000,27.481880,7.000000
0.011719,-0.039062,-0.007812,0.000000,30.744507,8.000000
0.017578,-0.080078,-0.007812,0.000000,31.972805,8.000000
0.029297,-0.119141,-0.005859,0.000000,30.224283,8.000000
0.056641,-0.154297,0.005859,0.000000,25.490032,8.000000
0.359375,-0.080078,-1.212891,0.000000,21.903316,8.000000
0.302734,-0.041016,1.273438,0.000000,23.222193,8.000000
0.494141,-0.042969,1.255859,0.000000,21.875208,8.000000
1.988281,0.125000,-0.218750,0.000000,27.965744,8.000000
2.525391,-0.263672,1.230469,0.000000,29.518230,8.000000
2.597656,-0.267578,1.173828,0.000000,32.787537,8.000000
2.652344,-0.271484,1.150391,0.000000,31.961761,8.000000
4.412109,-0.287109,1.199219,0.000000,30.733517,8.000000
4.478516,-0.289062,1.109375,0.000000,30.090258,8.000000
4.740234,-0.449219,-0.494141,0.000000,33.255157,8.000000
4.767578,-0.603516,-0.449219,0.000000,33.619167,8.000000
4.839844,-0.457031,-0.242188,0.000000,30.207754,8.000000
4.855469,-0.306641,0.656250,0.000000,30.056095,8.000000
4.884766,-0.308594,0.736328,0.000000,30.958664,8.000000
1.998047,0.126953,-0.419922,-0.614669,27.160034,8.000000
0.041016,-0.033203,0.062500,0.000000,30.141003,8.000000
0.044922,-0.046875,0.103516,0.000000,29.020029,8.000000
1.117188,-0.515625,0.308594,0.000000,19.030899,8.000000
2.855469,-2.003906,-2.970703,0.000000,27.752462,8.000000
2.826172,-2.021484,-3.048828,0.000000,27.275414,8.000000
0.011719,-0.039062,-0.007812,0.000000,30.748165,9.000000
0.017578,-0.080078,-0.007812,0.000000,31.975563,9.000000
0.029297,-0.119141,-0.005859,0.000000,30.228407,9.000000
0.056641,-0.154297,0.005859,0.000000,25.526682,9.000000
0.386719,-0.080078,-1.205078,0.000000,21.875208,9.000000
0.265625,-0.041016,1.281250,0.000000,23.201464,9.000000
0.460938,-0.042969,1.267578,0.000000,21.846914,9.000000
2.537109,-0.263672,1.208984,0.000000,29.365137,9.000000
2.605469,-0.267578,1.156250,0.000000,32.762321,9.000000
2.667969,-0.271484,1.113281,0.000000,32.008507,9.000000
4.408203,-0.287109,1.212891,0.000000,31.058506,9.000000
4.468750,-0.289062,1.146484,0.000000,30.689276,9.000000
4.734375,-0.449219,-0.539062,0.000000,31.894903,9.000000
4.785156,-0.453125,-0.445312,0.000000,32.011238,9.000000
4.884766,-0.308594,0.738281,0.000000,30.425755,9.000000
2.007812,0.195312,-0.529297,-0.614669,25.943926,9.000000
2.062500,0.199219,-0.484375,-0.614669,24.785666,9.000000
0.041016,-0.033203,0.062500,0.000000,30.141003,9.000000
0.052734,-0.042969,0.101562,0.000000,29.020029,9.000000
1.113281,-0.515625,0.320312,0.000000,19.084850,9.000000
0.011719,-0.039062,-0.007812,0.000000,30.748165,10.000000
0.017578,-0.080078,-0.007812,0.000000,31.975563,10.000000
0.041016,-0.115234,-0.007812,0.000000,30.220158,10.000000
0.056641,-0.154297,0.005859,0.000000,25.502283,10.000000
0.394531,-0.080078,-1.203125,0.000000,21.875208,10.000000
0.263672,-0.041016,1.281250,0.000000,23.180634,10.000000
0.482422,-0.042969,1.259766,0.000000,21.818436,10.000000
2.539062,-0.263672,1.205078,0.000000,29.395193,10.000000
2.601562,-0.267578,1.166016,0.000000,32.785248,10.000000
2.662109,-0.271484,1.128906,0.000000,31.992065,10.000000
4.402344,-0.287109,1.232422,0.000000,30.845762,10.000000
4.453125,-0.289062,1.203125,0.000000,30.382227,10.000000
4.740234,-0.449219,-0.480469,0.000000,31.430147,10.000000
4.789062,-0.453125,-0.388672,0.000000,32.016701,10.000000
4.861328,-0.306641,0.615234,0.000000,30.090258,10.000000
4.884766,-0.308594,0.734375,0.000000,31.061909,10.000000
0.041016,-0.033203,0.062500,0.000000,30.132587,10.000000
0.044922,-0.046875,0.103516,0.000000,29.014584,10.000000
1.208984,0.357422,0.146484,0.000000,19.084850,10.000000
0.011719,-0.039062,-0.007812,0.000000,30.751818,11.000000
0.017578,-0.080078,-0.007812,0.000000,31.975563,11.000000
0.029297,-0.119141,-0.005859,0.000000,30.220158,11.000000
0.056641,-0.154297,0.005859,0.000000,25.490032,11.000000
0.369141,-0.080078,-1.210938,0.000000,21.846914,11.000000
0.289062,-0.041016,1.275391,0.000000,23.159704,11.000000
0.468750,-0.042969,1.265625,0.000000,21.818436,11.000000
1.994141,0.187500,0.080078,0.000000,29.633156,11.000000
2.037109,0.126953,0.142578,0.000000,29.365137,11.000000
2.519531,-0.263672,1.242188,0.000000,29.513374,11.000000
2.607422,-0.267578,1.150391,0.000000,32.762321,11.000000
2.667969,-0.271484,1.113281,0.000000,31.950689,11.000000
4.408203,-0.287109,1.216797,0.000000,30.899052,11.000000
4.478516,-0.289062,1.105469,0.000000,30.670708,11.000000
4.730469,-0.449219,-0.572266,0.000000,31.048285,11.000000
4.785156,-0.453125,-0.437500,0.000000,31.953461,11.000000
4.841797,-0.457031,-0.216797,0.000000,29.907827,11.000000
4.878906,-0.306641,0.435547,0.000000,30.224283,11.000000
4.894531,-0.308594,0.667969,0.000000,30.842186,11.000000
0.041016,-0.033203,0.062500,0.000000,30.136797,11.000000
0.044922,-0.046875,0.103516,0.000000,29.014584,11.000000
1.207031,0.357422,0.150391,0.000000,19.030899,11.000000
