0.050781,-0.042969,0.103516,0.000000,29.247959,0.000000
1.175781,-0.449219,0.355469,0.000000,21.702618,0.000000
1.242188,-0.464844,0.250000,0.000000,19.956352,0.000000
3.734375,-1.703125,-1.943359,0.000000,25.010593,0.000000
0.011719,-0.039062,-0.007812,0.000000,30.982975,1.000000
0.025391,-0.076172,-0.011719,0.000000,32.169571,1.000000
0.029297,-0.119141,-0.005859,0.000000,30.378248,1.000000
0.056641,-0.154297,0.005859,0.000000,25.646660,1.000000
0.218750,0.039062,-1.248047,0.000000,23.729120,1.000000
0.193359,-0.000000,1.294922,0.000000,24.593925,1.000000
0.496094,0.042969,1.255859,0.000000,22.764618,1.000000
2.167969,-0.275391,-0.326172,0.000000,27.168377,1.000000
2.582031,-0.175781,1.126953,0.000000,29.854265,1.000000
2.652344,-0.179688,1.062500,0.000000,32.904797,1.000000
2.755859,-0.089844,0.914062,0.000000,32.137833,1.000000
4.289062,-0.142578,1.484375,0.000000,28.014036,1.000000
4.388672,-0.142578,1.304688,0.000000,31.625645,1.000000
4.472656,-0.144531,1.160156,0.000000,31.348145,1.000000
4.642578,-0.000000,0.437500,0.000000,30.461048,1.000000
4.685547,-0.000000,0.410156,0.000000,31.185953,1.000000
4.839844,-0.308594,0.988281,0.000000,30.740847,1.000000
4.910156,-0.623047,0.640625,0.000000,29.299295,1.000000
0.044922,-0.027344,0.062500,0.000000,30.318123,1.000000
0.050781,-0.042969,0.103516,0.000000,29.253120,1.000000
1.175781,-0.449219,0.357422,0.000000,21.673174,1.000000
1.234375,-0.464844,0.285156,0.000000,19.867718,1.000000
3.763672,-1.703125,-1.882812,0.000000,25.078558,1.000000
0.011719,-0.039062,-0.007812,0.000000,30.993353,2.000000
0.025391,-0.076172,-0.011719,0.000000,32.169571,2.000000
0.029297,-0.119141,-0.005859,0.000000,30.374266,2.000000
0.056641,-0.154297,0.005859,0.000000,25.646660,2.000000
0.255859,0.039062,-1.242188,0.000000,23.747484,2.000000
0.167969,-0.000000,1.298828,0.000000,24.593925,2.000000
0.457031,0.042969,1.269531,0.000000,22.718416,2.000000
2.179688,-0.138672,-0.328125,0.000000,27.419392,2.000000
2.218750,-0.140625,-0.351562,0.000000,27.201593,2.000000
2.634766,-0.175781,0.998047,0.000000,29.749720,2.000000
2.708984,-0.089844,0.923828,0.000000,32.869053,2.000000
2.773438,-0.089844,0.859375,0.000000,32.164299,2.000000
4.310547,-0.000000,1.429688,0.000000,28.020893,2.000000
4.396484,-0.142578,1.279297,0.000000,31.610683,2.000000
4.472656,-0.144531,1.154297,0.000000,31.172712,2.000000
4.626953,-0.000000,0.576172,0.000000,29.604708,2.000000
4.671875,-0.000000,0.556641,0.000000,30.090258,2.000000
4.859375,-0.308594,0.892578,0.000000,30.877813,2.000000
4.923828,-0.779297,0.250000,0.000000,29.800034,2.000000
0.044922,-0.027344,0.062500,0.000000,30.318123,2.000000
0.050781,-0.042969,0.103516,0.000000,29.247959,2.000000
1.175781,-0.449219,0.357422,0.000000,21.731863,2.000000
1.232422,-0.464844,0.294922,0.000000,19.912260,2.000000
0.011719,-0.039062,-0.007812,0.000000,30.989897,3.000000
0.025391,-0.076172,-0.011719,0.000000,32.169571,3.000000
0.029297,-0.119141,-0.005859,0.000000,30.374266,3.000000
0.056641,-0.154297,0.005859,0.000000,25.646660,3.000000
0.259766,0.039062,-1.240234,0.000000,23.747484,3.000000
0.169922,-0.000000,1.296875,0.000000,24.593925,3.000000
0.494141,0.042969,1.255859,0.000000,22.787537,3.000000
2.181641,-0.207031,-0.271484,0.000000,27.067179,3.000000
2.638672,-0.175781,0.988281,0.000000,29.576073,3.000000
2.681641,-0.179688,0.988281,0.000000,32.780674,3.000000
2.775391,-0.089844,0.851562,0.000000,32.135178,3.000000
4.304688,-0.142578,1.439453,0.000000,28.027737,3.000000
4.392578,-0.142578,1.291016,0.000000,31.625645,3.000000
4.480469,-0.144531,1.126953,0.000000,31.411362,3.000000
4.638672,-0.000000,0.470703,0.000000,30.437551,3.000000
4.679688,-0.000000,0.476562,0.000000,30.874264,3.000000
4.847656,-0.308594,0.947266,0.000000,30.835026,3.000000
4.919922,-0.779297,0.314453,0.000000,29.425041,3.000000
0.044922,-0.027344,0.062500,0.000000,30.314085,3.000000
0.050781,-0.042969,0.103516,0.000000,29.247959,3.000000
1.175781,-0.449219,0.357422,0.000000,21.731863,3.000000
1.232422,-0.464844,0.298828,0.000000,19.956352,3.000000
0.011719,-0.039062,-0.007812,0.000000,30.993353,4.000000
0.025391,-0.076172,-0.011719,0.000000,32.172207,4.000000
0.029297,-0.119141,-0.005859,0.000000,30.378248,4.000000
0.056641,-0.154297,0.005859,0.000000,25.658478,4.000000
0.263672,0.039062,-1.240234,0.000000,23.729120,4.000000
0.152344,-0.000000,1.300781,0.000000,24.578819,4.000000
0.468750,0.042969,1.265625,0.000000,22.787537,4.000000
2.597656,-0.175781,1.087891,0.000000,30.034605,4.000000
2.662109,-0.179688,1.039062,0.000000,33.008129,4.000000
2.763672,-0.089844,0.888672,0.000000,32.227165,4.000000
4.287109,-0.142578,1.486328,0.000000,27.909885,4.000000
4.392578,-0.142578,1.294922,0.000000,31.544239,4.000000
4.472656,-0.144531,1.156250,0.000000,31.274288,4.000000
4.644531,-0.000000,0.421875,0.000000,30.409977,4.000000
4.687500,-0.000000,0.394531,0.000000,31.078880,4.000000
4.843750,-0.308594,0.974609,0.000000,30.640835,4.000000
4.917969,-0.779297,0.339844,0.000000,29.314579,4.000000
0.044922,-0.027344,0.062500,0.000000,30.318123,4.000000
0.050781,-0.042969,0.103516,0.000000,29.247959,4.000000
1.173828,-0.449219,0.365234,0.000000,21.789770,4.000000
1.232422,-0.464844,0.296875,0.000000,20.000000,4.000000
3.779297,-1.703125,-1.853516,0.000000,24.983105,4.000000
0.011719,-0.039062,-0.007812,0.000000,30.986437,5.000000
0.025391,-0.076172,-0.011719,0.000000,32.169571,5.000000
0.029297,-0.119141,-0.005859,0.000000,30.378248,5.000000
0.056641,-0.154297,0.005859,0.000000,25.646660,5.000000
0.242188,0.039062,-1.244141,0.000000,23.729120,5.000000
0.181641,-0.000000,1.296875,0.000000,24.593925,5.000000
0.488281,0.042969,1.257812,0.000000,22.764618,5.000000
2.656250,-0.175781,0.939453,0.000000,29.111576,5.000000
2.708984,-0.089844,0.921875,0.000000,32.699799,5.000000
2.765625,-0.089844,0.880859,0.000000,32.052044,5.000000
4.287109,-0.000000,1.498047,0.000000,27.767012,5.000000
4.394531,-0.142578,1.289062,0.000000,31.580608,5.000000
4.490234,-0.144531,1.085938,0.000000,31.433271,5.000000
4.642578,-0.000000,0.447266,0.000000,31.075491,5.000000
4.683594,-0.000000,0.435547,0.000000,31.655411,5.000000
4.855469,-0.308594,0.906250,0.000000,30.480532,5.000000
4.902344,-0.935547,-0.035156,0.000000,30.000000,5.000000
0.044922,-0.027344,0.062500,0.000000,30.314085,5.000000
0.050781,-0.042969,0.103516,0.000000,29.247959,5.000000
1.175781,-0.449219,0.357422,0.000000,21.673174,5.000000
1.236328,-0.464844,0.283203,0.000000,19.867718,5.000000
3.802734,-1.703125,-1.806641,0.000000,24.828735,5.000000
0.011719,-0.039062,-0.007812,0.000000,30.996807,6.000000
0.025391,-0.076172,-0.011719,0.000000,32.174839,6.000000
0.029297,-0.119141,-0.005859,0.000000,30.378248,6.000000
0.056641,-0.154297,0.005859,0.000000,25.646660,6.000000
0.250000,0.039062,-1.242188,0.000000,23.765770,6.000000
0.193359,-0.000000,1.294922,0.000000,24.578819,6.000000
0.500000,0.042969,1.253906,0.000000,22.718416,6.000000
2.593750,-0.175781,1.097656,0.000000,29.763500,6.000000
2.656250,-0.179688,1.056641,0.000000,32.853321,6.000000
2.757812,-0.089844,0.906250,0.000000,32.140488,6.000000
4.273438,-0.142578,1.529297,0.000000,27.737864,6.000000
4.384766,-0.142578,1.318359,0.000000,31.519823,6.000000
4.460938,-0.144531,1.205078,0.000000,31.225435,6.000000
4.787109,-0.154297,1.244141,0.000000,30.021660,6.000000
2.087891,-0.207031,-0.691406,-0.614669,26.273659,6.000000
2.144531,-0.281250,-0.619141,-0.614669,26.503075,6.000000
0.044922,-0.027344,0.062500,0.000000,30.318123,6.000000
0.050781,-0.042969,0.103516,0.000000,29.253120,6.000000
1.177734,-0.449219,0.355469,0.000000,21.702618,6.000000
1.238281,-0.464844,0.269531,0.000000,19.912260,6.000000
3.794922,-1.703125,-1.818359,0.000000,24.885508,6.000000
2.150391,-0.140625,-0.646484,-0.614669,26.464037,6.000000
0.011719,-0.039062,-0.007812,0.000000,30.993353,7.000000
0.025391,-0.076172,-0.011719,0.000000,32.172207,7.000000
0.029297,-0.119141,-0.005859,0.000000,30.374266,7.000000
0.056641,-0.154297,0.005859,0.000000,25.634811,7.000000
0.261719,0.039062,-1.240234,0.000000,23.729120,7.000000
0.177734,-0.000000,1.296875,0.000000,24.578819,7.000000
0.466797,0.042969,1.265625,0.000000,22.741579,7.000000
2.136719,-0.203125,-0.302734,0.000000,27.909885,7.000000
2.199219,-0.138672,-0.162109,0.000000,26.589649,7.000000
2.701172,-0.087891,0.814453,0.000000,29.222063,7.000000
2.716797,-0.089844,0.898438,0.000000,32.697464,7.000000
2.775391,-0.089844,0.849609,0.000000,32.081726,7.000000
4.285156,-0.142578,1.492188,0.000000,28.034571,7.000000
4.386719,-0.142578,1.316406,0.000000,31.640553,7.000000
4.445312,-0.000000,1.265625,0.000000,31.102530,7.000000
4.830078,-0.308594,1.031250,0.000000,30.740847,7.000000
4.941406,-0.623047,0.306641,0.000000,28.830935,7.000000
0.044922,-0.027344,0.062500,0.000000,30.318123,7.000000
0.050781,-0.042969,0.103516,0.000000,29.247959,7.000000
1.171875,-0.449219,0.371094,0.000000,21.673174,7.000000
1.236328,-0.464844,0.283203,0.000000,19.822712,7.000000
3.789062,-1.703125,-1.832031,0.000000,25.037907,7.000000
0.011719,-0.039062,-0.007812,0.000000,30.989897,8.000000
0.025391,-0.076172,-0.011719,0.000000,32.172207,8.000000
0.029297,-0.119141,-0.005859,0.000000,30.378248,8.000000
0.056641,-0.154297,0.005859,0.000000,25.646660,8.000000
0.224609,0.039062,-1.248047,0.000000,23.747484,8.000000
0.177734,-0.000000,1.296875,0.000000,24.578819,8.000000
0.482422,0.042969,1.259766,0.000000,22.741579,8.000000
2.111328,-0.199219,-0.158203,0.000000,29.014584,8.000000
2.152344,-0.203125,-0.150391,0.000000,32.895889,8.000000
2.197266,-0.138672,-0.179688,0.000000,33.220123,8.000000
2.228516,-0.210938,-0.222656,0.000000,30.576660,8.000000
2.640625,-0.175781,0.978516,0.000000,29.355072,8.000000
2.679688,-0.179688,0.992188,0.000000,32.753113,8.000000
2.769531,-0.089844,0.869141,0.000000,32.095150,8.000000
4.292969,-0.000000,1.476562,0.000000,27.774269,8.000000
4.386719,-0.142578,1.314453,0.000000,31.476763,8.000000
4.447266,-0.000000,1.261719,0.000000,30.965624,8.000000
4.835938,-0.308594,1.003906,0.000000,30.920185,8.000000
4.933594,-0.468750,0.582031,0.000000,28.881796,8.000000
0.044922,-0.027344,0.062500,0.000000,30.310043,8.000000
0.050781,-0.042969,0.103516,0.000000,29.242792,8.000000
1.175781,-0.449219,0.361328,0.000000,21.731863,8.000000
1.236328,-0.464844,0.277344,0.000000,19.956352,8.000000
3.787109,-1.703125,-1.837891,0.000000,24.800070,8.000000
0.011719,-0.039062,-0.007812,0.000000,30.989897,9.000000
0.025391,-0.076172,-0.011719,0.000000,32.169571,9.000000
0.029297,-0.119141,-0.005859,0.000000,30.378248,9.000000
0.056641,-0.154297,0.005859,0.000000,25.658478,9.000000
0.236328,0.039062,-1.246094,0.000000,23.765770,9.000000
0.195312,-0.000000,1.294922,0.000000,24.593925,9.000000
0.490234,0.042969,1.257812,0.000000,22.787537,9.000000
2.048828,-0.203125,-0.679688,0.000000,28.075350,9.000000
2.074219,-0.138672,-0.746094,0.000000,27.979597,9.000000
2.609375,-0.175781,1.062500,0.000000,30.021660,9.000000
2.666016,-0.179688,1.031250,0.000000,33.025475,9.000000
2.759766,-0.089844,0.898438,0.000000,32.211533,9.000000
4.287109,-0.000000,1.494141,0.000000,27.737864,9.000000
4.388672,-0.142578,1.306641,0.000000,31.458178,9.000000
4.457031,-0.000000,1.226562,0.000000,31.065308,9.000000
4.828125,-0.308594,1.046875,0.000000,30.637085,9.000000
0.044922,-0.027344,0.062500,0.000000,30.322157,9.000000
0.050781,-0.042969,0.103516,0.000000,29.253120,9.000000
1.175781,-0.449219,0.361328,0.000000,21.673174,9.000000
1.234375,-0.464844,0.289062,0.000000,19.912260,9.000000
3.808594,-1.703125,-1.792969,0.000000,24.857214,9.000000
0.011719,-0.039062,-0.007812,0.000000,30.993353,10.000000
0.025391,-0.076172,-0.011719,0.000000,32.169571,10.000000
0.029297,-0.119141,-0.005859,0.000000,30.374266,10.000000
0.056641,-0.154297,0.005859,0.000000,25.634811,10.000000
0.216797,0.039062,-1.248047,0.000000,23.692158,10.000000
0.205078,-0.000000,1.292969,0.000000,24.563660,10.000000
0.488281,0.042969,1.257812,0.000000,22.764618,10.000000
2.150391,-0.203125,-0.185547,0.000000,30.000000,10.000000
2.185547,-0.207031,-0.246094,0.000000,30.119930,10.000000
2.222656,-0.140625,-0.318359,0.000000,27.466343,10.000000
2.607422,-0.175781,1.066406,0.000000,29.670797,10.000000
2.671875,-0.179688,1.015625,0.000000,32.862320,10.000000
2.769531,-0.089844,0.869141,0.000000,32.195847,10.000000
4.287109,-0.142578,1.486328,0.000000,27.831886,10.000000
4.388672,-0.142578,1.308594,0.000000,31.467480,10.000000
4.457031,-0.000000,1.224609,0.000000,31.044870,10.000000
4.832031,-0.308594,1.027344,0.000000,30.948204,10.000000
0.044922,-0.027344,0.062500,0.000000,30.318123,10.000000
0.050781,-0.042969,0.103516,0.000000,29.253120,10.000000
1.175781,-0.449219,0.355469,0.000000,21.702618,10.000000
1.240234,-0.464844,0.263672,0.000000,19.912260,10.000000
3.810547,-1.703125,-1.789062,0.000000,24.969297,10.000000
0.011719,-0.039062,-0.007812,0.000000,30.989897,11.000000
0.025391,-0.076172,-0.011719,0.000000,32.169571,11.000000
0.029297,-0.119141,-0.005859,0.000000,30.374266,11.000000
0.056641,-0.154297,0.005859,0.000000,25.646660,11.000000
0.269531,0.039062,-1.238281,0.000000,23.710678,11.000000
0.160156,-0.000000,1.298828,0.000000,24.563660,11.000000
0.482422,0.042969,1.259766,0.000000,22.764618,11.000000
2.171875,-0.207031,-0.351562,0.000000,28.686445,11.000000
2.234375,-0.140625,-0.228516,0.000000,27.656685,11.000000
2.634766,-0.175781,0.996094,0.000000,29.576073,11.000000
2.673828,-0.179688,1.007812,0.000000,32.909245,11.000000
2.767578,-0.089844,0.876953,0.000000,32.224564,11.000000
4.306641,-0.142578,1.429688,0.000000,27.839035,11.000000
4.400391,-0.142578,1.265625,0.000000,31.574568,11.000000
4.462891,-0.000000,1.205078,0.000000,31.068705,11.000000
4.839844,-0.308594,0.992188,0.000000,31.024338,11.000000
0.044922,-0.027344,0.062500,0.000000,30.318123,11.000000
0.050781,-0.042969,0.103516,0.000000,29.247959,11.000000
1.173828,-0.449219,0.363281,0.000000,21.702618,11.000000
1.236328,-0.464844,0.281250,0.000000,19.956352,11.000000
0.011719,-0.039062,-0.007812,0.000000,30.993353,12.000000
0.025391,-0.076172,-0.011719,0.000000,32.172207,12.000000
0.029297,-0.119141,-0.005859,0.000000,30.374266,12.000000
0.056641,-0.154297,0.005859,0.000000,25.634811,12.000000
0.250000,0.039062,-1.242188,0.000000,23.765770,12.000000
0.166016,-0.000000,1.298828,0.000000,24.608978,12.000000
0.462891,0.042969,1.267578,0.000000,22.764618,12.000000
2.128906,-0.203125,-0.361328,0.000000,27.708521,12.000000
2.664062,-0.175781,0.917969,0.000000,29.479237,12.000000
