4.843750,-0.464844,0.908203,0.000000,30.722500,0.000000
0.041016,-0.033203,0.062500,0.000000,30.136797,0.000000
0.052734,-0.042969,0.103516,0.000000,29.020029,0.000000
1.119141,-0.515625,0.298828,0.000000,18.976271,0.000000
2.888672,-2.003906,-2.937500,0.000000,27.846172,0.000000
3.019531,-2.021484,-2.857422,0.000000,27.551123,0.000000
0.011719,-0.039062,-0.007812,0.000000,30.791813,1.000000
0.017578,-0.080078,-0.007812,0.000000,32.013969,1.000000
0.041016,-0.115234,-0.007812,0.000000,30.289778,1.000000
0.056641,-0.154297,0.005859,0.000000,25.550945,1.000000
0.296875,-0.080078,-1.230469,0.000000,21.931246,1.000000
0.353516,-0.041016,1.259766,0.000000,23.304138,1.000000
0.427734,-0.000000,1.279297,0.000000,21.903316,1.000000
1.863281,-0.552734,-0.281250,0.000000,28.175653,1.000000
1.916016,-0.501953,-0.306641,0.000000,29.304396,1.000000
2.566406,-0.263672,1.144531,0.000000,29.459606,1.000000
2.611328,-0.267578,1.142578,0.000000,32.773800,1.000000
2.664062,-0.181641,1.142578,0.000000,31.989319,1.000000
4.414062,-0.287109,1.191406,0.000000,30.678144,1.000000
4.408203,-0.433594,1.322266,0.000000,30.236639,1.000000
4.738281,-0.449219,-0.500000,0.000000,32.641090,1.000000
4.787109,-0.453125,-0.427734,0.000000,33.126003,1.000000
4.847656,-0.464844,0.884766,0.000000,30.780941,1.000000
0.041016,-0.033203,0.062500,0.000000,30.141003,1.000000
0.052734,-0.042969,0.103516,0.000000,29.020029,1.000000
1.121094,-0.515625,0.294922,0.000000,18.976271,1.000000
2.775391,-2.003906,-3.044922,0.000000,27.795965,1.000000
3.060547,-2.021484,-2.812500,0.000000,27.566360,1.000000
0.011719,-0.039062,-0.007812,0.000000,30.799046,2.000000
0.017578,-0.080078,-0.007812,0.000000,32.016701,2.000000
0.041016,-0.115234,-0.007812,0.000000,30.285713,2.000000
0.056641,-0.154297,0.003906,0.000000,25.538830,2.000000
0.294922,-0.080078,-1.230469,0.000000,21.875208,2.000000
0.333984,-0.041016,1.265625,0.000000,23.283796,2.000000
0.423828,-0.000000,1.281250,0.000000,21.903316,2.000000
1.914062,-0.501953,-0.316406,0.000000,28.419847,2.000000
1.943359,-0.576172,-0.269531,0.000000,28.573324,2.000000
2.552734,-0.263672,1.173828,0.000000,29.479237,2.000000
2.607422,-0.267578,1.152344,0.000000,32.801228,2.000000
2.662109,-0.181641,1.146484,0.000000,32.035767,2.000000
4.406250,-0.287109,1.224609,0.000000,30.722500,2.000000
4.417969,-0.433594,1.291016,0.000000,30.297895,2.000000
4.753906,-0.298828,-0.474609,0.000000,33.074959,2.000000
4.787109,-0.453125,-0.417969,0.000000,33.688446,2.000000
4.839844,-0.457031,-0.246094,0.000000,30.211893,2.000000
4.853516,-0.464844,0.857422,0.000000,31.020905,2.000000
0.041016,-0.033203,0.062500,0.000000,30.136797,2.000000
0.050781,-0.042969,0.103516,0.000000,29.020029,2.000000
1.121094,-0.515625,0.292969,0.000000,19.084850,2.000000
2.923828,-2.003906,-2.902344,0.000000,27.958799,2.000000
3.076172,-2.021484,-2.794922,0.000000,27.604225,2.000000
0.011719,-0.039062,-0.007812,0.000000,30.788193,3.000000
0.017578,-0.080078,-0.007812,0.000000,32.011238,3.000000
0.041016,-0.115234,-0.007812,0.000000,30.281645,3.000000
0.056641,-0.154297,0.005859,0.000000,25.538830,3.000000
0.281250,-0.080078,-1.234375,0.000000,21.875208,3.000000
0.347656,-0.041016,1.261719,0.000000,23.263359,3.000000
0.423828,-0.000000,1.281250,0.000000,21.931246,3.000000
1.941406,-0.437500,-0.234375,0.000000,27.810369,3.000000
2.544922,-0.263672,1.193359,0.000000,29.469433,3.000000
2.605469,-0.267578,1.156250,0.000000,32.805782,3.000000
2.664062,-0.181641,1.144531,0.000000,32.038486,3.000000
4.406250,-0.287109,1.224609,0.000000,30.696680,3.000000
4.412109,-0.433594,1.308594,0.000000,30.314085,3.000000
4.685547,-0.445312,-0.607422,0.000000,29.566486,3.000000
4.736328,-0.449219,-0.513672,0.000000,33.632359,3.000000
4.783203,-0.453125,-0.458984,0.000000,34.415379,3.000000
4.833984,-0.457031,-0.345703,0.000000,31.535099,3.000000
4.841797,-0.460938,0.664062,0.000000,29.623693,3.000000
4.861328,-0.464844,0.800781,0.000000,30.951693,3.000000
0.041016,-0.033203,0.062500,0.000000,30.141003,3.000000
0.052734,-0.042969,0.103516,0.000000,29.014584,3.000000
1.121094,-0.515625,0.292969,0.000000,19.030899,3.000000
2.951172,-2.003906,-2.875000,0.000000,27.824726,3.000000
3.101562,-2.021484,-2.767578,0.000000,27.604225,3.000000
0.011719,-0.039062,-0.007812,0.000000,30.788193,4.000000
0.017578,-0.080078,-0.007812,0.000000,32.013969,4.000000
0.041016,-0.115234,-0.007812,0.000000,30.285713,4.000000
0.056641,-0.154297,0.003906,0.000000,25.538830,4.000000
0.310547,-0.080078,-1.226562,0.000000,21.875208,4.000000
0.341797,-0.041016,1.263672,0.000000,23.242825,4.000000
0.431641,-0.000000,1.279297,0.000000,21.875208,4.000000
2.548828,-0.263672,1.185547,0.000000,29.484129,4.000000
2.595703,-0.267578,1.175781,0.000000,32.821690,4.000000
2.652344,-0.181641,1.169922,0.000000,32.052044,4.000000
4.408203,-0.287109,1.216797,0.000000,30.689276,4.000000
4.414062,-0.433594,1.302734,0.000000,30.301949,4.000000
4.740234,-0.449219,-0.478516,0.000000,32.467445,4.000000
4.789062,-0.453125,-0.392578,0.000000,33.176456,4.000000
4.843750,-0.457031,-0.152344,0.000000,30.409977,4.000000
4.832031,-0.460938,0.728516,0.000000,30.004341,4.000000
4.847656,-0.464844,0.886719,0.000000,30.969101,4.000000
0.041016,-0.033203,0.062500,0.000000,30.132587,4.000000
0.052734,-0.042969,0.103516,0.000000,29.014584,4.000000
1.117188,-0.515625,0.304688,0.000000,19.138138,4.000000
2.957031,-2.003906,-2.869141,0.000000,27.902851,4.000000
3.148438,-2.021484,-2.714844,0.000000,27.604225,4.000000
0.011719,-0.039062,-0.007812,0.000000,30.788193,5.000000
0.017578,-0.080078,-0.007812,0.000000,32.011238,5.000000
0.041016,-0.115234,-0.007812,0.000000,30.285713,5.000000
0.056641,-0.154297,0.005859,0.000000,25.538830,5.000000
0.287109,-0.080078,-1.232422,0.000000,21.903316,5.000000
0.371094,-0.041016,1.253906,0.000000,23.283796,5.000000
0.441406,-0.000000,1.275391,0.000000,21.931246,5.000000
2.550781,-0.263672,1.177734,0.000000,29.489017,5.000000
2.603516,-0.267578,1.160156,0.000000,32.801228,5.000000
2.662109,-0.181641,1.148438,0.000000,32.049335,5.000000
4.408203,-0.287109,1.216797,0.000000,30.707766,5.000000
4.417969,-0.433594,1.285156,0.000000,30.342272,5.000000
4.753906,-0.298828,-0.468750,0.000000,32.562366,5.000000
4.789062,-0.453125,-0.406250,0.000000,33.132343,5.000000
4.843750,-0.457031,-0.173828,0.000000,29.956352,5.000000
4.845703,-0.464844,0.896484,0.000000,30.937717,5.000000
0.041016,-0.033203,0.062500,0.000000,30.136797,5.000000
0.052734,-0.042969,0.103516,0.000000,29.020029,5.000000
1.121094,-0.515625,0.291016,0.000000,18.976271,5.000000
2.955078,-2.003906,-2.869141,0.000000,27.909885,5.000000
3.087891,-2.021484,-2.783203,0.000000,27.619278,5.000000
4.722656,-0.597656,-0.488281,0.000000,32.538223,5.000000
0.011719,-0.039062,-0.007812,0.000000,30.788193,6.000000
0.017578,-0.080078,-0.007812,0.000000,32.013969,6.000000
0.041016,-0.115234,-0.007812,0.000000,30.285713,6.000000
0.056641,-0.154297,0.005859,0.000000,25.538830,6.000000
0.302734,-0.080078,-1.228516,0.000000,21.875208,6.000000
0.357422,-0.041016,1.257812,0.000000,23.242825,6.000000
0.449219,-0.000000,1.273438,0.000000,21.846914,6.000000
2.546875,-0.263672,1.185547,0.000000,29.454685,6.000000
2.601562,-0.267578,1.164062,0.000000,32.814880,6.000000
2.662109,-0.181641,1.148438,0.000000,32.054749,6.000000
4.410156,-0.287109,1.207031,0.000000,30.707766,6.000000
4.417969,-0.433594,1.289062,0.000000,30.318123,6.000000
4.740234,-0.449219,-0.488281,0.000000,32.360332,6.000000
4.789062,-0.453125,-0.400391,0.000000,32.997253,6.000000
4.857422,-0.304688,-0.115234,0.000000,30.161974,6.000000
4.835938,-0.460938,0.705078,0.000000,30.107239,6.000000
4.853516,-0.464844,0.847656,0.000000,30.969101,6.000000
0.041016,-0.033203,0.062500,0.000000,30.132587,6.000000
0.052734,-0.042969,0.103516,0.000000,29.020029,6.000000
1.117188,-0.515625,0.304688,0.000000,18.976271,6.000000
2.888672,-2.003906,-2.937500,0.000000,27.909885,6.000000
3.041016,-2.021484,-2.833984,0.000000,27.626785,6.000000
0.011719,-0.039062,-0.007812,0.000000,30.795429,7.000000
0.017578,-0.080078,-0.007812,0.000000,32.016701,7.000000
0.041016,-0.115234,-0.007812,0.000000,30.289778,7.000000
0.056641,-0.154297,0.005859,0.000000,25.538830,7.000000
0.335938,-0.080078,-1.220703,0.000000,21.931246,7.000000
0.312500,-0.041016,1.269531,0.000000,23.304138,7.000000
0.400391,-0.000000,1.289062,0.000000,21.903316,7.000000
1.910156,-0.501953,-0.339844,0.000000,28.506462,7.000000
1.955078,-0.511719,-0.310547,0.000000,27.581547,7.000000
2.550781,-0.263672,1.177734,0.000000,29.508514,7.000000
2.603516,-0.267578,1.160156,0.000000,32.787537,7.000000
2.656250,-0.181641,1.158203,0.000000,31.997551,7.000000
4.400391,-0.287109,1.246094,0.000000,30.715137,7.000000
4.402344,-0.433594,1.339844,0.000000,30.277573,7.000000
4.705078,-0.296875,-0.535156,0.000000,29.508514,7.000000
4.740234,-0.449219,-0.490234,0.000000,33.586960,7.000000
4.787109,-0.453125,-0.423828,0.000000,34.313637,7.000000
4.839844,-0.457031,-0.265625,0.000000,31.405081,7.000000
4.837891,-0.460938,0.693359,0.000000,29.717396,7.000000
4.880859,-0.308594,0.755859,0.000000,30.927206,7.000000
0.041016,-0.033203,0.062500,0.000000,30.136797,7.000000
0.052734,-0.042969,0.103516,0.000000,29.014584,7.000000
1.117188,-0.515625,0.304688,0.000000,18.976271,7.000000
2.994141,-2.003906,-2.830078,0.000000,27.993406,7.000000
3.171875,-2.021484,-2.685547,0.000000,27.671558,7.000000
0.011719,-0.039062,-0.007812,0.000000,30.795429,8.000000
0.017578,-0.080078,-0.007812,0.000000,32.016701,8.000000
0.041016,-0.115234,-0.007812,0.000000,30.289778,8.000000
0.056641,-0.154297,0.005859,0.000000,25.526682,8.000000
0.285156,-0.080078,-1.232422,0.000000,21.903316,8.000000
0.361328,-0.041016,1.257812,0.000000,23.304138,8.000000
0.433594,-0.000000,1.277344,0.000000,21.958996,8.000000
1.904297,-0.626953,-0.042969,0.000000,26.937269,8.000000
1.962891,-0.576172,-0.017578,0.000000,28.401060,8.000000
2.019531,-0.521484,0.019531,0.000000,26.937269,8.000000
2.535156,-0.263672,1.212891,0.000000,29.479237,8.000000
2.599609,-0.267578,1.169922,0.000000,32.789822,8.000000
2.660156,-0.181641,1.154297,0.000000,32.024883,8.000000
4.410156,-0.287109,1.210938,0.000000,30.740847,8.000000
4.419922,-0.433594,1.279297,0.000000,30.382227,8.000000
4.687500,-0.445312,-0.589844,0.000000,29.656719,8.000000
4.740234,-0.449219,-0.490234,0.000000,33.679146,8.000000
4.787109,-0.453125,-0.429688,0.000000,34.355259,8.000000
4.837891,-0.457031,-0.302734,0.000000,31.038036,8.000000
4.869141,-0.308594,0.833984,0.000000,30.759117,8.000000
0.041016,-0.033203,0.062500,0.000000,30.136797,8.000000
0.052734,-0.042969,0.103516,0.000000,29.014584,8.000000
1.117188,-0.515625,0.308594,0.000000,18.976271,8.000000
2.882812,-2.003906,-2.943359,0.000000,27.993406,8.000000
2.935547,-2.021484,-2.943359,0.000000,27.693773,8.000000
0.011719,-0.039062,-0.007812,0.000000,30.791813,9.000000
0.017578,-0.080078,-0.007812,0.000000,32.011238,9.000000
0.041016,-0.115234,-0.007812,0.000000,30.285713,9.000000
0.056641,-0.154297,0.005859,0.000000,25.526682,9.000000
0.298828,-0.080078,-1.230469,0.000000,21.903316,9.000000
0.337891,-0.041016,1.263672,0.000000,23.304138,9.000000
0.423828,-0.000000,1.281250,0.000000,21.958996,9.000000
2.546875,-0.263672,1.187500,0.000000,29.439888,9.000000
2.601562,-0.267578,1.166016,0.000000,32.760021,9.000000
2.656250,-0.181641,1.162109,0.000000,31.994808,9.000000
4.419922,-0.287109,1.167969,0.000000,30.674429,9.000000
4.445312,-0.433594,1.187500,0.000000,30.417873,9.000000
4.742188,-0.449219,-0.474609,0.000000,32.942455,9.000000
4.789062,-0.453125,-0.398438,0.000000,33.459614,9.000000
4.847656,-0.464844,0.880859,0.000000,30.874264,9.000000
0.041016,-0.033203,0.062500,0.000000,30.132587,9.000000
0.052734,-0.042969,0.103516,0.000000,29.020029,9.000000
2.824219,-2.003906,-3.000000,0.000000,27.708521,9.000000
2.783203,-2.021484,-3.087891,0.000000,27.466343,9.000000
0.011719,-0.039062,-0.007812,0.000000,30.780941,10.000000
0.017578,-0.080078,-0.007812,0.000000,32.011238,10.000000
0.041016,-0.115234,-0.007812,0.000000,30.281645,10.000000
0.056641,-0.154297,0.005859,0.000000,25.526682,10.000000
0.289062,-0.080078,-1.232422,0.000000,21.931246,10.000000
0.359375,-0.041016,1.257812,0.000000,23.283796,10.000000
0.421875,-0.000000,1.283203,0.000000,21.875208,10.000000
1.890625,-0.490234,-0.205078,0.000000,27.619278,10.000000
1.925781,-0.501953,-0.242188,0.000000,29.047155,10.000000
1.966797,-0.447266,-0.337891,0.000000,26.963564,10.000000
2.564453,-0.263672,1.148438,0.000000,29.523081,10.000000
2.611328,-0.267578,1.144531,0.000000,32.830750,10.000000
2.664062,-0.181641,1.140625,0.000000,32.043915,10.000000
4.423828,-0.287109,1.160156,0.000000,30.685570,10.000000
4.457031,-0.433594,1.146484,0.000000,30.394140,10.000000
4.738281,-0.449219,-0.496094,0.000000,32.540646,10.000000
4.787109,-0.453125,-0.421875,0.000000,33.038437,10.000000
4.849609,-0.464844,0.876953,0.000000,30.831442,10.000000
0.041016,-0.033203,0.062500,0.000000,30.136797,10.000000
0.050781,-0.042969,0.103516,0.000000,29.014584,10.000000
1.117188,-0.515625,0.310547,0.000000,18.976271,10.000000
0.011719,-0.039062,-0.007812,0.000000,30.788193,11.000000
0.017578,-0.080078,-0.007812,0.000000,32.011238,11.000000
0.041016,-0.115234,-0.007812,0.000000,30.285713,11.000000
0.056641,-0.154297,0.005859,0.000000,25.538830,11.000000
0.292969,-0.080078,-1.230469,0.000000,21.875208,11.000000
0.355469,-0.041016,1.259766,0.000000,23.263359,11.000000
0.435547,-0.000000,1.277344,0.000000,21.903316,11.000000
2.550781,-0.263672,1.179688,0.000000,29.380192,11.000000
2.607422,-0.267578,1.152344,0.000000,32.780674,11.000000
2.662109,-0.181641,1.144531,0.000000,32.024883,11.000000
4.425781,-0.287109,1.146484,0.000000,30.659531,11.000000
4.453125,-0.433594,1.160156,0.000000,30.326187,11.000000
4.751953,-0.298828,-0.476562,0.000000,32.289135,11.000000
4.787109,-0.453125,-0.425781,0.000000,32.798950,11.000000
4.876953,-0.308594,0.781250,0.000000,30.663260,11.000000
0.041016,-0.033203,0.062500,0.000000,30.141003,11.000000
0.052734,-0.042969,0.103516,0.000000,29.025467,11.000000
1.119141,-0.515625,0.296875,0.000000,18.920946,11.000000
2.628906,-2.003906,-3.171875,0.000000,27.737864,11.000000
2.460938,-2.021484,-3.349609,0.000000,27.419392,11.000000
0.011719,-0.039062,-0.007812,0.000000,30.784569,12.000000
0.017578,-0.080078,-0.007812,0.000000,32.013969,12.000000
0.029297,-0.119141,-0.005859,0.000000,30.289778,12.000000
0.056641,-0.154297,0.003906,0.000000,25.538830,12.000000
0.306641,-0.080078,-1.228516,0.000000,21.846914,12.000000
