0.285156,-0.041016,1.277344,0.000000,23.222193,0.000000
0.375000,-0.000000,1.296875,0.000000,21.903316,0.000000
2.533203,-0.263672,1.216797,0.000000,29.420080,0.000000
2.582031,-0.267578,1.210938,0.000000,32.782963,0.000000
2.621094,-0.271484,1.220703,0.000000,31.942368,0.000000
4.408203,-0.287109,1.216797,0.000000,30.557604,0.000000
4.480469,-0.289062,1.097656,0.000000,29.973864,0.000000
4.740234,-0.449219,-0.490234,0.000000,32.555138,0.000000
4.775391,-0.603516,-0.363281,0.000000,32.746197,0.000000
4.865234,-0.306641,0.572266,0.000000,30.216026,0.000000
4.890625,-0.308594,0.697266,0.000000,31.075491,0.000000
2.130859,0.210938,-0.689453,-0.614669,25.526682,0.000000
0.041016,-0.033203,0.062500,0.000000,30.141003,0.000000
0.044922,-0.046875,0.103516,0.000000,29.014584,0.000000
1.115234,-0.515625,0.314453,0.000000,19.030899,0.000000
2.900391,-2.003906,-2.925781,0.000000,27.619278,0.000000
2.857422,-2.021484,-3.019531,0.000000,27.201593,0.000000
0.011719,-0.039062,-0.007812,0.000000,30.740847,1.000000
0.017578,-0.080078,-0.007812,0.000000,31.975563,1.000000
0.029297,-0.119141,-0.005859,0.000000,30.228407,1.000000
0.056641,-0.154297,0.005859,0.000000,25.490032,1.000000
0.382812,-0.080078,-1.207031,0.000000,21.986570,1.000000
0.273438,-0.041016,1.279297,0.000000,23.283796,1.000000
0.402344,-0.000000,1.289062,0.000000,21.958996,1.000000
2.162109,0.134766,0.070312,0.000000,28.048206,1.000000
2.199219,0.138672,0.164062,0.000000,27.450748,1.000000
2.539062,-0.263672,1.203125,0.000000,29.484129,1.000000
2.589844,-0.267578,1.191406,0.000000,32.826221,1.000000
2.626953,-0.271484,1.208984,0.000000,32.013969,1.000000
4.410156,-0.287109,1.205078,0.000000,30.606977,1.000000
4.451172,-0.289062,1.212891,0.000000,30.000000,1.000000
4.740234,-0.449219,-0.492188,0.000000,31.115986,1.000000
4.773438,-0.603516,-0.386719,0.000000,31.222158,1.000000
4.884766,-0.308594,0.740234,0.000000,30.852905,1.000000
0.041016,-0.033203,0.062500,0.000000,30.141003,1.000000
0.044922,-0.046875,0.103516,0.000000,29.020029,1.000000
1.210938,0.357422,0.128906,0.000000,19.084850,1.000000
2.878906,-2.003906,-2.945312,0.000000,27.604225,1.000000
2.972656,-2.021484,-2.906250,0.000000,27.075703,1.000000
0.011719,-0.039062,-0.007812,0.000000,30.740847,2.000000
0.017578,-0.080078,-0.007812,0.000000,31.972805,2.000000
0.029297,-0.119141,-0.005859,0.000000,30.224283,2.000000
0.056641,-0.154297,0.005859,0.000000,25.502283,2.000000
0.394531,-0.080078,-1.203125,0.000000,21.903316,2.000000
0.220703,-0.041016,1.289062,0.000000,23.263359,2.000000
0.367188,-0.000000,1.298828,0.000000,21.931246,2.000000
2.123047,0.132812,0.058594,0.000000,27.168377,2.000000
2.160156,0.134766,0.134766,0.000000,29.216866,2.000000
2.203125,0.138672,0.076172,0.000000,29.429996,2.000000
2.246094,0.140625,0.015625,0.000000,27.649229,2.000000
2.550781,-0.263672,1.177734,0.000000,29.459606,2.000000
2.609375,-0.267578,1.146484,0.000000,32.814880,2.000000
2.669922,-0.271484,1.111328,0.000000,32.019432,2.000000
4.417969,-0.287109,1.181641,0.000000,30.766405,2.000000
4.484375,-0.289062,1.082031,0.000000,30.174507,2.000000
4.744141,-0.449219,-0.447266,0.000000,30.207754,2.000000
4.792969,-0.453125,-0.349609,0.000000,30.881361,2.000000
4.863281,-0.306641,0.587891,0.000000,30.406023,2.000000
4.888672,-0.308594,0.707031,0.000000,31.293676,2.000000
0.041016,-0.033203,0.062500,0.000000,30.145205,2.000000
0.044922,-0.046875,0.103516,0.000000,29.025467,2.000000
1.205078,0.357422,0.167969,0.000000,19.084850,2.000000
2.789062,-2.003906,-3.033203,0.000000,27.923918,2.000000
2.712891,-2.021484,-3.148438,0.000000,27.379873,2.000000
0.011719,-0.039062,-0.007812,0.000000,30.740847,3.000000
0.017578,-0.080078,-0.007812,0.000000,31.970047,3.000000
0.041016,-0.115234,-0.007812,0.000000,30.220158,3.000000
0.056641,-0.154297,0.005859,0.000000,25.502283,3.000000
0.365234,-0.080078,-1.210938,0.000000,21.875208,3.000000
0.291016,-0.041016,1.275391,0.000000,23.222193,3.000000
0.425781,-0.000000,1.281250,0.000000,21.903316,3.000000
2.123047,0.066406,-0.107422,0.000000,28.267225,3.000000
2.166016,0.068359,-0.048828,0.000000,28.767950,3.000000
2.042969,0.068359,0.835938,0.000000,26.821451,3.000000
2.544922,-0.263672,1.189453,0.000000,29.552065,3.000000
2.589844,-0.267578,1.193359,0.000000,32.830750,3.000000
2.634766,-0.271484,1.191406,0.000000,31.967287,3.000000
4.421875,-0.287109,1.166016,0.000000,31.367207,3.000000
4.517578,-0.289062,0.939453,0.000000,31.325798,3.000000
4.736328,-0.449219,-0.513672,0.000000,30.930714,3.000000
4.789062,-0.453125,-0.396484,0.000000,31.728947,3.000000
4.859375,-0.306641,0.619141,0.000000,30.216026,3.000000
4.886719,-0.308594,0.726562,0.000000,31.126051,3.000000
0.041016,-0.033203,0.062500,0.000000,30.141003,3.000000
0.046875,-0.046875,0.103516,0.000000,29.020029,3.000000
1.111328,-0.474609,0.384766,0.000000,19.030899,3.000000
0.011719,-0.039062,-0.007812,0.000000,30.744507,4.000000
0.017578,-0.080078,-0.007812,0.000000,31.975563,4.000000
0.029297,-0.119141,-0.003906,0.000000,30.228407,4.000000
0.056641,-0.154297,0.005859,0.000000,25.502283,4.000000
0.369141,-0.080078,-1.210938,0.000000,21.931246,4.000000
0.261719,-0.041016,1.281250,0.000000,23.263359,4.000000
0.394531,-0.000000,1.291016,0.000000,21.903316,4.000000
2.121094,0.066406,-0.138672,0.000000,27.267273,4.000000
2.167969,-0.000000,0.062500,0.000000,27.067179,4.000000
2.560547,-0.263672,1.160156,0.000000,29.439888,4.000000
2.640625,-0.179688,1.093750,0.000000,32.750809,4.000000
2.701172,-0.181641,1.050781,0.000000,31.945143,4.000000
4.419922,-0.287109,1.175781,0.000000,31.445742,4.000000
4.511719,-0.289062,0.958984,0.000000,31.495270,4.000000
4.738281,-0.449219,-0.501953,0.000000,31.525940,4.000000
4.789062,-0.453125,-0.402344,0.000000,32.129864,4.000000
4.890625,-0.308594,0.697266,0.000000,30.685570,4.000000
0.041016,-0.033203,0.062500,0.000000,30.145205,4.000000
0.044922,-0.046875,0.103516,0.000000,29.025467,4.000000
1.208984,0.357422,0.144531,0.000000,19.030899,4.000000
0.011719,-0.039062,-0.007812,0.000000,30.740847,5.000000
0.017578,-0.080078,-0.007812,0.000000,31.975563,5.000000
0.041016,-0.115234,-0.007812,0.000000,30.228407,5.000000
0.056641,-0.154297,0.005859,0.000000,25.502283,5.000000
0.363281,-0.080078,-1.212891,0.000000,21.875208,5.000000
0.271484,-0.041016,1.279297,0.000000,23.242825,5.000000
0.402344,-0.000000,1.289062,0.000000,21.931246,5.000000
2.531250,-0.263672,1.220703,0.000000,29.464523,5.000000
2.591797,-0.267578,1.189453,0.000000,32.789822,5.000000
2.636719,-0.271484,1.187500,0.000000,31.945143,5.000000
4.414062,-0.287109,1.191406,0.000000,31.467480,5.000000
4.490234,-0.289062,1.062500,0.000000,31.448854,5.000000
4.585938,-0.291016,-0.794922,0.000000,29.599949,5.000000
4.681641,-0.294922,-0.361328,0.000000,29.175055,5.000000
4.736328,-0.449219,-0.513672,0.000000,31.538149,5.000000
4.787109,-0.453125,-0.416016,0.000000,32.062859,5.000000
4.890625,-0.308594,0.697266,0.000000,30.670708,5.000000
0.041016,-0.033203,0.062500,0.000000,30.141003,5.000000
0.044922,-0.046875,0.103516,0.000000,29.025467,5.000000
1.111328,-0.515625,0.326172,0.000000,19.030899,5.000000
0.011719,-0.039062,-0.007812,0.000000,30.744507,6.000000
0.017578,-0.080078,-0.007812,0.000000,31.975563,6.000000
0.029297,-0.119141,-0.003906,0.000000,30.224283,6.000000
0.056641,-0.154297,0.005859,0.000000,25.490032,6.000000
0.378906,-0.080078,-1.207031,0.000000,21.958996,6.000000
0.269531,-0.041016,1.279297,0.000000,23.283796,6.000000
0.468750,-0.042969,1.265625,0.000000,21.958996,6.000000
2.556641,-0.263672,1.167969,0.000000,29.350031,6.000000
2.617188,-0.267578,1.128906,0.000000,32.762321,6.000000
2.687500,-0.271484,1.066406,0.000000,32.008507,6.000000
4.408203,-0.287109,1.214844,0.000000,31.344959,6.000000
4.482422,-0.289062,1.087891,0.000000,31.280760,6.000000
4.736328,-0.449219,-0.529297,0.000000,31.146111,6.000000
4.787109,-0.453125,-0.423828,0.000000,31.956230,6.000000
4.871094,-0.306641,0.527344,0.000000,29.934362,6.000000
4.863281,-0.464844,0.792969,0.000000,30.678144,6.000000
0.041016,-0.033203,0.062500,0.000000,30.141003,6.000000
0.044922,-0.046875,0.103516,0.000000,29.020029,6.000000
1.111328,-0.515625,0.326172,0.000000,19.030899,6.000000
0.011719,-0.039062,-0.007812,0.000000,30.744507,7.000000
0.017578,-0.080078,-0.007812,0.000000,31.975563,7.000000
0.041016,-0.115234,-0.007812,0.000000,30.220158,7.000000
0.056641,-0.154297,0.005859,0.000000,25.477747,7.000000
0.351562,-0.080078,-1.216797,0.000000,21.903316,7.000000
0.273438,-0.041016,1.279297,0.000000,23.222193,7.000000
0.392578,-0.000000,1.291016,0.000000,21.903316,7.000000
2.548828,-0.263672,1.185547,0.000000,29.425041,7.000000
2.626953,-0.179688,1.126953,0.000000,32.794388,7.000000
2.677734,-0.181641,1.107422,0.000000,31.986570,7.000000
4.410156,-0.287109,1.208984,0.000000,31.360861,7.000000
4.474609,-0.289062,1.123047,0.000000,31.182648,7.000000
4.794922,-0.453125,-0.333984,0.000000,30.350292,7.000000
4.884766,-0.308594,0.740234,0.000000,30.737183,7.000000
0.041016,-0.033203,0.062500,0.000000,30.145205,7.000000
0.044922,-0.046875,0.103516,0.000000,29.025467,7.000000
1.208984,0.357422,0.140625,0.000000,19.190781,7.000000
0.011719,-0.039062,-0.007812,0.000000,30.740847,8.000000
0.017578,-0.080078,-0.007812,0.000000,31.972805,8.000000
0.029297,-0.119141,-0.003906,0.000000,30.224283,8.000000
0.056641,-0.154297,0.005859,0.000000,25.502283,8.000000
0.369141,-0.080078,-1.210938,0.000000,21.931246,8.000000
0.279297,-0.041016,1.277344,0.000000,23.242825,8.000000
0.400391,-0.000000,1.289062,0.000000,21.903316,8.000000
2.119141,0.132812,-0.119141,0.000000,28.847954,8.000000
2.156250,0.134766,-0.181641,0.000000,30.322157,8.000000
2.191406,0.138672,-0.236328,0.000000,28.475727,8.000000
2.527344,-0.263672,1.228516,0.000000,29.420080,8.000000
2.572266,-0.267578,1.230469,0.000000,32.817150,8.000000
2.605469,-0.271484,1.255859,0.000000,32.065559,8.000000
4.404297,-0.287109,1.228516,0.000000,31.280760,8.000000
4.443359,-0.289062,1.240234,0.000000,30.813473,8.000000
4.839844,-0.460938,0.679688,0.000000,30.178677,8.000000
4.886719,-0.308594,0.718750,0.000000,30.824263,8.000000
0.041016,-0.033203,0.062500,0.000000,30.145205,8.000000
0.044922,-0.046875,0.103516,0.000000,29.025467,8.000000
1.111328,-0.515625,0.326172,0.000000,19.030899,8.000000
0.011719,-0.039062,-0.007812,0.000000,30.737183,9.000000
0.017578,-0.080078,-0.007812,0.000000,31.972805,9.000000
0.029297,-0.119141,-0.003906,0.000000,30.224283,9.000000
0.056641,-0.154297,0.005859,0.000000,25.502283,9.000000
0.367188,-0.080078,-1.210938,0.000000,21.903316,9.000000
0.267578,-0.041016,1.281250,0.000000,23.242825,9.000000
0.396484,-0.000000,1.291016,0.000000,21.903316,9.000000
2.117188,0.066406,-0.199219,0.000000,26.711729,9.000000
2.142578,0.134766,-0.302734,0.000000,28.579353,9.000000
2.171875,0.207031,-0.351562,0.000000,28.280151,9.000000
2.537109,-0.263672,1.208984,0.000000,29.415113,9.000000
2.587891,-0.267578,1.195312,0.000000,32.808060,9.000000
2.638672,-0.271484,1.183594,0.000000,32.052044,9.000000
4.419922,-0.287109,1.173828,0.000000,30.955181,9.000000
4.498047,-0.289062,1.027344,0.000000,30.515385,9.000000
4.863281,-0.460938,0.480469,0.000000,30.557604,9.000000
4.900391,-0.308594,0.630859,0.000000,30.751818,9.000000
0.041016,-0.033203,0.062500,0.000000,30.145205,9.000000
0.044922,-0.046875,0.103516,0.000000,29.025467,9.000000
1.210938,0.357422,0.125000,0.000000,19.084850,9.000000
2.777344,-2.003906,-3.042969,0.000000,27.986506,9.000000
2.623047,-2.021484,-3.224609,0.000000,27.649229,9.000000
0.011719,-0.039062,-0.007812,0.000000,30.744507,10.000000
0.017578,-0.080078,-0.007812,0.000000,31.972805,10.000000
0.029297,-0.119141,-0.005859,0.000000,30.224283,10.000000
0.056641,-0.154297,0.005859,0.000000,25.490032,10.000000
0.337891,-0.080078,-1.218750,0.000000,21.846914,10.000000
0.310547,-0.041016,1.271484,0.000000,23.201464,10.000000
0.404297,-0.000000,1.287109,0.000000,21.875208,10.000000
2.117188,0.066406,-0.195312,0.000000,28.115749,10.000000
2.160156,0.068359,-0.169922,0.000000,28.129133,10.000000
2.500000,-0.263672,1.281250,0.000000,29.459606,10.000000
2.560547,-0.267578,1.251953,0.000000,32.785248,10.000000
2.615234,-0.271484,1.232422,0.000000,31.992065,10.000000
4.408203,-0.287109,1.216797,0.000000,30.913151,10.000000
4.466797,-0.289062,1.150391,0.000000,30.433622,10.000000
4.738281,-0.449219,-0.507812,0.000000,30.441477,10.000000
4.773438,-0.603516,-0.380859,0.000000,30.606977,10.000000
4.871094,-0.306641,0.521484,0.000000,30.170334,10.000000
4.869141,-0.464844,0.763672,0.000000,30.655798,10.000000
0.041016,-0.033203,0.062500,0.000000,30.149403,10.000000
0.044922,-0.046875,0.103516,0.000000,29.025467,10.000000
1.210938,0.357422,0.126953,0.000000,19.030899,10.000000
0.011719,-0.039062,-0.007812,0.000000,30.737183,11.000000
0.017578,-0.080078,-0.007812,0.000000,31.972805,11.000000
0.029297,-0.119141,-0.005859,0.000000,30.220158,11.000000
0.056641,-0.154297,0.005859,0.000000,25.490032,11.000000
0.333984,-0.080078,-1.220703,0.000000,21.903316,11.000000
0.302734,-0.041016,1.273438,0.000000,23.263359,11.000000
0.388672,-0.000000,1.292969,0.000000,21.931246,11.000000
2.560547,-0.263672,1.158203,0.000000,29.425041,11.000000
2.630859,-0.267578,1.099609,0.000000,32.805782,11.000000
2.695312,-0.271484,1.048828,0.000000,32.011238,11.000000
4.412109,-0.287109,1.205078,0.000000,30.674429,11.000000
4.464844,-0.289062,1.158203,0.000000,30.060379,11.000000
4.744141,-0.449219,-0.455078,0.000000,31.607685,11.000000
4.773438,-0.603516,-0.380859,0.000000,31.970047,11.000000
4.865234,-0.306641,0.582031,0.000000,30.102999,11.000000
4.894531,-0.308594,0.673828,0.000000,31.122698,11.000000
0.041016,-0.033203,0.062500,0.000000,30.141003,11.000000
0.044922,-0.046875,0.103516,0.000000,29.025467,11.000000
1.210938,0.357422,0.125000,0.000000,19.084850,11.000000
2.855469,-2.003906,-2.968750,0.000000,27.708521,11.000000
2.916016,-2.021484,-2.962891,0.000000,27.209858,11.000000
0.011719,-0.039062,-0.007812,0.000000,30.737183,12.000000
0.017578,-0.080078,-0.007812,0.000000,31.972805,12.000000
0.041016,-0.115234,-0.007812,0.000000,30.220158,12.000000
0.056641,-0.154297,0.005859,0.000000,25.490032,12.000000
0.361328,-0.080078,-1.212891,0.000000,21.931246,12.000000
0.300781,-0.041016,1.273438,0.000000,23.263359,12.000000
0.410156,-0.000000,1.287109,0.000000,21.931246,12.000000
2.113281,0.132812,-0.195312,0.000000,29.079485,12.000000
2.158203,0.068359,-0.193359,0.000000,29.604708,12.000000
2.501953,-0.263672,1.279297,0.000000,29.304396,12.000000
