0.537109,-0.000000,1.238281,0.000000,22.810333,0.000000
1.755859,0.109375,-0.011719,0.000000,29.095560,0.000000
1.796875,0.113281,-0.009766,0.000000,29.360107,0.000000
1.839844,0.056641,-0.035156,0.000000,26.512779,0.000000
2.634766,-0.000000,1.013672,0.000000,28.756399,0.000000
2.677734,-0.000000,1.011719,0.000000,32.219357,0.000000
2.716797,-0.000000,1.025391,0.000000,31.389339,0.000000
0.037109,-0.035156,0.064453,0.000000,30.124153,0.000000
0.046875,-0.046875,0.103516,0.000000,29.009130,0.000000
0.011719,-0.039062,-0.007812,0.000000,30.644581,1.000000
0.027344,-0.076172,-0.009766,0.000000,31.849752,1.000000
0.029297,-0.119141,-0.005859,0.000000,30.086002,1.000000
0.056641,-0.154297,0.007812,0.000000,25.428255,1.000000
0.468750,-0.000000,1.177734,0.000000,23.242825,1.000000
0.458984,-0.000000,1.226562,0.000000,24.265112,1.000000
0.544922,-0.000000,1.234375,0.000000,22.855574,1.000000
1.693359,-0.000000,-0.294922,0.000000,27.323938,1.000000
1.738281,0.054688,-0.267578,0.000000,30.874264,1.000000
1.779297,0.056641,-0.271484,0.000000,30.640835,1.000000
2.638672,-0.000000,1.001953,0.000000,28.656961,1.000000
2.681641,-0.000000,1.005859,0.000000,32.172207,1.000000
2.720703,-0.000000,1.017578,0.000000,31.348145,1.000000
0.037109,-0.035156,0.064453,0.000000,30.124153,1.000000
0.046875,-0.046875,0.103516,0.000000,29.003672,1.000000
0.011719,-0.039062,-0.007812,0.000000,30.648323,2.000000
0.027344,-0.076172,-0.009766,0.000000,31.849752,2.000000
0.029297,-0.119141,-0.005859,0.000000,30.081741,2.000000
0.056641,-0.154297,0.007812,0.000000,25.403296,2.000000
0.474609,-0.000000,1.175781,0.000000,23.222193,2.000000
0.474609,-0.000000,1.220703,0.000000,24.265112,2.000000
0.531250,-0.000000,1.240234,0.000000,22.787537,2.000000
1.742188,-0.000000,-0.240234,0.000000,29.211660,2.000000
1.785156,-0.000000,-0.234375,0.000000,30.111473,2.000000
1.820312,-0.000000,-0.279297,0.000000,27.092699,2.000000
2.648438,-0.000000,0.976562,0.000000,28.686445,2.000000
2.685547,-0.000000,0.994141,0.000000,32.221962,2.000000
2.722656,-0.000000,1.011719,0.000000,31.376705,2.000000
0.037109,-0.035156,0.064453,0.000000,30.124153,2.000000
0.046875,-0.046875,0.103516,0.000000,28.998205,2.000000
0.011719,-0.039062,-0.007812,0.000000,30.655798,3.000000
0.027344,-0.076172,-0.009766,0.000000,31.852587,3.000000
0.029297,-0.119141,-0.005859,0.000000,30.086002,3.000000
0.056641,-0.154297,0.007812,0.000000,25.403296,3.000000
0.482422,-0.000000,1.171875,0.000000,23.201464,3.000000
0.474609,-0.000000,1.218750,0.000000,24.265112,3.000000
0.541016,-0.000000,1.236328,0.000000,22.833012,3.000000
1.716797,0.052734,0.068359,0.000000,27.566360,3.000000
1.755859,0.054688,-0.093750,0.000000,31.693806,3.000000
1.794922,0.056641,-0.126953,0.000000,31.235250,3.000000
2.619141,-0.087891,1.048828,0.000000,28.887409,3.000000
2.681641,-0.000000,1.001953,0.000000,32.299377,3.000000
2.724609,-0.000000,1.007812,0.000000,31.448854,3.000000
0.037109,-0.035156,0.064453,0.000000,30.124153,3.000000
0.046875,-0.046875,0.103516,0.000000,29.003672,3.000000
0.001953,-0.056641,0.154297,0.000000,25.250448,3.000000
0.011719,-0.039062,-0.007812,0.000000,30.652061,4.000000
0.027344,-0.076172,-0.009766,0.000000,31.849752,4.000000
0.029297,-0.119141,-0.005859,0.000000,30.081741,4.000000
0.056641,-0.154297,0.007812,0.000000,25.415792,4.000000
0.476562,-0.000000,1.173828,0.000000,23.222193,4.000000
0.476562,-0.000000,1.218750,0.000000,24.265112,4.000000
0.533203,-0.000000,1.240234,0.000000,22.855574,4.000000
1.716797,-0.052734,-0.025391,0.000000,26.954817,4.000000
1.757812,-0.000000,-0.076172,0.000000,29.666109,4.000000
1.796875,-0.000000,-0.109375,0.000000,27.185017,4.000000
2.615234,-0.087891,1.058594,0.000000,28.762178,4.000000
2.679688,-0.000000,1.009766,0.000000,32.219357,4.000000
2.716797,-0.000000,1.027344,0.000000,31.395643,4.000000
0.037109,-0.035156,0.064453,0.000000,30.119930,4.000000
0.046875,-0.046875,0.103516,0.000000,28.998205,4.000000
0.011719,-0.039062,-0.007812,0.000000,30.652061,5.000000
0.027344,-0.076172,-0.009766,0.000000,31.849752,5.000000
0.029297,-0.119141,-0.005859,0.000000,30.086002,5.000000
0.056641,-0.154297,0.007812,0.000000,25.415792,5.000000
0.484375,-0.000000,1.171875,0.000000,23.201464,5.000000
0.527344,-0.041016,1.197266,0.000000,24.248816,5.000000
0.552734,-0.000000,1.232422,0.000000,22.833012,5.000000
1.750000,0.109375,0.140625,0.000000,26.618126,5.000000
1.792969,0.056641,0.154297,0.000000,28.234743,5.000000
1.837891,0.115234,0.029297,0.000000,27.745171,5.000000
2.638672,-0.000000,1.001953,0.000000,28.864906,5.000000
2.675781,-0.000000,1.019531,0.000000,32.250507,5.000000
2.714844,-0.000000,1.033203,0.000000,31.367207,5.000000
0.037109,-0.035156,0.064453,0.000000,30.119930,5.000000
0.046875,-0.046875,0.103516,0.000000,28.998205,5.000000
0.011719,-0.039062,-0.007812,0.000000,30.648323,6.000000
0.027344,-0.076172,-0.009766,0.000000,31.846914,6.000000
0.029297,-0.119141,-0.005859,0.000000,30.086002,6.000000
0.056641,-0.154297,0.007812,0.000000,25.415792,6.000000
0.462891,-0.000000,1.179688,0.000000,23.283796,6.000000
0.468750,-0.000000,1.222656,0.000000,24.281347,6.000000
0.537109,-0.000000,1.238281,0.000000,22.810333,6.000000
1.675781,0.052734,0.005859,0.000000,29.206450,6.000000
1.716797,0.052734,0.015625,0.000000,31.849752,6.000000
1.757812,0.054688,0.009766,0.000000,33.184807,6.000000
1.798828,0.056641,-0.029297,0.000000,32.000294,6.000000
1.833984,0.056641,-0.140625,0.000000,27.315887,6.000000
2.619141,-0.087891,1.048828,0.000000,28.756399,6.000000
2.681641,-0.000000,1.005859,0.000000,32.242741,6.000000
2.716797,-0.000000,1.027344,0.000000,31.433271,6.000000
0.037109,-0.035156,0.064453,0.000000,30.124153,6.000000
0.046875,-0.046875,0.103516,0.000000,29.003672,6.000000
2.664062,0.087891,0.925781,0.000000,28.744818,6.000000
0.011719,-0.039062,-0.007812,0.000000,30.652061,7.000000
0.027344,-0.076172,-0.009766,0.000000,31.852587,7.000000
0.029297,-0.119141,-0.005859,0.000000,30.086002,7.000000
0.056641,-0.154297,0.007812,0.000000,25.428255,7.000000
0.476562,-0.000000,1.173828,0.000000,23.222193,7.000000
0.476562,-0.000000,1.218750,0.000000,24.232458,7.000000
0.554688,-0.000000,1.230469,0.000000,22.764618,7.000000
1.708984,0.160156,0.068359,0.000000,27.788744,7.000000
1.757812,0.054688,0.052734,0.000000,29.556877,7.000000
1.798828,0.056641,0.058594,0.000000,27.234556,7.000000
2.634766,-0.000000,1.011719,0.000000,28.561245,7.000000
2.677734,-0.000000,1.013672,0.000000,32.076344,7.000000
2.718750,-0.000000,1.021484,0.000000,31.195858,7.000000
0.037109,-0.035156,0.064453,0.000000,30.128372,7.000000
0.046875,-0.046875,0.103516,0.000000,29.009130,7.000000
0.005859,-0.056641,0.154297,0.000000,25.250448,7.000000
0.011719,-0.039062,-0.007812,0.000000,30.652061,8.000000
0.027344,-0.076172,-0.009766,0.000000,31.849752,8.000000
0.029297,-0.119141,-0.005859,0.000000,30.086002,8.000000
0.056641,-0.154297,0.007812,0.000000,25.415792,8.000000
0.476562,-0.000000,1.173828,0.000000,23.222193,8.000000
0.482422,-0.000000,1.216797,0.000000,24.265112,8.000000
0.548828,-0.000000,1.232422,0.000000,22.810333,8.000000
1.714844,0.107422,-0.042969,0.000000,29.289078,8.000000
1.757812,0.054688,-0.023438,0.000000,31.861084,8.000000
1.796875,0.056641,-0.087891,0.000000,30.425755,8.000000
2.621094,-0.087891,1.042969,0.000000,28.819550,8.000000
2.685547,-0.000000,0.996094,0.000000,32.307045,8.000000
2.724609,-0.000000,1.007812,0.000000,31.439510,8.000000
0.037109,-0.035156,0.064453,0.000000,30.119930,8.000000
0.046875,-0.046875,0.103516,0.000000,29.003672,8.000000
0.011719,-0.039062,-0.007812,0.000000,30.652061,9.000000
0.027344,-0.076172,-0.009766,0.000000,31.849752,9.000000
0.029297,-0.119141,-0.005859,0.000000,30.086002,9.000000
0.056641,-0.154297,0.007812,0.000000,25.415792,9.000000
0.494141,-0.000000,1.167969,0.000000,23.222193,9.000000
0.531250,-0.041016,1.195312,0.000000,24.297523,9.000000
0.548828,-0.000000,1.232422,0.000000,22.878017,9.000000
1.718750,-0.000000,-0.017578,0.000000,31.398790,9.000000
1.757812,0.054688,0.000000,0.000000,32.814880,9.000000
1.798828,-0.000000,0.019531,0.000000,31.348145,9.000000
2.675781,0.087891,0.896484,0.000000,28.762178,9.000000
2.683594,-0.000000,0.996094,0.000000,32.258259,9.000000
2.724609,-0.000000,1.003906,0.000000,31.398790,9.000000
0.037109,-0.035156,0.064453,0.000000,30.124153,9.000000
0.046875,-0.046875,0.103516,0.000000,29.003672,9.000000
1.796875,0.113281,-0.007812,0.000000,31.264561,9.000000
2.630859,-0.087891,1.021484,0.000000,28.756399,9.000000
0.011719,-0.039062,-0.007812,0.000000,30.659531,10.000000
0.027344,-0.076172,-0.009766,0.000000,31.855421,10.000000
0.029297,-0.119141,-0.005859,0.000000,30.086002,10.000000
0.056641,-0.154297,0.007812,0.000000,25.403296,10.000000
0.466797,-0.000000,1.179688,0.000000,23.222193,10.000000
0.478516,-0.000000,1.218750,0.000000,24.265112,10.000000
0.546875,-0.000000,1.234375,0.000000,22.855574,10.000000
1.673828,0.105469,0.050781,0.000000,29.633156,10.000000
1.716797,0.052734,0.054688,0.000000,30.346285,10.000000
1.757812,0.054688,0.046875,0.000000,30.047512,10.000000
1.798828,0.056641,0.044922,0.000000,28.662874,10.000000
2.648438,-0.000000,0.976562,0.000000,28.853613,10.000000
2.683594,-0.000000,0.996094,0.000000,32.195847,10.000000
2.718750,-0.000000,1.021484,0.000000,31.316187,10.000000
0.037109,-0.035156,0.064453,0.000000,30.124153,10.000000
0.046875,-0.046875,0.103516,0.000000,29.009130,10.000000
0.009766,-0.056641,0.154297,0.000000,25.237465,10.000000
0.011719,-0.039062,-0.007812,0.000000,30.655798,11.000000
0.027344,-0.076172,-0.009766,0.000000,31.849752,11.000000
0.029297,-0.119141,-0.005859,0.000000,30.090258,11.000000
0.056641,-0.154297,0.007812,0.000000,25.428255,11.000000
0.472656,-0.000000,1.175781,0.000000,23.242825,11.000000
0.482422,-0.000000,1.216797,0.000000,24.248816,11.000000
0.558594,-0.000000,1.228516,0.000000,22.787537,11.000000
1.716797,0.052734,-0.046875,0.000000,27.641762,11.000000
1.757812,0.054688,-0.056641,0.000000,31.119343,11.000000
1.798828,0.056641,-0.064453,0.000000,32.019432,11.000000
1.837891,0.056641,-0.068359,0.000000,30.326187,11.000000
1.880859,0.058594,-0.048828,0.000000,26.294096,11.000000
2.640625,-0.000000,0.998047,0.000000,28.704039,11.000000
2.679688,-0.000000,1.007812,0.000000,32.187981,11.000000
2.718750,-0.000000,1.023438,0.000000,31.332195,11.000000
0.037109,-0.035156,0.064453,0.000000,30.119930,11.000000
0.046875,-0.046875,0.103516,0.000000,28.998205,11.000000
0.005859,-0.056641,0.154297,0.000000,25.237465,11.000000
0.011719,-0.039062,-0.007812,0.000000,30.659531,12.000000
0.027344,-0.076172,-0.009766,0.000000,31.852587,12.000000
0.029297,-0.119141,-0.005859,0.000000,30.086002,12.000000
0.056641,-0.154297,0.007812,0.000000,25.403296,12.000000
0.476562,-0.000000,1.175781,0.000000,23.222193,12.000000
0.472656,-0.000000,1.220703,0.000000,24.265112,12.000000
0.544922,-0.000000,1.234375,0.000000,22.810333,12.000000
1.728516,0.164062,-0.279297,0.000000,28.530895,12.000000
1.789062,0.113281,-0.164062,0.000000,27.860413,12.000000
1.832031,0.171875,0.000000,0.000000,26.493349,12.000000
2.630859,-0.000000,1.021484,0.000000,28.651039,12.000000
2.683594,-0.000000,1.000000,0.000000,32.224564,12.000000
2.730469,-0.000000,0.990234,0.000000,31.448854,12.000000
1.703125,0.107422,-0.193359,0.614669,26.434526,12.000000
0.037109,-0.035156,0.064453,0.000000,30.119930,12.000000
0.046875,-0.046875,0.103516,0.000000,28.998205,12.000000
0.011719,-0.039062,-0.007812,0.000000,30.655798,13.000000
0.027344,-0.076172,-0.009766,0.000000,31.852587,13.000000
0.029297,-0.119141,-0.005859,0.000000,30.086002,13.000000
0.056641,-0.154297,0.007812,0.000000,25.415792,13.000000
0.496094,-0.000000,1.166016,0.000000,23.222193,13.000000
0.480469,-0.000000,1.218750,0.000000,24.265112,13.000000
0.531250,-0.000000,1.240234,0.000000,22.833012,13.000000
1.757812,0.054688,0.001953,0.000000,30.670708,13.000000
1.794922,0.113281,-0.042969,0.000000,30.678144,13.000000
2.605469,-0.087891,1.083984,0.000000,28.633228,13.000000
2.673828,-0.000000,1.023438,0.000000,32.159019,13.000000
2.712891,-0.000000,1.035156,0.000000,31.319393,13.000000
1.781250,0.115234,-0.453125,0.614669,26.589649,13.000000
0.037109,-0.035156,0.064453,0.000000,30.119930,13.000000
0.046875,-0.046875,0.103516,0.000000,28.998205,13.000000
0.011719,-0.039062,-0.007812,0.000000,30.652061,14.000000
0.027344,-0.076172,-0.009766,0.000000,31.849752,14.000000
0.029297,-0.119141,-0.005859,0.000000,30.086002,14.000000
0.056641,-0.154297,0.007812,0.000000,25.428255,14.000000
0.498047,-0.000000,1.166016,0.000000,23.222193,14.000000
0.488281,-0.000000,1.214844,0.000000,24.248816,14.000000
0.531250,-0.000000,1.240234,0.000000,22.787537,14.000000
1.757812,0.054688,0.054688,0.000000,30.715137,14.000000
1.792969,0.056641,0.140625,0.000000,31.723110,14.000000
1.816406,0.056641,0.287109,0.000000,29.469433,14.000000
2.632812,-0.087891,1.013672,0.000000,28.750612,14.000000
2.685547,-0.000000,0.994141,0.000000,32.247921,14.000000
2.722656,-0.000000,1.013672,0.000000,31.433271,14.000000
0.037109,-0.035156,0.064453,0.000000,30.128372,14.000000
0.046875,-0.046875,0.103516,0.000000,29.014584,14.000000
0.011719,-0.039062,-0.007812,0.000000,30.648323,15.000000
0.027344,-0.076172,-0.009766,0.000000,31.852587,15.000000
0.029297,-0.119141,-0.005859,0.000000,30.086002,15.000000
0.056641,-0.154297,0.007812,0.000000,25.415792,15.000000
0.496094,-0.000000,1.166016,0.000000,23.201464,15.000000
0.533203,-0.041016,1.195312,0.000000,24.265112,15.000000
0.548828,-0.000000,1.232422,0.000000,22.810333,15.000000
1.755859,-0.054688,-0.089844,0.000000,27.007038,15.000000
2.642578,-0.000000,0.992188,0.000000,28.796692,15.000000
2.677734,-0.000000,1.017578,0.000000,32.216751,15.000000
2.714844,-0.000000,1.029297,0.000000,31.354507,15.000000
1.796875,-0.000000,-0.115234,-0.614669,24.842999,15.000000
0.037109,-0.035156,0.064453,0.000000,30.119930,15.000000
0.046875,-0.046875,0.103516,0.000000,29.009130,15.000000
0.011719,-0.056641,0.152344,0.000000,25.250448,15.000000
0.011719,-0.039062,-0.007812,0.000000,30.652061,16.000000
0.027344,-0.076172,-0.009766,0.000000,31.849752,16.000000
0.029297,-0.119141,-0.003906,0.000000,30.081741,16.000000
0.056641,-0.154297,0.007812,0.000000,25.403296,16.000000
0.486328,-0.000000,1.169922,0.000000,23.159704,16.000000
0.480469,-0.000000,1.216797,0.000000,24.199558,16.000000
0.544922,-0.000000,1.236328,0.000000,22.741579,16.000000
1.734375,-0.000000,-0.292969,0.000000,28.215136,16.000000
1.771484,-0.000000,-0.316406,0.000000,27.730547,16.000000
