0.041016,-0.033203,0.062500,0.000000,30.115704,0.000000
0.052734,-0.042969,0.103516,0.000000,28.992731,0.000000
1.119141,-0.515625,0.298828,0.000000,19.030899,0.000000
2.947266,-2.003906,-2.878906,0.000000,27.930916,0.000000
3.103516,-2.021484,-2.765625,0.000000,27.611757,0.000000
0.011719,-0.039062,-0.007812,0.000000,30.759117,1.000000
0.017578,-0.080078,-0.007812,0.000000,31.981070,1.000000
0.029297,-0.119141,-0.005859,0.000000,30.253059,1.000000
0.056641,-0.154297,0.005859,0.000000,25.502283,1.000000
0.312500,-0.080078,-1.226562,0.000000,21.846914,1.000000
0.292969,-0.041016,1.275391,0.000000,23.242825,1.000000
0.416016,-0.000000,1.285156,0.000000,21.931246,1.000000
2.033203,-0.531250,-0.326172,0.000000,26.042261,1.000000
2.548828,-0.263672,1.181641,0.000000,29.405165,1.000000
2.603516,-0.267578,1.162109,0.000000,32.764618,1.000000
2.658203,-0.181641,1.156250,0.000000,32.030331,1.000000
4.412109,-0.287109,1.203125,0.000000,30.685570,1.000000
4.443359,-0.289062,1.242188,0.000000,30.338257,1.000000
4.753906,-0.298828,-0.466797,0.000000,32.860073,1.000000
4.789062,-0.453125,-0.400391,0.000000,33.481102,1.000000
4.841797,-0.457031,-0.191406,0.000000,30.334238,1.000000
4.878906,-0.308594,0.771484,0.000000,30.920185,1.000000
0.041016,-0.033203,0.062500,0.000000,30.102999,1.000000
0.052734,-0.042969,0.103516,0.000000,28.981766,1.000000
1.115234,-0.515625,0.312500,0.000000,18.976271,1.000000
2.900391,-2.003906,-2.925781,0.000000,27.853298,1.000000
3.027344,-2.021484,-2.849609,0.000000,27.664129,1.000000
4.724609,-0.597656,-0.484375,0.000000,32.851070,1.000000
0.011719,-0.039062,-0.007812,0.000000,30.759117,2.000000
0.017578,-0.080078,-0.007812,0.000000,31.981070,2.000000
0.041016,-0.115234,-0.007812,0.000000,30.248960,2.000000
0.056641,-0.154297,0.005859,0.000000,25.502283,2.000000
0.281250,-0.080078,-1.234375,0.000000,21.818436,2.000000
0.343750,-0.041016,1.261719,0.000000,23.242825,2.000000
0.419922,-0.000000,1.283203,0.000000,21.931246,2.000000
2.541016,-0.263672,1.199219,0.000000,29.459606,2.000000
2.597656,-0.267578,1.173828,0.000000,32.801228,2.000000
2.656250,-0.181641,1.162109,0.000000,32.049335,2.000000
4.406250,-0.287109,1.218750,0.000000,30.674429,2.000000
4.437500,-0.289062,1.263672,0.000000,30.326187,2.000000
4.722656,-0.597656,-0.496094,0.000000,33.138672,2.000000
4.787109,-0.453125,-0.412109,0.000000,33.741982,2.000000
4.841797,-0.457031,-0.195312,0.000000,30.464952,2.000000
4.876953,-0.308594,0.792969,0.000000,30.870712,2.000000
0.041016,-0.033203,0.062500,0.000000,30.107239,2.000000
0.052734,-0.042969,0.103516,0.000000,28.987251,2.000000
2.958984,-2.003906,-2.867188,0.000000,27.944880,2.000000
3.087891,-2.021484,-2.781250,0.000000,27.708521,2.000000
0.011719,-0.039062,-0.007812,0.000000,30.759117,3.000000
0.017578,-0.080078,-0.007812,0.000000,31.981070,3.000000
0.041016,-0.115234,-0.007812,0.000000,30.244856,3.000000
0.056641,-0.154297,0.005859,0.000000,25.502283,3.000000
0.318359,-0.080078,-1.224609,0.000000,21.818436,3.000000
0.318359,-0.041016,1.269531,0.000000,23.180634,3.000000
0.404297,-0.000000,1.287109,0.000000,21.789770,3.000000
2.535156,-0.263672,1.212891,0.000000,29.380192,3.000000
2.595703,-0.267578,1.177734,0.000000,32.757717,3.000000
2.656250,-0.181641,1.162109,0.000000,32.038486,3.000000
4.404297,-0.287109,1.228516,0.000000,30.663260,3.000000
4.437500,-0.289062,1.259766,0.000000,30.322157,3.000000
4.722656,-0.597656,-0.494141,0.000000,33.170181,3.000000
4.787109,-0.453125,-0.414062,0.000000,33.787613,3.000000
4.841797,-0.457031,-0.222656,0.000000,30.492180,3.000000
4.884766,-0.308594,0.734375,0.000000,30.895519,3.000000
0.041016,-0.033203,0.062500,0.000000,30.107239,3.000000
0.052734,-0.042969,0.101562,0.000000,28.987251,3.000000
1.115234,-0.515625,0.314453,0.000000,18.920946,3.000000
2.964844,-2.003906,-2.861328,0.000000,27.965744,3.000000
3.080078,-2.021484,-2.792969,0.000000,27.656685,3.000000
0.011719,-0.039062,-0.007812,0.000000,30.755470,4.000000
0.017578,-0.080078,-0.007812,0.000000,31.978317,4.000000
0.029297,-0.119141,-0.005859,0.000000,30.248960,4.000000
0.056641,-0.154297,0.005859,0.000000,25.490032,4.000000
0.318359,-0.080078,-1.224609,0.000000,21.818436,4.000000
0.326172,-0.041016,1.267578,0.000000,23.180634,4.000000
0.417969,-0.000000,1.283203,0.000000,21.875208,4.000000
2.558594,-0.263672,1.162109,0.000000,29.425041,4.000000
2.607422,-0.267578,1.154297,0.000000,32.778385,4.000000
2.660156,-0.181641,1.150391,0.000000,32.046623,4.000000
4.410156,-0.287109,1.207031,0.000000,30.692980,4.000000
4.441406,-0.289062,1.246094,0.000000,30.334238,4.000000
4.722656,-0.597656,-0.498047,0.000000,32.889194,4.000000
4.787109,-0.453125,-0.412109,0.000000,33.533390,4.000000
4.841797,-0.457031,-0.220703,0.000000,30.402067,4.000000
4.882812,-0.308594,0.750000,0.000000,30.835026,4.000000
0.041016,-0.033203,0.062500,0.000000,30.115704,4.000000
0.052734,-0.042969,0.103516,0.000000,28.992731,4.000000
1.117188,-0.515625,0.308594,0.000000,18.920946,4.000000
2.912109,-2.003906,-2.914062,0.000000,27.909885,4.000000
3.074219,-2.021484,-2.796875,0.000000,27.626785,4.000000
4.751953,-0.298828,-0.478516,0.000000,32.882492,4.000000
0.011719,-0.039062,-0.007812,0.000000,30.755470,5.000000
0.017578,-0.080078,-0.007812,0.000000,31.978317,5.000000
0.041016,-0.115234,-0.007812,0.000000,30.244856,5.000000
0.056641,-0.154297,0.005859,0.000000,25.490032,5.000000
0.318359,-0.080078,-1.224609,0.000000,21.818436,5.000000
0.341797,-0.041016,1.263672,0.000000,23.242825,5.000000
0.435547,-0.000000,1.277344,0.000000,21.958996,5.000000
2.542969,-0.263672,1.197266,0.000000,29.434946,5.000000
2.599609,-0.267578,1.167969,0.000000,32.778385,5.000000
2.658203,-0.181641,1.156250,0.000000,32.043915,5.000000
4.404297,-0.287109,1.232422,0.000000,30.666985,5.000000
4.435547,-0.289062,1.271484,0.000000,30.326187,5.000000
4.722656,-0.597656,-0.496094,0.000000,33.203541,5.000000
4.787109,-0.453125,-0.416016,0.000000,33.821972,5.000000
4.839844,-0.457031,-0.238281,0.000000,30.523090,5.000000
4.886719,-0.308594,0.724609,0.000000,30.835026,5.000000
0.041016,-0.033203,0.062500,0.000000,30.111473,5.000000
0.052734,-0.042969,0.103516,0.000000,28.987251,5.000000
1.119141,-0.515625,0.302734,0.000000,18.976271,5.000000
3.035156,-2.003906,-2.787109,0.000000,27.944880,5.000000
3.115234,-2.021484,-2.751953,0.000000,27.664129,5.000000
4.751953,-0.298828,-0.484375,0.000000,33.176456,5.000000
0.011719,-0.039062,-0.007812,0.000000,30.748165,6.000000
0.017578,-0.080078,-0.007812,0.000000,31.981070,6.000000
0.029297,-0.119141,-0.005859,0.000000,30.253059,6.000000
0.056641,-0.154297,0.005859,0.000000,25.502283,6.000000
0.322266,-0.080078,-1.224609,0.000000,21.931246,6.000000
0.320312,-0.041016,1.267578,0.000000,23.283796,6.000000
0.433594,-0.000000,1.279297,0.000000,21.903316,6.000000
1.990234,-0.521484,-0.345703,0.000000,26.384893,6.000000
2.542969,-0.263672,1.193359,0.000000,29.375179,6.000000
2.603516,-0.267578,1.164062,0.000000,32.764618,6.000000
2.656250,-0.181641,1.162109,0.000000,32.057457,6.000000
4.406250,-0.287109,1.222656,0.000000,30.692980,6.000000
4.447266,-0.289062,1.224609,0.000000,30.346285,6.000000
4.753906,-0.298828,-0.470703,0.000000,32.688118,6.000000
4.789062,-0.453125,-0.402344,0.000000,33.318321,6.000000
4.841797,-0.457031,-0.205078,0.000000,30.390173,6.000000
4.886719,-0.308594,0.728516,0.000000,30.874264,6.000000
0.041016,-0.033203,0.062500,0.000000,30.115704,6.000000
0.052734,-0.042969,0.103516,0.000000,28.998205,6.000000
2.976562,-2.003906,-2.849609,0.000000,27.972675,6.000000
2.986328,-2.021484,-2.890625,0.000000,27.581547,6.000000
4.722656,-0.597656,-0.492188,0.000000,32.659966,6.000000
0.011719,-0.039062,-0.007812,0.000000,30.755470,7.000000
0.017578,-0.080078,-0.007812,0.000000,31.981070,7.000000
0.041016,-0.115234,-0.007812,0.000000,30.248960,7.000000
0.056641,-0.154297,0.005859,0.000000,25.502283,7.000000
0.304688,-0.080078,-1.228516,0.000000,21.846914,7.000000
0.347656,-0.041016,1.261719,0.000000,23.201464,7.000000
0.441406,-0.000000,1.275391,0.000000,21.846914,7.000000
2.550781,-0.263672,1.177734,0.000000,29.429996,7.000000
2.605469,-0.267578,1.158203,0.000000,32.776093,7.000000
2.658203,-0.181641,1.154297,0.000000,32.011238,7.000000
4.412109,-0.287109,1.201172,0.000000,30.674429,7.000000
4.449219,-0.289062,1.216797,0.000000,30.310043,7.000000
4.687500,-0.445312,-0.591797,0.000000,29.459606,7.000000
4.740234,-0.449219,-0.492188,0.000000,33.370598,7.000000
4.787109,-0.453125,-0.421875,0.000000,34.048336,7.000000
4.839844,-0.457031,-0.263672,0.000000,30.955181,7.000000
4.888672,-0.308594,0.710938,0.000000,30.895519,7.000000
0.041016,-0.033203,0.062500,0.000000,30.111473,7.000000
0.052734,-0.042969,0.103516,0.000000,28.992731,7.000000
1.119141,-0.515625,0.300781,0.000000,18.920946,7.000000
2.804688,-2.003906,-3.017578,0.000000,27.916906,7.000000
2.810547,-2.021484,-3.062500,0.000000,27.474117,7.000000
0.011719,-0.039062,-0.007812,0.000000,30.755470,8.000000
0.017578,-0.080078,-0.007812,0.000000,31.981070,8.000000
0.029297,-0.119141,-0.005859,0.000000,30.248960,8.000000
0.056641,-0.154297,0.005859,0.000000,25.490032,8.000000
0.281250,-0.080078,-1.234375,0.000000,21.818436,8.000000
0.347656,-0.041016,1.261719,0.000000,23.201464,8.000000
0.445312,-0.000000,1.275391,0.000000,21.875208,8.000000
2.546875,-0.263672,1.187500,0.000000,29.469433,8.000000
2.601562,-0.267578,1.166016,0.000000,32.794388,8.000000
2.654297,-0.181641,1.164062,0.000000,32.046623,8.000000
4.412109,-0.287109,1.203125,0.000000,30.689276,8.000000
4.447266,-0.289062,1.224609,0.000000,30.301949,8.000000
4.740234,-0.449219,-0.486328,0.000000,33.334473,8.000000
4.787109,-0.453125,-0.419922,0.000000,33.926971,8.000000
4.839844,-0.457031,-0.259766,0.000000,30.362295,8.000000
4.875000,-0.308594,0.796875,0.000000,30.681858,8.000000
0.041016,-0.033203,0.062500,0.000000,30.111473,8.000000
0.052734,-0.042969,0.103516,0.000000,28.987251,8.000000
1.119141,-0.515625,0.300781,0.000000,19.030899,8.000000
2.857422,-2.003906,-2.966797,0.000000,27.846172,8.000000
2.898438,-2.021484,-2.980469,0.000000,27.403627,8.000000
0.011719,-0.039062,-0.007812,0.000000,30.751818,9.000000
0.017578,-0.080078,-0.007812,0.000000,31.978317,9.000000
0.029297,-0.119141,-0.005859,0.000000,30.248960,9.000000
0.056641,-0.154297,0.005859,0.000000,25.490032,9.000000
0.287109,-0.080078,-1.232422,0.000000,21.818436,9.000000
0.349609,-0.041016,1.261719,0.000000,23.222193,9.000000
0.457031,-0.000000,1.269531,0.000000,21.903316,9.000000
2.001953,-0.585938,-0.042969,0.000000,26.702459,9.000000
2.039062,-0.597656,-0.091797,0.000000,28.668777,9.000000
2.076172,-0.609375,-0.140625,0.000000,27.916906,9.000000
2.542969,-0.263672,1.197266,0.000000,29.415113,9.000000
2.605469,-0.267578,1.156250,0.000000,32.814880,9.000000
2.666016,-0.181641,1.140625,0.000000,32.161659,9.000000
4.408203,-0.287109,1.216797,0.000000,30.681858,9.000000
4.447266,-0.289062,1.226562,0.000000,30.326187,9.000000
4.740234,-0.449219,-0.482422,0.000000,32.817150,9.000000
4.789062,-0.453125,-0.410156,0.000000,33.334473,9.000000
4.880859,-0.308594,0.765625,0.000000,30.802656,9.000000
0.041016,-0.033203,0.062500,0.000000,30.111473,9.000000
0.052734,-0.042969,0.103516,0.000000,28.992731,9.000000
1.121094,-0.515625,0.292969,0.000000,18.920946,9.000000
2.949219,-2.003906,-2.876953,0.000000,27.803173,9.000000
3.025391,-2.021484,-2.851562,0.000000,27.458551,9.000000
0.011719,-0.039062,-0.007812,0.000000,30.751818,10.000000
0.017578,-0.080078,-0.007812,0.000000,31.978317,10.000000
0.041016,-0.115234,-0.007812,0.000000,30.248960,10.000000
0.056641,-0.154297,0.005859,0.000000,25.514500,10.000000
0.291016,-0.080078,-1.232422,0.000000,21.818436,10.000000
0.345703,-0.041016,1.261719,0.000000,23.201464,10.000000
0.429688,-0.000000,1.279297,0.000000,21.818436,10.000000
2.013672,-0.521484,-0.162109,0.000000,27.041506,10.000000
2.027344,-0.597656,-0.234375,0.000000,28.853613,10.000000
2.060547,-0.609375,-0.283203,0.000000,27.678976,10.000000
2.539062,-0.263672,1.203125,0.000000,29.380192,10.000000
2.601562,-0.267578,1.166016,0.000000,32.736958,10.000000
2.656250,-0.181641,1.160156,0.000000,32.003033,10.000000
4.410156,-0.287109,1.210938,0.000000,30.659531,10.000000
4.439453,-0.289062,1.251953,0.000000,30.297895,10.000000
4.751953,-0.298828,-0.480469,0.000000,32.574387,10.000000
4.789062,-0.453125,-0.408203,0.000000,33.157604,10.000000
4.843750,-0.457031,-0.183594,0.000000,29.991306,10.000000
4.876953,-0.308594,0.787109,0.000000,30.813473,10.000000
0.041016,-0.033203,0.062500,0.000000,30.111473,10.000000
0.052734,-0.042969,0.103516,0.000000,28.987251,10.000000
1.119141,-0.515625,0.296875,0.000000,18.864906,10.000000
2.921875,-2.003906,-2.906250,0.000000,27.874605,10.000000
3.023438,-2.021484,-2.851562,0.000000,27.604225,10.000000
0.011719,-0.039062,-0.007812,0.000000,30.751818,11.000000
0.017578,-0.080078,-0.007812,0.000000,31.981070,11.000000
0.029297,-0.119141,-0.005859,0.000000,30.253059,11.000000
0.056641,-0.154297,0.005859,0.000000,25.514500,11.000000
0.314453,-0.080078,-1.226562,0.000000,21.875208,11.000000
0.343750,-0.041016,1.261719,0.000000,23.242825,11.000000
0.443359,-0.000000,1.275391,0.000000,21.875208,11.000000
2.554688,-0.263672,1.169922,0.000000,29.444826,11.000000
2.605469,-0.267578,1.156250,0.000000,32.796669,11.000000
2.658203,-0.181641,1.156250,0.000000,32.097832,11.000000
4.410156,-0.287109,1.207031,0.000000,30.666985,11.000000
4.435547,-0.289062,1.265625,0.000000,30.310043,11.000000
4.753906,-0.298828,-0.470703,0.000000,32.533379,11.000000
4.789062,-0.453125,-0.396484,0.000000,33.111179,11.000000
4.843750,-0.457031,-0.160156,0.000000,30.102999,11.000000
4.886719,-0.308594,0.722656,0.000000,30.899052,11.000000
0.041016,-0.033203,0.062500,0.000000,30.107239,11.000000
0.052734,-0.042969,0.101562,0.000000,28.987251,11.000000
1.117188,-0.515625,0.306641,0.000000,18.920946,11.000000
2.839844,-2.003906,-2.984375,0.000000,27.810369,11.000000
3.039062,-2.021484,-2.835938,0.000000,27.611757,11.000000
4.722656,-0.597656,-0.490234,0.000000,32.491985,11.000000
0.011719,-0.039062,-0.007812,0.000000,30.751818,12.000000
0.017578,-0.080078,-0.007812,0.000000,31.981070,12.000000
0.029297,-0.119141,-0.005859,0.000000,30.253059,12.000000
0.056641,-0.154297,0.005859,0.000000,25.514500,12.000000
0.289062,-0.080078,-1.232422,0.000000,21.818436,12.000000
0.359375,-0.041016,1.257812,0.000000,23.180634,12.000000
0.433594,-0.000000,1.277344,0.000000,21.846914,12.000000
2.033203,-0.597656,-0.187500,0.000000,27.259117,12.000000
2.080078,-0.609375,0.035156,0.000000,26.493349,12.000000
