2.603516,-0.267578,1.160156,0.000000,32.808060,0.000000
2.660156,-0.271484,1.132812,0.000000,32.013969,0.000000
4.412109,-0.287109,1.203125,0.000000,30.817072,0.000000
4.464844,-0.289062,1.158203,0.000000,30.464952,0.000000
4.732422,-0.449219,-0.558594,0.000000,33.257210,0.000000
4.783203,-0.453125,-0.472656,0.000000,33.734638,0.000000
4.837891,-0.457031,-0.281250,0.000000,30.476643,0.000000
4.839844,-0.460938,0.677734,0.000000,29.763500,0.000000
4.873047,-0.308594,0.806641,0.000000,30.663260,0.000000
0.041016,-0.033203,0.062500,0.000000,30.145205,0.000000
0.044922,-0.046875,0.103516,0.000000,29.020029,0.000000
1.208984,0.357422,0.132812,0.000000,19.084850,0.000000
0.011719,-0.039062,-0.007812,0.000000,30.744507,1.000000
0.017578,-0.080078,-0.007812,0.000000,31.972805,1.000000
0.041016,-0.115234,-0.007812,0.000000,30.220158,1.000000
0.056641,-0.154297,0.005859,0.000000,25.490032,1.000000
0.359375,-0.080078,-1.212891,0.000000,21.875208,1.000000
0.287109,-0.041016,1.277344,0.000000,23.242825,1.000000
0.404297,-0.000000,1.287109,0.000000,21.931246,1.000000
2.136719,0.703125,0.058594,0.000000,26.512779,1.000000
2.150391,0.787109,0.023438,0.000000,26.354837,1.000000
2.544922,-0.263672,1.191406,0.000000,29.439888,1.000000
2.599609,-0.267578,1.169922,0.000000,32.792107,1.000000
2.656250,-0.271484,1.140625,0.000000,31.997551,1.000000
4.408203,-0.287109,1.212891,0.000000,30.820669,1.000000
4.458984,-0.289062,1.183594,0.000000,30.472748,1.000000
4.738281,-0.449219,-0.498047,0.000000,33.132343,1.000000
4.789062,-0.453125,-0.392578,0.000000,33.565994,1.000000
4.845703,-0.457031,-0.109375,0.000000,30.211893,1.000000
4.812500,-0.460938,0.847656,0.000000,29.786369,1.000000
4.853516,-0.308594,0.916016,0.000000,30.678144,1.000000
0.041016,-0.033203,0.062500,0.000000,30.132587,1.000000
0.044922,-0.046875,0.103516,0.000000,29.014584,1.000000
1.208984,0.357422,0.134766,0.000000,19.084850,1.000000
0.615234,-0.142578,2.201172,0.000000,23.560259,1.000000
2.833984,-2.021484,-3.041016,0.000000,27.474117,1.000000
0.011719,-0.039062,-0.007812,0.000000,30.733517,2.000000
0.017578,-0.080078,-0.007812,0.000000,31.970047,2.000000
0.041016,-0.115234,-0.007812,0.000000,30.216026,2.000000
0.056641,-0.154297,0.005859,0.000000,25.490032,2.000000
0.343750,-0.080078,-1.218750,0.000000,21.986570,2.000000
0.298828,-0.041016,1.273438,0.000000,23.263359,2.000000
0.386719,-0.000000,1.292969,0.000000,21.931246,2.000000
2.085938,0.843750,0.031250,0.000000,26.294096,2.000000
2.123047,0.859375,-0.031250,0.000000,28.325089,2.000000
2.126953,0.947266,-0.121094,0.000000,28.041395,2.000000
2.162109,0.962891,-0.158203,0.000000,26.314438,2.000000
2.541016,-0.263672,1.199219,0.000000,29.439888,2.000000
2.597656,-0.267578,1.173828,0.000000,32.780674,2.000000
2.650391,-0.271484,1.156250,0.000000,31.997551,2.000000
4.414062,-0.287109,1.195312,0.000000,30.766405,2.000000
4.466797,-0.289062,1.156250,0.000000,30.409977,2.000000
4.742188,-0.449219,-0.468750,0.000000,33.109055,2.000000
4.791016,-0.453125,-0.371094,0.000000,33.562172,2.000000
4.845703,-0.457031,-0.091797,0.000000,30.232525,2.000000
4.818359,-0.460938,0.812500,0.000000,29.781805,2.000000
4.863281,-0.308594,0.869141,0.000000,30.629578,2.000000
0.041016,-0.033203,0.062500,0.000000,30.141003,2.000000
0.044922,-0.046875,0.103516,0.000000,29.020029,2.000000
1.208984,0.357422,0.136719,0.000000,19.084850,2.000000
2.835938,-2.021484,-3.039062,0.000000,27.450748,2.000000
0.011719,-0.039062,-0.007812,0.000000,30.740847,3.000000
0.017578,-0.080078,-0.007812,0.000000,31.972805,3.000000
0.041016,-0.115234,-0.007812,0.000000,30.220158,3.000000
0.056641,-0.154297,0.005859,0.000000,25.490032,3.000000
0.369141,-0.080078,-1.210938,0.000000,21.846914,3.000000
0.267578,-0.041016,1.281250,0.000000,23.222193,3.000000
0.406250,-0.000000,1.287109,0.000000,21.903316,3.000000
2.085938,0.843750,-0.033203,0.000000,27.767012,3.000000
2.123047,0.859375,-0.074219,0.000000,28.088860,3.000000
2.158203,0.875000,-0.113281,0.000000,26.580114,3.000000
2.546875,-0.263672,1.185547,0.000000,29.454685,3.000000
2.601562,-0.267578,1.166016,0.000000,32.789822,3.000000
2.658203,-0.271484,1.136719,0.000000,31.989319,3.000000
4.414062,-0.287109,1.197266,0.000000,30.795429,3.000000
4.460938,-0.289062,1.177734,0.000000,30.445398,3.000000
4.738281,-0.449219,-0.501953,0.000000,33.238705,3.000000
4.787109,-0.453125,-0.429688,0.000000,33.736473,3.000000
4.841797,-0.457031,-0.230469,0.000000,30.511526,3.000000
4.839844,-0.460938,0.677734,0.000000,29.813656,3.000000
4.878906,-0.308594,0.779297,0.000000,30.644581,3.000000
0.041016,-0.033203,0.062500,0.000000,30.141003,3.000000
0.044922,-0.046875,0.103516,0.000000,29.020029,3.000000
1.115234,-0.515625,0.314453,0.000000,19.030899,3.000000
2.857422,-2.021484,-3.019531,0.000000,27.474117,3.000000
0.011719,-0.039062,-0.007812,0.000000,30.744507,4.000000
0.017578,-0.080078,-0.007812,0.000000,31.975563,4.000000
0.029297,-0.119141,-0.003906,0.000000,30.224283,4.000000
0.056641,-0.154297,0.005859,0.000000,25.490032,4.000000
0.345703,-0.080078,-1.216797,0.000000,21.931246,4.000000
0.326172,-0.041016,1.267578,0.000000,23.242825,4.000000
0.529297,-0.042969,1.240234,0.000000,21.931246,4.000000
2.550781,-0.263672,1.181641,0.000000,29.464523,4.000000
2.603516,-0.267578,1.160156,0.000000,32.792107,4.000000
2.658203,-0.271484,1.136719,0.000000,32.008507,4.000000
4.414062,-0.287109,1.193359,0.000000,30.809870,4.000000
4.468750,-0.289062,1.144531,0.000000,30.453230,4.000000
4.736328,-0.449219,-0.527344,0.000000,33.203541,4.000000
4.783203,-0.453125,-0.458984,0.000000,33.649261,4.000000
4.839844,-0.457031,-0.257812,0.000000,30.277573,4.000000
4.824219,-0.460938,0.781250,0.000000,29.633156,4.000000
4.869141,-0.308594,0.832031,0.000000,30.572857,4.000000
0.041016,-0.033203,0.062500,0.000000,30.141003,4.000000
0.044922,-0.046875,0.103516,0.000000,29.020029,4.000000
1.210938,0.357422,0.125000,0.000000,19.084850,4.000000
2.855469,-2.021484,-3.021484,0.000000,27.450748,4.000000
0.011719,-0.039062,-0.007812,0.000000,30.740847,5.000000
0.017578,-0.080078,-0.007812,0.000000,31.972805,5.000000
0.029297,-0.119141,-0.005859,0.000000,30.220158,5.000000
0.056641,-0.154297,0.005859,0.000000,25.477747,5.000000
0.332031,-0.080078,-1.220703,0.000000,21.875208,5.000000
0.310547,-0.041016,1.271484,0.000000,23.242825,5.000000
0.470703,-0.042969,1.263672,0.000000,21.931246,5.000000
2.541016,-0.263672,1.199219,0.000000,29.429996,5.000000
2.603516,-0.267578,1.162109,0.000000,32.773800,5.000000
2.660156,-0.271484,1.132812,0.000000,31.978317,5.000000
4.414062,-0.287109,1.195312,0.000000,30.737183,5.000000
4.458984,-0.289062,1.187500,0.000000,30.406023,5.000000
4.730469,-0.449219,-0.566406,0.000000,33.222195,5.000000
4.779297,-0.453125,-0.500000,0.000000,33.692158,5.000000
4.835938,-0.457031,-0.328125,0.000000,30.370279,5.000000
4.826172,-0.460938,0.767578,0.000000,29.609463,5.000000
4.859375,-0.308594,0.890625,0.000000,30.553783,5.000000
0.041016,-0.033203,0.062500,0.000000,30.145205,5.000000
0.044922,-0.046875,0.103516,0.000000,29.025467,5.000000
1.212891,0.357422,0.101562,0.000000,19.084850,5.000000
2.832031,-2.003906,-2.992188,0.000000,27.824726,5.000000
2.753906,-2.021484,-3.113281,0.000000,27.474117,5.000000
0.011719,-0.039062,-0.007812,0.000000,30.740847,6.000000
0.017578,-0.080078,-0.007812,0.000000,31.972805,6.000000
0.041016,-0.115234,-0.007812,0.000000,30.220158,6.000000
0.056641,-0.154297,0.005859,0.000000,25.490032,6.000000
0.376953,-0.080078,-1.208984,0.000000,21.903316,6.000000
0.283203,-0.041016,1.277344,0.000000,23.222193,6.000000
0.414062,-0.000000,1.285156,0.000000,21.903316,6.000000
2.103516,0.773438,0.201172,0.000000,27.505083,6.000000
2.119141,0.859375,0.146484,0.000000,27.641762,6.000000
2.566406,-0.263672,1.146484,0.000000,29.415113,6.000000
2.609375,-0.267578,1.150391,0.000000,32.773800,6.000000
2.660156,-0.271484,1.130859,0.000000,31.983822,6.000000
4.408203,-0.287109,1.212891,0.000000,30.780941,6.000000
4.460938,-0.289062,1.173828,0.000000,30.433622,6.000000
4.724609,-0.449219,-0.617188,0.000000,33.230457,6.000000
4.781250,-0.453125,-0.478516,0.000000,33.649261,6.000000
4.843750,-0.457031,-0.177734,0.000000,30.269417,6.000000
4.826172,-0.460938,0.767578,0.000000,29.703468,6.000000
4.867188,-0.308594,0.845703,0.000000,30.580462,6.000000
0.041016,-0.033203,0.062500,0.000000,30.136797,6.000000
0.044922,-0.046875,0.103516,0.000000,29.020029,6.000000
1.210938,0.357422,0.126953,0.000000,19.084850,6.000000
2.830078,-2.003906,-2.994141,0.000000,27.846172,6.000000
2.779297,-2.021484,-3.091797,0.000000,27.474117,6.000000
0.011719,-0.039062,-0.007812,0.000000,30.737183,7.000000
0.017578,-0.080078,-0.007812,0.000000,31.970047,7.000000
0.041016,-0.115234,-0.007812,0.000000,30.216026,7.000000
0.056641,-0.154297,0.005859,0.000000,25.477747,7.000000
0.369141,-0.080078,-1.210938,0.000000,21.903316,7.000000
0.275391,-0.041016,1.279297,0.000000,23.201464,7.000000
0.474609,-0.042969,1.263672,0.000000,21.875208,7.000000
2.556641,-0.263672,1.164062,0.000000,29.498777,7.000000
2.605469,-0.267578,1.156250,0.000000,32.808060,7.000000
2.662109,-0.271484,1.130859,0.000000,32.005768,7.000000
4.410156,-0.287109,1.210938,0.000000,30.780941,7.000000
4.457031,-0.289062,1.193359,0.000000,30.441477,7.000000
4.744141,-0.449219,-0.451172,0.000000,33.119656,7.000000
4.792969,-0.453125,-0.345703,0.000000,33.592663,7.000000
4.845703,-0.457031,-0.064453,0.000000,30.253059,7.000000
4.820312,-0.460938,0.808594,0.000000,29.836264,7.000000
4.855469,-0.308594,0.910156,0.000000,30.678144,7.000000
0.041016,-0.033203,0.062500,0.000000,30.136797,7.000000
0.044922,-0.046875,0.103516,0.000000,29.020029,7.000000
1.210938,0.357422,0.117188,0.000000,19.084850,7.000000
2.816406,-2.003906,-3.005859,0.000000,27.839035,7.000000
2.796875,-2.021484,-3.074219,0.000000,27.505083,7.000000
0.011719,-0.039062,-0.007812,0.000000,30.737183,8.000000
0.017578,-0.080078,-0.007812,0.000000,31.972805,8.000000
0.029297,-0.119141,-0.005859,0.000000,30.224283,8.000000
0.056641,-0.154297,0.005859,0.000000,25.502283,8.000000
0.359375,-0.080078,-1.212891,0.000000,21.903316,8.000000
0.283203,-0.041016,1.277344,0.000000,23.222193,8.000000
0.357422,-0.000000,1.302734,0.000000,21.903316,8.000000
2.119141,0.859375,-0.123047,0.000000,26.170004,8.000000
2.142578,0.875000,-0.279297,0.000000,26.170004,8.000000
2.525391,-0.263672,1.234375,0.000000,29.523081,8.000000
2.597656,-0.267578,1.173828,0.000000,32.814880,8.000000
2.656250,-0.271484,1.140625,0.000000,32.027607,8.000000
4.419922,-0.287109,1.171875,0.000000,30.704073,8.000000
4.474609,-0.289062,1.126953,0.000000,30.362295,8.000000
4.728516,-0.449219,-0.583984,0.000000,33.232521,8.000000
4.779297,-0.453125,-0.509766,0.000000,33.762119,8.000000
4.832031,-0.457031,-0.363281,0.000000,30.561422,8.000000
4.857422,-0.306641,0.632812,0.000000,29.772661,8.000000
4.859375,-0.308594,0.890625,0.000000,30.707766,8.000000
0.041016,-0.033203,0.062500,0.000000,30.141003,8.000000
0.044922,-0.046875,0.103516,0.000000,29.020029,8.000000
1.210938,0.357422,0.125000,0.000000,18.976271,8.000000
2.863281,-2.003906,-2.962891,0.000000,27.860413,8.000000
2.865234,-2.021484,-3.011719,0.000000,27.497364,8.000000
0.011719,-0.039062,-0.007812,0.000000,30.729847,9.000000
0.017578,-0.080078,-0.007812,0.000000,31.967287,9.000000
0.041016,-0.115234,-0.007812,0.000000,30.216026,9.000000
0.056641,-0.154297,0.005859,0.000000,25.490032,9.000000
0.363281,-0.080078,-1.212891,0.000000,21.875208,9.000000
0.292969,-0.041016,1.275391,0.000000,23.222193,9.000000
0.474609,-0.042969,1.263672,0.000000,21.903316,9.000000
2.083984,0.843750,0.060547,0.000000,26.665180,9.000000
2.123047,0.859375,-0.033203,0.000000,28.591383,9.000000
2.160156,0.875000,-0.074219,0.000000,28.363241,9.000000
2.193359,0.890625,-0.156250,0.000000,25.740313,9.000000
2.552734,-0.263672,1.173828,0.000000,29.444826,9.000000
2.607422,-0.267578,1.154297,0.000000,32.789822,9.000000
2.660156,-0.271484,1.132812,0.000000,32.003033,9.000000
4.417969,-0.287109,1.175781,0.000000,30.733517,9.000000
4.472656,-0.289062,1.128906,0.000000,30.402067,9.000000
4.746094,-0.449219,-0.421875,0.000000,33.049213,9.000000
4.794922,-0.453125,-0.328125,0.000000,33.573631,9.000000
4.845703,-0.457031,-0.076172,0.000000,30.326187,9.000000
4.828125,-0.460938,0.751953,0.000000,29.745117,9.000000
4.869141,-0.308594,0.835938,0.000000,30.553783,9.000000
0.041016,-0.033203,0.062500,0.000000,30.136797,9.000000
0.044922,-0.046875,0.103516,0.000000,29.020029,9.000000
1.107422,-0.515625,0.339844,0.000000,19.030899,9.000000
1.031250,-0.000000,2.136719,0.000000,22.764618,9.000000
2.837891,-2.003906,-2.986328,0.000000,27.867514,9.000000
2.814453,-2.021484,-3.058594,0.000000,27.512791,9.000000
0.011719,-0.039062,-0.007812,0.000000,30.737183,10.000000
0.017578,-0.080078,-0.007812,0.000000,31.972805,10.000000
0.041016,-0.115234,-0.007812,0.000000,30.220158,10.000000
0.056641,-0.154297,0.005859,0.000000,25.490032,10.000000
0.363281,-0.080078,-1.212891,0.000000,21.903316,10.000000
0.281250,-0.041016,1.277344,0.000000,23.222193,10.000000
0.457031,-0.042969,1.269531,0.000000,21.931246,10.000000
2.193359,0.890625,-0.169922,0.000000,27.581547,10.000000
2.181641,0.980469,-0.318359,0.000000,27.581547,10.000000
2.535156,-0.263672,1.212891,0.000000,29.474337,10.000000
2.601562,-0.267578,1.164062,0.000000,32.796669,10.000000
2.660156,-0.271484,1.134766,0.000000,32.013969,10.000000
4.402344,-0.287109,1.236328,0.000000,30.740847,10.000000
4.453125,-0.289062,1.205078,0.000000,30.402067,10.000000
4.750000,-0.449219,-0.376953,0.000000,33.170181,10.000000
4.796875,-0.453125,-0.277344,0.000000,33.666096,10.000000
4.845703,-0.457031,-0.035156,0.000000,30.472748,10.000000
4.826172,-0.460938,0.771484,0.000000,29.840771,10.000000
4.853516,-0.308594,0.923828,0.000000,30.584261,10.000000
0.041016,-0.033203,0.062500,0.000000,30.136797,10.000000
0.044922,-0.046875,0.103516,0.000000,29.020029,10.000000
1.208984,0.357422,0.138672,0.000000,19.030899,10.000000
2.742188,-2.003906,-3.074219,0.000000,27.774269,10.000000
2.722656,-2.021484,-3.140625,0.000000,27.450748,10.000000
0.011719,-0.039062,-0.007812,0.000000,30.737183,11.000000
0.017578,-0.080078,-0.007812,0.000000,31.972805,11.000000
0.041016,-0.115234,-0.007812,0.000000,30.220158,11.000000
0.056641,-0.154297,0.005859,0.000000,25.490032,11.000000
0.384766,-0.080078,-1.205078,0.000000,21.846914,11.000000
0.248047,-0.041016,1.285156,0.000000,23.222193,11.000000
0.382812,-0.000000,1.294922,0.000000,21.875208,11.000000
