1.708984,0.113281,-0.552734,0.000000,28.241259,0.000000
2.621094,-0.175781,1.029297,0.000000,29.074114,0.000000
2.669922,-0.179688,1.019531,0.000000,32.276295,0.000000
2.767578,-0.089844,0.876953,0.000000,31.280760,0.000000
4.400391,-0.287109,1.244141,0.000000,31.296900,0.000000
4.427734,-0.144531,1.320312,0.000000,30.580462,0.000000
4.822266,-0.154297,0.902344,0.000000,30.480532,0.000000
4.873047,-0.308594,0.808594,0.000000,32.035767,0.000000
4.957031,-0.468750,0.335938,0.000000,30.409977,0.000000
0.041016,-0.033203,0.062500,0.000000,30.107239,0.000000
0.044922,-0.046875,0.103516,0.000000,29.014584,0.000000
0.011719,-0.039062,-0.007812,0.000000,30.659531,1.000000
0.017578,-0.080078,-0.007812,0.000000,31.917303,1.000000
0.029297,-0.119141,-0.005859,0.000000,30.145205,1.000000
0.056641,-0.154297,0.005859,0.000000,25.465427,1.000000
0.183594,-0.080078,1.251953,0.000000,23.096302,1.000000
0.066406,-0.082031,1.304688,0.000000,24.653828,1.000000
0.410156,-0.083984,-1.283203,0.000000,23.117538,1.000000
1.792969,0.113281,-0.105469,0.000000,26.875290,1.000000
1.839844,0.056641,-0.033203,0.000000,27.371927,1.000000
2.615234,-0.175781,1.048828,0.000000,29.030899,1.000000
2.662109,-0.179688,1.041016,0.000000,32.182728,1.000000
2.755859,-0.089844,0.912109,0.000000,31.092409,1.000000
4.408203,-0.000000,1.087891,0.000000,28.790958,1.000000
4.414062,-0.142578,1.216797,0.000000,31.950689,1.000000
4.435547,-0.144531,1.296875,0.000000,31.212315,1.000000
4.824219,-0.154297,0.892578,0.000000,30.322157,1.000000
4.875000,-0.308594,0.796875,0.000000,31.917303,1.000000
4.962891,-0.468750,0.236328,0.000000,30.207754,1.000000
0.041016,-0.033203,0.062500,0.000000,30.102999,1.000000
0.044922,-0.046875,0.103516,0.000000,29.014584,1.000000
0.011719,-0.039062,-0.007812,0.000000,30.652061,2.000000
0.017578,-0.080078,-0.007812,0.000000,31.914511,2.000000
0.029297,-0.119141,-0.005859,0.000000,30.145205,2.000000
0.056641,-0.154297,0.005859,0.000000,25.465427,2.000000
0.132812,-0.080078,1.257812,0.000000,23.096302,2.000000
0.052734,-0.082031,1.304688,0.000000,24.608978,2.000000
0.378906,-0.083984,-1.292969,0.000000,23.074961,2.000000
0.548828,-0.042969,-1.277344,0.000000,21.702618,2.000000
2.601562,-0.175781,1.082031,0.000000,28.785217,2.000000
2.652344,-0.179688,1.062500,0.000000,32.038486,2.000000
2.753906,-0.089844,0.917969,0.000000,31.031193,2.000000
4.396484,-0.142578,1.128906,0.000000,29.355072,2.000000
4.416016,-0.142578,1.208984,0.000000,32.718414,2.000000
4.453125,-0.144531,1.232422,0.000000,32.309597,2.000000
4.810547,-0.306641,0.927734,0.000000,30.488300,2.000000
4.867188,-0.308594,0.847656,0.000000,31.849752,2.000000
4.960938,-0.468750,0.275391,0.000000,30.025980,2.000000
0.041016,-0.033203,0.062500,0.000000,30.102999,2.000000
0.044922,-0.046875,0.103516,0.000000,29.014584,2.000000
0.011719,-0.039062,-0.007812,0.000000,30.655798,3.000000
0.017578,-0.080078,-0.007812,0.000000,31.914511,3.000000
0.029297,-0.119141,-0.005859,0.000000,30.136797,3.000000
0.056641,-0.154297,0.005859,0.000000,25.453072,3.000000
0.189453,-0.080078,1.251953,0.000000,23.096302,3.000000
0.101562,-0.082031,1.302734,0.000000,24.623980,3.000000
0.414062,-0.083984,-1.281250,0.000000,23.053514,3.000000
0.578125,-0.042969,-1.263672,0.000000,21.643528,3.000000
1.726562,-0.000000,-0.335938,0.000000,26.627579,3.000000
2.621094,-0.175781,1.031250,0.000000,29.063351,3.000000
2.660156,-0.179688,1.046875,0.000000,32.180099,3.000000
2.755859,-0.089844,0.914062,0.000000,31.085649,3.000000
4.390625,-0.142578,1.152344,0.000000,28.500332,3.000000
4.406250,-0.142578,1.250000,0.000000,31.936810,3.000000
4.441406,-0.144531,1.275391,0.000000,31.661339,3.000000
4.833984,-0.154297,0.843750,0.000000,30.068937,3.000000
4.873047,-0.308594,0.806641,0.000000,31.169397,3.000000
4.949219,-0.623047,0.130859,0.000000,29.334873,3.000000
0.009766,0.031250,0.025391,0.000000,29.304396,3.000000
0.041016,-0.033203,0.062500,0.000000,30.098757,3.000000
0.044922,-0.046875,0.103516,0.000000,29.003672,3.000000
0.011719,-0.039062,-0.007812,0.000000,30.663260,4.000000
0.017578,-0.080078,-0.007812,0.000000,31.914511,4.000000
0.029297,-0.119141,-0.005859,0.000000,30.141003,4.000000
0.056641,-0.154297,0.005859,0.000000,25.465427,4.000000
0.107422,-0.080078,1.261719,0.000000,23.096302,4.000000
0.410156,-0.083984,-1.283203,0.000000,23.053514,4.000000
1.712891,0.107422,-0.072266,0.000000,27.951845,4.000000
1.751953,0.164062,-0.017578,0.000000,29.385197,4.000000
1.761719,0.167969,0.328125,0.000000,27.234556,4.000000
2.617188,-0.175781,1.041016,0.000000,29.063351,4.000000
2.662109,-0.179688,1.039062,0.000000,32.224564,4.000000
2.755859,-0.089844,0.912109,0.000000,31.218880,4.000000
4.396484,-0.287109,1.253906,0.000000,30.228407,4.000000
4.437500,-0.144531,1.283203,0.000000,29.740509,4.000000
4.878906,-0.308594,0.771484,0.000000,30.877813,4.000000
4.949219,-0.623047,0.126953,0.000000,29.633156,4.000000
0.041016,-0.033203,0.062500,0.000000,30.107239,4.000000
0.044922,-0.046875,0.103516,0.000000,29.014584,4.000000
1.757812,0.054688,0.000000,0.000000,29.339931,4.000000
0.011719,-0.039062,-0.007812,0.000000,30.666985,5.000000
0.017578,-0.080078,-0.007812,0.000000,31.917303,5.000000
0.029297,-0.119141,-0.005859,0.000000,30.141003,5.000000
0.056641,-0.154297,0.005859,0.000000,25.453072,5.000000
0.140625,-0.080078,1.257812,0.000000,23.117538,5.000000
0.017578,-0.082031,1.306641,0.000000,24.608978,5.000000
0.414062,-0.083984,-1.281250,0.000000,23.053514,5.000000
1.712891,0.052734,0.109375,0.000000,28.573324,5.000000
1.753906,0.109375,0.076172,0.000000,30.136797,5.000000
1.791016,0.113281,0.130859,0.000000,28.692318,5.000000
2.609375,-0.175781,1.060547,0.000000,28.976271,5.000000
2.660156,-0.179688,1.044922,0.000000,32.159019,5.000000
2.757812,-0.089844,0.908203,0.000000,31.156105,5.000000
4.371094,-0.283203,1.195312,0.000000,27.993406,5.000000
4.400391,-0.142578,1.265625,0.000000,31.652443,5.000000
4.439453,-0.144531,1.275391,0.000000,31.373541,5.000000
4.900391,-0.308594,0.617188,0.000000,30.576660,5.000000
4.929688,-0.779297,-0.041016,0.000000,29.390198,5.000000
0.041016,-0.033203,0.062500,0.000000,30.102999,5.000000
0.044922,-0.046875,0.103516,0.000000,29.009130,5.000000
0.011719,-0.039062,-0.007812,0.000000,30.659531,6.000000
0.017578,-0.080078,-0.007812,0.000000,31.914511,6.000000
0.029297,-0.119141,-0.005859,0.000000,30.141003,6.000000
0.056641,-0.154297,0.005859,0.000000,25.465427,6.000000
0.134766,-0.080078,1.257812,0.000000,23.031961,6.000000
0.417969,-0.083984,-1.281250,0.000000,23.031961,6.000000
0.570312,-0.042969,-1.267578,0.000000,21.673174,6.000000
1.748047,0.164062,-0.111328,0.000000,27.347998,6.000000
1.791016,0.167969,-0.082031,0.000000,28.280151,6.000000
2.621094,-0.175781,1.031250,0.000000,29.052561,6.000000
2.660156,-0.179688,1.044922,0.000000,32.201080,6.000000
2.755859,-0.089844,0.910156,0.000000,31.162756,6.000000
4.410156,-0.142578,1.236328,0.000000,31.072100,6.000000
4.441406,-0.144531,1.271484,0.000000,30.507664,6.000000
4.828125,-0.154297,0.869141,0.000000,30.330214,6.000000
4.886719,-0.308594,0.730469,0.000000,31.312979,6.000000
4.951172,-0.623047,0.099609,0.000000,29.894499,6.000000
0.041016,-0.033203,0.062500,0.000000,30.098757,6.000000
0.044922,-0.046875,0.103516,0.000000,29.003672,6.000000
0.011719,-0.039062,-0.007812,0.000000,30.663260,7.000000
0.017578,-0.080078,-0.007812,0.000000,31.917303,7.000000
0.029297,-0.119141,-0.005859,0.000000,30.145205,7.000000
0.056641,-0.154297,0.007812,0.000000,25.465427,7.000000
0.156250,-0.080078,1.255859,0.000000,23.074961,7.000000
0.414062,-0.083984,-1.281250,0.000000,23.053514,7.000000
0.541016,-0.042969,-1.281250,0.000000,21.643528,7.000000
1.714844,0.107422,0.025391,0.000000,27.427252,7.000000
1.750000,0.164062,0.085938,0.000000,27.331972,7.000000
2.617188,-0.175781,1.041016,0.000000,29.041744,7.000000
2.656250,-0.179688,1.052734,0.000000,32.153732,7.000000
2.750000,-0.089844,0.931641,0.000000,31.068705,7.000000
4.404297,-0.142578,1.253906,0.000000,31.115986,7.000000
4.429688,-0.144531,1.310547,0.000000,30.511526,7.000000
4.839844,-0.154297,0.806641,0.000000,30.633333,7.000000
4.886719,-0.308594,0.722656,0.000000,31.702618,7.000000
4.949219,-0.623047,0.113281,0.000000,30.195316,7.000000
0.041016,-0.033203,0.062500,0.000000,30.102999,7.000000
0.046875,-0.046875,0.103516,0.000000,29.014584,7.000000
0.011719,-0.039062,-0.007812,0.000000,30.670708,8.000000
0.017578,-0.080078,-0.007812,0.000000,31.920095,8.000000
0.029297,-0.119141,-0.005859,0.000000,30.145205,8.000000
0.056641,-0.154297,0.005859,0.000000,25.465427,8.000000
0.105469,-0.080078,1.261719,0.000000,23.096302,8.000000
0.425781,-0.083984,-1.277344,0.000000,23.074961,8.000000
1.751953,0.164062,0.001953,0.000000,27.737864,8.000000
1.796875,0.113281,0.001953,0.000000,27.566360,8.000000
2.615234,-0.175781,1.046875,0.000000,29.095560,8.000000
2.656250,-0.179688,1.056641,0.000000,32.166935,8.000000
2.750000,-0.089844,0.927734,0.000000,31.102530,8.000000
4.416016,-0.142578,1.214844,0.000000,31.027765,8.000000
4.453125,-0.144531,1.232422,0.000000,30.374266,8.000000
4.841797,-0.154297,0.792969,0.000000,30.511526,8.000000
4.892578,-0.308594,0.687500,0.000000,31.476763,8.000000
4.951172,-0.623047,0.039062,0.000000,29.831751,8.000000
0.041016,-0.033203,0.062500,0.000000,30.107239,8.000000
0.046875,-0.046875,0.103516,0.000000,29.014584,8.000000
0.011719,-0.039062,-0.007812,0.000000,30.663260,9.000000
0.017578,-0.080078,-0.007812,0.000000,31.917303,9.000000
0.029297,-0.119141,-0.005859,0.000000,30.141003,9.000000
0.056641,-0.154297,0.005859,0.000000,25.465427,9.000000
0.109375,-0.080078,1.261719,0.000000,23.096302,9.000000
0.417969,-0.083984,-1.281250,0.000000,23.053514,9.000000
1.792969,0.113281,-0.099609,0.000000,26.464037,9.000000
2.615234,-0.175781,1.046875,0.000000,29.014584,9.000000
2.658203,-0.179688,1.050781,0.000000,32.182728,9.000000
2.750000,-0.089844,0.929688,0.000000,31.192558,9.000000
4.396484,-0.142578,1.128906,0.000000,28.188854,9.000000
4.410156,-0.142578,1.234375,0.000000,31.379868,9.000000
4.449219,-0.144531,1.246094,0.000000,30.913151,9.000000
4.853516,-0.154297,0.714844,0.000000,30.453230,9.000000
4.888672,-0.308594,0.710938,0.000000,31.309767,9.000000
4.968750,-0.468750,0.082031,0.000000,29.956352,9.000000
0.041016,-0.033203,0.062500,0.000000,30.102999,9.000000
0.044922,-0.046875,0.103516,0.000000,29.009130,9.000000
0.011719,-0.039062,-0.007812,0.000000,30.655798,10.000000
0.017578,-0.080078,-0.007812,0.000000,31.917303,10.000000
0.029297,-0.119141,-0.005859,0.000000,30.141003,10.000000
0.056641,-0.154297,0.005859,0.000000,25.465427,10.000000
0.121094,-0.080078,1.259766,0.000000,23.138672,10.000000
0.029297,-0.082031,-1.306641,0.000000,24.623980,10.000000
0.425781,-0.083984,-1.277344,0.000000,23.031961,10.000000
0.572266,-0.042969,-1.267578,0.000000,21.643528,10.000000
1.673828,0.105469,-0.015625,0.000000,26.937269,10.000000
1.712891,0.107422,-0.085938,0.000000,29.047155,10.000000
1.740234,0.109375,-0.236328,0.000000,27.810369,10.000000
2.609375,-0.175781,1.062500,0.000000,28.904211,10.000000
2.658203,-0.179688,1.050781,0.000000,32.161659,10.000000
2.751953,-0.089844,0.925781,0.000000,31.199154,10.000000
4.380859,-0.283203,1.156250,0.000000,28.109043,10.000000
4.408203,-0.142578,1.242188,0.000000,31.693806,10.000000
4.443359,-0.144531,1.265625,0.000000,31.303337,10.000000
4.884766,-0.308594,0.742188,0.000000,30.920185,10.000000
4.951172,-0.623047,0.089844,0.000000,29.469433,10.000000
1.748047,0.224609,-0.363281,-0.614669,25.843311,10.000000
1.773438,0.230469,-0.435547,-0.614669,25.010593,10.000000
0.041016,-0.033203,0.062500,0.000000,30.102999,10.000000
0.044922,-0.046875,0.103516,0.000000,29.009130,10.000000
0.011719,-0.039062,-0.007812,0.000000,30.655798,11.000000
0.017578,-0.080078,-0.007812,0.000000,31.914511,11.000000
0.029297,-0.119141,-0.005859,0.000000,30.141003,11.000000
0.056641,-0.154297,0.007812,0.000000,25.477747,11.000000
0.123047,-0.080078,1.259766,0.000000,23.096302,11.000000
0.417969,-0.083984,-1.281250,0.000000,23.117538,11.000000
0.558594,-0.042969,-1.273438,0.000000,21.731863,11.000000
1.701172,0.107422,-0.210938,0.000000,26.304279,11.000000
1.738281,0.164062,-0.218750,0.000000,29.355072,11.000000
1.787109,0.167969,-0.123047,0.000000,28.337843,11.000000
2.621094,-0.175781,1.031250,0.000000,29.014584,11.000000
2.656250,-0.179688,1.052734,0.000000,32.116543,11.000000
2.750000,-0.089844,0.927734,0.000000,31.078880,11.000000
4.402344,-0.142578,1.257812,0.000000,30.780941,11.000000
4.439453,-0.144531,1.275391,0.000000,30.211893,11.000000
4.884766,-0.308594,0.738281,0.000000,31.479853,11.000000
4.964844,-0.468750,0.189453,0.000000,30.174507,11.000000
0.041016,-0.033203,0.062500,0.000000,30.102999,11.000000
0.044922,-0.046875,0.103516,0.000000,29.014584,11.000000
0.011719,-0.039062,-0.007812,0.000000,30.652061,12.000000
0.017578,-0.080078,-0.007812,0.000000,31.914511,12.000000
0.029297,-0.119141,-0.005859,0.000000,30.141003,12.000000
0.056641,-0.154297,0.005859,0.000000,25.465427,12.000000
0.080078,-0.080078,1.263672,0.000000,23.117538,12.000000
0.074219,-0.082031,-1.304688,0.000000,24.638929,12.000000
0.425781,-0.083984,-1.277344,0.000000,23.053514,12.000000
0.580078,-0.042969,-1.263672,0.000000,21.643528,12.000000
1.777344,0.113281,-0.261719,0.000000,29.986952,12.000000
2.617188,-0.175781,1.041016,0.000000,29.047155,12.000000
2.658203,-0.179688,1.050781,0.000000,32.148438,12.000000
2.753906,-0.089844,0.919922,0.000000,31.034616,12.000000
4.408203,-0.142578,1.240234,0.000000,30.523090,12.000000
4.449219,-0.144531,1.242188,0.000000,30.000000,12.000000
4.890625,-0.464844,0.599609,0.000000,30.000000,12.000000
1.623047,0.160156,-0.541016,-0.614669,27.242758,12.000000
1.675781,0.109375,-0.525391,-0.614669,29.258276,12.000000
0.041016,-0.033203,0.062500,0.000000,30.107239,12.000000
0.044922,-0.046875,0.103516,0.000000,29.009130,12.000000
0.011719,-0.039062,-0.007812,0.000000,30.652061,13.000000
0.017578,-0.080078,-0.007812,0.000000,31.914511,13.000000
0.029297,-0.119141,-0.005859,0.000000,30.141003,13.000000
0.056641,-0.154297,0.005859,0.000000,25.465427,13.000000
0.064453,-0.080078,1.263672,0.000000,23.117538,13.000000
0.082031,-0.082031,-1.304688,0.000000,24.623980,13.000000
0.429688,-0.083984,-1.277344,0.000000,23.053514,13.000000
0.574219,-0.042969,-1.265625,0.000000,21.673174,13.000000
1.669922,0.105469,-0.105469,0.000000,29.232441,13.000000
1.710938,0.107422,-0.126953,0.000000,30.546131,13.000000
1.751953,0.109375,-0.117188,0.000000,29.030899,13.000000
