1.158203,-0.191406,-0.359375,0.000000,27.118073,0.000000
1.009766,-0.197266,0.742188,0.000000,24.885508,0.000000
0.662109,-0.000000,1.128906,0.000000,22.201080,0.000000
0.439453,-0.042969,1.275391,0.000000,22.455126,0.000000
2.556641,-0.263672,1.166016,0.000000,29.527924,0.000000
2.607422,-0.267578,1.152344,0.000000,32.871296,0.000000
2.664062,-0.181641,1.142578,0.000000,32.113876,0.000000
4.410156,-0.287109,1.210938,0.000000,30.791813,0.000000
4.466797,-0.289062,1.158203,0.000000,30.417873,0.000000
4.861328,-0.308594,0.878906,0.000000,30.909630,0.000000
0.041016,-0.033203,0.062500,0.000000,30.149403,0.000000
0.052734,-0.042969,0.103516,0.000000,29.030899,0.000000
1.214844,0.449219,-0.191406,0.000000,19.822712,0.000000
1.250000,-0.464844,-0.214844,0.000000,19.956352,0.000000
2.888672,-2.003906,-2.935547,0.000000,27.930916,0.000000
2.896484,-2.021484,-2.982422,0.000000,27.497364,0.000000
0.011719,-0.039062,-0.007812,0.000000,30.802656,1.000000
0.017578,-0.080078,-0.007812,0.000000,32.024883,1.000000
0.041016,-0.115234,-0.007812,0.000000,30.297895,1.000000
0.056641,-0.154297,0.005859,0.000000,25.550945,1.000000
1.082031,-0.207031,-0.068359,0.000000,22.624512,1.000000
1.123047,-0.214844,-0.056641,0.000000,27.909885,1.000000
1.169922,-0.185547,-0.060547,0.000000,27.664129,1.000000
1.246094,-0.238281,0.019531,0.000000,28.842287,1.000000
2.541016,-0.263672,1.201172,0.000000,29.444826,1.000000
2.603516,-0.267578,1.162109,0.000000,32.826221,1.000000
2.664062,-0.181641,1.140625,0.000000,32.073650,1.000000
4.406250,-0.287109,1.222656,0.000000,30.759117,1.000000
4.451172,-0.289062,1.214844,0.000000,30.394140,1.000000
4.833984,-0.464844,0.957031,0.000000,31.312979,1.000000
1.195312,-0.267578,0.054688,0.614669,26.148972,1.000000
1.269531,-0.164062,0.271484,0.614669,26.263403,1.000000
0.041016,-0.033203,0.062500,0.000000,30.141003,1.000000
0.052734,-0.042969,0.103516,0.000000,29.025467,1.000000
2.976562,-2.003906,-2.849609,0.000000,27.930916,1.000000
3.029297,-2.021484,-2.845703,0.000000,27.641762,1.000000
0.011719,-0.039062,-0.007812,0.000000,30.799046,2.000000
0.017578,-0.080078,-0.007812,0.000000,32.022160,2.000000
0.041016,-0.115234,-0.007812,0.000000,30.293839,2.000000
0.056641,-0.154297,0.003906,0.000000,25.550945,2.000000
1.083984,-0.207031,-0.042969,0.000000,20.681858,2.000000
1.205078,-0.396484,0.015625,0.000000,24.608978,2.000000
1.042969,-0.041016,0.791016,0.000000,23.820171,2.000000
2.554688,-0.263672,1.171875,0.000000,29.464523,2.000000
2.609375,-0.267578,1.148438,0.000000,32.869053,2.000000
2.666016,-0.181641,1.138672,0.000000,32.127201,2.000000
4.417969,-0.287109,1.181641,0.000000,30.802656,2.000000
4.468750,-0.289062,1.142578,0.000000,30.503798,2.000000
4.876953,-0.308594,0.783203,0.000000,30.678144,2.000000
1.103516,-0.287109,0.117188,0.614669,25.250448,2.000000
1.130859,-0.296875,0.201172,0.614669,28.419847,2.000000
1.158203,-0.306641,0.263672,0.614669,28.512583,2.000000
0.041016,-0.033203,0.062500,0.000000,30.145205,2.000000
0.052734,-0.042969,0.103516,0.000000,29.030899,2.000000
0.802734,-0.000000,0.982422,0.000000,23.324385,2.000000
2.839844,-2.003906,-2.984375,0.000000,27.923918,2.000000
2.929688,-2.021484,-2.949219,0.000000,27.715876,2.000000
0.011719,-0.039062,-0.007812,0.000000,30.806265,3.000000
0.017578,-0.080078,-0.007812,0.000000,32.022160,3.000000
0.041016,-0.115234,-0.007812,0.000000,30.293839,3.000000
0.056641,-0.154297,0.003906,0.000000,25.538830,3.000000
1.082031,-0.207031,-0.082031,0.000000,22.900347,3.000000
1.109375,-0.250000,-0.132812,0.000000,29.405165,3.000000
1.144531,-0.259766,-0.167969,0.000000,32.087101,3.000000
1.162109,-0.306641,-0.246094,0.000000,31.115986,3.000000
1.181641,-0.316406,-0.335938,0.000000,24.548449,3.000000
2.550781,-0.263672,1.179688,0.000000,29.380192,3.000000
2.601562,-0.267578,1.166016,0.000000,32.716091,3.000000
2.656250,-0.181641,1.158203,0.000000,31.934029,3.000000
4.410156,-0.287109,1.208984,0.000000,30.413927,3.000000
4.468750,-0.289062,1.146484,0.000000,30.145205,3.000000
4.869141,-0.308594,0.835938,0.000000,30.464952,3.000000
1.212891,-0.328125,0.365234,0.614669,25.276299,3.000000
0.041016,-0.033203,0.062500,0.000000,30.141003,3.000000
0.052734,-0.042969,0.103516,0.000000,29.025467,3.000000
0.722656,1.031250,-0.160156,0.000000,21.760912,3.000000
3.121094,-1.861328,-2.791016,0.000000,27.604225,3.000000
3.080078,-2.021484,-2.791016,0.000000,27.323938,3.000000
0.011719,-0.039062,-0.007812,0.000000,30.795429,4.000000
0.017578,-0.080078,-0.007812,0.000000,32.022160,4.000000
0.041016,-0.115234,-0.007812,0.000000,30.293839,4.000000
0.056641,-0.154297,0.003906,0.000000,25.538830,4.000000
1.113281,-0.250000,-0.107422,0.000000,26.919651,4.000000
1.150391,-0.259766,-0.132812,0.000000,30.346285,4.000000
1.181641,-0.306641,-0.126953,0.000000,31.470577,4.000000
1.228516,-0.316406,-0.017578,0.000000,30.553783,4.000000
2.564453,-0.263672,1.148438,0.000000,29.503649,4.000000
2.613281,-0.267578,1.140625,0.000000,32.814880,4.000000
2.677734,-0.181641,1.111328,0.000000,31.970047,4.000000
4.410156,-0.287109,1.208984,0.000000,30.888445,4.000000
4.423828,-0.433594,1.271484,0.000000,30.413927,4.000000
1.250000,-0.287109,0.259766,0.614669,28.325089,4.000000
1.291016,-0.167969,0.355469,0.614669,24.653828,4.000000
0.041016,-0.033203,0.062500,0.000000,30.149403,4.000000
0.052734,-0.042969,0.103516,0.000000,29.036325,4.000000
0.011719,-0.039062,-0.007812,0.000000,30.791813,5.000000
0.017578,-0.080078,-0.007812,0.000000,32.019432,5.000000
0.041016,-0.115234,-0.007812,0.000000,30.293839,5.000000
0.056641,-0.154297,0.005859,0.000000,25.538830,5.000000
1.074219,-0.207031,-0.144531,0.000000,23.404442,5.000000
1.119141,-0.214844,-0.123047,0.000000,29.740509,5.000000
1.154297,-0.259766,-0.097656,0.000000,32.631626,5.000000
1.185547,-0.306641,-0.064453,0.000000,32.513950,5.000000
1.216797,-0.357422,-0.007812,0.000000,29.754318,5.000000
1.275391,-0.287109,0.052734,0.000000,26.937269,5.000000
1.343750,-0.126953,0.050781,0.000000,26.344772,5.000000
2.544922,-0.263672,1.189453,0.000000,29.595184,5.000000
2.603516,-0.267578,1.162109,0.000000,32.911469,5.000000
2.669922,-0.181641,1.130859,0.000000,32.206310,5.000000
4.400391,-0.287109,1.246094,0.000000,30.729847,5.000000
4.458984,-0.289062,1.187500,0.000000,30.232525,5.000000
4.789062,-0.460938,0.972656,0.000000,29.795485,5.000000
4.835938,-0.464844,0.945312,0.000000,31.287222,5.000000
0.041016,-0.033203,0.062500,0.000000,30.141003,5.000000
0.052734,-0.042969,0.103516,0.000000,29.030899,5.000000
2.773438,-2.003906,-3.046875,0.000000,27.795965,5.000000
2.691406,-2.021484,-3.167969,0.000000,27.481880,5.000000
0.011719,-0.039062,-0.007812,0.000000,30.799046,6.000000
0.017578,-0.080078,-0.009766,0.000000,32.019432,6.000000
0.041016,-0.115234,-0.007812,0.000000,30.293839,6.000000
0.056641,-0.154297,0.003906,0.000000,25.538830,6.000000
1.083984,-0.207031,-0.056641,0.000000,20.453230,6.000000
1.123047,-0.214844,-0.052734,0.000000,27.109631,6.000000
1.171875,-0.148438,-0.107422,0.000000,28.645111,6.000000
1.074219,-0.460938,0.376953,0.000000,29.449759,6.000000
1.179688,-0.435547,0.158203,0.000000,30.030294,6.000000
1.238281,-0.408203,0.103516,0.000000,25.289167,6.000000
1.281250,-0.378906,-0.189453,0.000000,24.149733,6.000000
2.529297,-0.263672,1.224609,0.000000,29.190781,6.000000
2.587891,-0.179688,1.214844,0.000000,32.543064,6.000000
2.613281,-0.181641,1.253906,0.000000,31.778250,6.000000
4.369141,-0.287109,1.345703,0.000000,29.960737,6.000000
4.427734,-0.144531,1.320312,0.000000,29.227255,6.000000
4.833984,-0.464844,0.957031,0.000000,30.744507,6.000000
0.041016,-0.033203,0.062500,0.000000,30.141003,6.000000
0.052734,-0.042969,0.103516,0.000000,29.025467,6.000000
0.533203,-0.556641,0.902344,0.000000,25.774918,6.000000
1.166016,-0.076172,-0.371094,0.000000,26.972294,6.000000
0.476562,0.082031,-1.216797,0.000000,23.222193,6.000000
0.222656,0.083984,-1.328125,0.000000,23.117538,6.000000
3.140625,-1.861328,-2.767578,0.000000,27.371927,6.000000
3.074219,-2.021484,-2.796875,0.000000,27.015680,6.000000
0.011719,-0.039062,-0.007812,0.000000,30.802656,7.000000
0.017578,-0.080078,-0.007812,0.000000,32.024883,7.000000
0.041016,-0.115234,-0.007812,0.000000,30.293839,7.000000
0.056641,-0.154297,0.005859,0.000000,25.538830,7.000000
1.083984,-0.171875,-0.128906,0.000000,20.086002,7.000000
1.125000,-0.214844,-0.039062,0.000000,25.809250,7.000000
1.164062,-0.222656,-0.064453,0.000000,28.948696,7.000000
1.128906,-0.382812,-0.291016,0.000000,30.157787,7.000000
1.199219,-0.396484,-0.119141,0.000000,29.912260,7.000000
1.132812,-0.408203,0.513672,0.000000,26.042261,7.000000
2.556641,-0.263672,1.167969,0.000000,29.777237,7.000000
2.617188,-0.267578,1.130859,0.000000,33.087776,7.000000
2.683594,-0.181641,1.097656,0.000000,32.240147,7.000000
4.394531,-0.429688,1.222656,0.000000,30.729847,7.000000
4.437500,-0.433594,1.220703,0.000000,30.318123,7.000000
4.833984,-0.464844,0.958984,0.000000,30.751818,7.000000
0.041016,-0.033203,0.062500,0.000000,30.145205,7.000000
0.052734,-0.042969,0.103516,0.000000,29.030899,7.000000
0.962891,-0.041016,0.884766,0.000000,25.263393,7.000000
0.011719,-0.039062,-0.007812,0.000000,30.795429,8.000000
0.017578,-0.080078,-0.007812,0.000000,32.019432,8.000000
0.041016,-0.115234,-0.007812,0.000000,30.289778,8.000000
0.056641,-0.154297,0.005859,0.000000,25.538830,8.000000
1.083984,-0.138672,-0.166016,0.000000,24.742163,8.000000
1.121094,-0.214844,-0.085938,0.000000,27.686380,8.000000
1.158203,-0.259766,-0.025391,0.000000,30.390173,8.000000
1.201172,-0.230469,-0.091797,0.000000,29.925535,8.000000
1.123047,-0.158203,-0.566406,0.000000,25.634811,8.000000
0.042969,-0.164062,-1.298828,0.000000,24.517864,8.000000
2.546875,-0.263672,1.187500,0.000000,29.527924,8.000000
2.603516,-0.267578,1.164062,0.000000,32.900345,8.000000
2.658203,-0.181641,1.154297,0.000000,32.174839,8.000000
4.419922,-0.287109,1.173828,0.000000,30.707766,8.000000
4.468750,-0.289062,1.146484,0.000000,30.228407,8.000000
4.863281,-0.308594,0.869141,0.000000,30.744507,8.000000
0.041016,-0.033203,0.062500,0.000000,30.149403,8.000000
0.052734,-0.042969,0.103516,0.000000,29.030899,8.000000
1.119141,-0.593750,0.039062,0.000000,24.828735,8.000000
1.152344,-0.572266,-0.238281,0.000000,22.095150,8.000000
2.808594,-2.021484,-3.064453,0.000000,27.419392,8.000000
0.011719,-0.039062,-0.007812,0.000000,30.802656,9.000000
0.017578,-0.080078,-0.007812,0.000000,32.022160,9.000000
0.041016,-0.115234,-0.007812,0.000000,30.293839,9.000000
0.056641,-0.154297,0.005859,0.000000,25.538830,9.000000
1.074219,-0.138672,-0.220703,0.000000,20.755470,9.000000
1.123047,-0.179688,-0.136719,0.000000,25.365585,9.000000
1.146484,-0.259766,-0.160156,0.000000,30.751818,9.000000
1.181641,-0.267578,-0.193359,0.000000,32.335037,9.000000
1.214844,-0.316406,-0.171875,0.000000,30.301949,9.000000
1.248047,-0.367188,0.140625,0.000000,27.339993,9.000000
1.275391,-0.378906,0.226562,0.000000,25.314789,9.000000
2.537109,-0.263672,1.208984,0.000000,29.439888,9.000000
2.595703,-0.267578,1.179688,0.000000,32.760021,9.000000
2.658203,-0.181641,1.158203,0.000000,32.003033,9.000000
4.412109,-0.287109,1.199219,0.000000,30.538464,9.000000
4.445312,-0.289062,1.236328,0.000000,30.034605,9.000000
4.839844,-0.464844,0.923828,0.000000,30.784569,9.000000
0.041016,-0.033203,0.062500,0.000000,30.145205,9.000000
0.052734,-0.042969,0.103516,0.000000,29.025467,9.000000
2.835938,-2.003906,-2.988281,0.000000,27.656685,9.000000
3.197266,-2.021484,-2.656250,0.000000,27.134905,9.000000
0.011719,-0.039062,-0.007812,0.000000,30.806265,10.000000
0.017578,-0.080078,-0.007812,0.000000,32.024883,10.000000
0.041016,-0.115234,-0.007812,0.000000,30.293839,10.000000
0.056641,-0.154297,0.003906,0.000000,25.538830,10.000000
1.115234,-0.250000,-0.068359,0.000000,23.053514,10.000000
1.144531,-0.259766,-0.177734,0.000000,28.169039,10.000000
1.343750,-0.126953,0.042969,0.000000,24.969297,10.000000
2.548828,-0.263672,1.181641,0.000000,29.439888,10.000000
2.601562,-0.267578,1.166016,0.000000,32.782963,10.000000
2.654297,-0.181641,1.166016,0.000000,32.030331,10.000000
4.419922,-0.287109,1.169922,0.000000,30.888445,10.000000
4.468750,-0.289062,1.144531,0.000000,30.457140,10.000000
4.880859,-0.308594,0.767578,0.000000,30.515385,10.000000
1.171875,-0.306641,-0.201172,0.614669,30.025980,10.000000
1.214844,-0.316406,-0.179688,0.614669,29.921114,10.000000
1.255859,-0.367188,-0.044922,0.614669,26.608654,10.000000
0.041016,-0.033203,0.062500,0.000000,30.141003,10.000000
0.052734,-0.042969,0.103516,0.000000,29.025467,10.000000
2.662109,-2.003906,-3.144531,0.000000,28.426092,10.000000
2.818359,-2.021484,-3.054688,0.000000,27.781513,10.000000
0.011719,-0.039062,-0.007812,0.000000,30.806265,11.000000
0.017578,-0.080078,-0.007812,0.000000,32.022160,11.000000
0.041016,-0.115234,-0.007812,0.000000,30.293839,11.000000
0.056641,-0.154297,0.005859,0.000000,25.550945,11.000000
1.111328,-0.250000,-0.126953,0.000000,21.903316,11.000000
1.142578,-0.296875,-0.125000,0.000000,28.739016,11.000000
1.171875,-0.345703,-0.115234,0.000000,32.166935,11.000000
1.214844,-0.357422,-0.072266,0.000000,32.674065,11.000000
1.240234,-0.408203,0.089844,0.000000,30.711452,11.000000
1.281250,-0.421875,0.048828,0.000000,26.580114,11.000000
2.554688,-0.263672,1.171875,0.000000,29.493900,11.000000
2.607422,-0.267578,1.154297,0.000000,32.787537,11.000000
2.662109,-0.181641,1.148438,0.000000,32.013969,11.000000
4.419922,-0.287109,1.171875,0.000000,30.666985,11.000000
4.457031,-0.289062,1.187500,0.000000,30.141003,11.000000
4.880859,-0.308594,0.757812,0.000000,30.895519,11.000000
0.041016,-0.033203,0.062500,0.000000,30.141003,11.000000
0.052734,-0.042969,0.103516,0.000000,29.025467,11.000000
2.330078,-2.003906,-3.398438,0.000000,27.831886,11.000000
2.886719,-2.021484,-2.990234,0.000000,27.411516,11.000000
0.011719,-0.039062,-0.007812,0.000000,30.806265,12.000000
0.017578,-0.080078,-0.007812,0.000000,32.022160,12.000000
0.041016,-0.115234,-0.007812,0.000000,30.293839,12.000000
0.056641,-0.154297,0.005859,0.000000,25.538830,12.000000
1.197266,-0.396484,0.138672,0.000000,27.474117,12.000000
1.238281,-0.408203,0.103516,0.000000,27.050079,12.000000
2.541016,-0.263672,1.199219,0.000000,29.454685,12.000000
2.601562,-0.267578,1.164062,0.000000,32.803509,12.000000
2.660156,-0.181641,1.152344,0.000000,32.035767,12.000000
4.439453,-0.287109,1.097656,0.000000,30.842186,12.000000
4.482422,-0.289062,1.093750,0.000000,30.406023,12.000000
4.849609,-0.464844,0.873047,0.000000,30.553783,12.000000
1.136719,-0.259766,-0.220703,0.614669,23.031961,12.000000
