0.050781,-0.042969,0.103516,0.000000,29.095560,0.000000
0.621094,0.679688,1.251953,0.000000,25.092026,0.000000
0.955078,-0.548828,-1.154297,-0.614669,21.789770,0.000000
0.011719,-0.039062,-0.007812,0.000000,30.877813,1.000000
0.017578,-0.080078,-0.009766,0.000000,32.092468,1.000000
0.041016,-0.115234,-0.009766,0.000000,30.366289,1.000000
0.056641,-0.154297,0.005859,0.000000,25.599066,1.000000
0.320312,-0.041016,-1.269531,0.000000,24.800070,1.000000
0.484375,-0.083984,-1.257812,0.000000,23.521826,1.000000
0.410156,-0.130859,-1.322266,0.000000,23.138672,1.000000
1.421875,-0.134766,0.103516,0.000000,26.384893,1.000000
1.466797,-0.046875,-0.125000,0.000000,29.973864,1.000000
1.505859,-0.000000,-0.158203,0.000000,30.453230,1.000000
1.546875,-0.000000,-0.162109,0.000000,28.202015,1.000000
2.611328,-0.175781,1.056641,0.000000,29.132839,1.000000
2.691406,-0.089844,0.972656,0.000000,32.362854,1.000000
2.755859,-0.089844,0.912109,0.000000,31.458178,1.000000
0.011719,0.031250,0.023438,0.000000,29.493900,1.000000
0.041016,-0.033203,0.062500,0.000000,30.220158,1.000000
0.050781,-0.042969,0.103516,0.000000,29.090208,1.000000
0.591797,0.582031,1.314453,0.000000,25.965971,1.000000
0.011719,-0.039062,-0.007812,0.000000,30.881361,2.000000
0.017578,-0.080078,-0.009766,0.000000,32.095150,2.000000
0.041016,-0.115234,-0.009766,0.000000,30.366289,2.000000
0.056641,-0.154297,0.003906,0.000000,25.599066,2.000000
0.146484,-0.080078,1.257812,0.000000,23.222193,2.000000
0.238281,-0.041016,-1.287109,0.000000,24.668676,2.000000
0.433594,-0.042969,-1.277344,0.000000,22.944662,2.000000
0.230469,-0.000000,1.371094,0.000000,20.681858,2.000000
2.611328,-0.175781,1.056641,0.000000,29.164539,2.000000
2.689453,-0.089844,0.978516,0.000000,32.360332,2.000000
2.757812,-0.089844,0.908203,0.000000,31.433271,2.000000
4.417969,-0.142578,1.201172,0.000000,31.664301,2.000000
4.455078,-0.144531,1.222656,0.000000,31.442627,2.000000
0.011719,0.031250,0.023438,0.000000,29.489017,2.000000
0.041016,-0.033203,0.062500,0.000000,30.220158,2.000000
0.050781,-0.042969,0.103516,0.000000,29.100906,2.000000
1.273438,-0.521484,0.207031,0.000000,18.450981,2.000000
0.011719,-0.039062,-0.007812,0.000000,30.884905,3.000000
0.017578,-0.080078,-0.009766,0.000000,32.095150,3.000000
0.041016,-0.115234,-0.009766,0.000000,30.366289,3.000000
0.056641,-0.154297,0.003906,0.000000,25.587086,3.000000
0.099609,-0.080078,1.261719,0.000000,23.201464,3.000000
0.269531,-0.041016,-1.279297,0.000000,24.727564,3.000000
0.484375,-0.042969,-1.259766,0.000000,23.074961,3.000000
0.277344,-0.042969,-1.361328,0.000000,21.238516,3.000000
1.468750,-0.000000,-0.113281,0.000000,27.888752,3.000000
1.507812,-0.000000,-0.140625,0.000000,29.425041,3.000000
1.548828,0.048828,-0.130859,0.000000,28.122446,3.000000
2.607422,-0.175781,1.064453,0.000000,29.047155,3.000000
2.691406,-0.089844,0.974609,0.000000,32.329960,3.000000
2.759766,-0.089844,0.900391,0.000000,31.430147,3.000000
4.404297,-0.142578,1.093750,0.000000,28.280151,3.000000
4.414062,-0.142578,1.218750,0.000000,31.728947,3.000000
4.449219,-0.144531,1.248047,0.000000,31.417633,3.000000
0.011719,0.031250,0.023438,0.000000,29.493900,3.000000
0.041016,-0.033203,0.062500,0.000000,30.216026,3.000000
0.050781,-0.042969,0.103516,0.000000,29.095560,3.000000
0.011719,-0.039062,-0.007812,0.000000,30.881361,4.000000
0.017578,-0.080078,-0.009766,0.000000,32.095150,4.000000
0.041016,-0.115234,-0.009766,0.000000,30.366289,4.000000
0.056641,-0.154297,0.005859,0.000000,25.599066,4.000000
0.167969,-0.080078,1.253906,0.000000,23.242825,4.000000
0.255859,-0.041016,-1.283203,0.000000,24.742163,4.000000
0.457031,-0.042969,-1.269531,0.000000,23.138672,4.000000
0.287109,-0.087891,-1.357422,0.000000,21.731863,4.000000
1.511719,-0.046875,-0.060547,0.000000,26.551384,4.000000
1.552734,-0.000000,-0.052734,0.000000,29.324738,4.000000
1.595703,-0.000000,-0.025391,0.000000,28.686445,4.000000
1.634766,0.050781,0.013672,0.000000,25.987906,4.000000
2.613281,-0.175781,1.050781,0.000000,29.138138,4.000000
2.691406,-0.089844,0.974609,0.000000,32.345173,4.000000
2.757812,-0.089844,0.906250,0.000000,31.401937,4.000000
4.404297,-0.142578,1.097656,0.000000,28.286598,4.000000
4.416016,-0.142578,1.214844,0.000000,31.789770,4.000000
4.453125,-0.144531,1.232422,0.000000,31.525940,4.000000
0.011719,0.031250,0.023438,0.000000,29.489017,4.000000
0.041016,-0.033203,0.062500,0.000000,30.216026,4.000000
0.050781,-0.042969,0.103516,0.000000,29.090208,4.000000
0.011719,-0.039062,-0.007812,0.000000,30.884905,5.000000
0.017578,-0.080078,-0.009766,0.000000,32.095150,5.000000
0.041016,-0.115234,-0.009766,0.000000,30.370279,5.000000
0.056641,-0.154297,0.005859,0.000000,25.599066,5.000000
0.138672,-0.080078,1.257812,0.000000,23.222193,5.000000
0.281250,-0.041016,-1.277344,0.000000,24.727564,5.000000
0.517578,-0.042969,-1.246094,0.000000,23.074961,5.000000
0.564453,-0.042969,-1.271484,0.000000,21.702618,5.000000
1.496094,0.093750,-0.210938,0.000000,27.853298,5.000000
1.527344,0.048828,-0.287109,0.000000,28.970770,5.000000
1.564453,-0.000000,-0.308594,0.000000,28.020893,5.000000
2.605469,-0.175781,1.070312,0.000000,29.169800,5.000000
2.687500,-0.089844,0.986328,0.000000,32.365372,5.000000
2.751953,-0.089844,0.923828,0.000000,31.423895,5.000000
4.414062,-0.142578,1.220703,0.000000,30.503798,5.000000
4.449219,-0.144531,1.248047,0.000000,30.314085,5.000000
0.011719,0.031250,0.023438,0.000000,29.489017,5.000000
0.041016,-0.033203,0.062500,0.000000,30.220158,5.000000
0.050781,-0.042969,0.103516,0.000000,29.106243,5.000000
0.011719,-0.039062,-0.007812,0.000000,30.881361,6.000000
0.017578,-0.080078,-0.009766,0.000000,32.092468,6.000000
0.041016,-0.115234,-0.009766,0.000000,30.366289,6.000000
0.056641,-0.154297,0.005859,0.000000,25.587086,6.000000
0.171875,-0.080078,1.253906,0.000000,23.201464,6.000000
0.244141,-0.041016,-1.285156,0.000000,24.698219,6.000000
0.339844,-0.083984,-1.304688,0.000000,23.010300,6.000000
0.246094,-0.087891,1.365234,0.000000,21.789770,6.000000
1.328125,-0.089844,0.527344,0.000000,22.671717,6.000000
1.458984,0.046875,-0.193359,0.000000,29.127533,6.000000
1.496094,0.046875,-0.224609,0.000000,31.989319,6.000000
1.542969,-0.000000,-0.195312,0.000000,31.476763,6.000000
1.591797,-0.000000,-0.091797,0.000000,28.744818,6.000000
2.619141,-0.175781,1.037109,0.000000,29.148718,6.000000
2.693359,-0.089844,0.968750,0.000000,32.314697,6.000000
2.757812,-0.089844,0.906250,0.000000,31.376705,6.000000
0.011719,0.031250,0.023438,0.000000,29.493900,6.000000
0.041016,-0.033203,0.062500,0.000000,30.220158,6.000000
0.050781,-0.042969,0.103516,0.000000,29.095560,6.000000
0.011719,-0.039062,-0.007812,0.000000,30.888445,7.000000
0.017578,-0.080078,-0.009766,0.000000,32.095150,7.000000
0.041016,-0.115234,-0.009766,0.000000,30.362295,7.000000
0.056641,-0.154297,0.005859,0.000000,25.587086,7.000000
0.066406,-0.080078,1.263672,0.000000,23.222193,7.000000
0.271484,-0.041016,-1.279297,0.000000,24.712917,7.000000
0.625000,-0.042969,-1.195312,0.000000,23.074961,7.000000
0.984375,-0.042969,-0.982422,0.000000,21.789770,7.000000
1.384766,-0.044922,-0.359375,0.000000,26.748611,7.000000
1.455078,-0.046875,-0.222656,0.000000,32.156376,7.000000
1.498047,-0.046875,-0.210938,0.000000,33.607826,7.000000
1.537109,-0.048828,-0.224609,0.000000,31.538149,7.000000
2.640625,-0.175781,0.982422,0.000000,29.258276,7.000000
2.703125,-0.089844,0.943359,0.000000,32.390491,7.000000
2.765625,-0.089844,0.882812,0.000000,31.442627,7.000000
0.011719,0.031250,0.023438,0.000000,29.493900,7.000000
0.041016,-0.033203,0.062500,0.000000,30.220158,7.000000
0.050781,-0.042969,0.103516,0.000000,29.095560,7.000000
0.011719,-0.039062,-0.007812,0.000000,30.884905,8.000000
0.017578,-0.080078,-0.009766,0.000000,32.092468,8.000000
0.041016,-0.115234,-0.009766,0.000000,30.366289,8.000000
0.056641,-0.154297,0.003906,0.000000,25.599066,8.000000
0.126953,-0.080078,1.259766,0.000000,23.201464,8.000000
0.257812,-0.041016,-1.283203,0.000000,24.727564,8.000000
0.572266,-0.042969,-1.222656,0.000000,23.242825,8.000000
0.689453,-0.042969,-1.207031,0.000000,21.553360,8.000000
1.429688,-0.044922,-0.042969,0.000000,23.765770,8.000000
1.460938,-0.000000,-0.177734,0.000000,30.867157,8.000000
1.500000,-0.046875,-0.195312,0.000000,32.365372,8.000000
1.529297,-0.000000,-0.279297,0.000000,30.433622,8.000000
1.529297,-0.000000,-0.455078,0.000000,26.693169,8.000000
2.636719,-0.175781,0.990234,0.000000,29.185545,8.000000
2.697266,-0.089844,0.957031,0.000000,32.345173,8.000000
2.759766,-0.089844,0.898438,0.000000,31.398790,8.000000
0.011719,0.031250,0.023438,0.000000,29.498777,8.000000
0.041016,-0.033203,0.062500,0.000000,30.216026,8.000000
0.050781,-0.042969,0.103516,0.000000,29.095560,8.000000
0.011719,-0.039062,-0.007812,0.000000,30.877813,9.000000
0.017578,-0.080078,-0.009766,0.000000,32.092468,9.000000
0.041016,-0.115234,-0.009766,0.000000,30.366289,9.000000
0.056641,-0.154297,0.005859,0.000000,25.587086,9.000000
0.070312,-0.080078,1.263672,0.000000,23.222193,9.000000
0.250000,-0.041016,-1.285156,0.000000,24.683474,9.000000
0.103516,-0.083984,-1.343750,0.000000,23.031961,9.000000
0.703125,-0.000000,1.199219,0.000000,23.463530,9.000000
1.318359,-0.044922,-0.556641,0.000000,25.831987,9.000000
1.451172,-0.000000,-0.248047,0.000000,30.591846,9.000000
1.501953,-0.000000,-0.191406,0.000000,32.392994,9.000000
1.546875,-0.000000,-0.148438,0.000000,30.220158,9.000000
1.582031,0.099609,0.187500,0.000000,26.532125,9.000000
1.623047,0.101562,0.189453,0.000000,26.222139,9.000000
2.628906,-0.175781,1.009766,0.000000,29.360107,9.000000
2.685547,-0.089844,0.990234,0.000000,32.337574,9.000000
2.746094,-0.089844,0.943359,0.000000,31.360861,9.000000
4.808594,-1.248047,-0.476562,0.000000,28.998205,9.000000
0.011719,0.031250,0.023438,0.000000,29.493900,9.000000
0.041016,-0.033203,0.062500,0.000000,30.216026,9.000000
0.050781,-0.042969,0.103516,0.000000,29.090208,9.000000
0.011719,-0.039062,-0.007812,0.000000,30.881361,10.000000
0.017578,-0.080078,-0.009766,0.000000,32.092468,10.000000
0.041016,-0.115234,-0.009766,0.000000,30.366289,10.000000
0.056641,-0.154297,0.005859,0.000000,25.599066,10.000000
0.142578,-0.080078,1.257812,0.000000,23.201464,10.000000
0.273438,-0.041016,-1.279297,0.000000,24.698219,10.000000
0.578125,-0.042969,-1.218750,0.000000,23.364597,10.000000
1.066406,-0.000000,-0.892578,0.000000,23.692158,10.000000
1.208984,-0.044922,-0.765625,0.000000,25.378191,10.000000
1.458984,-0.091797,-0.171875,0.000000,28.615345,10.000000
1.507812,-0.046875,-0.111328,0.000000,30.748165,10.000000
1.552734,-0.000000,-0.060547,0.000000,30.718821,10.000000
1.595703,-0.000000,0.007812,0.000000,28.830935,10.000000
2.626953,-0.175781,1.019531,0.000000,29.169800,10.000000
2.695312,-0.089844,0.964844,0.000000,32.370407,10.000000
2.763672,-0.089844,0.888672,0.000000,31.455072,10.000000
4.806641,-1.248047,-0.492188,0.000000,29.258276,10.000000
0.011719,0.031250,0.023438,0.000000,29.493900,10.000000
0.041016,-0.033203,0.062500,0.000000,30.224283,10.000000
0.050781,-0.042969,0.103516,0.000000,29.095560,10.000000
0.011719,-0.039062,-0.007812,0.000000,30.881361,11.000000
0.017578,-0.080078,-0.009766,0.000000,32.092468,11.000000
0.041016,-0.115234,-0.009766,0.000000,30.366289,11.000000
0.056641,-0.154297,0.003906,0.000000,25.599066,11.000000
0.146484,-0.080078,1.257812,0.000000,23.263359,11.000000
0.267578,-0.041016,-1.281250,0.000000,24.727564,11.000000
0.492188,-0.083984,-1.253906,0.000000,22.855574,11.000000
1.408203,0.179688,-0.181641,0.000000,25.865873,11.000000
1.451172,0.183594,-0.162109,0.000000,28.234743,11.000000
1.505859,0.142578,-0.066406,0.000000,28.280151,11.000000
1.285156,-0.291016,-0.824219,0.000000,27.024305,11.000000
2.583984,-0.175781,1.121094,0.000000,28.932068,11.000000
2.681641,-0.089844,1.001953,0.000000,32.240147,11.000000
2.748047,-0.089844,0.935547,0.000000,31.296900,11.000000
4.804688,-1.248047,-0.509766,0.000000,29.350031,11.000000
0.011719,0.031250,0.023438,0.000000,29.493900,11.000000
0.041016,-0.033203,0.062500,0.000000,30.220158,11.000000
0.050781,-0.042969,0.103516,0.000000,29.100906,11.000000
0.597656,-0.367188,1.294922,0.000000,25.809250,11.000000
0.884766,-0.283203,-1.195312,0.000000,27.339993,11.000000
1.531250,0.193359,0.177734,0.000000,26.201361,11.000000
0.011719,-0.039062,-0.007812,0.000000,30.884905,12.000000
0.017578,-0.080078,-0.009766,0.000000,32.095150,12.000000
0.041016,-0.115234,-0.009766,0.000000,30.362295,12.000000
0.056641,-0.154297,0.003906,0.000000,25.575071,12.000000
0.152344,-0.080078,1.255859,0.000000,23.242825,12.000000
0.265625,-0.041016,-1.281250,0.000000,24.712917,12.000000
0.587891,-0.042969,-1.214844,0.000000,23.364597,12.000000
1.121094,0.042969,-0.822266,0.000000,23.521826,12.000000
1.273438,0.089844,-0.648438,0.000000,24.653828,12.000000
1.437500,-0.183594,-0.267578,0.000000,25.728716,12.000000
1.445312,-0.189453,-0.408203,0.000000,28.488047,12.000000
1.472656,-0.193359,-0.458984,0.000000,27.774269,12.000000
2.628906,-0.175781,1.013672,0.000000,29.273705,12.000000
2.689453,-0.089844,0.978516,0.000000,32.395496,12.000000
2.750000,-0.089844,0.927734,0.000000,31.386185,12.000000
4.843750,-1.091797,-0.509766,0.000000,29.405165,12.000000
0.011719,0.031250,0.023438,0.000000,29.493900,12.000000
0.041016,-0.033203,0.062500,0.000000,30.216026,12.000000
0.050781,-0.042969,0.103516,0.000000,29.095560,12.000000
0.011719,-0.039062,-0.007812,0.000000,30.884905,13.000000
0.017578,-0.080078,-0.009766,0.000000,32.095150,13.000000
0.041016,-0.115234,-0.009766,0.000000,30.366289,13.000000
0.056641,-0.154297,0.003906,0.000000,25.611013,13.000000
0.173828,-0.080078,1.253906,0.000000,23.242825,13.000000
0.244141,-0.041016,-1.285156,0.000000,24.698219,13.000000
0.458984,-0.042969,-1.269531,0.000000,23.053514,13.000000
0.343750,-0.042969,-1.347656,0.000000,22.041201,13.000000
1.441406,-0.230469,-0.191406,0.000000,25.078558,13.000000
1.447266,-0.189453,-0.396484,0.000000,26.928469,13.000000
1.593750,0.050781,-0.037109,0.000000,26.222139,13.000000
2.617188,-0.175781,1.042969,0.000000,29.159271,13.000000
2.689453,-0.089844,0.980469,0.000000,32.362854,13.000000
2.755859,-0.089844,0.914062,0.000000,31.373541,13.000000
0.011719,0.031250,0.023438,0.000000,29.493900,13.000000
0.041016,-0.033203,0.062500,0.000000,30.224283,13.000000
0.050781,-0.042969,0.103516,0.000000,29.095560,13.000000
1.447266,-0.138672,-0.240234,0.000000,25.037907,13.000000
0.732422,0.597656,1.285156,0.000000,23.560259,13.000000
0.011719,-0.039062,-0.007812,0.000000,30.888445,14.000000
0.017578,-0.080078,-0.009766,0.000000,32.095150,14.000000
