2.753906,-0.089844,0.917969,0.000000,31.189257,0.000000
1.515625,0.048828,0.341797,0.614669,24.116198,0.000000
0.009766,0.031250,0.025391,0.000000,29.319662,0.000000
0.041016,-0.033203,0.062500,0.000000,30.090258,0.000000
0.044922,-0.046875,0.103516,0.000000,28.970770,0.000000
0.011719,-0.039062,-0.007812,0.000000,30.655798,1.000000
0.017578,-0.080078,-0.007812,0.000000,31.908916,1.000000
0.029297,-0.119141,-0.005859,0.000000,30.157787,1.000000
0.056641,-0.154297,0.005859,0.000000,25.440680,1.000000
0.367188,-0.080078,-1.210938,0.000000,23.384565,1.000000
0.673828,-0.041016,-1.121094,0.000000,24.996870,1.000000
1.144531,-0.042969,-0.714844,0.000000,23.541084,1.000000
1.386719,-0.000000,-0.099609,0.000000,27.930916,1.000000
1.429688,-0.000000,-0.087891,0.000000,32.633995,1.000000
1.468750,-0.000000,-0.103516,0.000000,33.475250,1.000000
1.507812,-0.000000,-0.125000,0.000000,30.322157,1.000000
2.615234,-0.175781,1.044922,0.000000,29.014584,1.000000
2.693359,-0.089844,0.966797,0.000000,32.159019,1.000000
2.755859,-0.089844,0.910156,0.000000,31.078880,1.000000
0.009766,0.031250,0.025391,0.000000,29.319662,1.000000
0.041016,-0.033203,0.062500,0.000000,30.090258,1.000000
0.044922,-0.046875,0.103516,0.000000,28.970770,1.000000
0.011719,-0.039062,-0.007812,0.000000,30.655798,2.000000
0.017578,-0.080078,-0.007812,0.000000,31.906118,2.000000
0.029297,-0.119141,-0.005859,0.000000,30.153597,2.000000
0.056641,-0.154297,0.005859,0.000000,25.440680,2.000000
0.136719,-0.080078,-1.257812,0.000000,23.344538,2.000000
0.371094,-0.082031,-1.251953,0.000000,25.010593,2.000000
0.386719,-0.083984,-1.291016,0.000000,24.014006,2.000000
1.382812,-0.000000,0.148438,0.000000,27.126497,2.000000
1.429688,0.044922,-0.056641,0.000000,32.111206,2.000000
1.468750,0.046875,-0.107422,0.000000,33.289909,2.000000
1.503906,0.046875,-0.166016,0.000000,31.017471,2.000000
2.691406,-0.089844,0.972656,0.000000,32.124538,2.000000
2.757812,-0.089844,0.904297,0.000000,31.122698,2.000000
0.009766,0.031250,0.025391,0.000000,29.319662,2.000000
0.041016,-0.033203,0.062500,0.000000,30.086002,2.000000
0.044922,-0.046875,0.103516,0.000000,28.965261,2.000000
0.011719,-0.039062,-0.007812,0.000000,30.659531,3.000000
0.017578,-0.080078,-0.007812,0.000000,31.911715,3.000000
0.029297,-0.119141,-0.005859,0.000000,30.161974,3.000000
0.056641,-0.154297,0.005859,0.000000,25.453072,3.000000
0.332031,-0.080078,1.220703,0.000000,22.878017,3.000000
0.683594,-0.082031,1.113281,0.000000,23.926970,3.000000
1.181641,-0.167969,0.630859,0.000000,24.116198,3.000000
1.371094,0.087891,-0.218750,0.000000,23.961994,3.000000
1.408203,0.044922,-0.255859,0.000000,31.300119,3.000000
1.451172,0.046875,-0.250000,0.000000,33.140781,3.000000
1.486328,0.046875,-0.283203,0.000000,31.139433,3.000000
2.623047,-0.175781,1.027344,0.000000,29.344984,3.000000
2.695312,-0.089844,0.960938,0.000000,32.340107,3.000000
2.763672,-0.089844,0.890625,0.000000,31.271048,3.000000
0.011719,0.031250,0.025391,0.000000,29.319662,3.000000
0.041016,-0.033203,0.062500,0.000000,30.090258,3.000000
0.044922,-0.046875,0.103516,0.000000,28.970770,3.000000
1.341797,-0.173828,0.320312,0.000000,23.944517,3.000000
0.011719,-0.039062,-0.007812,0.000000,30.652061,4.000000
0.017578,-0.080078,-0.007812,0.000000,31.906118,4.000000
0.029297,-0.119141,-0.005859,0.000000,30.157787,4.000000
0.056641,-0.154297,0.005859,0.000000,25.453072,4.000000
0.123047,-0.080078,1.259766,0.000000,23.074961,4.000000
0.238281,-0.082031,1.285156,0.000000,24.533184,4.000000
0.660156,-0.083984,1.175781,0.000000,24.014006,4.000000
1.388672,-0.042969,0.070312,0.000000,28.394781,4.000000
1.431641,-0.000000,-0.029297,0.000000,32.301933,4.000000
1.468750,0.046875,-0.083984,0.000000,33.240765,4.000000
1.503906,0.046875,-0.166016,0.000000,31.541195,4.000000
1.529297,-0.000000,-0.283203,0.000000,28.325089,4.000000
2.589844,-0.175781,1.109375,0.000000,29.030899,4.000000
2.677734,-0.089844,1.011719,0.000000,32.129864,4.000000
2.736328,-0.089844,0.968750,0.000000,31.007151,4.000000
4.814453,-1.248047,-0.414062,0.000000,29.571281,4.000000
0.009766,0.031250,0.025391,0.000000,29.319662,4.000000
0.041016,-0.033203,0.062500,0.000000,30.090258,4.000000
0.044922,-0.046875,0.103516,0.000000,28.970770,4.000000
0.720703,0.630859,1.224609,0.000000,25.797836,4.000000
0.011719,-0.039062,-0.007812,0.000000,30.655798,5.000000
0.017578,-0.080078,-0.007812,0.000000,31.906118,5.000000
0.029297,-0.119141,-0.005859,0.000000,30.157787,5.000000
0.056641,-0.154297,0.005859,0.000000,25.440680,5.000000
0.171875,-0.080078,1.253906,0.000000,23.222193,5.000000
0.259766,-0.082031,-1.279297,0.000000,24.885508,5.000000
0.550781,-0.083984,-1.228516,0.000000,23.673559,5.000000
1.291016,-0.000000,0.519531,0.000000,22.405493,5.000000
1.429688,0.044922,-0.037109,0.000000,29.227255,5.000000
1.466797,0.046875,-0.132812,0.000000,31.020905,5.000000
1.494141,0.142578,-0.193359,0.000000,27.752462,5.000000
2.603516,-0.175781,1.076172,0.000000,29.025467,5.000000
2.687500,-0.089844,0.984375,0.000000,32.161659,5.000000
2.759766,-0.089844,0.902344,0.000000,31.212315,5.000000
4.808594,-1.248047,-0.470703,0.000000,29.247959,5.000000
0.009766,0.031250,0.025391,0.000000,29.314579,5.000000
0.041016,-0.033203,0.062500,0.000000,30.090258,5.000000
0.044922,-0.046875,0.103516,0.000000,28.970770,5.000000
0.775391,-0.425781,1.228516,0.000000,25.224442,5.000000
0.011719,-0.039062,-0.007812,0.000000,30.659531,6.000000
0.017578,-0.080078,-0.007812,0.000000,31.908916,6.000000
0.029297,-0.119141,-0.005859,0.000000,30.157787,6.000000
0.056641,-0.154297,0.005859,0.000000,25.440680,6.000000
0.271484,-0.080078,1.236328,0.000000,22.855574,6.000000
0.580078,-0.082031,1.171875,0.000000,24.048338,6.000000
0.613281,-0.083984,1.199219,0.000000,22.479733,6.000000
1.275391,-0.000000,-0.552734,0.000000,24.517864,6.000000
1.376953,-0.089844,-0.382812,0.000000,29.365137,6.000000
1.421875,-0.091797,-0.373047,0.000000,31.136091,6.000000
1.478516,-0.046875,-0.322266,0.000000,30.930714,6.000000
1.537109,-0.000000,-0.232422,0.000000,29.196011,6.000000
2.623047,-0.175781,1.027344,0.000000,29.138138,6.000000
2.693359,-0.089844,0.966797,0.000000,32.224564,6.000000
2.753906,-0.089844,0.916016,0.000000,31.169397,6.000000
4.802734,-1.248047,-0.537109,0.000000,29.052561,6.000000
0.009766,0.031250,0.025391,0.000000,29.319662,6.000000
0.041016,-0.033203,0.062500,0.000000,30.094509,6.000000
0.046875,-0.046875,0.103516,0.000000,28.970770,6.000000
0.011719,-0.039062,-0.007812,0.000000,30.655798,7.000000
0.017578,-0.080078,-0.007812,0.000000,31.908916,7.000000
0.029297,-0.119141,-0.005859,0.000000,30.161974,7.000000
0.056641,-0.154297,0.005859,0.000000,25.453072,7.000000
0.416016,-0.080078,1.195312,0.000000,22.504200,7.000000
0.740234,-0.082031,1.076172,0.000000,23.283796,7.000000
1.064453,-0.167969,0.814453,0.000000,21.673174,7.000000
1.429688,0.044922,-0.080078,0.000000,24.248816,7.000000
1.466797,0.138672,-0.001953,0.000000,25.998831,7.000000
1.496094,0.093750,0.205078,0.000000,27.355989,7.000000
1.533203,0.048828,0.255859,0.000000,28.000294,7.000000
2.611328,-0.175781,1.056641,0.000000,29.020029,7.000000
2.685547,-0.089844,0.988281,0.000000,32.195847,7.000000
2.744141,-0.089844,0.945312,0.000000,31.179338,7.000000
0.009766,0.031250,0.025391,0.000000,29.319662,7.000000
0.041016,-0.033203,0.062500,0.000000,30.094509,7.000000
0.044922,-0.046875,0.103516,0.000000,28.970770,7.000000
0.011719,-0.039062,-0.007812,0.000000,30.659531,8.000000
0.017578,-0.080078,-0.007812,0.000000,31.908916,8.000000
0.029297,-0.119141,-0.005859,0.000000,30.157787,8.000000
0.056641,-0.154297,0.005859,0.000000,25.440680,8.000000
0.089844,-0.080078,-1.261719,0.000000,22.671717,8.000000
0.167969,-0.041016,-1.296875,0.000000,23.747484,8.000000
0.769531,-0.126953,1.101562,0.000000,22.455126,8.000000
1.378906,-0.087891,-0.156250,0.000000,26.127838,8.000000
1.414062,-0.044922,-0.218750,0.000000,29.694159,8.000000
1.458984,-0.000000,-0.197266,0.000000,31.166077,8.000000
1.507812,0.046875,-0.117188,0.000000,31.068705,8.000000
1.554688,-0.000000,-0.037109,0.000000,29.566486,8.000000
1.591797,0.050781,-0.103516,0.000000,26.180481,8.000000
2.609375,-0.175781,1.062500,0.000000,28.932068,8.000000
2.691406,-0.089844,0.972656,0.000000,32.198463,8.000000
2.757812,-0.089844,0.906250,0.000000,31.225435,8.000000
0.009766,0.031250,0.025391,0.000000,29.319662,8.000000
0.041016,-0.033203,0.062500,0.000000,30.090258,8.000000
0.044922,-0.046875,0.103516,0.000000,28.970770,8.000000
1.548828,0.097656,-0.074219,0.000000,29.498777,8.000000
0.011719,-0.039062,-0.007812,0.000000,30.655798,9.000000
0.017578,-0.080078,-0.007812,0.000000,31.906118,9.000000
0.029297,-0.119141,-0.005859,0.000000,30.157787,9.000000
0.056641,-0.154297,0.005859,0.000000,25.453072,9.000000
0.306641,-0.080078,1.228516,0.000000,23.856062,9.000000
0.519531,-0.082031,-1.199219,0.000000,26.201361,9.000000
0.970703,-0.083984,-0.935547,0.000000,25.314789,9.000000
1.037109,-0.087891,-0.921875,0.000000,24.313637,9.000000
1.332031,-0.044922,-0.521484,0.000000,26.085260,9.000000
1.462891,0.046875,-0.158203,0.000000,29.400181,9.000000
1.509766,-0.000000,-0.107422,0.000000,32.097832,9.000000
1.548828,0.048828,-0.123047,0.000000,31.156105,9.000000
1.583984,0.050781,-0.179688,0.000000,27.315887,9.000000
2.617188,-0.175781,1.044922,0.000000,29.041744,9.000000
2.691406,-0.089844,0.974609,0.000000,32.201080,9.000000
2.759766,-0.089844,0.898438,0.000000,31.238516,9.000000
4.419922,-0.142578,1.197266,0.000000,31.267805,9.000000
4.458984,-0.144531,1.208984,0.000000,30.986437,9.000000
0.009766,0.031250,0.025391,0.000000,29.319662,9.000000
0.041016,-0.033203,0.062500,0.000000,30.094509,9.000000
0.044922,-0.046875,0.103516,0.000000,28.970770,9.000000
0.011719,-0.039062,-0.007812,0.000000,30.655798,10.000000
0.017578,-0.080078,-0.007812,0.000000,31.908916,10.000000
0.029297,-0.119141,-0.005859,0.000000,30.157787,10.000000
0.056641,-0.154297,0.005859,0.000000,25.440680,10.000000
0.507812,-0.080078,1.160156,0.000000,22.855574,10.000000
0.787109,-0.123047,1.039062,0.000000,24.955442,10.000000
0.396484,-0.126953,1.283203,0.000000,24.885508,10.000000
0.878906,-0.087891,-1.074219,0.000000,23.222193,10.000000
1.359375,-0.000000,-0.447266,0.000000,22.253094,10.000000
1.462891,0.046875,-0.156250,0.000000,29.542425,10.000000
1.509766,-0.000000,-0.101562,0.000000,32.367889,10.000000
1.552734,-0.000000,-0.052734,0.000000,31.878027,10.000000
1.595703,-0.000000,0.000000,0.000000,27.958799,10.000000
2.626953,-0.175781,1.017578,0.000000,29.095560,10.000000
2.695312,-0.089844,0.962891,0.000000,32.206310,10.000000
2.757812,-0.089844,0.906250,0.000000,31.199154,10.000000
4.404297,-0.142578,1.093750,0.000000,28.182259,10.000000
4.416016,-0.142578,1.208984,0.000000,31.652443,10.000000
4.455078,-0.144531,1.226562,0.000000,31.322598,10.000000
0.009766,0.031250,0.025391,0.000000,29.324738,10.000000
0.041016,-0.033203,0.062500,0.000000,30.094509,10.000000
0.044922,-0.046875,0.103516,0.000000,28.970770,10.000000
0.599609,-1.296875,-0.080078,0.000000,19.395193,10.000000
0.011719,-0.039062,-0.007812,0.000000,30.659531,11.000000
0.017578,-0.080078,-0.007812,0.000000,31.908916,11.000000
0.029297,-0.119141,-0.005859,0.000000,30.161974,11.000000
0.056641,-0.154297,0.005859,0.000000,25.453072,11.000000
0.335938,-0.080078,1.220703,0.000000,22.148439,11.000000
0.890625,-0.123047,0.951172,0.000000,22.648178,11.000000
1.232422,-0.210938,0.507812,0.000000,23.384565,11.000000
1.371094,-0.000000,-0.414062,0.000000,25.390760,11.000000
1.455078,-0.000000,-0.222656,0.000000,28.102325,11.000000
1.505859,-0.000000,-0.158203,0.000000,30.141003,11.000000
1.552734,-0.000000,-0.082031,0.000000,30.207754,11.000000
1.595703,-0.000000,-0.005859,0.000000,27.226339,11.000000
2.613281,-0.175781,1.050781,0.000000,29.003672,11.000000
2.681641,-0.089844,1.001953,0.000000,32.161659,11.000000
2.740234,-0.089844,0.958984,0.000000,31.082266,11.000000
4.402344,-0.142578,1.101562,0.000000,28.195440,11.000000
4.412109,-0.142578,1.226562,0.000000,31.667261,11.000000
4.445312,-0.144531,1.255859,0.000000,31.386185,11.000000
0.009766,0.031250,0.025391,0.000000,29.319662,11.000000
0.041016,-0.033203,0.062500,0.000000,30.090258,11.000000
0.044922,-0.046875,0.103516,0.000000,28.970770,11.000000
0.011719,-0.039062,-0.007812,0.000000,30.659531,12.000000
0.017578,-0.080078,-0.007812,0.000000,31.908916,12.000000
0.029297,-0.119141,-0.005859,0.000000,30.161974,12.000000
0.056641,-0.154297,0.005859,0.000000,25.453072,12.000000
0.494141,-0.080078,1.166016,0.000000,23.201464,12.000000
0.775391,-0.123047,1.046875,0.000000,25.575071,12.000000
1.083984,-0.126953,-0.794922,0.000000,25.831987,12.000000
1.283203,-0.042969,-0.533203,0.000000,26.473829,12.000000
1.382812,-0.000000,-0.371094,0.000000,29.552065,12.000000
1.439453,0.046875,-0.306641,0.000000,31.619667,12.000000
1.472656,0.046875,-0.345703,0.000000,30.561422,12.000000
1.484375,0.146484,-0.439453,0.000000,26.095943,12.000000
2.685547,-0.089844,0.988281,0.000000,32.124538,12.000000
2.755859,-0.089844,0.914062,0.000000,31.119343,12.000000
4.408203,-0.142578,1.238281,0.000000,30.362295,12.000000
4.453125,-0.144531,1.228516,0.000000,30.073210,12.000000
0.009766,0.031250,0.025391,0.000000,29.319662,12.000000
0.041016,-0.033203,0.062500,0.000000,30.090258,12.000000
0.044922,-0.046875,0.103516,0.000000,28.970770,12.000000
0.011719,-0.039062,-0.007812,0.000000,30.655798,13.000000
0.017578,-0.080078,-0.007812,0.000000,31.906118,13.000000
0.029297,-0.119141,-0.005859,0.000000,30.153597,13.000000
0.056641,-0.154297,0.005859,0.000000,25.428255,13.000000
0.072266,-0.080078,1.263672,0.000000,23.222193,13.000000
0.205078,-0.082031,-1.291016,0.000000,24.785666,13.000000
0.423828,-0.042969,-1.281250,0.000000,22.944662,13.000000
1.328125,-0.042969,0.408203,0.000000,24.487062,13.000000
1.425781,-0.044922,-0.130859,0.000000,28.350561,13.000000
1.468750,-0.000000,-0.099609,0.000000,29.390198,13.000000
1.513672,-0.000000,-0.025391,0.000000,29.025467,13.000000
1.552734,-0.000000,-0.050781,0.000000,26.414742,13.000000
2.615234,-0.175781,1.048828,0.000000,29.079485,13.000000
2.693359,-0.089844,0.966797,0.000000,32.201080,13.000000
2.761719,-0.089844,0.892578,0.000000,31.195858,13.000000
0.009766,0.031250,0.025391,0.000000,29.324738,13.000000
0.041016,-0.033203,0.062500,0.000000,30.090258,13.000000
0.044922,-0.046875,0.103516,0.000000,28.965261,13.000000
0.011719,-0.039062,-0.007812,0.000000,30.659531,14.000000
0.017578,-0.080078,-0.007812,0.000000,31.906118,14.000000
0.029297,-0.119141,-0.005859,0.000000,30.153597,14.000000
