1.632812,0.050781,0.093750,0.000000,29.390198,0.000000
1.650391,0.052734,0.298828,0.000000,29.858753,0.000000
1.695312,0.052734,0.269531,0.000000,30.211893,0.000000
1.736328,-0.000000,0.277344,0.000000,28.129133,0.000000
2.617188,-0.175781,1.041016,0.000000,29.590414,0.000000
2.658203,-0.179688,1.048828,0.000000,32.619762,0.000000
2.751953,-0.089844,0.921875,0.000000,31.541195,0.000000
0.009766,0.031250,0.025391,0.000000,29.299295,0.000000
0.041016,-0.033203,0.062500,0.000000,30.090258,0.000000
0.044922,-0.046875,0.103516,0.000000,28.992731,0.000000
0.011719,-0.039062,-0.007812,0.000000,30.655798,1.000000
0.017578,-0.080078,-0.007812,0.000000,31.908916,1.000000
0.029297,-0.119141,-0.005859,0.000000,30.141003,1.000000
0.056641,-0.154297,0.005859,0.000000,25.453072,1.000000
0.068359,-0.080078,1.263672,0.000000,23.053514,1.000000
0.431641,-0.083984,-1.275391,0.000000,23.031961,1.000000
0.564453,-0.042969,-1.271484,0.000000,21.673174,1.000000
1.593750,0.050781,0.000000,0.000000,29.360107,1.000000
1.636719,-0.000000,0.001953,0.000000,33.119656,1.000000
1.675781,0.052734,-0.017578,0.000000,34.020893,1.000000
1.718750,-0.000000,-0.017578,0.000000,32.810333,1.000000
1.757812,-0.000000,-0.029297,0.000000,29.390198,1.000000
2.617188,-0.175781,1.042969,0.000000,29.513374,1.000000
2.654297,-0.179688,1.056641,0.000000,32.655254,1.000000
2.748047,-0.089844,0.933594,0.000000,31.577589,1.000000
0.011719,0.031250,0.025391,0.000000,29.299295,1.000000
0.041016,-0.033203,0.062500,0.000000,30.094509,1.000000
0.044922,-0.046875,0.103516,0.000000,28.992731,1.000000
0.011719,-0.039062,-0.007812,0.000000,30.644581,2.000000
0.017578,-0.080078,-0.007812,0.000000,31.906118,2.000000
0.029297,-0.119141,-0.005859,0.000000,30.141003,2.000000
0.056641,-0.154297,0.005859,0.000000,25.453072,2.000000
0.064453,-0.080078,1.263672,0.000000,23.096302,2.000000
0.408203,-0.083984,-1.285156,0.000000,23.053514,2.000000
0.556641,-0.042969,-1.273438,0.000000,21.673174,2.000000
1.634766,-0.000000,-0.050781,0.000000,28.102325,2.000000
1.652344,0.052734,-0.279297,0.000000,28.954226,2.000000
1.630859,0.107422,-0.531250,0.000000,26.512779,2.000000
2.683594,-0.089844,0.994141,0.000000,31.942368,2.000000
2.746094,-0.089844,0.941406,0.000000,30.913151,2.000000
0.009766,0.031250,0.025391,0.000000,29.299295,2.000000
0.041016,-0.033203,0.062500,0.000000,30.094509,2.000000
0.044922,-0.046875,0.103516,0.000000,29.003672,2.000000
0.011719,-0.039062,-0.007812,0.000000,30.652061,3.000000
0.017578,-0.080078,-0.007812,0.000000,31.906118,3.000000
0.029297,-0.119141,-0.005859,0.000000,30.136797,3.000000
0.056641,-0.154297,0.007812,0.000000,25.440680,3.000000
0.031250,-0.080078,1.265625,0.000000,23.117538,3.000000
0.082031,-0.082031,-1.304688,0.000000,24.638929,3.000000
0.447266,-0.083984,-1.271484,0.000000,23.074961,3.000000
0.583984,-0.042969,-1.261719,0.000000,21.643528,3.000000
1.636719,-0.000000,-0.003906,0.000000,31.673174,3.000000
1.675781,0.052734,0.056641,0.000000,31.925674,3.000000
1.714844,0.052734,0.103516,0.000000,29.201233,3.000000
2.625000,-0.175781,1.021484,0.000000,29.106243,3.000000
2.656250,-0.179688,1.056641,0.000000,32.137833,3.000000
2.746094,-0.089844,0.939453,0.000000,31.055101,3.000000
0.041016,-0.033203,0.062500,0.000000,30.098757,3.000000
0.044922,-0.046875,0.103516,0.000000,28.992731,3.000000
0.011719,-0.039062,-0.007812,0.000000,30.652061,4.000000
0.017578,-0.080078,-0.007812,0.000000,31.908916,4.000000
0.029297,-0.119141,-0.005859,0.000000,30.141003,4.000000
0.056641,-0.154297,0.005859,0.000000,25.440680,4.000000
0.060547,-0.080078,1.263672,0.000000,23.096302,4.000000
0.431641,-0.083984,-1.275391,0.000000,23.010300,4.000000
0.537109,-0.042969,-1.283203,0.000000,21.583626,4.000000
1.587891,-0.000000,-0.156250,0.000000,29.537598,4.000000
1.632812,-0.000000,-0.115234,0.000000,33.780342,4.000000
1.675781,-0.000000,-0.083984,0.000000,34.258602,4.000000
1.716797,0.052734,-0.044922,0.000000,31.293676,4.000000
1.707031,0.109375,-0.412109,0.000000,26.893089,4.000000
2.611328,-0.175781,1.056641,0.000000,29.169800,4.000000
2.664062,-0.179688,1.033203,0.000000,32.268578,4.000000
2.763672,-0.089844,0.890625,0.000000,31.303337,4.000000
0.041016,-0.033203,0.062500,0.000000,30.094509,4.000000
0.044922,-0.046875,0.103516,0.000000,28.998205,4.000000
0.011719,-0.039062,-0.007812,0.000000,30.655798,5.000000
0.017578,-0.080078,-0.007812,0.000000,31.908916,5.000000
0.029297,-0.119141,-0.005859,0.000000,30.136797,5.000000
0.056641,-0.154297,0.005859,0.000000,25.465427,5.000000
0.115234,-0.080078,1.259766,0.000000,23.117538,5.000000
0.437500,-0.083984,-1.273438,0.000000,23.096302,5.000000
1.589844,-0.000000,-0.126953,0.000000,28.401060,5.000000
1.628906,-0.050781,-0.134766,0.000000,32.345173,5.000000
1.671875,-0.000000,-0.125000,0.000000,32.655254,5.000000
1.714844,-0.052734,-0.076172,0.000000,28.948696,5.000000
2.615234,-0.175781,1.046875,0.000000,28.887409,5.000000
2.660156,-0.179688,1.042969,0.000000,32.113876,5.000000
2.755859,-0.089844,0.910156,0.000000,31.105898,5.000000
0.009766,0.031250,0.025391,0.000000,29.304396,5.000000
0.041016,-0.033203,0.062500,0.000000,30.094509,5.000000
0.046875,-0.046875,0.103516,0.000000,28.998205,5.000000
0.011719,-0.039062,-0.007812,0.000000,30.644581,6.000000
0.017578,-0.080078,-0.007812,0.000000,31.906118,6.000000
0.029297,-0.119141,-0.005859,0.000000,30.141003,6.000000
0.056641,-0.154297,0.005859,0.000000,25.453072,6.000000
0.126953,-0.080078,1.259766,0.000000,23.117538,6.000000
0.431641,-0.083984,-1.275391,0.000000,23.074961,6.000000
1.615234,-0.101562,0.244141,0.000000,29.576073,6.000000
2.625000,-0.175781,1.019531,0.000000,28.926510,6.000000
2.662109,-0.179688,1.039062,0.000000,32.132519,6.000000
2.755859,-0.089844,0.912109,0.000000,31.115986,6.000000
1.623047,-0.052734,-0.558594,0.614669,26.551384,6.000000
1.693359,-0.000000,-0.472656,0.614669,26.138418,6.000000
1.666016,-0.000000,0.199219,-0.614669,29.334873,6.000000
1.705078,-0.000000,0.212891,-0.614669,27.299744,6.000000
0.009766,0.031250,0.025391,0.000000,29.304396,6.000000
0.041016,-0.033203,0.062500,0.000000,30.094509,6.000000
0.044922,-0.046875,0.103516,0.000000,28.998205,6.000000
1.638672,0.052734,-0.509766,0.614669,26.541765,6.000000
0.011719,-0.039062,-0.007812,0.000000,30.652061,7.000000
0.017578,-0.080078,-0.007812,0.000000,31.906118,7.000000
0.029297,-0.119141,-0.005859,0.000000,30.136797,7.000000
0.056641,-0.154297,0.005859,0.000000,25.453072,7.000000
0.044922,-0.082031,-1.306641,0.000000,24.608978,7.000000
0.445312,-0.083984,-1.271484,0.000000,23.053514,7.000000
0.572266,-0.042969,-1.267578,0.000000,21.673174,7.000000
1.527344,0.050781,0.460938,0.000000,26.464037,7.000000
1.570312,0.050781,0.457031,0.000000,27.275414,7.000000
1.666016,-0.000000,0.185547,0.000000,26.720978,7.000000
2.634766,-0.175781,0.998047,0.000000,29.030899,7.000000
2.669922,-0.179688,1.017578,0.000000,32.190605,7.000000
2.763672,-0.089844,0.890625,0.000000,31.166077,7.000000
0.009766,0.031250,0.025391,0.000000,29.299295,7.000000
0.041016,-0.033203,0.062500,0.000000,30.090258,7.000000
0.044922,-0.046875,0.103516,0.000000,28.998205,7.000000
0.552734,0.648438,1.349609,0.000000,23.820171,7.000000
0.011719,-0.039062,-0.007812,0.000000,30.644581,8.000000
0.017578,-0.080078,-0.007812,0.000000,31.906118,8.000000
0.029297,-0.119141,-0.005859,0.000000,30.136797,8.000000
0.056641,-0.154297,0.005859,0.000000,25.465427,8.000000
0.089844,-0.080078,1.261719,0.000000,23.096302,8.000000
0.046875,-0.082031,-1.304688,0.000000,24.608978,8.000000
0.443359,-0.083984,-1.273438,0.000000,23.053514,8.000000
0.560547,-0.042969,-1.271484,0.000000,21.643528,8.000000
1.615234,-0.050781,0.253906,0.000000,28.095596,8.000000
1.667969,-0.052734,0.160156,0.000000,29.726656,8.000000
1.714844,-0.000000,0.107422,0.000000,27.944880,8.000000
2.621094,-0.175781,1.031250,0.000000,29.063351,8.000000
2.660156,-0.179688,1.042969,0.000000,32.185356,8.000000
2.755859,-0.089844,0.912109,0.000000,31.149445,8.000000
0.009766,0.031250,0.025391,0.000000,29.299295,8.000000
0.041016,-0.033203,0.062500,0.000000,30.094509,8.000000
0.044922,-0.046875,0.103516,0.000000,28.998205,8.000000
0.011719,-0.039062,-0.007812,0.000000,30.652061,9.000000
0.017578,-0.080078,-0.007812,0.000000,31.906118,9.000000
0.029297,-0.119141,-0.005859,0.000000,30.136797,9.000000
0.056641,-0.154297,0.005859,0.000000,25.453072,9.000000
0.064453,-0.080078,1.263672,0.000000,23.138672,9.000000
0.037109,-0.082031,-1.306641,0.000000,24.638929,9.000000
0.443359,-0.083984,-1.271484,0.000000,23.053514,9.000000
0.554688,-0.042969,-1.275391,0.000000,21.643528,9.000000
1.572266,-0.050781,-0.271484,0.000000,26.711729,9.000000
1.632812,-0.000000,-0.109375,0.000000,31.264561,9.000000
1.673828,-0.052734,-0.078125,0.000000,32.412975,9.000000
1.714844,-0.000000,-0.115234,0.000000,30.499929,9.000000
2.623047,-0.175781,1.029297,0.000000,28.992731,9.000000
2.662109,-0.179688,1.041016,0.000000,32.190605,9.000000
2.750000,-0.089844,0.927734,0.000000,31.192558,9.000000
0.009766,0.031250,0.025391,0.000000,29.299295,9.000000
0.041016,-0.033203,0.062500,0.000000,30.094509,9.000000
0.044922,-0.046875,0.103516,0.000000,28.998205,9.000000
0.011719,-0.039062,-0.007812,0.000000,30.655798,10.000000
0.017578,-0.080078,-0.007812,0.000000,31.906118,10.000000
0.029297,-0.119141,-0.005859,0.000000,30.132587,10.000000
0.056641,-0.154297,0.005859,0.000000,25.453072,10.000000
0.132812,-0.080078,1.257812,0.000000,23.096302,10.000000
0.429688,-0.083984,-1.277344,0.000000,23.096302,10.000000
0.582031,-0.042969,-1.261719,0.000000,21.702618,10.000000
1.630859,-0.000000,-0.140625,0.000000,31.455072,10.000000
1.671875,-0.000000,-0.138672,0.000000,32.830750,10.000000
1.712891,-0.000000,-0.134766,0.000000,30.937717,10.000000
2.603516,-0.175781,1.076172,0.000000,28.981766,10.000000
2.654297,-0.179688,1.060547,0.000000,32.166935,10.000000
2.751953,-0.089844,0.921875,0.000000,31.112625,10.000000
1.716797,0.054688,-0.378906,-0.614669,26.522463,10.000000
0.009766,0.031250,0.025391,0.000000,29.299295,10.000000
0.041016,-0.033203,0.062500,0.000000,30.094509,10.000000
0.044922,-0.046875,0.103516,0.000000,28.992731,10.000000
0.011719,-0.039062,-0.007812,0.000000,30.648323,11.000000
0.017578,-0.080078,-0.007812,0.000000,31.908916,11.000000
0.029297,-0.119141,-0.005859,0.000000,30.141003,11.000000
0.056641,-0.154297,0.005859,0.000000,25.453072,11.000000
0.421875,-0.083984,-1.279297,0.000000,23.074961,11.000000
1.582031,0.050781,-0.201172,0.000000,28.325089,11.000000
1.626953,-0.000000,-0.179688,0.000000,32.301933,11.000000
1.669922,-0.000000,-0.152344,0.000000,32.764618,11.000000
1.710938,0.052734,-0.140625,0.000000,29.675480,11.000000
2.656250,-0.179688,1.056641,0.000000,31.970047,11.000000
2.751953,-0.089844,0.923828,0.000000,30.962147,11.000000
1.716797,-0.000000,-0.378906,-0.614669,25.263393,11.000000
0.009766,0.031250,0.025391,0.000000,29.299295,11.000000
0.041016,-0.033203,0.062500,0.000000,30.098757,11.000000
0.044922,-0.046875,0.103516,0.000000,29.003672,11.000000
0.011719,-0.039062,-0.007812,0.000000,30.648323,12.000000
0.017578,-0.080078,-0.007812,0.000000,31.906118,12.000000
0.029297,-0.119141,-0.005859,0.000000,30.141003,12.000000
0.056641,-0.154297,0.005859,0.000000,25.453072,12.000000
0.105469,-0.080078,1.261719,0.000000,23.096302,12.000000
0.419922,-0.083984,-1.279297,0.000000,23.053514,12.000000
0.560547,-0.042969,-1.271484,0.000000,21.731863,12.000000
2.623047,-0.175781,1.025391,0.000000,29.434946,12.000000
2.664062,-0.179688,1.033203,0.000000,32.559956,12.000000
2.753906,-0.089844,0.916016,0.000000,31.547281,12.000000
1.613281,-0.050781,0.265625,0.614669,28.195440,12.000000
1.644531,-0.052734,0.322266,0.614669,29.063351,12.000000
1.669922,0.052734,0.396484,0.614669,26.646420,12.000000
0.041016,-0.033203,0.062500,0.000000,30.094509,12.000000
0.044922,-0.046875,0.103516,0.000000,28.992731,12.000000
1.646484,0.052734,0.318359,0.614669,29.003672,12.000000
0.011719,-0.039062,-0.007812,0.000000,30.652061,13.000000
0.017578,-0.080078,-0.007812,0.000000,31.906118,13.000000
0.029297,-0.119141,-0.005859,0.000000,30.136797,13.000000
0.056641,-0.154297,0.005859,0.000000,25.453072,13.000000
0.064453,-0.080078,1.263672,0.000000,23.096302,13.000000
0.417969,-0.083984,-1.281250,0.000000,23.074961,13.000000
0.570312,-0.042969,-1.267578,0.000000,21.702618,13.000000
1.621094,-0.000000,-0.220703,0.000000,29.978231,13.000000
1.640625,-0.000000,-0.347656,0.000000,31.152777,13.000000
0.832031,2.261719,0.107422,0.000000,25.171959,13.000000
2.685547,-0.089844,0.986328,0.000000,32.019432,13.000000
2.753906,-0.089844,0.921875,0.000000,30.849337,13.000000
1.673828,0.052734,-0.384766,-0.614669,29.127533,13.000000
0.041016,-0.033203,0.062500,0.000000,30.098757,13.000000
0.044922,-0.046875,0.103516,0.000000,29.003672,13.000000
0.011719,-0.039062,-0.007812,0.000000,30.655798,14.000000
0.017578,-0.080078,-0.007812,0.000000,31.906118,14.000000
0.029297,-0.119141,-0.005859,0.000000,30.132587,14.000000
0.056641,-0.154297,0.007812,0.000000,25.453072,14.000000
0.146484,-0.080078,1.257812,0.000000,23.117538,14.000000
0.412109,-0.083984,-1.283203,0.000000,23.074961,14.000000
0.566406,-0.042969,-1.269531,0.000000,21.731863,14.000000
1.591797,-0.000000,-0.109375,0.000000,27.497364,14.000000
1.634766,-0.000000,-0.042969,0.000000,30.107239,14.000000
1.669922,-0.000000,-0.146484,0.000000,30.468851,14.000000
1.673828,-0.000000,-0.390625,0.000000,29.289078,14.000000
2.656250,-0.179688,1.056641,0.000000,31.604685,14.000000
2.746094,-0.089844,0.941406,0.000000,30.484419,14.000000
0.009766,0.031250,0.025391,0.000000,29.294189,14.000000
0.041016,-0.033203,0.062500,0.000000,30.094509,14.000000
0.046875,-0.046875,0.103516,0.000000,28.998205,14.000000
0.011719,-0.039062,-0.007812,0.000000,30.652061,15.000000
0.017578,-0.080078,-0.007812,0.000000,31.906118,15.000000
0.029297,-0.119141,-0.005859,0.000000,30.132587,15.000000
0.056641,-0.154297,0.005859,0.000000,25.440680,15.000000
0.125000,-0.080078,1.259766,0.000000,23.096302,15.000000
0.425781,-0.083984,-1.277344,0.000000,23.074961,15.000000
0.564453,-0.042969,-1.271484,0.000000,21.673174,15.000000
1.595703,-0.000000,0.042969,0.000000,27.767012,15.000000
1.628906,-0.000000,0.148438,0.000000,29.722029,15.000000
1.501953,-0.000000,0.748047,0.000000,27.497364,15.000000
0.511719,2.337891,0.312500,0.000000,24.871384,15.000000
2.658203,-0.179688,1.048828,0.000000,32.084415,15.000000
2.750000,-0.089844,0.931641,0.000000,30.982975,15.000000
0.009766,0.031250,0.025391,0.000000,29.299295,15.000000
0.041016,-0.033203,0.062500,0.000000,30.090258,15.000000
