0.056641,-0.154297,0.005859,0.000000,25.453072,0.000000
0.410156,-0.080078,1.197266,0.000000,21.731863,0.000000
0.511719,-0.082031,1.201172,0.000000,22.095150,0.000000
1.314453,0.167969,-0.253906,0.000000,23.222193,0.000000
1.380859,0.087891,-0.136719,0.000000,26.190933,0.000000
1.429688,0.044922,-0.035156,0.000000,26.095943,0.000000
1.455078,-0.000000,-0.232422,0.000000,24.578819,0.000000
2.613281,-0.175781,1.052734,0.000000,28.948696,0.000000
2.685547,-0.089844,0.988281,0.000000,32.164299,0.000000
2.751953,-0.089844,0.921875,0.000000,31.235250,0.000000
4.419922,-0.142578,1.033203,0.000000,28.129133,0.000000
4.423828,-0.142578,1.185547,0.000000,31.728947,0.000000
4.462891,-0.144531,1.193359,0.000000,31.405081,0.000000
0.009766,0.031250,0.025391,0.000000,29.324738,0.000000
0.041016,-0.033203,0.062500,0.000000,30.094509,0.000000
0.052734,-0.042969,0.101562,0.000000,28.970770,0.000000
1.255859,0.367188,-0.048828,0.000000,19.637878,0.000000
0.011719,-0.039062,-0.007812,0.000000,30.666985,1.000000
0.017578,-0.080078,-0.007812,0.000000,31.914511,1.000000
0.029297,-0.119141,-0.005859,0.000000,30.166155,1.000000
0.056641,-0.154297,0.005859,0.000000,25.440680,1.000000
0.341797,-0.080078,-1.218750,0.000000,23.138672,1.000000
0.583984,-0.041016,-1.171875,0.000000,24.857214,1.000000
0.353516,-0.210938,1.285156,0.000000,23.483049,1.000000
1.380859,0.130859,-0.107422,0.000000,27.774269,1.000000
1.425781,0.089844,-0.083984,0.000000,30.025980,1.000000
1.470703,0.046875,-0.060547,0.000000,28.870544,1.000000
2.611328,-0.175781,1.058594,0.000000,28.954226,1.000000
2.689453,-0.089844,0.976562,0.000000,32.161659,1.000000
2.751953,-0.089844,0.923828,0.000000,31.182648,1.000000
4.423828,-0.142578,1.181641,0.000000,28.954226,1.000000
1.494141,0.046875,0.242188,0.614669,25.921768,1.000000
0.009766,0.031250,0.025391,0.000000,29.324738,1.000000
0.041016,-0.033203,0.062500,0.000000,30.090258,1.000000
0.044922,-0.046875,0.103516,0.000000,28.970770,1.000000
1.312500,0.253906,-0.185547,0.000000,23.344538,1.000000
0.011719,-0.039062,-0.007812,0.000000,30.674429,2.000000
0.017578,-0.080078,-0.007812,0.000000,31.914511,2.000000
0.029297,-0.119141,-0.005859,0.000000,30.166155,2.000000
0.056641,-0.154297,0.005859,0.000000,25.453072,2.000000
0.294922,-0.080078,-1.230469,0.000000,23.541084,2.000000
0.574219,-0.041016,-1.175781,0.000000,24.683474,2.000000
1.062500,-0.167969,0.816406,0.000000,23.765770,2.000000
1.460938,0.046875,-0.185547,0.000000,25.092026,2.000000
1.507812,-0.046875,-0.119141,0.000000,26.170004,2.000000
2.605469,-0.175781,1.070312,0.000000,28.943161,2.000000
2.681641,-0.089844,1.000000,0.000000,32.119209,2.000000
2.746094,-0.089844,0.941406,0.000000,31.102530,2.000000
1.312500,-0.087891,0.451172,0.614669,26.242821,2.000000
1.308594,-0.089844,0.574219,0.614669,26.031445,2.000000
1.353516,0.089844,-0.457031,-0.614669,25.932861,2.000000
0.009766,0.031250,0.025391,0.000000,29.324738,2.000000
0.041016,-0.033203,0.062500,0.000000,30.098757,2.000000
0.044922,-0.046875,0.103516,0.000000,28.976271,2.000000
0.011719,-0.039062,-0.007812,0.000000,30.666985,3.000000
0.017578,-0.080078,-0.007812,0.000000,31.911715,3.000000
0.029297,-0.119141,-0.005859,0.000000,30.157787,3.000000
0.056641,-0.154297,0.005859,0.000000,25.440680,3.000000
0.197266,-0.080078,1.250000,0.000000,23.654881,3.000000
0.742188,-0.082031,-1.076172,0.000000,26.324574,3.000000
1.214844,-0.083984,-0.583984,0.000000,26.493349,3.000000
1.332031,-0.130859,-0.378906,0.000000,27.134905,3.000000
1.371094,-0.089844,-0.402344,0.000000,28.061800,3.000000
1.220703,-0.091797,-0.818359,0.000000,25.740313,3.000000
2.646484,-0.175781,0.962891,0.000000,29.227255,3.000000
2.697266,-0.089844,0.955078,0.000000,32.289135,3.000000
2.757812,-0.089844,0.906250,0.000000,31.215599,3.000000
0.009766,0.031250,0.025391,0.000000,29.334873,3.000000
0.041016,-0.033203,0.062500,0.000000,30.098757,3.000000
0.044922,-0.046875,0.103516,0.000000,28.976271,3.000000
0.160156,0.347656,1.337891,0.000000,25.575071,3.000000
1.236328,0.402344,0.597656,0.000000,25.314789,3.000000
0.011719,-0.039062,-0.007812,0.000000,30.663260,4.000000
0.017578,-0.080078,-0.007812,0.000000,31.914511,4.000000
0.029297,-0.119141,-0.005859,0.000000,30.161974,4.000000
0.056641,-0.154297,0.005859,0.000000,25.440680,4.000000
0.216797,-0.080078,-1.248047,0.000000,22.741579,4.000000
0.193359,-0.041016,1.294922,0.000000,22.833012,4.000000
1.167969,-0.042969,0.673828,0.000000,26.394865,4.000000
1.373047,-0.042969,-0.218750,0.000000,31.679077,4.000000
1.410156,-0.000000,-0.251953,0.000000,33.057812,4.000000
1.443359,-0.000000,-0.292969,0.000000,30.744507,4.000000
1.511719,0.046875,0.042969,0.000000,27.497364,4.000000
2.585938,-0.175781,1.117188,0.000000,28.813847,4.000000
2.679688,-0.089844,1.003906,0.000000,32.062859,4.000000
2.746094,-0.089844,0.943359,0.000000,31.115986,4.000000
0.011719,0.031250,0.025391,0.000000,29.324738,4.000000
0.041016,-0.033203,0.062500,0.000000,30.094509,4.000000
0.044922,-0.046875,0.103516,0.000000,28.970770,4.000000
0.011719,-0.039062,-0.007812,0.000000,30.666985,5.000000
0.017578,-0.080078,-0.007812,0.000000,31.914511,5.000000
0.029297,-0.119141,-0.005859,0.000000,30.161974,5.000000
0.056641,-0.154297,0.005859,0.000000,25.440680,5.000000
0.199219,-0.080078,-1.250000,0.000000,23.053514,5.000000
0.542969,-0.041016,-1.191406,0.000000,24.183012,5.000000
1.285156,0.083984,-0.406250,0.000000,24.048338,5.000000
1.369141,0.087891,-0.228516,0.000000,30.174507,5.000000
1.406250,0.044922,-0.263672,0.000000,32.362854,5.000000
1.453125,0.046875,-0.234375,0.000000,31.784014,5.000000
1.511719,0.046875,0.068359,0.000000,28.959747,5.000000
1.533203,-0.000000,0.251953,0.000000,25.158739,5.000000
2.603516,-0.175781,1.074219,0.000000,29.211660,5.000000
2.685547,-0.089844,0.986328,0.000000,32.250507,5.000000
2.751953,-0.089844,0.923828,0.000000,31.215599,5.000000
0.009766,0.031250,0.025391,0.000000,29.329807,5.000000
0.041016,-0.033203,0.062500,0.000000,30.094509,5.000000
0.044922,-0.046875,0.103516,0.000000,28.976271,5.000000
0.541016,0.970703,-1.085938,0.000000,24.377506,5.000000
0.011719,-0.039062,-0.007812,0.000000,30.666985,6.000000
0.017578,-0.080078,-0.007812,0.000000,31.917303,6.000000
0.029297,-0.119141,-0.005859,0.000000,30.166155,6.000000
0.056641,-0.154297,0.005859,0.000000,25.453072,6.000000
0.169922,-0.080078,1.253906,0.000000,23.096302,6.000000
0.269531,-0.082031,-1.279297,0.000000,24.955442,6.000000
1.056641,-0.042969,-0.837891,0.000000,25.078558,6.000000
1.507812,0.046875,-0.117188,0.000000,31.769590,6.000000
1.533203,-0.000000,0.257812,0.000000,27.275414,6.000000
2.603516,-0.175781,1.074219,0.000000,29.014584,6.000000
2.683594,-0.089844,0.994141,0.000000,32.169571,6.000000
2.753906,-0.089844,0.919922,0.000000,31.274288,6.000000
1.371094,0.042969,-0.228516,0.614669,30.310043,6.000000
1.419922,0.044922,-0.181641,0.614669,34.248817,6.000000
1.464844,0.046875,-0.148438,0.614669,34.622482,6.000000
0.009766,0.031250,0.025391,0.000000,29.324738,6.000000
0.041016,-0.033203,0.062500,0.000000,30.098757,6.000000
0.044922,-0.046875,0.103516,0.000000,28.976271,6.000000
0.011719,-0.039062,-0.007812,0.000000,30.659531,7.000000
0.017578,-0.080078,-0.007812,0.000000,31.911715,7.000000
0.029297,-0.119141,-0.005859,0.000000,30.161974,7.000000
0.056641,-0.154297,0.005859,0.000000,25.440680,7.000000
0.177734,-0.080078,-1.253906,0.000000,23.159704,7.000000
0.644531,-0.041016,-1.138672,0.000000,24.578819,7.000000
1.085938,-0.000000,-0.802734,0.000000,22.600714,7.000000
1.337891,0.087891,-0.367188,0.000000,24.593925,7.000000
2.605469,-0.175781,1.072266,0.000000,28.981766,7.000000
2.689453,-0.089844,0.982422,0.000000,32.174839,7.000000
2.751953,-0.089844,0.921875,0.000000,31.176027,7.000000
4.429688,-0.142578,1.164062,0.000000,29.299295,7.000000
4.462891,-0.144531,1.197266,0.000000,28.802418,7.000000
1.414062,0.089844,-0.201172,0.614669,28.785217,7.000000
1.453125,0.091797,-0.216797,0.614669,29.493900,7.000000
1.468750,-0.000000,-0.369141,0.614669,27.168377,7.000000
0.011719,0.031250,0.025391,0.000000,29.324738,7.000000
0.041016,-0.033203,0.062500,0.000000,30.094509,7.000000
0.044922,-0.046875,0.103516,0.000000,28.970770,7.000000
0.011719,-0.039062,-0.007812,0.000000,30.663260,8.000000
0.017578,-0.080078,-0.007812,0.000000,31.914511,8.000000
0.029297,-0.119141,-0.005859,0.000000,30.166155,8.000000
0.056641,-0.154297,0.005859,0.000000,25.453072,8.000000
0.296875,-0.080078,1.230469,0.000000,23.138672,8.000000
0.562500,-0.082031,1.179688,0.000000,25.171959,8.000000
0.613281,-0.126953,-1.195312,0.000000,25.224442,8.000000
1.210938,-0.130859,-0.671875,0.000000,24.842999,8.000000
0.904297,-0.224609,-1.087891,0.000000,24.199558,8.000000
1.458984,0.183594,0.070312,0.000000,27.242758,8.000000
1.505859,0.142578,0.044922,0.000000,27.379873,8.000000
2.611328,-0.175781,1.058594,0.000000,29.057959,8.000000
2.685547,-0.089844,0.992188,0.000000,32.195847,8.000000
2.746094,-0.089844,0.939453,0.000000,31.202448,8.000000
4.417969,-0.142578,1.039062,0.000000,28.318697,8.000000
4.427734,-0.142578,1.169922,0.000000,31.858253,8.000000
4.466797,-0.144531,1.177734,0.000000,31.519823,8.000000
0.009766,0.031250,0.025391,0.000000,29.324738,8.000000
0.041016,-0.033203,0.062500,0.000000,30.098757,8.000000
0.052734,-0.042969,0.101562,0.000000,28.970770,8.000000
1.404297,0.267578,0.066406,0.000000,24.048338,8.000000
0.689453,-0.322266,-1.259766,0.000000,24.265112,8.000000
0.570312,-0.425781,-1.335938,0.000000,24.593925,8.000000
0.011719,-0.039062,-0.007812,0.000000,30.666985,9.000000
0.017578,-0.080078,-0.007812,0.000000,31.917303,9.000000
0.029297,-0.119141,-0.005859,0.000000,30.161974,9.000000
0.056641,-0.154297,0.005859,0.000000,25.440680,9.000000
0.105469,-0.080078,1.261719,0.000000,23.074961,9.000000
0.199219,-0.082031,1.291016,0.000000,24.149733,9.000000
0.806641,-0.167969,1.068359,0.000000,21.522884,9.000000
1.171875,-0.216797,0.716797,0.000000,19.444826,9.000000
1.525391,-0.048828,-0.298828,0.000000,26.190933,9.000000
2.625000,-0.175781,1.025391,0.000000,29.095560,9.000000
2.697266,-0.089844,0.955078,0.000000,32.232361,9.000000
2.763672,-0.089844,0.888672,0.000000,31.228710,9.000000
4.410156,-0.142578,1.074219,0.000000,28.241259,9.000000
4.417969,-0.142578,1.201172,0.000000,31.439510,9.000000
4.453125,-0.144531,1.232422,0.000000,30.809870,9.000000
4.894531,-0.464844,0.568359,0.000000,30.064661,9.000000
1.421875,0.089844,-0.132812,0.614669,26.483601,9.000000
1.460938,0.046875,-0.185547,0.614669,29.052561,9.000000
1.496094,0.046875,-0.224609,0.614669,28.692318,9.000000
1.531250,-0.000000,-0.267578,0.614669,26.434526,9.000000
0.009766,0.031250,0.025391,0.000000,29.334873,9.000000
0.041016,-0.033203,0.062500,0.000000,30.102999,9.000000
0.044922,-0.046875,0.103516,0.000000,28.976271,9.000000
1.367188,0.173828,-0.179688,0.000000,17.708521,9.000000
0.431641,0.970703,-1.132812,0.000000,23.926970,9.000000
0.011719,-0.039062,-0.007812,0.000000,30.666985,10.000000
0.017578,-0.080078,-0.007812,0.000000,31.914511,10.000000
0.029297,-0.119141,-0.005859,0.000000,30.166155,10.000000
0.056641,-0.154297,0.005859,0.000000,25.453072,10.000000
0.257812,-0.080078,1.238281,0.000000,23.031961,10.000000
0.511719,-0.082031,1.201172,0.000000,24.345690,10.000000
0.957031,-0.126953,0.943359,0.000000,23.424227,10.000000
1.273438,-0.087891,0.552734,0.000000,23.873898,10.000000
1.431641,-0.000000,0.031250,0.000000,26.875290,10.000000
1.464844,0.046875,-0.140625,0.000000,29.689497,10.000000
1.500000,0.093750,-0.173828,0.000000,29.735897,10.000000
1.533203,0.097656,-0.234375,0.000000,26.522463,10.000000
2.617188,-0.175781,1.041016,0.000000,28.948696,10.000000
2.687500,-0.089844,0.984375,0.000000,32.174839,10.000000
2.751953,-0.089844,0.921875,0.000000,31.189257,10.000000
4.416016,-0.142578,1.210938,0.000000,31.245043,10.000000
4.457031,-0.144531,1.218750,0.000000,30.744507,10.000000
4.888672,-0.308594,0.707031,0.000000,31.078880,10.000000
0.009766,0.031250,0.025391,0.000000,29.324738,10.000000
0.041016,-0.033203,0.062500,0.000000,30.094509,10.000000
0.044922,-0.046875,0.103516,0.000000,28.976271,10.000000
0.011719,-0.039062,-0.007812,0.000000,30.663260,11.000000
0.017578,-0.080078,-0.007812,0.000000,31.914511,11.000000
0.029297,-0.119141,-0.005859,0.000000,30.166155,11.000000
0.056641,-0.154297,0.005859,0.000000,25.440680,11.000000
0.185547,-0.080078,1.251953,0.000000,23.222193,11.000000
0.263672,-0.082031,-1.279297,0.000000,25.158739,11.000000
0.826172,-0.083984,-1.064453,0.000000,24.377506,11.000000
0.927734,-0.087891,-1.031250,0.000000,22.430380,11.000000
1.468750,0.091797,-0.068359,0.000000,26.180481,11.000000
1.507812,0.093750,-0.095703,0.000000,27.566360,11.000000
1.541016,0.097656,-0.179688,0.000000,25.563025,11.000000
2.613281,-0.175781,1.048828,0.000000,29.068735,11.000000
2.691406,-0.089844,0.970703,0.000000,32.159019,11.000000
2.761719,-0.089844,0.892578,0.000000,31.185953,11.000000
4.416016,-0.142578,1.208984,0.000000,31.408222,11.000000
4.455078,-0.144531,1.222656,0.000000,31.020905,11.000000
4.810547,-0.306641,0.931641,0.000000,30.090258,11.000000
4.882812,-0.308594,0.746094,0.000000,31.398790,11.000000
4.949219,-0.623047,0.150391,0.000000,29.921114,11.000000
0.009766,0.031250,0.025391,0.000000,29.324738,11.000000
0.041016,-0.033203,0.062500,0.000000,30.098757,11.000000
0.044922,-0.046875,0.103516,0.000000,28.976271,11.000000
0.011719,-0.039062,-0.007812,0.000000,30.666985,12.000000
0.017578,-0.080078,-0.007812,0.000000,31.917303,12.000000
0.029297,-0.119141,-0.005859,0.000000,30.166155,12.000000
0.056641,-0.154297,0.005859,0.000000,25.453072,12.000000
0.591797,-0.041016,-1.167969,0.000000,24.683474,12.000000
1.062500,-0.000000,-0.833984,0.000000,23.483049,12.000000
1.277344,-0.042969,-0.546875,0.000000,22.148439,12.000000
1.416016,-0.000000,-0.214844,0.000000,23.856062,12.000000
1.441406,-0.000000,-0.300781,0.000000,25.378191,12.000000
2.601562,-0.175781,1.082031,0.000000,28.987251,12.000000
2.689453,-0.089844,0.978516,0.000000,32.232361,12.000000
2.755859,-0.089844,0.910156,0.000000,31.309767,12.000000
4.412109,-0.142578,1.226562,0.000000,31.189257,12.000000
4.453125,-0.144531,1.232422,0.000000,30.618294,12.000000
4.892578,-0.308594,0.689453,0.000000,31.348145,12.000000
4.951172,-0.623047,0.080078,0.000000,29.938768,12.000000
0.009766,0.031250,0.025391,0.000000,29.329807,12.000000
0.041016,-0.033203,0.062500,0.000000,30.094509,12.000000
0.044922,-0.046875,0.103516,0.000000,28.970770,12.000000
1.037109,0.478516,0.794922,0.000000,19.493900,12.000000
