0.029297,-0.119141,-0.005859,0.000000,30.086002,0.000000
0.056641,-0.154297,0.007812,0.000000,25.403296,0.000000
0.484375,-0.000000,1.171875,0.000000,23.222193,0.000000
0.470703,-0.000000,1.220703,0.000000,24.232458,0.000000
0.535156,-0.000000,1.238281,0.000000,22.764618,0.000000
1.873047,-0.117188,-0.144531,0.000000,27.730547,0.000000
2.628906,-0.000000,1.027344,0.000000,28.715729,0.000000
2.681641,-0.000000,1.005859,0.000000,32.234959,0.000000
2.722656,-0.000000,1.011719,0.000000,31.389339,0.000000
4.402344,-0.000000,1.115234,0.000000,28.579353,0.000000
4.451172,-0.000000,1.087891,0.000000,32.216751,0.000000
4.490234,-0.144531,1.087891,0.000000,32.027607,0.000000
4.869141,-0.154297,0.878906,0.000000,29.951963,0.000000
0.037109,-0.035156,0.064453,0.000000,30.119930,0.000000
0.046875,-0.046875,0.103516,0.000000,29.003672,0.000000
0.011719,-0.039062,-0.007812,0.000000,30.648323,1.000000
0.027344,-0.076172,-0.009766,0.000000,31.849752,1.000000
0.029297,-0.119141,-0.005859,0.000000,30.086002,1.000000
0.056641,-0.154297,0.007812,0.000000,25.415792,1.000000
0.505859,-0.000000,1.164062,0.000000,23.180634,1.000000
0.492188,-0.000000,1.212891,0.000000,24.216040,1.000000
0.556641,-0.000000,1.230469,0.000000,22.764618,1.000000
1.871094,-0.175781,0.087891,0.000000,28.819550,1.000000
1.917969,-0.121094,-0.005859,0.000000,29.763500,1.000000
1.957031,-0.123047,-0.103516,0.000000,28.419847,1.000000
2.638672,-0.000000,1.003906,0.000000,28.790958,1.000000
2.685547,-0.000000,0.992188,0.000000,32.234959,1.000000
2.730469,-0.000000,0.988281,0.000000,31.398790,1.000000
4.447266,-0.142578,1.087891,0.000000,30.561422,1.000000
4.501953,-0.144531,1.039062,0.000000,30.629578,1.000000
4.875000,-0.154297,0.845703,0.000000,30.398106,1.000000
0.037109,-0.035156,0.064453,0.000000,30.119930,1.000000
0.046875,-0.046875,0.103516,0.000000,29.003672,1.000000
0.011719,-0.039062,-0.007812,0.000000,30.663260,2.000000
0.027344,-0.076172,-0.009766,0.000000,31.855421,2.000000
0.029297,-0.119141,-0.005859,0.000000,30.090258,2.000000
0.056641,-0.154297,0.007812,0.000000,25.428255,2.000000
0.474609,-0.000000,1.175781,0.000000,23.201464,2.000000
0.476562,-0.000000,1.218750,0.000000,24.216040,2.000000
0.552734,-0.000000,1.232422,0.000000,22.764618,2.000000
1.835938,-0.115234,-0.066406,0.000000,27.474117,2.000000
1.875000,-0.117188,-0.105469,0.000000,30.354298,2.000000
1.912109,-0.121094,-0.158203,0.000000,30.678144,2.000000
1.945312,-0.123047,-0.242188,0.000000,28.796692,2.000000
2.628906,-0.000000,1.025391,0.000000,28.686445,2.000000
2.673828,-0.000000,1.025391,0.000000,32.164299,2.000000
2.712891,-0.000000,1.035156,0.000000,31.325798,2.000000
4.457031,-0.000000,1.060547,0.000000,29.159271,2.000000
4.490234,-0.000000,1.099609,0.000000,28.475727,2.000000
4.822266,-0.154297,1.109375,0.000000,30.374266,2.000000
0.037109,-0.035156,0.064453,0.000000,30.119930,2.000000
0.046875,-0.046875,0.103516,0.000000,29.003672,2.000000
0.011719,-0.039062,-0.007812,0.000000,30.663260,3.000000
0.027344,-0.076172,-0.009766,0.000000,31.852587,3.000000
0.029297,-0.119141,-0.003906,0.000000,30.090258,3.000000
0.056641,-0.154297,0.007812,0.000000,25.428255,3.000000
0.496094,-0.000000,1.166016,0.000000,23.222193,3.000000
0.488281,-0.000000,1.214844,0.000000,24.248816,3.000000
0.572266,-0.000000,1.222656,0.000000,22.787537,3.000000
1.833984,-0.115234,-0.103516,0.000000,30.670708,3.000000
1.871094,-0.175781,-0.070312,0.000000,33.941013,3.000000
1.917969,-0.121094,-0.058594,0.000000,33.816566,3.000000
1.958984,-0.123047,-0.007812,0.000000,30.449316,3.000000
2.634766,-0.000000,1.011719,0.000000,28.802418,3.000000
2.683594,-0.000000,1.000000,0.000000,32.237553,3.000000
2.728516,-0.000000,0.992188,0.000000,31.401937,3.000000
4.445312,-0.000000,1.111328,0.000000,29.969492,3.000000
4.488281,-0.000000,1.105469,0.000000,29.489017,3.000000
4.818359,-0.000000,1.136719,0.000000,30.519239,3.000000
0.037109,-0.035156,0.064453,0.000000,30.124153,3.000000
0.046875,-0.046875,0.103516,0.000000,29.003672,3.000000
0.005859,-0.056641,0.154297,0.000000,25.250448,3.000000
0.011719,-0.039062,-0.007812,0.000000,30.663260,4.000000
0.027344,-0.076172,-0.009766,0.000000,31.852587,4.000000
0.029297,-0.119141,-0.005859,0.000000,30.086002,4.000000
0.056641,-0.154297,0.007812,0.000000,25.415792,4.000000
0.488281,-0.000000,1.169922,0.000000,23.201464,4.000000
0.478516,-0.000000,1.218750,0.000000,24.248816,4.000000
0.558594,-0.000000,1.228516,0.000000,22.787537,4.000000
1.818359,-0.115234,-0.259766,0.000000,28.280151,4.000000
1.843750,-0.117188,-0.359375,0.000000,29.385197,4.000000
1.880859,-0.060547,-0.390625,0.000000,27.649229,4.000000
2.646484,-0.000000,0.980469,0.000000,28.767950,4.000000
2.687500,-0.000000,0.990234,0.000000,32.242741,4.000000
2.724609,-0.000000,1.003906,0.000000,31.430147,4.000000
4.458984,-0.142578,1.042969,0.000000,29.960737,4.000000
4.498047,-0.000000,1.068359,0.000000,29.508514,4.000000
4.835938,-0.154297,1.042969,0.000000,30.744507,4.000000
0.037109,-0.035156,0.064453,0.000000,30.128372,4.000000
0.046875,-0.046875,0.103516,0.000000,29.003672,4.000000
0.011719,-0.039062,-0.007812,0.000000,30.663260,5.000000
0.027344,-0.076172,-0.009766,0.000000,31.855421,5.000000
0.029297,-0.119141,-0.005859,0.000000,30.086002,5.000000
0.056641,-0.154297,0.007812,0.000000,25.415792,5.000000
0.498047,-0.000000,1.166016,0.000000,23.222193,5.000000
0.486328,-0.000000,1.214844,0.000000,24.232458,5.000000
0.550781,-0.000000,1.232422,0.000000,22.764618,5.000000
1.871094,-0.175781,0.080078,0.000000,30.326187,5.000000
1.912109,-0.179688,-0.099609,0.000000,28.721563,5.000000
2.625000,-0.000000,1.039062,0.000000,28.698181,5.000000
2.679688,-0.000000,1.007812,0.000000,32.237553,5.000000
2.728516,-0.000000,0.996094,0.000000,31.439510,5.000000
4.460938,-0.000000,1.048828,0.000000,30.277573,5.000000
4.509766,-0.000000,1.013672,0.000000,30.064661,5.000000
4.828125,-0.154297,1.076172,0.000000,29.790930,5.000000
0.037109,-0.035156,0.064453,0.000000,30.119930,5.000000
0.046875,-0.046875,0.103516,0.000000,29.003672,5.000000
0.011719,-0.039062,-0.007812,0.000000,30.659531,6.000000
0.027344,-0.076172,-0.009766,0.000000,31.852587,6.000000
0.029297,-0.119141,-0.005859,0.000000,30.090258,6.000000
0.056641,-0.154297,0.005859,0.000000,25.428255,6.000000
0.498047,-0.000000,1.166016,0.000000,23.222193,6.000000
0.468750,-0.000000,1.222656,0.000000,24.248816,6.000000
0.515625,-0.000000,1.248047,0.000000,22.764618,6.000000
1.851562,-0.117188,0.318359,0.000000,28.709888,6.000000
2.632812,-0.000000,1.015625,0.000000,28.881796,6.000000
2.669922,-0.000000,1.033203,0.000000,32.258259,6.000000
2.707031,-0.000000,1.052734,0.000000,31.389339,6.000000
4.466797,-0.000000,1.017578,0.000000,30.289778,6.000000
4.511719,-0.000000,1.003906,0.000000,30.021660,6.000000
0.037109,-0.035156,0.064453,0.000000,30.119930,6.000000
0.046875,-0.046875,0.103516,0.000000,29.003672,6.000000
0.011719,-0.039062,-0.007812,0.000000,30.652061,7.000000
0.027344,-0.076172,-0.009766,0.000000,31.852587,7.000000
0.029297,-0.119141,-0.005859,0.000000,30.086002,7.000000
0.056641,-0.154297,0.007812,0.000000,25.415792,7.000000
0.457031,-0.000000,1.183594,0.000000,23.222193,7.000000
0.466797,-0.000000,1.222656,0.000000,24.248816,7.000000
0.550781,-0.000000,1.232422,0.000000,22.787537,7.000000
1.833984,-0.115234,-0.113281,0.000000,27.874605,7.000000
1.880859,-0.058594,-0.033203,0.000000,31.061909,7.000000
1.919922,-0.060547,0.054688,0.000000,30.845762,7.000000
1.955078,-0.123047,0.142578,0.000000,28.082109,7.000000
2.636719,-0.000000,1.009766,0.000000,28.567289,7.000000
2.677734,-0.000000,1.011719,0.000000,32.100510,7.000000
2.728516,0.089844,0.990234,0.000000,31.209028,7.000000
4.462891,-0.000000,1.037109,0.000000,29.675480,7.000000
4.505859,-0.000000,1.031250,0.000000,29.360107,7.000000
4.822266,-0.154297,1.109375,0.000000,29.717396,7.000000
0.037109,-0.035156,0.064453,0.000000,30.124153,7.000000
0.046875,-0.046875,0.103516,0.000000,29.003672,7.000000
0.009766,-0.056641,0.154297,0.000000,25.237465,7.000000
1.833984,-0.000000,-0.152344,0.000000,27.824726,7.000000
0.011719,-0.039062,-0.007812,0.000000,30.663260,8.000000
0.027344,-0.076172,-0.009766,0.000000,31.852587,8.000000
0.029297,-0.119141,-0.005859,0.000000,30.090258,8.000000
0.056641,-0.154297,0.007812,0.000000,25.415792,8.000000
0.482422,-0.000000,1.171875,0.000000,23.201464,8.000000
0.474609,-0.000000,1.220703,0.000000,24.232458,8.000000
0.542969,-0.000000,1.236328,0.000000,22.787537,8.000000
1.880859,-0.058594,0.033203,0.000000,29.030899,8.000000
1.921875,-0.000000,-0.029297,0.000000,29.014584,8.000000
2.642578,-0.000000,0.992188,0.000000,28.876173,8.000000
2.683594,-0.000000,0.998047,0.000000,32.227165,8.000000
2.730469,-0.000000,0.992188,0.000000,31.370375,8.000000
4.460938,-0.000000,1.044922,0.000000,29.232441,8.000000
4.507812,-0.000000,1.023438,0.000000,28.870544,8.000000
4.824219,-0.154297,1.093750,0.000000,29.726656,8.000000
0.037109,-0.035156,0.064453,0.000000,30.124153,8.000000
0.046875,-0.046875,0.103516,0.000000,29.003672,8.000000
0.005859,-0.056641,0.154297,0.000000,25.250448,8.000000
0.011719,-0.039062,-0.007812,0.000000,30.659531,9.000000
0.027344,-0.076172,-0.009766,0.000000,31.852587,9.000000
0.029297,-0.119141,-0.005859,0.000000,30.086002,9.000000
0.056641,-0.154297,0.007812,0.000000,25.415792,9.000000
0.488281,-0.000000,1.169922,0.000000,23.222193,9.000000
0.486328,-0.000000,1.214844,0.000000,24.248816,9.000000
0.560547,-0.000000,1.228516,0.000000,22.810333,9.000000
1.876953,-0.117188,-0.037109,0.000000,29.951963,9.000000
1.917969,-0.121094,-0.048828,0.000000,30.969101,9.000000
1.955078,-0.123047,-0.121094,0.000000,28.195440,9.000000
2.630859,-0.000000,1.021484,0.000000,28.898617,9.000000
2.683594,-0.000000,0.998047,0.000000,32.245331,9.000000
2.730469,-0.000000,0.992188,0.000000,31.351326,9.000000
4.468750,-0.000000,1.009766,0.000000,28.926510,9.000000
0.037109,-0.035156,0.064453,0.000000,30.124153,9.000000
0.046875,-0.046875,0.103516,0.000000,29.003672,9.000000
0.011719,-0.039062,-0.007812,0.000000,30.663260,10.000000
0.027344,-0.076172,-0.009766,0.000000,31.855421,10.000000
0.029297,-0.119141,-0.005859,0.000000,30.090258,10.000000
0.056641,-0.154297,0.007812,0.000000,25.428255,10.000000
0.482422,-0.000000,1.171875,0.000000,23.201464,10.000000
0.476562,-0.000000,1.218750,0.000000,24.232458,10.000000
0.523438,-0.000000,1.244141,0.000000,22.787537,10.000000
1.876953,-0.117188,-0.062500,0.000000,30.618294,10.000000
1.916016,-0.121094,-0.105469,0.000000,31.664301,10.000000
1.949219,-0.123047,-0.195312,0.000000,29.216866,10.000000
2.650391,-0.000000,0.972656,0.000000,28.715729,10.000000
2.689453,-0.000000,0.980469,0.000000,32.214142,10.000000
2.730469,-0.000000,0.990234,0.000000,31.322598,10.000000
0.037109,-0.035156,0.064453,0.000000,30.124153,10.000000
0.044922,-0.046875,0.103516,0.000000,29.003672,10.000000
0.011719,-0.039062,-0.007812,0.000000,30.663260,11.000000
0.027344,-0.076172,-0.009766,0.000000,31.849752,11.000000
0.029297,-0.119141,-0.005859,0.000000,30.081741,11.000000
0.056641,-0.154297,0.007812,0.000000,25.390760,11.000000
0.482422,-0.000000,1.171875,0.000000,23.201464,11.000000
0.537109,-0.041016,1.193359,0.000000,24.232458,11.000000
0.560547,-0.000000,1.228516,0.000000,22.764618,11.000000
2.634766,-0.000000,1.013672,0.000000,28.750612,11.000000
2.679688,-0.000000,1.009766,0.000000,32.198463,11.000000
2.720703,-0.000000,1.019531,0.000000,31.332195,11.000000
4.478516,-0.142578,0.957031,0.000000,28.518696,11.000000
0.037109,-0.035156,0.064453,0.000000,30.124153,11.000000
0.046875,-0.046875,0.103516,0.000000,29.003672,11.000000
0.011719,-0.039062,-0.007812,0.000000,30.655798,12.000000
0.027344,-0.076172,-0.009766,0.000000,31.849752,12.000000
0.029297,-0.119141,-0.005859,0.000000,30.086002,12.000000
0.056641,-0.154297,0.007812,0.000000,25.415792,12.000000
0.484375,-0.000000,1.171875,0.000000,23.222193,12.000000
0.529297,-0.041016,1.195312,0.000000,24.265112,12.000000
0.535156,-0.000000,1.240234,0.000000,22.810333,12.000000
1.835938,-0.117188,-0.392578,0.000000,31.007151,12.000000
1.880859,-0.121094,-0.382812,0.000000,32.437820,12.000000
1.914062,-0.123047,-0.421875,0.000000,30.530785,12.000000
2.642578,-0.000000,0.992188,0.000000,28.674675,12.000000
2.677734,-0.000000,1.013672,0.000000,32.193226,12.000000
2.718750,-0.000000,1.021484,0.000000,31.332195,12.000000
4.400391,-0.000000,1.123047,0.000000,28.228216,12.000000
4.449219,-0.000000,1.093750,0.000000,31.939590,12.000000
4.486328,-0.144531,1.103516,0.000000,31.723110,12.000000
0.037109,-0.035156,0.064453,0.000000,30.119930,12.000000
0.046875,-0.046875,0.103516,0.000000,29.003672,12.000000
0.009766,-0.056641,0.154297,0.000000,25.250448,12.000000
0.189453,-1.560547,-4.259766,0.000000,25.634811,12.000000
0.011719,-0.039062,-0.007812,0.000000,30.652061,13.000000
0.027344,-0.076172,-0.009766,0.000000,31.849752,13.000000
0.029297,-0.119141,-0.005859,0.000000,30.081741,13.000000
0.056641,-0.154297,0.005859,0.000000,25.415792,13.000000
0.492188,-0.000000,1.167969,0.000000,23.222193,13.000000
0.488281,-0.000000,1.214844,0.000000,24.232458,13.000000
0.535156,-0.000000,1.238281,0.000000,22.764618,13.000000
2.626953,-0.000000,1.031250,0.000000,28.621313,13.000000
2.675781,-0.000000,1.017578,0.000000,32.103184,13.000000
2.724609,-0.000000,1.005859,0.000000,31.293676,13.000000
4.458984,-0.000000,1.050781,0.000000,31.245043,13.000000
4.505859,-0.000000,1.027344,0.000000,30.845762,13.000000
4.648438,-0.146484,0.349609,0.000000,29.552065,13.000000
4.701172,-0.000000,0.191406,0.000000,29.831751,13.000000
0.037109,-0.035156,0.064453,0.000000,30.119930,13.000000
0.046875,-0.046875,0.103516,0.000000,29.003672,13.000000
0.009766,-0.056641,0.154297,0.000000,25.250448,13.000000
2.082031,-0.316406,1.412109,0.000000,24.199558,13.000000
0.011719,-0.039062,-0.007812,0.000000,30.663260,14.000000
0.027344,-0.076172,-0.009766,0.000000,31.849752,14.000000
0.029297,-0.119141,-0.005859,0.000000,30.081741,14.000000
0.056641,-0.154297,0.007812,0.000000,25.403296,14.000000
0.486328,-0.000000,1.171875,0.000000,23.180634,14.000000
0.529297,-0.041016,1.195312,0.000000,24.216040,14.000000
0.544922,-0.000000,1.234375,0.000000,22.741579,14.000000
1.886719,-0.121094,-0.347656,0.000000,28.407331,14.000000
1.945312,-0.123047,-0.242188,0.000000,27.024305,14.000000
2.650391,-0.000000,0.968750,0.000000,28.733206,14.000000
2.687500,-0.000000,0.986328,0.000000,32.271152,14.000000
2.728516,-0.000000,0.996094,0.000000,31.439510,14.000000
4.458984,-0.000000,1.050781,0.000000,31.271048,14.000000
