4.769531,-0.300781,-0.673828,0.000000,34.048336,0.000000
4.800781,-0.152344,-0.794922,0.000000,30.780941,0.000000
4.861328,-0.154297,0.664062,0.000000,28.954226,0.000000
4.896484,-0.308594,0.662109,0.000000,31.176027,0.000000
4.947266,-0.623047,0.189453,0.000000,29.809120,0.000000
0.011719,0.031250,0.023438,0.000000,29.459606,0.000000
0.041016,-0.033203,0.062500,0.000000,30.187004,0.000000
0.050781,-0.042969,0.103516,0.000000,29.057959,0.000000
0.011719,-0.039062,-0.007812,0.000000,30.849337,1.000000
0.017578,-0.080078,-0.009766,0.000000,32.054749,1.000000
0.041016,-0.115234,-0.009766,0.000000,30.326187,1.000000
0.056641,-0.154297,0.005859,0.000000,25.550945,1.000000
0.232422,-0.080078,1.244141,0.000000,23.096302,1.000000
0.353516,-0.041016,-1.259766,0.000000,24.440449,1.000000
1.279297,0.294922,-0.314453,0.000000,24.424797,1.000000
1.326172,0.390625,-0.156250,0.000000,28.293037,1.000000
1.357422,0.447266,-0.076172,0.000000,29.400181,1.000000
1.380859,0.505859,-0.066406,0.000000,28.000294,1.000000
2.623047,-0.175781,1.029297,0.000000,29.164539,1.000000
2.697266,-0.089844,0.958984,0.000000,32.309597,1.000000
2.765625,-0.089844,0.880859,0.000000,31.348145,1.000000
4.416016,-0.142578,1.210938,0.000000,31.451963,1.000000
4.453125,-0.144531,1.232422,0.000000,31.319393,1.000000
4.742188,-0.298828,-0.576172,0.000000,33.360592,1.000000
4.779297,-0.300781,-0.613281,0.000000,34.026051,1.000000
4.812500,-0.152344,-0.716797,0.000000,30.748165,1.000000
4.843750,-0.306641,0.732422,0.000000,29.074114,1.000000
4.894531,-0.308594,0.671875,0.000000,31.192558,1.000000
4.949219,-0.623047,0.152344,0.000000,29.777237,1.000000
0.011719,0.031250,0.023438,0.000000,29.459606,1.000000
0.041016,-0.033203,0.062500,0.000000,30.195316,1.000000
0.050781,-0.042969,0.103516,0.000000,29.057959,1.000000
0.011719,-0.039062,-0.007812,0.000000,30.845762,2.000000
0.017578,-0.080078,-0.009766,0.000000,32.052044,2.000000
0.041016,-0.115234,-0.009766,0.000000,30.322157,2.000000
0.056641,-0.154297,0.005859,0.000000,25.550945,2.000000
0.222656,-0.080078,1.246094,0.000000,22.966652,2.000000
0.414062,-0.000000,-1.242188,0.000000,24.297523,2.000000
1.275391,0.378906,-0.224609,0.000000,27.708521,2.000000
1.328125,0.390625,-0.136719,0.000000,30.265333,2.000000
1.373047,0.402344,0.000000,0.000000,30.449316,2.000000
1.398438,0.460938,-0.027344,0.000000,29.258276,2.000000
1.462891,0.378906,0.078125,0.000000,24.409090,2.000000
2.613281,-0.175781,1.050781,0.000000,29.185545,2.000000
2.689453,-0.089844,0.976562,0.000000,32.322334,2.000000
2.750000,-0.089844,0.929688,0.000000,31.370375,2.000000
4.410156,-0.142578,1.236328,0.000000,31.439510,2.000000
4.435547,-0.144531,1.296875,0.000000,31.261314,2.000000
4.738281,-0.298828,-0.597656,0.000000,33.400475,2.000000
4.775391,-0.300781,-0.632812,0.000000,34.027771,2.000000
4.812500,-0.152344,-0.718750,0.000000,30.806265,2.000000
4.822266,-0.306641,0.861328,0.000000,28.965261,2.000000
4.882812,-0.308594,0.744141,0.000000,31.152777,2.000000
4.947266,-0.623047,0.210938,0.000000,29.903389,2.000000
0.011719,0.031250,0.023438,0.000000,29.454685,2.000000
0.041016,-0.033203,0.062500,0.000000,30.187004,2.000000
0.050781,-0.042969,0.103516,0.000000,29.052561,2.000000
0.548828,-0.142578,-1.404297,0.000000,22.922562,2.000000
0.011719,-0.039062,-0.007812,0.000000,30.849337,3.000000
0.017578,-0.080078,-0.009766,0.000000,32.054749,3.000000
0.041016,-0.115234,-0.009766,0.000000,30.322157,3.000000
0.056641,-0.154297,0.003906,0.000000,25.550945,3.000000
1.097656,0.158203,-0.617188,0.000000,22.455126,3.000000
1.218750,0.246094,-0.410156,0.000000,24.927605,3.000000
1.296875,0.337891,-0.154297,0.000000,27.101173,3.000000
1.333984,0.390625,-0.035156,0.000000,29.831751,3.000000
1.373047,0.402344,0.001953,0.000000,31.102530,3.000000
1.414062,0.414062,0.005859,0.000000,29.768084,3.000000
1.384766,0.519531,-0.320312,0.000000,24.517864,3.000000
2.613281,-0.175781,1.052734,0.000000,29.132839,3.000000
2.691406,-0.089844,0.972656,0.000000,32.301933,3.000000
2.759766,-0.089844,0.902344,0.000000,31.351326,3.000000
4.410156,-0.142578,1.232422,0.000000,31.464382,3.000000
4.439453,-0.144531,1.275391,0.000000,31.287222,3.000000
4.734375,-0.298828,-0.628906,0.000000,33.449814,3.000000
4.771484,-0.300781,-0.666016,0.000000,34.070507,3.000000
4.798828,-0.152344,-0.800781,0.000000,30.877813,3.000000
4.896484,-0.308594,0.660156,0.000000,31.126051,3.000000
4.951172,-0.623047,0.011719,0.000000,29.929951,3.000000
0.011719,0.031250,0.023438,0.000000,29.459606,3.000000
0.041016,-0.033203,0.062500,0.000000,30.191162,3.000000
0.050781,-0.042969,0.103516,0.000000,29.057959,3.000000
0.111328,-0.126953,1.339844,0.000000,24.533184,3.000000
0.822266,-0.189453,-1.255859,0.000000,22.041201,3.000000
0.011719,-0.039062,-0.007812,0.000000,30.852905,4.000000
0.017578,-0.080078,-0.009766,0.000000,32.057457,4.000000
0.029297,-0.119141,-0.005859,0.000000,30.326187,4.000000
0.056641,-0.154297,0.005859,0.000000,25.563025,4.000000
1.009766,0.080078,-0.763672,0.000000,22.504200,4.000000
1.257812,0.246094,-0.271484,0.000000,26.020599,4.000000
1.300781,0.337891,-0.128906,0.000000,28.202015,4.000000
1.345703,0.347656,-0.072266,0.000000,27.951845,4.000000
2.609375,-0.175781,1.058594,0.000000,29.190781,4.000000
2.687500,-0.089844,0.986328,0.000000,32.314697,4.000000
2.748047,-0.089844,0.937500,0.000000,31.325798,4.000000
4.417969,-0.142578,1.208984,0.000000,31.467480,4.000000
4.427734,-0.144531,1.322266,0.000000,31.274288,4.000000
4.740234,-0.298828,-0.593750,0.000000,33.322365,4.000000
4.775391,-0.300781,-0.632812,0.000000,33.937508,4.000000
4.810547,-0.152344,-0.724609,0.000000,30.449316,4.000000
4.818359,-0.306641,0.884766,0.000000,29.258276,4.000000
4.884766,-0.308594,0.734375,0.000000,31.271048,4.000000
4.949219,-0.623047,0.162109,0.000000,30.004341,4.000000
1.328125,0.447266,0.294922,0.614669,28.188854,4.000000
1.382812,0.414062,0.289062,0.614669,27.395723,4.000000
0.011719,0.031250,0.023438,0.000000,29.459606,4.000000
0.041016,-0.033203,0.062500,0.000000,30.191162,4.000000
0.050781,-0.042969,0.103516,0.000000,29.063351,4.000000
0.404297,-0.173828,1.320312,0.000000,25.198280,4.000000
0.011719,-0.039062,-0.007812,0.000000,30.852905,5.000000
0.017578,-0.080078,-0.009766,0.000000,32.054749,5.000000
0.029297,-0.119141,-0.005859,0.000000,30.322157,5.000000
0.056641,-0.154297,0.003906,0.000000,25.550945,5.000000
1.195312,0.267578,-0.074219,0.000000,20.969101,5.000000
1.222656,0.316406,-0.117188,0.000000,25.599066,5.000000
1.263672,0.328125,-0.087891,0.000000,27.881683,5.000000
1.306641,0.337891,-0.041016,0.000000,29.111576,5.000000
1.333984,0.390625,-0.041016,0.000000,29.025467,5.000000
1.359375,0.447266,0.050781,0.000000,26.803354,5.000000
2.613281,-0.175781,1.054688,0.000000,29.153997,5.000000
2.689453,-0.089844,0.978516,0.000000,32.301933,5.000000
2.751953,-0.089844,0.921875,0.000000,31.296900,5.000000
4.408203,-0.142578,1.238281,0.000000,31.427023,5.000000
4.437500,-0.144531,1.285156,0.000000,31.251558,5.000000
4.740234,-0.298828,-0.582031,0.000000,33.350567,5.000000
4.775391,-0.300781,-0.634766,0.000000,34.038067,5.000000
4.792969,-0.152344,-0.835938,0.000000,30.759117,5.000000
4.863281,-0.154297,0.646484,0.000000,28.943161,5.000000
4.904297,-0.308594,0.597656,0.000000,31.245043,5.000000
4.951172,-0.623047,-0.017578,0.000000,30.077478,5.000000
0.878906,0.322266,-1.136719,-0.614669,24.456041,5.000000
1.306641,0.425781,-0.632812,-0.614669,26.532125,5.000000
0.011719,0.031250,0.023438,0.000000,29.459606,5.000000
0.041016,-0.033203,0.062500,0.000000,30.191162,5.000000
0.050781,-0.042969,0.103516,0.000000,29.057959,5.000000
0.535156,-0.158203,1.138672,0.000000,24.393328,5.000000
0.611328,-0.123047,1.150391,0.000000,26.354837,5.000000
0.566406,-0.126953,1.218750,0.000000,26.374897,5.000000
0.781250,-0.044922,1.199219,0.000000,23.944517,5.000000
0.011719,-0.039062,-0.007812,0.000000,30.845762,6.000000
0.017578,-0.080078,-0.009766,0.000000,32.054749,6.000000
0.041016,-0.115234,-0.009766,0.000000,30.322157,6.000000
0.056641,-0.154297,0.005859,0.000000,25.550945,6.000000
1.152344,0.191406,-0.375000,0.000000,18.808136,6.000000
1.228516,0.158203,-0.267578,0.000000,26.483601,6.000000
1.279297,0.246094,-0.134766,0.000000,30.354298,6.000000
1.312500,0.294922,-0.121094,0.000000,32.271152,6.000000
1.347656,0.304688,-0.167969,0.000000,31.947918,6.000000
1.371094,0.402344,-0.072266,0.000000,30.421816,6.000000
1.412109,0.414062,-0.066406,0.000000,29.025467,6.000000
1.416016,0.472656,-0.244141,0.000000,26.201361,6.000000
2.617188,-0.175781,1.041016,0.000000,29.127533,6.000000
2.693359,-0.089844,0.966797,0.000000,32.294258,6.000000
2.761719,-0.089844,0.894531,0.000000,31.335388,6.000000
4.425781,-0.142578,1.173828,0.000000,31.507565,6.000000
4.447266,-0.000000,1.261719,0.000000,31.316187,6.000000
4.744141,-0.298828,-0.564453,0.000000,33.388546,6.000000
4.779297,-0.300781,-0.607422,0.000000,33.946266,6.000000
4.818359,-0.152344,-0.679688,0.000000,30.484419,6.000000
4.828125,-0.306641,0.828125,0.000000,29.289078,6.000000
4.886719,-0.308594,0.722656,0.000000,31.280760,6.000000
4.947266,-0.623047,0.207031,0.000000,29.934362,6.000000
0.011719,0.031250,0.025391,0.000000,29.459606,6.000000
0.041016,-0.033203,0.062500,0.000000,30.191162,6.000000
0.050781,-0.042969,0.103516,0.000000,29.057959,6.000000
0.011719,-0.039062,-0.007812,0.000000,30.842186,7.000000
0.017578,-0.080078,-0.009766,0.000000,32.054749,7.000000
0.041016,-0.115234,-0.009766,0.000000,30.322157,7.000000
0.056641,-0.154297,0.003906,0.000000,25.550945,7.000000
1.265625,0.080078,0.039062,0.000000,24.871384,7.000000
1.269531,0.123047,-0.294922,0.000000,26.928469,7.000000
1.308594,0.294922,-0.142578,0.000000,30.425755,7.000000
1.341797,0.347656,-0.105469,0.000000,32.169571,7.000000
1.382812,0.357422,-0.089844,0.000000,30.207754,7.000000
1.173828,0.367188,-0.808594,0.000000,24.265112,7.000000
1.462891,0.189453,-0.339844,0.000000,24.969297,7.000000
2.611328,-0.175781,1.054688,0.000000,29.185545,7.000000
2.687500,-0.089844,0.984375,0.000000,32.286568,7.000000
2.753906,-0.089844,0.919922,0.000000,31.225435,7.000000
4.404297,-0.142578,1.255859,0.000000,31.458178,7.000000
4.447266,-0.144531,1.251953,0.000000,31.383026,7.000000
4.740234,-0.298828,-0.585938,0.000000,33.412365,7.000000
4.775391,-0.300781,-0.630859,0.000000,33.951515,7.000000
4.810547,-0.152344,-0.730469,0.000000,30.689276,7.000000
4.857422,-0.154297,0.691406,0.000000,29.180304,7.000000
4.888672,-0.308594,0.712891,0.000000,31.119343,7.000000
4.951172,-0.623047,0.089844,0.000000,29.740509,7.000000
0.011719,0.031250,0.023438,0.000000,29.459606,7.000000
0.041016,-0.033203,0.062500,0.000000,30.191162,7.000000
0.050781,-0.042969,0.103516,0.000000,29.057959,7.000000
1.273438,0.275391,-0.685547,0.000000,24.183012,7.000000
0.011719,-0.039062,-0.007812,0.000000,30.838608,8.000000
0.017578,-0.080078,-0.009766,0.000000,32.052044,8.000000
0.041016,-0.115234,-0.009766,0.000000,30.322157,8.000000
0.056641,-0.154297,0.005859,0.000000,25.550945,8.000000
1.210938,0.191406,-0.058594,0.000000,20.791813,8.000000
0.705078,-0.119141,1.046875,0.000000,23.636120,8.000000
1.277344,0.287109,0.003906,0.000000,29.479237,8.000000
1.316406,0.294922,0.000000,0.000000,33.535316,8.000000
1.357422,0.304688,0.003906,0.000000,34.136349,8.000000
1.394531,0.312500,0.078125,0.000000,30.161974,8.000000
1.390625,0.367188,-0.318359,0.000000,28.591383,8.000000
1.449219,0.378906,-0.222656,0.000000,29.831751,8.000000
1.490234,0.437500,-0.044922,0.000000,27.024305,8.000000
2.607422,-0.175781,1.066406,0.000000,29.127533,8.000000
2.693359,-0.089844,0.966797,0.000000,32.240147,8.000000
2.765625,-0.089844,0.882812,0.000000,31.139433,8.000000
4.412109,-0.142578,1.226562,0.000000,31.423895,8.000000
4.433594,-0.000000,1.304688,0.000000,31.267805,8.000000
4.660156,-0.000000,-0.193359,0.000000,30.073210,8.000000
4.687500,-0.146484,-0.369141,0.000000,28.853613,8.000000
4.685547,-0.296875,-0.683594,0.000000,29.164539,8.000000
4.738281,-0.298828,-0.611328,0.000000,33.569813,8.000000
4.775391,-0.300781,-0.632812,0.000000,34.146393,8.000000
4.808594,-0.152344,-0.736328,0.000000,30.770042,8.000000
4.857422,-0.154297,0.697266,0.000000,29.454685,8.000000
4.888672,-0.308594,0.714844,0.000000,31.322598,8.000000
4.951172,-0.623047,0.072266,0.000000,29.912260,8.000000
0.011719,0.031250,0.025391,0.000000,29.459606,8.000000
0.041016,-0.033203,0.062500,0.000000,30.187004,8.000000
0.050781,-0.042969,0.103516,0.000000,29.057959,8.000000
0.183594,-0.230469,1.191406,0.000000,18.864906,8.000000
1.228516,0.316406,-0.003906,0.000000,22.855574,8.000000
0.441406,-0.164062,1.220703,0.000000,26.901960,8.000000
4.416016,-0.289062,1.337891,0.000000,31.245043,8.000000
0.011719,-0.039062,-0.007812,0.000000,30.842186,9.000000
0.017578,-0.080078,-0.009766,0.000000,32.052044,9.000000
0.041016,-0.115234,-0.009766,0.000000,30.322157,9.000000
0.056641,-0.154297,0.005859,0.000000,25.550945,9.000000
0.900391,0.039062,-0.892578,0.000000,23.891661,9.000000
1.289062,0.205078,-0.111328,0.000000,29.365137,9.000000
1.316406,0.294922,-0.029297,0.000000,33.451775,9.000000
1.357422,0.304688,-0.003906,0.000000,34.571247,9.000000
1.384766,0.357422,0.066406,0.000000,33.036282,9.000000
1.417969,0.367188,0.156250,0.000000,30.603201,9.000000
1.474609,0.332031,0.085938,0.000000,26.919651,9.000000
2.626953,-0.175781,1.019531,0.000000,29.180304,9.000000
2.693359,-0.089844,0.970703,0.000000,32.365372,9.000000
2.755859,-0.089844,0.910156,0.000000,31.501421,9.000000
4.412109,-0.142578,1.222656,0.000000,31.439510,9.000000
4.468750,-0.144531,1.173828,0.000000,31.445742,9.000000
4.615234,-0.000000,0.662109,0.000000,29.365137,9.000000
4.703125,-0.296875,-0.560547,0.000000,29.735897,9.000000
4.738281,-0.298828,-0.599609,0.000000,33.752979,9.000000
4.777344,-0.300781,-0.626953,0.000000,34.339298,9.000000
4.810547,-0.152344,-0.724609,0.000000,31.166077,9.000000
4.847656,-0.306641,0.712891,0.000000,29.395193,9.000000
4.884766,-0.308594,0.734375,0.000000,31.364035,9.000000
4.947266,-0.623047,0.181641,0.000000,30.038912,9.000000
0.011719,0.031250,0.025391,0.000000,29.454685,9.000000
0.041016,-0.033203,0.062500,0.000000,30.191162,9.000000
0.050781,-0.042969,0.103516,0.000000,29.063351,9.000000
0.927734,-0.236328,-1.171875,0.000000,24.014006,9.000000
0.011719,-0.039062,-0.007812,0.000000,30.842186,10.000000
0.017578,-0.080078,-0.009766,0.000000,32.052044,10.000000
0.041016,-0.115234,-0.009766,0.000000,30.322157,10.000000
