0.265625,0.039062,-1.240234,0.000000,23.673559,0.000000
0.134766,-0.000000,1.302734,0.000000,24.548449,0.000000
0.478516,0.042969,1.261719,0.000000,22.764618,0.000000
2.292969,0.593750,-0.152344,0.000000,27.032913,0.000000
2.312500,0.679688,-0.119141,0.000000,26.106602,0.000000
2.630859,-0.175781,1.005859,0.000000,29.498777,0.000000
2.673828,-0.179688,1.007812,0.000000,32.792107,0.000000
2.771484,-0.089844,0.863281,0.000000,32.087101,0.000000
4.300781,-0.142578,1.451172,0.000000,28.041395,0.000000
4.386719,-0.142578,1.314453,0.000000,31.622656,0.000000
4.458984,-0.144531,1.207031,0.000000,31.306553,0.000000
4.646484,-0.000000,0.396484,0.000000,30.310043,0.000000
4.695312,-0.000000,0.285156,0.000000,31.254812,0.000000
4.742188,-0.000000,-0.156250,0.000000,29.599949,0.000000
4.736328,-0.298828,-0.621094,0.000000,33.310223,0.000000
4.781250,-0.300781,-0.587891,0.000000,34.435760,0.000000
4.812500,-0.152344,-0.718750,0.000000,31.986570,0.000000
4.880859,-0.308594,0.763672,0.000000,30.722500,0.000000
4.949219,-0.623047,0.144531,0.000000,29.670797,0.000000
0.044922,-0.027344,0.062500,0.000000,30.281645,0.000000
0.050781,-0.042969,0.103516,0.000000,29.211660,0.000000
1.175781,-0.449219,0.359375,0.000000,21.643528,0.000000
1.234375,-0.464844,0.291016,0.000000,19.912260,0.000000
0.927734,-0.226562,2.216797,0.000000,23.324385,0.000000
0.011719,-0.039062,-0.007812,0.000000,30.955181,1.000000
0.025391,-0.076172,-0.011719,0.000000,32.137833,1.000000
0.029297,-0.119141,-0.005859,0.000000,30.338257,1.000000
0.056641,-0.154297,0.005859,0.000000,25.599066,1.000000
0.261719,0.039062,-1.240234,0.000000,23.692158,1.000000
0.185547,0.041016,-1.294922,0.000000,24.563660,1.000000
0.490234,0.042969,1.257812,0.000000,22.764618,1.000000
2.625000,-0.175781,1.023438,0.000000,29.537598,1.000000
2.669922,-0.179688,1.021484,0.000000,32.810333,1.000000
2.765625,-0.089844,0.884766,0.000000,32.073650,1.000000
4.302734,-0.142578,1.441406,0.000000,28.020893,1.000000
4.388672,-0.142578,1.310547,0.000000,31.631615,1.000000
4.457031,-0.144531,1.218750,0.000000,31.312979,1.000000
4.636719,-0.000000,0.500000,0.000000,30.402067,1.000000
4.681641,-0.000000,0.455078,0.000000,31.376705,1.000000
4.742188,-0.000000,0.138672,0.000000,29.726656,1.000000
4.746094,-0.298828,-0.531250,0.000000,33.222195,1.000000
4.785156,-0.300781,-0.564453,0.000000,34.426365,1.000000
4.818359,-0.152344,-0.681641,0.000000,31.920095,1.000000
4.873047,-0.308594,0.810547,0.000000,30.831442,1.000000
4.927734,-0.779297,0.097656,0.000000,29.590414,1.000000
0.044922,-0.027344,0.062500,0.000000,30.281645,1.000000
0.050781,-0.042969,0.103516,0.000000,29.211660,1.000000
1.179688,-0.449219,0.345703,0.000000,21.643528,1.000000
1.246094,-0.464844,0.234375,0.000000,19.867718,1.000000
0.011719,-0.039062,-0.007812,0.000000,30.955181,2.000000
0.025391,-0.076172,-0.011719,0.000000,32.137833,2.000000
0.029297,-0.119141,-0.005859,0.000000,30.342272,2.000000
0.056641,-0.154297,0.005859,0.000000,25.611013,2.000000
0.283203,0.039062,-1.236328,0.000000,23.673559,2.000000
0.134766,-0.000000,1.302734,0.000000,24.548449,2.000000
0.455078,0.042969,1.269531,0.000000,22.741579,2.000000
2.626953,-0.175781,1.017578,0.000000,29.552065,2.000000
2.667969,-0.179688,1.023438,0.000000,32.837532,2.000000
2.763672,-0.089844,0.884766,0.000000,32.103184,2.000000
4.291016,-0.142578,1.480469,0.000000,27.972675,2.000000
4.384766,-0.142578,1.320312,0.000000,31.619667,2.000000
4.470703,-0.144531,1.167969,0.000000,31.309767,2.000000
4.648438,-0.000000,0.361328,0.000000,30.464952,2.000000
4.691406,-0.000000,0.355469,0.000000,31.507565,2.000000
4.744141,-0.000000,-0.068359,0.000000,29.943172,2.000000
4.734375,-0.298828,-0.634766,0.000000,33.302109,2.000000
4.779297,-0.300781,-0.607422,0.000000,34.452927,2.000000
4.812500,-0.152344,-0.714844,0.000000,31.947918,2.000000
4.878906,-0.308594,0.769531,0.000000,30.849337,2.000000
4.929688,-0.779297,0.050781,0.000000,29.637878,2.000000
0.044922,-0.027344,0.062500,0.000000,30.281645,2.000000
0.050781,-0.042969,0.103516,0.000000,29.211660,2.000000
1.175781,-0.449219,0.359375,0.000000,21.643528,2.000000
1.236328,-0.464844,0.279297,0.000000,19.867718,2.000000
0.011719,-0.039062,-0.007812,0.000000,30.948204,3.000000
0.025391,-0.076172,-0.011719,0.000000,32.137833,3.000000
0.029297,-0.119141,-0.005859,0.000000,30.342272,3.000000
0.056641,-0.154297,0.007812,0.000000,25.611013,3.000000
0.257812,0.039062,-1.240234,0.000000,23.673559,3.000000
0.173828,-0.000000,1.296875,0.000000,24.533184,3.000000
0.462891,0.042969,1.267578,0.000000,22.718416,3.000000
2.626953,-0.175781,1.017578,0.000000,29.513374,3.000000
2.669922,-0.179688,1.019531,0.000000,32.805782,3.000000
2.767578,-0.089844,0.878906,0.000000,32.103184,3.000000
4.289062,-0.142578,1.484375,0.000000,28.020893,3.000000
4.382812,-0.142578,1.324219,0.000000,31.607685,3.000000
4.466797,-0.144531,1.181641,0.000000,31.325798,3.000000
4.642578,-0.000000,0.439453,0.000000,30.603201,3.000000
4.693359,-0.000000,0.310547,0.000000,31.433271,3.000000
4.742188,-0.000000,-0.156250,0.000000,30.211893,3.000000
4.736328,-0.298828,-0.619141,0.000000,33.471348,3.000000
4.785156,-0.150391,-0.613281,0.000000,34.519398,3.000000
4.814453,-0.152344,-0.703125,0.000000,32.121876,3.000000
4.873047,-0.308594,0.812500,0.000000,30.759117,3.000000
4.947266,-0.623047,0.208984,0.000000,29.537598,3.000000
0.044922,-0.027344,0.062500,0.000000,30.277573,3.000000
0.050781,-0.042969,0.103516,0.000000,29.211660,3.000000
1.177734,-0.449219,0.349609,0.000000,21.673174,3.000000
1.242188,-0.464844,0.257812,0.000000,19.912260,3.000000
0.011719,-0.039062,-0.007812,0.000000,30.948204,4.000000
0.025391,-0.076172,-0.011719,0.000000,32.137833,4.000000
0.029297,-0.119141,-0.005859,0.000000,30.350292,4.000000
0.056641,-0.154297,0.005859,0.000000,25.622929,4.000000
0.259766,0.039062,-1.240234,0.000000,23.692158,4.000000
0.177734,-0.000000,1.296875,0.000000,24.548449,4.000000
0.472656,0.042969,1.263672,0.000000,22.718416,4.000000
2.273438,0.509766,-0.062500,0.000000,29.768084,4.000000
2.296875,0.593750,-0.031250,0.000000,30.948204,4.000000
2.333984,0.603516,0.109375,0.000000,27.881683,4.000000
2.626953,-0.175781,1.017578,0.000000,29.576073,4.000000
2.671875,-0.179688,1.013672,0.000000,32.823956,4.000000
2.765625,-0.089844,0.878906,0.000000,32.070957,4.000000
4.304688,-0.142578,1.437500,0.000000,27.993406,4.000000
4.388672,-0.142578,1.304688,0.000000,31.613680,4.000000
4.460938,-0.144531,1.201172,0.000000,31.319393,4.000000
4.628906,-0.000000,0.570312,0.000000,29.986952,4.000000
4.687500,-0.000000,0.394531,0.000000,30.338257,4.000000
4.740234,-0.298828,-0.585938,0.000000,33.388546,4.000000
4.779297,-0.300781,-0.603516,0.000000,34.533184,4.000000
4.816406,-0.152344,-0.687500,0.000000,32.097832,4.000000
4.865234,-0.308594,0.853516,0.000000,30.852905,4.000000
4.927734,-0.779297,0.144531,0.000000,29.609463,4.000000
0.044922,-0.027344,0.062500,0.000000,30.281645,4.000000
0.050781,-0.042969,0.103516,0.000000,29.216866,4.000000
1.179688,-0.449219,0.347656,0.000000,21.702618,4.000000
1.244141,-0.464844,0.246094,0.000000,19.867718,4.000000
0.011719,-0.039062,-0.007812,0.000000,30.955181,5.000000
0.025391,-0.076172,-0.011719,0.000000,32.137833,5.000000
0.029297,-0.119141,-0.005859,0.000000,30.342272,5.000000
0.056641,-0.154297,0.005859,0.000000,25.611013,5.000000
0.253906,0.039062,-1.242188,0.000000,23.692158,5.000000
0.167969,-0.000000,1.298828,0.000000,24.548449,5.000000
0.486328,0.042969,1.259766,0.000000,22.718416,5.000000
2.275391,0.509766,-0.041016,0.000000,26.937269,5.000000
2.314453,0.519531,-0.060547,0.000000,28.135809,5.000000
2.335938,0.603516,0.060547,0.000000,28.007172,5.000000
2.373047,0.613281,0.125000,0.000000,27.458551,5.000000
2.619141,-0.175781,1.035156,0.000000,29.552065,5.000000
2.667969,-0.179688,1.027344,0.000000,32.808060,5.000000
2.761719,-0.089844,0.896484,0.000000,32.033051,5.000000
4.291016,-0.142578,1.476562,0.000000,27.965744,5.000000
4.384766,-0.142578,1.320312,0.000000,31.616674,5.000000
4.457031,-0.144531,1.214844,0.000000,31.296900,5.000000
4.634766,-0.000000,0.517578,0.000000,29.885590,5.000000
4.691406,-0.000000,0.335938,0.000000,30.334238,5.000000
4.744141,-0.298828,-0.552734,0.000000,33.296013,5.000000
4.781250,-0.300781,-0.583984,0.000000,34.490154,5.000000
4.824219,-0.000000,-0.650391,0.000000,32.062859,5.000000
4.875000,-0.308594,0.800781,0.000000,30.891983,5.000000
4.927734,-0.779297,0.103516,0.000000,29.647308,5.000000
0.044922,-0.027344,0.062500,0.000000,30.281645,5.000000
0.050781,-0.042969,0.103516,0.000000,29.216866,5.000000
1.177734,-0.449219,0.353516,0.000000,21.613680,5.000000
1.240234,-0.464844,0.259766,0.000000,19.822712,5.000000
0.011719,-0.039062,-0.007812,0.000000,30.948204,6.000000
0.025391,-0.076172,-0.011719,0.000000,32.137833,6.000000
0.029297,-0.119141,-0.005859,0.000000,30.346285,6.000000
0.056641,-0.154297,0.005859,0.000000,25.611013,6.000000
0.275391,0.039062,-1.238281,0.000000,23.729120,6.000000
0.093750,-0.000000,1.304688,0.000000,24.563660,6.000000
0.472656,0.042969,1.263672,0.000000,22.764618,6.000000
2.355469,0.689453,-0.029297,0.000000,26.512779,6.000000
2.626953,-0.175781,1.017578,0.000000,29.513374,6.000000
2.669922,-0.179688,1.017578,0.000000,32.801228,6.000000
2.769531,-0.089844,0.869141,0.000000,32.057457,6.000000
4.302734,-0.142578,1.447266,0.000000,28.034571,6.000000
4.388672,-0.142578,1.306641,0.000000,31.622656,6.000000
4.468750,-0.144531,1.173828,0.000000,31.367207,6.000000
4.638672,-0.000000,0.484375,0.000000,30.569048,6.000000
4.687500,-0.000000,0.396484,0.000000,31.205740,6.000000
4.744141,-0.000000,-0.039062,0.000000,30.265333,6.000000
4.738281,-0.298828,-0.597656,0.000000,33.449814,6.000000
4.781250,-0.150391,-0.638672,0.000000,34.516331,6.000000
4.808594,-0.152344,-0.738281,0.000000,32.103184,6.000000
4.867188,-0.308594,0.845703,0.000000,30.773680,6.000000
4.925781,-0.779297,0.164062,0.000000,29.479237,6.000000
0.044922,-0.027344,0.062500,0.000000,30.277573,6.000000
0.050781,-0.042969,0.103516,0.000000,29.206450,6.000000
1.175781,-0.449219,0.357422,0.000000,21.643528,6.000000
1.238281,-0.464844,0.269531,0.000000,19.912260,6.000000
0.011719,-0.039062,-0.007812,0.000000,30.944712,7.000000
0.025391,-0.076172,-0.011719,0.000000,32.135178,7.000000
0.029297,-0.119141,-0.005859,0.000000,30.346285,7.000000
0.056641,-0.154297,0.005859,0.000000,25.622929,7.000000
0.257812,0.039062,-1.240234,0.000000,23.729120,7.000000
0.154297,-0.000000,1.300781,0.000000,24.593925,7.000000
0.458984,0.042969,1.269531,0.000000,22.810333,7.000000
2.630859,-0.175781,1.009766,0.000000,29.556877,7.000000
2.673828,-0.179688,1.009766,0.000000,32.808060,7.000000
2.773438,-0.089844,0.857422,0.000000,32.076344,7.000000
4.304688,-0.142578,1.437500,0.000000,28.102325,7.000000
4.388672,-0.142578,1.310547,0.000000,31.646502,7.000000
4.462891,-0.144531,1.191406,0.000000,31.405081,7.000000
4.632812,-0.000000,0.535156,0.000000,30.515385,7.000000
4.685547,-0.000000,0.417969,0.000000,31.055101,7.000000
4.742188,-0.148438,-0.007812,0.000000,30.511526,7.000000
4.757812,-0.298828,-0.416016,0.000000,33.605934,7.000000
4.789062,-0.300781,-0.515625,0.000000,34.513260,7.000000
4.820312,-0.152344,-0.656250,0.000000,32.016701,7.000000
4.875000,-0.308594,0.800781,0.000000,30.740847,7.000000
4.947266,-0.623047,0.185547,0.000000,29.652018,7.000000
0.044922,-0.027344,0.062500,0.000000,30.281645,7.000000
0.050781,-0.042969,0.103516,0.000000,29.216866,7.000000
1.175781,-0.449219,0.359375,0.000000,21.673174,7.000000
1.240234,-0.464844,0.265625,0.000000,19.956352,7.000000
0.011719,-0.039062,-0.007812,0.000000,30.944712,8.000000
0.025391,-0.076172,-0.011719,0.000000,32.135178,8.000000
0.029297,-0.119141,-0.005859,0.000000,30.342272,8.000000
0.056641,-0.154297,0.005859,0.000000,25.611013,8.000000
0.281250,0.039062,-1.236328,0.000000,23.673559,8.000000
0.166016,-0.000000,1.298828,0.000000,24.548449,8.000000
0.472656,0.042969,1.263672,0.000000,22.718416,8.000000
2.630859,-0.175781,1.005859,0.000000,29.513374,8.000000
2.671875,-0.179688,1.015625,0.000000,32.808060,8.000000
2.765625,-0.089844,0.884766,0.000000,32.070957,8.000000
4.300781,-0.142578,1.447266,0.000000,28.041395,8.000000
4.392578,-0.142578,1.294922,0.000000,31.619667,8.000000
4.474609,-0.144531,1.150391,0.000000,31.316187,8.000000
4.632812,-0.000000,0.531250,0.000000,30.503798,8.000000
4.679688,-0.000000,0.482422,0.000000,31.162756,8.000000
4.744141,-0.000000,0.042969,0.000000,30.398106,8.000000
4.753906,-0.298828,-0.472656,0.000000,33.370598,8.000000
4.789062,-0.300781,-0.529297,0.000000,34.402794,8.000000
4.820312,-0.152344,-0.662109,0.000000,31.961761,8.000000
4.884766,-0.308594,0.744141,0.000000,30.689276,8.000000
4.929688,-0.779297,0.056641,0.000000,29.642597,8.000000
0.044922,-0.027344,0.062500,0.000000,30.285713,8.000000
0.050781,-0.042969,0.103516,0.000000,29.216866,8.000000
1.173828,-0.449219,0.363281,0.000000,21.673174,8.000000
1.238281,-0.464844,0.269531,0.000000,19.912260,8.000000
0.011719,-0.039062,-0.007812,0.000000,30.951693,9.000000
0.025391,-0.076172,-0.011719,0.000000,32.137833,9.000000
0.029297,-0.119141,-0.005859,0.000000,30.346285,9.000000
0.056641,-0.154297,0.005859,0.000000,25.611013,9.000000
0.242188,0.039062,-1.244141,0.000000,23.692158,9.000000
0.166016,-0.000000,1.298828,0.000000,24.548449,9.000000
0.490234,0.042969,1.257812,0.000000,22.718416,9.000000
2.621094,-0.175781,1.031250,0.000000,29.552065,9.000000
2.666016,-0.179688,1.027344,0.000000,32.821690,9.000000
2.763672,-0.089844,0.886719,0.000000,32.070957,9.000000
4.294922,-0.142578,1.462891,0.000000,28.020893,9.000000
4.386719,-0.142578,1.310547,0.000000,31.622656,9.000000
4.464844,-0.144531,1.187500,0.000000,31.316187,9.000000
4.630859,-0.000000,0.556641,0.000000,30.277573,9.000000
4.673828,-0.000000,0.525391,0.000000,31.058506,9.000000
4.744141,-0.000000,0.128906,0.000000,29.858753,9.000000
4.744141,-0.298828,-0.556641,0.000000,33.404442,9.000000
4.779297,-0.150391,-0.662109,0.000000,34.562141,9.000000
4.796875,-0.152344,-0.810547,0.000000,32.203697,9.000000
4.857422,-0.308594,0.902344,0.000000,30.744507,9.000000
4.923828,-0.779297,0.216797,0.000000,29.580858,9.000000
0.044922,-0.027344,0.062500,0.000000,30.285713,9.000000
0.050781,-0.042969,0.103516,0.000000,29.216866,9.000000
1.177734,-0.449219,0.353516,0.000000,21.673174,9.000000
1.236328,-0.464844,0.283203,0.000000,19.912260,9.000000
0.011719,-0.039062,-0.007812,0.000000,30.944712,10.000000
