2.669922,-0.179688,1.019531,0.000000,32.757717,0.000000
2.765625,-0.089844,0.880859,0.000000,32.033051,0.000000
4.345703,-0.142578,1.312500,0.000000,28.048206,0.000000
4.408203,-0.142578,1.236328,0.000000,31.455072,0.000000
4.464844,-0.144531,1.185547,0.000000,31.146111,0.000000
4.621094,-0.000000,0.623047,0.000000,30.314085,0.000000
4.687500,-0.000000,0.390625,0.000000,30.951693,0.000000
4.744141,-0.000000,-0.105469,0.000000,29.726656,0.000000
4.740234,-0.298828,-0.587891,0.000000,33.451775,0.000000
4.783203,-0.300781,-0.582031,0.000000,34.619484,0.000000
4.820312,-0.152344,-0.656250,0.000000,32.255676,0.000000
4.804688,-0.308594,1.146484,0.000000,30.817072,0.000000
4.833984,-0.156250,1.232422,0.000000,29.057959,0.000000
0.044922,-0.027344,0.062500,0.000000,30.224283,0.000000
0.042969,-0.046875,0.105469,0.000000,29.164539,0.000000
1.173828,-0.449219,0.365234,0.000000,21.583626,0.000000
1.232422,-0.464844,0.298828,0.000000,19.867718,0.000000
0.011719,-0.039062,-0.007812,0.000000,30.881361,1.000000
0.025391,-0.076172,-0.011719,0.000000,32.076344,1.000000
0.029297,-0.119141,-0.005859,0.000000,30.281645,1.000000
0.056641,-0.154297,0.005859,0.000000,25.563025,1.000000
0.214844,0.039062,-1.250000,0.000000,23.636120,1.000000
0.205078,-0.000000,1.292969,0.000000,24.487062,1.000000
0.503906,0.042969,1.251953,0.000000,22.671717,1.000000
1.537109,-0.562500,-0.019531,0.000000,28.808136,1.000000
1.574219,-0.576172,0.011719,0.000000,28.739016,1.000000
2.623047,-0.175781,1.025391,0.000000,29.556877,1.000000
2.667969,-0.179688,1.023438,0.000000,32.796669,1.000000
2.765625,-0.089844,0.880859,0.000000,32.070957,1.000000
4.363281,-0.142578,1.250000,0.000000,28.068581,1.000000
4.429688,-0.142578,1.160156,0.000000,31.408222,1.000000
4.498047,-0.144531,1.054688,0.000000,30.951693,1.000000
4.628906,-0.000000,0.570312,0.000000,30.060379,1.000000
4.687500,-0.000000,0.388672,0.000000,30.976044,1.000000
4.744141,-0.000000,-0.087891,0.000000,29.513374,1.000000
4.740234,-0.298828,-0.585938,0.000000,33.083511,1.000000
4.781250,-0.300781,-0.587891,0.000000,34.263485,1.000000
4.818359,-0.152344,-0.671875,0.000000,31.880844,1.000000
4.818359,-0.308594,1.085938,0.000000,30.856472,1.000000
4.845703,-0.156250,1.181641,0.000000,29.090208,1.000000
0.044922,-0.027344,0.062500,0.000000,30.220158,1.000000
0.050781,-0.042969,0.103516,0.000000,29.159271,1.000000
1.177734,-0.449219,0.351562,0.000000,21.553360,1.000000
1.240234,-0.464844,0.259766,0.000000,19.822712,1.000000
0.011719,-0.039062,-0.007812,0.000000,30.881361,2.000000
0.025391,-0.076172,-0.011719,0.000000,32.073650,2.000000
0.029297,-0.119141,-0.005859,0.000000,30.281645,2.000000
0.056641,-0.154297,0.005859,0.000000,25.563025,2.000000
0.238281,0.039062,-1.244141,0.000000,23.636120,2.000000
0.177734,-0.000000,1.296875,0.000000,24.502491,2.000000
0.478516,0.042969,1.261719,0.000000,22.718416,2.000000
2.621094,-0.175781,1.033203,0.000000,29.493900,2.000000
2.667969,-0.179688,1.023438,0.000000,32.760021,2.000000
2.763672,-0.089844,0.886719,0.000000,32.030331,2.000000
4.382812,-0.142578,1.177734,0.000000,28.109043,2.000000
4.427734,-0.142578,1.166016,0.000000,31.519823,2.000000
4.484375,-0.144531,1.115234,0.000000,31.231981,2.000000
4.640625,-0.000000,0.453125,0.000000,30.240749,2.000000
4.691406,-0.000000,0.335938,0.000000,30.951693,2.000000
4.744141,-0.000000,-0.066406,0.000000,29.425041,2.000000
4.742188,-0.298828,-0.572266,0.000000,33.207691,2.000000
4.792969,-0.150391,-0.560547,0.000000,34.328091,2.000000
4.820312,-0.152344,-0.658203,0.000000,31.775366,2.000000
4.816406,-0.308594,1.095703,0.000000,30.976044,2.000000
4.833984,-0.156250,1.232422,0.000000,29.222063,2.000000
0.044922,-0.027344,0.062500,0.000000,30.220158,2.000000
0.042969,-0.046875,0.105469,0.000000,29.159271,2.000000
1.179688,-0.449219,0.347656,0.000000,21.643528,2.000000
1.238281,-0.464844,0.273438,0.000000,19.912260,2.000000
0.011719,-0.039062,-0.007812,0.000000,30.884905,3.000000
0.025391,-0.076172,-0.011719,0.000000,32.076344,3.000000
0.029297,-0.119141,-0.005859,0.000000,30.281645,3.000000
0.056641,-0.154297,0.005859,0.000000,25.563025,3.000000
0.250000,0.039062,-1.242188,0.000000,23.654881,3.000000
0.160156,-0.000000,1.298828,0.000000,24.517864,3.000000
0.474609,0.042969,1.263672,0.000000,22.718416,3.000000
1.511719,-0.498047,-0.095703,0.000000,28.645111,3.000000
1.550781,-0.511719,-0.091797,0.000000,30.806265,3.000000
1.572266,-0.576172,-0.087891,0.000000,29.795485,3.000000
2.628906,-0.175781,1.011719,0.000000,29.513374,3.000000
2.671875,-0.179688,1.013672,0.000000,32.773800,3.000000
2.767578,-0.089844,0.875000,0.000000,32.033051,3.000000
4.373047,-0.142578,1.216797,0.000000,28.055008,3.000000
4.429688,-0.142578,1.164062,0.000000,31.455072,3.000000
4.496094,-0.144531,1.062500,0.000000,31.102530,3.000000
4.636719,-0.000000,0.501953,0.000000,30.119930,3.000000
4.689453,-0.000000,0.365234,0.000000,30.852905,3.000000
4.742188,-0.000000,-0.154297,0.000000,29.532763,3.000000
4.738281,-0.298828,-0.609375,0.000000,33.302109,3.000000
4.781250,-0.300781,-0.585938,0.000000,34.485516,3.000000
4.822266,-0.152344,-0.646484,0.000000,32.089787,3.000000
4.800781,-0.308594,1.160156,0.000000,30.944712,3.000000
4.828125,-0.156250,1.251953,0.000000,29.095560,3.000000
0.044922,-0.027344,0.062500,0.000000,30.224283,3.000000
0.042969,-0.046875,0.105469,0.000000,29.164539,3.000000
1.177734,-0.449219,0.349609,0.000000,21.583626,3.000000
1.238281,-0.464844,0.269531,0.000000,19.777237,3.000000
0.011719,-0.039062,-0.007812,0.000000,30.884905,4.000000
0.025391,-0.076172,-0.011719,0.000000,32.076344,4.000000
0.029297,-0.119141,-0.005859,0.000000,30.285713,4.000000
0.056641,-0.154297,0.005859,0.000000,25.563025,4.000000
0.251953,0.039062,-1.242188,0.000000,23.636120,4.000000
0.167969,-0.000000,1.298828,0.000000,24.502491,4.000000
0.460938,0.042969,1.267578,0.000000,22.695129,4.000000
1.496094,-0.449219,-0.322266,0.000000,27.363964,4.000000
1.544922,-0.460938,-0.281250,0.000000,29.415113,4.000000
1.591797,-0.472656,-0.236328,0.000000,28.959747,4.000000
2.628906,-0.175781,1.013672,0.000000,29.508514,4.000000
2.669922,-0.179688,1.017578,0.000000,32.773800,4.000000
2.765625,-0.089844,0.878906,0.000000,32.030331,4.000000
4.363281,-0.142578,1.248047,0.000000,28.027737,4.000000
4.421875,-0.142578,1.187500,0.000000,31.492191,4.000000
4.488281,-0.144531,1.097656,0.000000,31.179338,4.000000
4.638672,-0.000000,0.472656,0.000000,30.178677,4.000000
4.691406,-0.000000,0.341797,0.000000,30.852905,4.000000
4.742188,-0.000000,-0.154297,0.000000,29.513374,4.000000
4.738281,-0.298828,-0.601562,0.000000,33.396503,4.000000
4.781250,-0.300781,-0.585938,0.000000,34.536240,4.000000
4.820312,-0.152344,-0.664062,0.000000,32.129864,4.000000
4.822266,-0.308594,1.072266,0.000000,30.685570,4.000000
0.044922,-0.027344,0.062500,0.000000,30.224283,4.000000
0.042969,-0.046875,0.105469,0.000000,29.159271,4.000000
1.179688,-0.449219,0.345703,0.000000,21.583626,4.000000
1.240234,-0.464844,0.257812,0.000000,19.867718,4.000000
0.011719,-0.039062,-0.007812,0.000000,30.877813,5.000000
0.025391,-0.076172,-0.011719,0.000000,32.070957,5.000000
0.029297,-0.119141,-0.005859,0.000000,30.277573,5.000000
0.056641,-0.154297,0.005859,0.000000,25.550945,5.000000
0.253906,0.039062,-1.242188,0.000000,23.617279,5.000000
0.173828,-0.000000,1.296875,0.000000,24.487062,5.000000
0.488281,0.042969,1.257812,0.000000,22.695129,5.000000
1.490234,-0.511719,-0.445312,0.000000,26.253124,5.000000
2.628906,-0.175781,1.011719,0.000000,29.513374,5.000000
2.671875,-0.179688,1.015625,0.000000,32.764618,5.000000
2.767578,-0.089844,0.875000,0.000000,32.022160,5.000000
4.343750,-0.142578,1.314453,0.000000,27.888752,5.000000
4.419922,-0.142578,1.197266,0.000000,31.442627,5.000000
4.484375,-0.144531,1.115234,0.000000,31.166077,5.000000
4.630859,-0.000000,0.546875,0.000000,30.240749,5.000000
4.687500,-0.000000,0.384766,0.000000,30.934217,5.000000
4.744141,-0.000000,-0.058594,0.000000,29.508514,5.000000
4.742188,-0.298828,-0.574219,0.000000,33.332458,5.000000
4.791016,-0.150391,-0.572266,0.000000,34.456043,5.000000
4.822266,-0.152344,-0.654297,0.000000,31.997551,5.000000
4.810547,-0.308594,1.123047,0.000000,30.838608,5.000000
0.044922,-0.027344,0.062500,0.000000,30.224283,5.000000
0.042969,-0.046875,0.105469,0.000000,29.164539,5.000000
1.173828,-0.449219,0.363281,0.000000,21.583626,5.000000
1.242188,-0.464844,0.250000,0.000000,19.777237,5.000000
0.011719,-0.039062,-0.007812,0.000000,30.884905,6.000000
0.025391,-0.076172,-0.011719,0.000000,32.073650,6.000000
0.029297,-0.119141,-0.005859,0.000000,30.281645,6.000000
0.056641,-0.154297,0.005859,0.000000,25.550945,6.000000
0.259766,0.039062,-1.240234,0.000000,23.673559,6.000000
0.175781,-0.000000,1.296875,0.000000,24.533184,6.000000
0.482422,0.042969,1.259766,0.000000,22.718416,6.000000
2.621094,-0.175781,1.033203,0.000000,29.537598,6.000000
2.669922,-0.179688,1.017578,0.000000,32.776093,6.000000
2.769531,-0.089844,0.873047,0.000000,32.049335,6.000000
4.328125,-0.142578,1.363281,0.000000,27.867514,6.000000
4.404297,-0.142578,1.253906,0.000000,31.433271,6.000000
4.470703,-0.144531,1.166016,0.000000,31.152777,6.000000
4.630859,-0.000000,0.544922,0.000000,30.199467,6.000000
4.683594,-0.000000,0.437500,0.000000,30.955181,6.000000
4.746094,-0.000000,0.011719,0.000000,29.566486,6.000000
4.744141,-0.298828,-0.554688,0.000000,33.234585,6.000000
4.792969,-0.150391,-0.554688,0.000000,34.337700,6.000000
4.824219,-0.152344,-0.634766,0.000000,31.961761,6.000000
4.812500,-0.308594,1.119141,0.000000,30.916670,6.000000
4.828125,-0.156250,1.255859,0.000000,29.185545,6.000000
0.044922,-0.027344,0.062500,0.000000,30.220158,6.000000
0.042969,-0.046875,0.105469,0.000000,29.159271,6.000000
1.175781,-0.449219,0.359375,0.000000,21.643528,6.000000
1.240234,-0.464844,0.263672,0.000000,19.867718,6.000000
0.011719,-0.039062,-0.007812,0.000000,30.888445,7.000000
0.025391,-0.076172,-0.011719,0.000000,32.076344,7.000000
0.029297,-0.119141,-0.005859,0.000000,30.281645,7.000000
0.056641,-0.154297,0.005859,0.000000,25.563025,7.000000
0.226562,0.039062,-1.246094,0.000000,23.673559,7.000000
0.150391,-0.000000,1.300781,0.000000,24.533184,7.000000
0.466797,0.042969,1.265625,0.000000,22.718416,7.000000
2.613281,-0.175781,1.050781,0.000000,29.595184,7.000000
2.666016,-0.179688,1.031250,0.000000,32.798950,7.000000
2.761719,-0.089844,0.892578,0.000000,32.038486,7.000000
4.333984,-0.142578,1.343750,0.000000,27.867514,7.000000
4.412109,-0.142578,1.224609,0.000000,31.417633,7.000000
4.472656,-0.144531,1.154297,0.000000,31.122698,7.000000
4.632812,-0.000000,0.533203,0.000000,30.240749,7.000000
4.689453,-0.000000,0.363281,0.000000,31.010593,7.000000
4.744141,-0.000000,-0.085938,0.000000,29.571281,7.000000
4.742188,-0.298828,-0.578125,0.000000,33.193142,7.000000
4.785156,-0.300781,-0.566406,0.000000,34.326488,7.000000
4.826172,-0.152344,-0.625000,0.000000,31.928461,7.000000
4.808594,-0.308594,1.130859,0.000000,30.722500,7.000000
0.044922,-0.027344,0.062500,0.000000,30.220158,7.000000
0.050781,-0.042969,0.103516,0.000000,29.153997,7.000000
1.173828,-0.449219,0.363281,0.000000,21.613680,7.000000
1.240234,-0.464844,0.267578,0.000000,19.867718,7.000000
0.011719,-0.039062,-0.007812,0.000000,30.881361,8.000000
0.025391,-0.076172,-0.011719,0.000000,32.073650,8.000000
0.029297,-0.119141,-0.005859,0.000000,30.281645,8.000000
0.056641,-0.154297,0.005859,0.000000,25.563025,8.000000
0.242188,0.039062,-1.244141,0.000000,23.654881,8.000000
0.140625,-0.000000,1.300781,0.000000,24.548449,8.000000
0.458984,0.042969,1.269531,0.000000,22.741579,8.000000
1.523438,-0.562500,-0.197266,0.000000,26.560982,8.000000
2.623047,-0.175781,1.029297,0.000000,29.552065,8.000000
2.667969,-0.179688,1.025391,0.000000,32.778385,8.000000
2.765625,-0.089844,0.884766,0.000000,32.043915,8.000000
4.343750,-0.142578,1.314453,0.000000,27.930916,8.000000
4.417969,-0.142578,1.208984,0.000000,31.458178,8.000000
4.484375,-0.144531,1.109375,0.000000,31.172712,8.000000
4.632812,-0.000000,0.531250,0.000000,30.232525,8.000000
4.689453,-0.000000,0.365234,0.000000,30.881361,8.000000
4.744141,-0.000000,-0.123047,0.000000,29.552065,8.000000
4.740234,-0.298828,-0.587891,0.000000,33.366600,8.000000
4.791016,-0.150391,-0.574219,0.000000,34.479328,8.000000
4.822266,-0.152344,-0.650391,0.000000,31.994808,8.000000
4.822266,-0.308594,1.074219,0.000000,30.733517,8.000000
0.044922,-0.027344,0.062500,0.000000,30.220158,8.000000
0.042969,-0.046875,0.105469,0.000000,29.164539,8.000000
1.173828,-0.449219,0.365234,0.000000,21.613680,8.000000
1.234375,-0.464844,0.287109,0.000000,19.867718,8.000000
0.011719,-0.039062,-0.007812,0.000000,30.888445,9.000000
0.025391,-0.076172,-0.011719,0.000000,32.073650,9.000000
0.029297,-0.119141,-0.005859,0.000000,30.281645,9.000000
0.056641,-0.154297,0.005859,0.000000,25.563025,9.000000
0.240234,0.039062,-1.244141,0.000000,23.654881,9.000000
0.199219,-0.000000,1.292969,0.000000,24.502491,9.000000
0.496094,0.042969,1.253906,0.000000,22.648178,9.000000
0.511719,0.826172,-1.212891,0.000000,24.771212,9.000000
1.505859,-0.498047,-0.173828,0.000000,27.909885,9.000000
1.564453,-0.460938,-0.128906,0.000000,28.215136,9.000000
2.626953,-0.175781,1.015625,0.000000,29.518230,9.000000
2.667969,-0.179688,1.023438,0.000000,32.776093,9.000000
2.763672,-0.089844,0.886719,0.000000,32.054749,9.000000
4.345703,-0.142578,1.308594,0.000000,27.986506,9.000000
4.416016,-0.142578,1.210938,0.000000,31.455072,9.000000
4.486328,-0.144531,1.105469,0.000000,31.136091,9.000000
4.628906,-0.000000,0.564453,0.000000,30.232525,9.000000
4.689453,-0.000000,0.384766,0.000000,30.944712,9.000000
4.744141,-0.000000,-0.107422,0.000000,29.571281,9.000000
4.740234,-0.298828,-0.582031,0.000000,33.184807,9.000000
4.783203,-0.300781,-0.572266,0.000000,34.328091,9.000000
4.824219,-0.152344,-0.628906,0.000000,32.000294,9.000000
4.822266,-0.308594,1.068359,0.000000,30.652061,9.000000
0.044922,-0.027344,0.062500,0.000000,30.224283,9.000000
0.050781,-0.042969,0.103516,0.000000,29.164539,9.000000
1.177734,-0.449219,0.349609,0.000000,21.583626,9.000000
1.236328,-0.464844,0.277344,0.000000,19.822712,9.000000
1.472656,-0.437500,-0.234375,0.000000,24.712917,9.000000
0.011719,-0.039062,-0.007812,0.000000,30.884905,10.000000
0.025391,-0.076172,-0.011719,0.000000,32.073650,10.000000
0.029297,-0.119141,-0.005859,0.000000,30.281645,10.000000
0.056641,-0.154297,0.005859,0.000000,25.550945,10.000000
0.248047,0.039062,-1.242188,0.000000,23.636120,10.000000
