4.656250,-0.000000,0.257812,0.000000,31.571545,0.000000
4.697266,-0.000000,0.261719,0.000000,32.909245,0.000000
4.746094,-0.000000,-0.009766,0.000000,32.227165,0.000000
4.769531,-0.150391,-0.359375,0.000000,33.632359,0.000000
4.810547,-0.150391,-0.378906,0.000000,34.273239,0.000000
4.843750,-0.000000,-0.476562,0.000000,31.589653,0.000000
4.832031,-0.154297,1.062500,0.000000,31.102530,0.000000
0.037109,-0.035156,0.064453,0.000000,30.128372,0.000000
0.046875,-0.046875,0.103516,0.000000,29.009130,0.000000
0.009766,-0.056641,0.154297,0.000000,25.250448,0.000000
0.011719,-0.039062,-0.007812,0.000000,30.674429,1.000000
0.027344,-0.076172,-0.009766,0.000000,31.861084,1.000000
0.029297,-0.119141,-0.005859,0.000000,30.094509,1.000000
0.056641,-0.154297,0.007812,0.000000,25.428255,1.000000
0.496094,-0.000000,1.166016,0.000000,23.201464,1.000000
0.533203,-0.041016,1.195312,0.000000,24.232458,1.000000
0.542969,-0.000000,1.236328,0.000000,22.764618,1.000000
1.626953,0.537109,0.138672,0.000000,28.344208,1.000000
1.687500,0.494141,0.056641,0.000000,28.247765,1.000000
1.726562,0.505859,-0.017578,0.000000,26.748611,1.000000
2.628906,-0.000000,1.029297,0.000000,28.597385,1.000000
2.679688,-0.000000,1.007812,0.000000,32.174839,1.000000
2.722656,-0.000000,1.011719,0.000000,31.306553,1.000000
4.457031,-0.000000,1.062500,0.000000,30.976044,1.000000
4.517578,-0.144531,0.970703,0.000000,30.663260,1.000000
4.652344,-0.000000,0.316406,0.000000,31.889284,1.000000
4.693359,-0.000000,0.306641,0.000000,33.506355,1.000000
4.744141,-0.000000,0.056641,0.000000,32.860073,1.000000
4.773438,-0.150391,-0.318359,0.000000,33.778522,1.000000
4.810547,-0.150391,-0.375000,0.000000,34.256973,1.000000
4.845703,-0.000000,-0.470703,0.000000,31.401937,1.000000
4.835938,-0.154297,1.046875,0.000000,31.149445,1.000000
0.037109,-0.035156,0.064453,0.000000,30.124153,1.000000
0.046875,-0.046875,0.103516,0.000000,29.003672,1.000000
2.001953,-1.058594,-1.683594,0.000000,25.728716,1.000000
0.011719,-0.039062,-0.007812,0.000000,30.674429,2.000000
0.027344,-0.076172,-0.009766,0.000000,31.861084,2.000000
0.029297,-0.119141,-0.005859,0.000000,30.094509,2.000000
0.056641,-0.154297,0.007812,0.000000,25.428255,2.000000
0.492188,-0.000000,1.169922,0.000000,23.180634,2.000000
0.482422,-0.000000,1.216797,0.000000,24.216040,2.000000
0.548828,-0.000000,1.232422,0.000000,22.741579,2.000000
1.599609,0.472656,0.177734,0.000000,27.474117,2.000000
1.642578,0.482422,0.152344,0.000000,30.153597,2.000000
1.667969,0.548828,0.105469,0.000000,30.248960,2.000000
1.707031,0.562500,0.099609,0.000000,28.095596,2.000000
2.615234,-0.000000,1.064453,0.000000,28.615345,2.000000
2.673828,-0.000000,1.027344,0.000000,32.161659,2.000000
2.718750,0.089844,1.017578,0.000000,31.287222,2.000000
4.457031,-0.000000,1.062500,0.000000,30.986437,2.000000
4.519531,-0.144531,0.958984,0.000000,30.704073,2.000000
4.662109,-0.000000,0.136719,0.000000,31.430147,2.000000
4.703125,-0.000000,0.107422,0.000000,32.748505,2.000000
4.742188,-0.000000,-0.187500,0.000000,32.268578,2.000000
4.769531,-0.150391,-0.375000,0.000000,33.836357,2.000000
4.814453,-0.150391,-0.314453,0.000000,34.363216,2.000000
4.849609,-0.000000,-0.412109,0.000000,31.451963,2.000000
4.837891,-0.154297,1.037109,0.000000,31.095785,2.000000
0.037109,-0.035156,0.064453,0.000000,30.128372,2.000000
0.046875,-0.046875,0.103516,0.000000,29.014584,2.000000
2.035156,-1.058594,-1.644531,0.000000,25.634811,2.000000
0.011719,-0.039062,-0.007812,0.000000,30.670708,3.000000
0.027344,-0.076172,-0.009766,0.000000,31.858253,3.000000
0.029297,-0.119141,-0.005859,0.000000,30.090258,3.000000
0.056641,-0.154297,0.007812,0.000000,25.415792,3.000000
0.468750,-0.000000,1.177734,0.000000,23.201464,3.000000
0.470703,-0.000000,1.220703,0.000000,24.248816,3.000000
0.546875,-0.000000,1.234375,0.000000,22.787537,3.000000
1.648438,0.482422,0.048828,0.000000,28.992731,3.000000
1.666016,0.548828,-0.115234,0.000000,28.182259,3.000000
2.628906,-0.000000,1.027344,0.000000,28.750612,3.000000
2.677734,-0.000000,1.013672,0.000000,32.227165,3.000000
2.718750,-0.000000,1.023438,0.000000,31.348145,3.000000
4.455078,-0.000000,1.072266,0.000000,30.969101,3.000000
4.521484,-0.144531,0.953125,0.000000,30.663260,3.000000
4.652344,-0.000000,0.322266,0.000000,31.766699,3.000000
4.685547,-0.000000,0.423828,0.000000,33.197304,3.000000
4.736328,-0.148438,0.259766,0.000000,32.372925,3.000000
4.779297,-0.150391,-0.183594,0.000000,33.521824,3.000000
4.816406,-0.150391,-0.281250,0.000000,34.187984,3.000000
4.851562,-0.000000,-0.394531,0.000000,31.386185,3.000000
4.818359,-0.154297,1.119141,0.000000,31.044870,3.000000
0.037109,-0.035156,0.064453,0.000000,30.128372,3.000000
0.046875,-0.046875,0.103516,0.000000,29.009130,3.000000
0.011719,-0.039062,-0.007812,0.000000,30.674429,4.000000
0.027344,-0.076172,-0.009766,0.000000,31.861084,4.000000
0.029297,-0.119141,-0.005859,0.000000,30.094509,4.000000
0.056641,-0.154297,0.007812,0.000000,25.428255,4.000000
0.517578,-0.000000,1.158203,0.000000,23.201464,4.000000
0.542969,-0.041016,1.189453,0.000000,24.232458,4.000000
0.562500,-0.000000,1.226562,0.000000,22.764618,4.000000
1.603516,0.472656,0.134766,0.000000,26.857418,4.000000
1.640625,0.482422,0.162109,0.000000,29.670797,4.000000
1.687500,0.494141,0.068359,0.000000,29.772661,4.000000
2.644531,-0.000000,0.988281,0.000000,28.709888,4.000000
2.681641,-0.000000,1.003906,0.000000,32.211533,4.000000
2.722656,-0.000000,1.009766,0.000000,31.392492,4.000000
4.457031,-0.000000,1.064453,0.000000,30.969101,4.000000
4.515625,-0.144531,0.974609,0.000000,30.722500,4.000000
4.658203,-0.146484,0.164062,0.000000,31.538149,4.000000
4.701172,-0.000000,0.148438,0.000000,32.944664,4.000000
4.742188,-0.148438,-0.119141,0.000000,32.579185,4.000000
4.773438,-0.150391,-0.308594,0.000000,33.909351,4.000000
4.814453,-0.150391,-0.324219,0.000000,34.348881,4.000000
4.847656,-0.000000,-0.439453,0.000000,31.455072,4.000000
4.818359,-0.154297,1.123047,0.000000,30.958664,4.000000
0.037109,-0.035156,0.064453,0.000000,30.124153,4.000000
0.046875,-0.046875,0.103516,0.000000,29.009130,4.000000
0.005859,-0.056641,0.154297,0.000000,25.250448,4.000000
2.039062,-1.058594,-1.640625,0.000000,25.740313,4.000000
0.011719,-0.039062,-0.007812,0.000000,30.674429,5.000000
0.027344,-0.076172,-0.009766,0.000000,31.861084,5.000000
0.029297,-0.119141,-0.005859,0.000000,30.094509,5.000000
0.056641,-0.154297,0.007812,0.000000,25.428255,5.000000
0.488281,-0.000000,1.169922,0.000000,23.201464,5.000000
0.482422,-0.000000,1.216797,0.000000,24.248816,5.000000
0.550781,-0.000000,1.232422,0.000000,22.787537,5.000000
1.642578,0.429688,0.259766,0.000000,28.965261,5.000000
1.574219,0.439453,0.650391,0.000000,29.090208,5.000000
1.726562,0.632812,0.089844,0.000000,27.781513,5.000000
2.628906,-0.000000,1.029297,0.000000,28.859262,5.000000
2.673828,-0.000000,1.023438,0.000000,32.250507,5.000000
2.710938,-0.000000,1.041016,0.000000,31.398790,5.000000
4.455078,-0.000000,1.068359,0.000000,30.955181,5.000000
4.511719,-0.144531,0.996094,0.000000,30.689276,5.000000
4.660156,-0.146484,0.076172,0.000000,31.379868,5.000000
4.701172,-0.146484,-0.023438,0.000000,32.650539,5.000000
4.730469,-0.148438,-0.341797,0.000000,32.370407,5.000000
4.761719,-0.150391,-0.466797,0.000000,33.907585,5.000000
4.806641,-0.150391,-0.421875,0.000000,34.289444,5.000000
4.839844,-0.000000,-0.517578,0.000000,31.222158,5.000000
4.816406,-0.154297,1.134766,0.000000,31.115986,5.000000
1.660156,0.505859,0.478516,-0.614669,28.068581,5.000000
0.037109,-0.035156,0.064453,0.000000,30.124153,5.000000
0.046875,-0.046875,0.103516,0.000000,29.009130,5.000000
0.011719,-0.056641,0.152344,0.000000,25.250448,5.000000
0.011719,-0.039062,-0.007812,0.000000,30.674429,6.000000
0.027344,-0.076172,-0.009766,0.000000,31.861084,6.000000
0.029297,-0.119141,-0.005859,0.000000,30.090258,6.000000
0.056641,-0.154297,0.007812,0.000000,25.428255,6.000000
0.474609,-0.000000,1.175781,0.000000,23.222193,6.000000
0.474609,-0.000000,1.220703,0.000000,24.281347,6.000000
0.539062,-0.000000,1.238281,0.000000,22.878017,6.000000
2.648438,-0.000000,0.976562,0.000000,28.813847,6.000000
2.683594,-0.000000,0.996094,0.000000,32.242741,6.000000
2.724609,-0.000000,1.005859,0.000000,31.379868,6.000000
4.455078,-0.000000,1.072266,0.000000,30.937717,6.000000
4.507812,-0.144531,1.013672,0.000000,30.648323,6.000000
4.652344,-0.146484,0.287109,0.000000,31.586639,6.000000
4.701172,-0.000000,0.162109,0.000000,32.884727,6.000000
4.742188,-0.000000,-0.183594,0.000000,32.460060,6.000000
4.767578,-0.150391,-0.398438,0.000000,33.807537,6.000000
4.810547,-0.150391,-0.359375,0.000000,34.253712,6.000000
4.845703,-0.000000,-0.464844,0.000000,31.430147,6.000000
4.822266,-0.154297,1.103516,0.000000,30.989897,6.000000
0.037109,-0.035156,0.064453,0.000000,30.124153,6.000000
0.046875,-0.046875,0.103516,0.000000,29.003672,6.000000
0.011719,-0.039062,-0.007812,0.000000,30.666985,7.000000
0.027344,-0.076172,-0.009766,0.000000,31.861084,7.000000
0.029297,-0.119141,-0.005859,0.000000,30.098757,7.000000
0.056641,-0.154297,0.007812,0.000000,25.428255,7.000000
0.484375,-0.000000,1.171875,0.000000,23.222193,7.000000
0.476562,-0.000000,1.218750,0.000000,24.232458,7.000000
0.529297,-0.000000,1.242188,0.000000,22.764618,7.000000
1.630859,0.548828,-0.367188,0.000000,28.254261,7.000000
1.666016,0.562500,-0.380859,0.000000,27.403627,7.000000
2.646484,-0.000000,0.982422,0.000000,28.915375,7.000000
2.683594,-0.000000,1.000000,0.000000,32.299377,7.000000
2.716797,-0.000000,1.025391,0.000000,31.461281,7.000000
4.449219,-0.000000,1.089844,0.000000,30.962147,7.000000
4.521484,-0.144531,0.951172,0.000000,30.711452,7.000000
4.658203,-0.000000,0.236328,0.000000,31.846914,7.000000
4.689453,0.146484,0.335938,0.000000,33.306168,7.000000
4.740234,0.148438,0.167969,0.000000,32.410480,7.000000
4.777344,-0.000000,-0.287109,0.000000,33.453739,7.000000
4.810547,-0.150391,-0.369141,0.000000,34.159744,7.000000
4.843750,-0.000000,-0.488281,0.000000,31.417633,7.000000
4.832031,-0.154297,1.056641,0.000000,31.044870,7.000000
0.037109,-0.035156,0.064453,0.000000,30.132587,7.000000
0.046875,-0.046875,0.103516,0.000000,29.009130,7.000000
0.009766,-0.056641,0.154297,0.000000,25.263393,7.000000
0.011719,-0.039062,-0.007812,0.000000,30.670708,8.000000
0.027344,-0.076172,-0.009766,0.000000,31.861084,8.000000
0.029297,-0.119141,-0.005859,0.000000,30.094509,8.000000
0.056641,-0.154297,0.007812,0.000000,25.440680,8.000000
0.498047,-0.000000,1.166016,0.000000,23.180634,8.000000
0.484375,-0.000000,1.216797,0.000000,24.232458,8.000000
0.546875,-0.000000,1.234375,0.000000,22.787537,8.000000
2.632812,-0.000000,1.019531,0.000000,28.739016,8.000000
2.677734,-0.000000,1.013672,0.000000,32.219357,8.000000
2.718750,-0.000000,1.023438,0.000000,31.383026,8.000000
4.458984,-0.000000,1.050781,0.000000,30.972572,8.000000
4.531250,-0.144531,0.906250,0.000000,30.759117,8.000000
4.662109,-0.000000,0.144531,0.000000,31.583626,8.000000
4.703125,-0.000000,0.072266,0.000000,32.933624,8.000000
4.738281,-0.000000,-0.248047,0.000000,32.445244,8.000000
4.765625,-0.150391,-0.414062,0.000000,33.789429,8.000000
4.814453,-0.150391,-0.306641,0.000000,34.274860,8.000000
4.855469,-0.000000,-0.339844,0.000000,31.430147,8.000000
4.830078,-0.154297,1.066406,0.000000,31.182648,8.000000
0.037109,-0.035156,0.064453,0.000000,30.132587,8.000000
0.046875,-0.046875,0.103516,0.000000,29.009130,8.000000
0.011719,-0.039062,-0.007812,0.000000,30.666985,9.000000
0.027344,-0.076172,-0.009766,0.000000,31.855421,9.000000
0.029297,-0.119141,-0.005859,0.000000,30.086002,9.000000
0.056641,-0.154297,0.007812,0.000000,25.415792,9.000000
0.484375,-0.000000,1.171875,0.000000,23.263359,9.000000
0.472656,-0.000000,1.220703,0.000000,24.281347,9.000000
0.537109,-0.000000,1.238281,0.000000,22.833012,9.000000
2.640625,-0.000000,0.994141,0.000000,28.796692,9.000000
2.681641,-0.000000,1.005859,0.000000,32.242741,9.000000
2.720703,-0.000000,1.017578,0.000000,31.379868,9.000000
4.458984,-0.000000,1.048828,0.000000,30.993353,9.000000
4.531250,-0.144531,0.904297,0.000000,30.737183,9.000000
4.656250,-0.000000,0.246094,0.000000,31.658377,9.000000
4.697266,-0.000000,0.242188,0.000000,33.038437,9.000000
4.744141,-0.000000,-0.074219,0.000000,32.415466,9.000000
4.765625,-0.150391,-0.412109,0.000000,33.695869,9.000000
4.808594,-0.150391,-0.394531,0.000000,34.202858,9.000000
4.843750,-0.000000,-0.482422,0.000000,31.357685,9.000000
4.808594,-0.154297,1.160156,0.000000,31.115986,9.000000
0.037109,-0.035156,0.064453,0.000000,30.124153,9.000000
0.046875,-0.046875,0.103516,0.000000,29.003672,9.000000
0.011719,-0.039062,-0.007812,0.000000,30.670708,10.000000
0.027344,-0.076172,-0.009766,0.000000,31.861084,10.000000
0.029297,-0.119141,-0.005859,0.000000,30.094509,10.000000
0.056641,-0.154297,0.007812,0.000000,25.415792,10.000000
0.498047,-0.000000,1.166016,0.000000,23.222193,10.000000
0.539062,-0.041016,1.191406,0.000000,24.248816,10.000000
0.558594,-0.000000,1.228516,0.000000,22.787537,10.000000
1.619141,0.419922,0.111328,0.000000,29.410143,10.000000
1.648438,0.482422,0.039062,0.000000,30.060379,10.000000
1.669922,0.548828,-0.042969,0.000000,29.009130,10.000000
2.640625,-0.000000,0.996094,0.000000,28.779470,10.000000
2.681641,-0.000000,1.001953,0.000000,32.198463,10.000000
2.726562,-0.000000,0.998047,0.000000,31.344959,10.000000
4.451172,-0.000000,1.085938,0.000000,30.972572,10.000000
4.515625,-0.144531,0.976562,0.000000,30.715137,10.000000
4.660156,-0.000000,0.169922,0.000000,31.670218,10.000000
4.703125,-0.000000,0.125000,0.000000,33.077099,10.000000
4.742188,-0.000000,-0.164062,0.000000,32.586372,10.000000
4.767578,-0.150391,-0.402344,0.000000,33.838154,10.000000
4.810547,-0.150391,-0.380859,0.000000,34.282967,10.000000
4.845703,-0.000000,-0.468750,0.000000,31.461281,10.000000
4.814453,-0.154297,1.134766,0.000000,31.149445,10.000000
4.845703,-0.000000,1.193359,0.000000,30.038912,10.000000
0.037109,-0.035156,0.064453,0.000000,30.124153,10.000000
0.046875,-0.046875,0.103516,0.000000,29.009130,10.000000
2.498047,-1.714844,3.964844,0.000000,27.151674,10.000000
0.011719,-0.039062,-0.007812,0.000000,30.670708,11.000000
0.027344,-0.076172,-0.009766,0.000000,31.861084,11.000000
0.029297,-0.119141,-0.005859,0.000000,30.094509,11.000000
0.056641,-0.154297,0.007812,0.000000,25.415792,11.000000
0.494141,-0.000000,1.167969,0.000000,23.222193,11.000000
0.484375,-0.000000,1.214844,0.000000,24.248816,11.000000
0.552734,-0.000000,1.230469,0.000000,22.810333,11.000000
