1.531250,-0.000000,-0.267578,0.000000,26.830471,0.000000
1.560547,0.050781,-0.322266,0.000000,28.267225,0.000000
1.558594,-0.000000,-0.498047,0.000000,26.324574,0.000000
2.619141,-0.175781,1.039062,0.000000,29.425041,0.000000
2.658203,-0.179688,1.050781,0.000000,32.405491,0.000000
2.746094,-0.089844,0.939453,0.000000,31.258064,0.000000
0.041016,-0.033203,0.062500,0.000000,30.094509,0.000000
0.044922,-0.046875,0.103516,0.000000,28.998205,0.000000
0.011719,-0.039062,-0.007812,0.000000,30.659531,1.000000
0.017578,-0.080078,-0.007812,0.000000,31.911715,1.000000
0.029297,-0.119141,-0.005859,0.000000,30.141003,1.000000
0.056641,-0.154297,0.005859,0.000000,25.465427,1.000000
0.126953,-0.080078,1.259766,0.000000,23.159704,1.000000
0.054688,-0.082031,-1.304688,0.000000,24.638929,1.000000
0.425781,-0.083984,-1.277344,0.000000,23.053514,1.000000
0.585938,-0.042969,-1.259766,0.000000,21.673174,1.000000
1.542969,0.048828,-0.183594,0.000000,26.211763,1.000000
1.632812,0.050781,0.105469,0.000000,28.055008,1.000000
2.660156,-0.179688,1.042969,0.000000,31.781132,1.000000
2.753906,-0.089844,0.917969,0.000000,30.979511,1.000000
1.591797,-0.000000,0.525391,0.614669,27.867514,1.000000
0.009766,0.031250,0.025391,0.000000,29.299295,1.000000
0.041016,-0.033203,0.062500,0.000000,30.094509,1.000000
0.046875,-0.046875,0.103516,0.000000,28.998205,1.000000
0.572266,0.582031,1.322266,0.000000,24.771212,1.000000
0.011719,-0.039062,-0.007812,0.000000,30.652061,2.000000
0.017578,-0.080078,-0.007812,0.000000,31.903316,2.000000
0.029297,-0.119141,-0.005859,0.000000,30.136797,2.000000
0.056641,-0.154297,0.005859,0.000000,25.453072,2.000000
0.115234,-0.082031,-1.300781,0.000000,24.608978,2.000000
0.427734,-0.083984,-1.277344,0.000000,23.074961,2.000000
0.582031,-0.042969,-1.261719,0.000000,21.583626,2.000000
1.500000,0.046875,-0.203125,0.000000,24.756712,2.000000
1.541016,-0.000000,-0.205078,0.000000,30.666985,2.000000
1.578125,-0.000000,-0.240234,0.000000,32.880257,2.000000
1.613281,-0.000000,-0.269531,0.000000,32.296818,2.000000
1.664062,-0.000000,-0.208984,0.000000,29.666109,2.000000
2.621094,-0.175781,1.033203,0.000000,29.537598,2.000000
2.666016,-0.179688,1.031250,0.000000,32.676411,2.000000
2.740234,-0.181641,0.947266,0.000000,31.619667,2.000000
0.041016,-0.033203,0.062500,0.000000,30.094509,2.000000
0.046875,-0.046875,0.103516,0.000000,28.998205,2.000000
0.482422,0.615234,1.296875,0.000000,22.787537,2.000000
0.011719,-0.039062,-0.007812,0.000000,30.659531,3.000000
0.017578,-0.080078,-0.007812,0.000000,31.908916,3.000000
0.029297,-0.119141,-0.005859,0.000000,30.141003,3.000000
0.056641,-0.154297,0.005859,0.000000,25.453072,3.000000
0.064453,-0.080078,1.263672,0.000000,23.096302,3.000000
0.041016,-0.082031,-1.306641,0.000000,24.593925,3.000000
0.425781,-0.083984,-1.277344,0.000000,23.031961,3.000000
1.552734,-0.048828,-0.037109,0.000000,26.364880,3.000000
1.593750,0.050781,0.072266,0.000000,27.118073,3.000000
2.625000,-0.175781,1.023438,0.000000,29.385197,3.000000
2.687500,-0.089844,0.986328,0.000000,32.271152,3.000000
2.750000,-0.089844,0.931641,0.000000,31.169397,3.000000
0.009766,0.031250,0.025391,0.000000,29.299295,3.000000
0.041016,-0.033203,0.062500,0.000000,30.094509,3.000000
0.044922,-0.046875,0.103516,0.000000,28.998205,3.000000
0.441406,0.679688,1.326172,0.000000,24.014006,3.000000
0.011719,-0.039062,-0.007812,0.000000,30.652061,4.000000
0.017578,-0.080078,-0.007812,0.000000,31.908916,4.000000
0.029297,-0.119141,-0.005859,0.000000,30.132587,4.000000
0.056641,-0.154297,0.005859,0.000000,25.440680,4.000000
0.107422,-0.082031,-1.302734,0.000000,24.593925,4.000000
0.431641,-0.083984,-1.275391,0.000000,23.010300,4.000000
1.539062,-0.048828,-0.214844,0.000000,27.299744,4.000000
1.580078,-0.000000,-0.220703,0.000000,28.959747,4.000000
1.625000,-0.000000,-0.195312,0.000000,28.904211,4.000000
1.675781,-0.052734,0.009766,0.000000,28.767950,4.000000
1.710938,-0.000000,0.154297,0.000000,27.250946,4.000000
2.621094,-0.175781,1.035156,0.000000,29.273705,4.000000
2.691406,-0.089844,0.974609,0.000000,32.289135,4.000000
2.750000,-0.089844,0.929688,0.000000,31.126051,4.000000
0.009766,0.031250,0.025391,0.000000,29.299295,4.000000
0.041016,-0.033203,0.062500,0.000000,30.094509,4.000000
0.044922,-0.046875,0.103516,0.000000,28.998205,4.000000
0.011719,-0.039062,-0.007812,0.000000,30.652061,5.000000
0.017578,-0.080078,-0.007812,0.000000,31.906118,5.000000
0.029297,-0.119141,-0.005859,0.000000,30.136797,5.000000
0.056641,-0.154297,0.005859,0.000000,25.440680,5.000000
0.101562,-0.080078,1.261719,0.000000,23.138672,5.000000
0.408203,-0.083984,-1.283203,0.000000,23.096302,5.000000
0.554688,-0.042969,-1.275391,0.000000,21.760912,5.000000
1.675781,0.052734,0.060547,0.000000,26.637009,5.000000
1.701172,0.052734,0.228516,0.000000,26.608654,5.000000
2.603516,-0.175781,1.078125,0.000000,29.642597,5.000000
2.654297,-0.179688,1.060547,0.000000,32.798950,5.000000
2.718750,-0.181641,1.005859,0.000000,31.755117,5.000000
1.617188,0.154297,-0.189453,0.614669,24.578819,5.000000
0.041016,-0.033203,0.062500,0.000000,30.094509,5.000000
0.044922,-0.046875,0.103516,0.000000,28.998205,5.000000
0.757812,-0.460938,1.375000,0.614669,22.304489,5.000000
0.011719,-0.039062,-0.007812,0.000000,30.648323,6.000000
0.017578,-0.080078,-0.007812,0.000000,31.906118,6.000000
0.029297,-0.119141,-0.005859,0.000000,30.136797,6.000000
0.056641,-0.154297,0.007812,0.000000,25.440680,6.000000
0.107422,-0.080078,1.261719,0.000000,23.096302,6.000000
0.058594,-0.082031,1.304688,0.000000,24.623980,6.000000
0.425781,-0.083984,-1.277344,0.000000,23.031961,6.000000
0.564453,-0.042969,-1.271484,0.000000,21.673174,6.000000
1.626953,0.101562,0.136719,0.000000,30.681858,6.000000
1.675781,0.052734,0.052734,0.000000,31.784014,6.000000
1.710938,0.052734,0.138672,0.000000,30.025980,6.000000
1.746094,-0.054688,0.212891,0.000000,27.041506,6.000000
2.660156,-0.179688,1.044922,0.000000,32.234959,6.000000
2.759766,-0.089844,0.898438,0.000000,31.395643,6.000000
0.009766,0.031250,0.025391,0.000000,29.304396,6.000000
0.041016,-0.033203,0.062500,0.000000,30.094509,6.000000
0.044922,-0.046875,0.103516,0.000000,28.998205,6.000000
0.011719,-0.039062,-0.007812,0.000000,30.648323,7.000000
0.017578,-0.080078,-0.007812,0.000000,31.906118,7.000000
0.029297,-0.119141,-0.005859,0.000000,30.132587,7.000000
0.056641,-0.154297,0.005859,0.000000,25.440680,7.000000
0.115234,-0.080078,1.259766,0.000000,23.138672,7.000000
0.431641,-0.083984,-1.275391,0.000000,23.053514,7.000000
0.560547,-0.042969,-1.271484,0.000000,21.643528,7.000000
1.589844,0.050781,-0.113281,0.000000,26.424644,7.000000
1.632812,0.050781,-0.076172,0.000000,30.073210,7.000000
1.673828,-0.000000,-0.109375,0.000000,30.461048,7.000000
1.714844,-0.000000,-0.117188,0.000000,27.474117,7.000000
2.660156,-0.179688,1.044922,0.000000,31.784014,7.000000
2.740234,-0.181641,0.943359,0.000000,30.806265,7.000000
0.009766,0.031250,0.025391,0.000000,29.304396,7.000000
0.041016,-0.033203,0.062500,0.000000,30.090258,7.000000
0.044922,-0.046875,0.103516,0.000000,28.992731,7.000000
2.785156,-0.000000,0.822266,0.000000,30.744507,7.000000
0.011719,-0.039062,-0.007812,0.000000,30.652061,8.000000
0.017578,-0.080078,-0.007812,0.000000,31.906118,8.000000
0.029297,-0.119141,-0.005859,0.000000,30.141003,8.000000
0.056641,-0.154297,0.005859,0.000000,25.453072,8.000000
0.107422,-0.082031,-1.302734,0.000000,24.638929,8.000000
0.468750,-0.083984,-1.263672,0.000000,23.074961,8.000000
0.601562,-0.042969,-1.253906,0.000000,21.613680,8.000000
1.580078,0.050781,-0.214844,0.000000,30.648323,8.000000
1.625000,0.050781,-0.177734,0.000000,33.320343,8.000000
1.671875,0.052734,-0.130859,0.000000,33.106934,8.000000
1.716797,0.052734,-0.066406,0.000000,29.956352,8.000000
2.626953,-0.175781,1.015625,0.000000,29.180304,8.000000
2.660156,-0.179688,1.042969,0.000000,32.268578,8.000000
2.751953,-0.089844,0.925781,0.000000,31.192558,8.000000
0.041016,-0.033203,0.062500,0.000000,30.094509,8.000000
0.044922,-0.046875,0.103516,0.000000,28.998205,8.000000
0.011719,-0.039062,-0.007812,0.000000,30.655798,9.000000
0.017578,-0.080078,-0.007812,0.000000,31.908916,9.000000
0.029297,-0.119141,-0.005859,0.000000,30.136797,9.000000
0.056641,-0.154297,0.005859,0.000000,25.465427,9.000000
0.103516,-0.080078,1.261719,0.000000,23.031961,9.000000
0.431641,-0.083984,-1.275391,0.000000,23.031961,9.000000
1.595703,-0.000000,0.021484,0.000000,25.428255,9.000000
1.636719,-0.000000,0.029297,0.000000,29.247959,9.000000
1.675781,0.052734,0.001953,0.000000,30.124153,9.000000
1.716797,0.052734,-0.054688,0.000000,28.234743,9.000000
2.613281,-0.175781,1.054688,0.000000,29.009130,9.000000
2.654297,-0.179688,1.060547,0.000000,32.193226,9.000000
2.744141,-0.089844,0.945312,0.000000,31.152777,9.000000
0.009766,0.031250,0.025391,0.000000,29.299295,9.000000
0.041016,-0.033203,0.062500,0.000000,30.094509,9.000000
0.044922,-0.046875,0.103516,0.000000,28.992731,9.000000
0.011719,-0.039062,-0.007812,0.000000,30.640835,10.000000
0.017578,-0.080078,-0.007812,0.000000,31.906118,10.000000
0.029297,-0.119141,-0.005859,0.000000,30.141003,10.000000
0.056641,-0.154297,0.005859,0.000000,25.465427,10.000000
0.060547,-0.080078,1.263672,0.000000,23.096302,10.000000
0.439453,-0.083984,-1.273438,0.000000,23.053514,10.000000
0.583984,-0.042969,-1.261719,0.000000,21.643528,10.000000
1.593750,0.050781,-0.015625,0.000000,26.655809,10.000000
1.634766,0.050781,0.042969,0.000000,28.475727,10.000000
1.671875,0.052734,0.109375,0.000000,27.339993,10.000000
2.615234,-0.175781,1.048828,0.000000,29.079485,10.000000
2.654297,-0.179688,1.056641,0.000000,32.174839,10.000000
2.750000,-0.089844,0.931641,0.000000,31.156105,10.000000
0.041016,-0.033203,0.062500,0.000000,30.094509,10.000000
0.046875,-0.046875,0.103516,0.000000,28.998205,10.000000
0.457031,0.697266,1.359375,0.000000,23.802113,10.000000
0.011719,-0.039062,-0.007812,0.000000,30.648323,11.000000
0.017578,-0.080078,-0.007812,0.000000,31.908916,11.000000
0.029297,-0.119141,-0.005859,0.000000,30.141003,11.000000
0.056641,-0.154297,0.005859,0.000000,25.465427,11.000000
0.162109,-0.080078,1.255859,0.000000,23.096302,11.000000
0.035156,-0.082031,1.306641,0.000000,24.593925,11.000000
0.433594,-0.083984,-1.275391,0.000000,23.053514,11.000000
0.566406,-0.042969,-1.269531,0.000000,21.673174,11.000000
1.615234,-0.000000,-0.265625,0.000000,29.623693,11.000000
1.656250,0.052734,-0.259766,0.000000,29.355072,11.000000
2.617188,-0.175781,1.039062,0.000000,29.003672,11.000000
2.662109,-0.179688,1.041016,0.000000,32.187981,11.000000
2.753906,-0.089844,0.916016,0.000000,31.112625,11.000000
0.009766,0.031250,0.025391,0.000000,29.294189,11.000000
0.041016,-0.033203,0.062500,0.000000,30.094509,11.000000
0.046875,-0.046875,0.103516,0.000000,28.992731,11.000000
0.011719,-0.039062,-0.007812,0.000000,30.652061,12.000000
0.017578,-0.080078,-0.007812,0.000000,31.908916,12.000000
0.029297,-0.119141,-0.005859,0.000000,30.141003,12.000000
0.056641,-0.154297,0.005859,0.000000,25.477747,12.000000
0.099609,-0.080078,1.261719,0.000000,23.074961,12.000000
0.419922,-0.083984,-1.279297,0.000000,23.053514,12.000000
0.558594,-0.042969,-1.273438,0.000000,21.673174,12.000000
2.611328,-0.175781,1.056641,0.000000,28.981766,12.000000
2.656250,-0.179688,1.054688,0.000000,32.164299,12.000000
2.750000,-0.089844,0.927734,0.000000,31.146111,12.000000
0.009766,0.031250,0.025391,0.000000,29.294189,12.000000
0.041016,-0.033203,0.062500,0.000000,30.094509,12.000000
0.044922,-0.046875,0.103516,0.000000,28.992731,12.000000
0.011719,-0.039062,-0.007812,0.000000,30.644581,13.000000
0.017578,-0.080078,-0.007812,0.000000,31.906118,13.000000
0.029297,-0.119141,-0.005859,0.000000,30.136797,13.000000
0.056641,-0.154297,0.005859,0.000000,25.453072,13.000000
0.125000,-0.080078,1.259766,0.000000,23.138672,13.000000
0.404297,-0.083984,-1.285156,0.000000,23.074961,13.000000
0.541016,-0.042969,-1.281250,0.000000,21.702618,13.000000
1.628906,-0.000000,-0.164062,0.000000,29.143431,13.000000
1.667969,0.052734,-0.169922,0.000000,28.686445,13.000000
2.609375,-0.175781,1.062500,0.000000,28.959747,13.000000
2.658203,-0.179688,1.046875,0.000000,32.143139,13.000000
2.757812,-0.089844,0.904297,0.000000,31.132748,13.000000
0.009766,0.031250,0.025391,0.000000,29.299295,13.000000
0.041016,-0.033203,0.062500,0.000000,30.090258,13.000000
0.044922,-0.046875,0.103516,0.000000,28.992731,13.000000
0.011719,-0.039062,-0.007812,0.000000,30.644581,14.000000
0.017578,-0.080078,-0.007812,0.000000,31.906118,14.000000
0.029297,-0.119141,-0.005859,0.000000,30.136797,14.000000
0.056641,-0.154297,0.005859,0.000000,25.440680,14.000000
0.062500,-0.080078,1.263672,0.000000,23.096302,14.000000
0.044922,-0.082031,-1.306641,0.000000,24.593925,14.000000
0.443359,-0.083984,-1.271484,0.000000,23.053514,14.000000
0.572266,-0.042969,-1.265625,0.000000,21.673174,14.000000
1.589844,-0.000000,-0.121094,0.000000,28.506462,14.000000
1.628906,-0.000000,-0.148438,0.000000,29.449759,14.000000
1.652344,0.052734,-0.287109,0.000000,28.603380,14.000000
1.638672,0.052734,-0.515625,0.000000,27.084209,14.000000
2.625000,-0.175781,1.019531,0.000000,29.057959,14.000000
2.664062,-0.179688,1.033203,0.000000,32.237553,14.000000
2.751953,-0.089844,0.923828,0.000000,31.192558,14.000000
0.009766,0.031250,0.025391,0.000000,29.299295,14.000000
0.041016,-0.033203,0.062500,0.000000,30.090258,14.000000
0.044922,-0.046875,0.103516,0.000000,28.992731,14.000000
0.011719,-0.039062,-0.007812,0.000000,30.648323,15.000000
0.017578,-0.080078,-0.007812,0.000000,31.908916,15.000000
0.029297,-0.119141,-0.005859,0.000000,30.136797,15.000000
0.056641,-0.154297,0.005859,0.000000,25.453072,15.000000
0.101562,-0.080078,1.261719,0.000000,23.138672,15.000000
0.042969,-0.082031,-1.306641,0.000000,24.638929,15.000000
0.425781,-0.083984,-1.277344,0.000000,23.053514,15.000000
0.550781,-0.042969,-1.277344,0.000000,21.613680,15.000000
1.576172,-0.000000,-0.246094,0.000000,28.909796,15.000000
1.617188,-0.000000,-0.253906,0.000000,31.283993,15.000000
1.626953,-0.052734,-0.408203,0.000000,30.827854,15.000000
1.666016,-0.000000,-0.419922,0.000000,29.196011,15.000000
1.736328,-0.000000,-0.275391,0.000000,27.084209,15.000000
2.615234,-0.175781,1.048828,0.000000,28.825245,15.000000
2.691406,-0.089844,0.974609,0.000000,32.057457,15.000000
2.757812,-0.089844,0.906250,0.000000,31.102530,15.000000
0.009766,0.031250,0.025391,0.000000,29.299295,15.000000
0.041016,-0.033203,0.062500,0.000000,30.094509,15.000000
0.044922,-0.046875,0.103516,0.000000,28.998205,15.000000
0.011719,-0.039062,-0.007812,0.000000,30.652061,16.000000
