0.056641,-0.154297,0.005859,0.000000,25.563025,0.000000
0.185547,0.039062,-1.253906,0.000000,23.636120,0.000000
0.228516,-0.000000,1.289062,0.000000,24.502491,0.000000
0.501953,0.042969,1.251953,0.000000,22.648178,0.000000
1.601562,-0.472656,-0.158203,0.000000,28.876173,0.000000
1.628906,-0.482422,-0.257812,0.000000,27.315887,0.000000
2.623047,-0.175781,1.027344,0.000000,29.523081,0.000000
2.666016,-0.179688,1.027344,0.000000,32.789822,0.000000
2.761719,-0.089844,0.894531,0.000000,32.054749,0.000000
4.320312,-0.142578,1.388672,0.000000,28.115749,0.000000
4.406250,-0.142578,1.246094,0.000000,31.451963,0.000000
4.472656,-0.144531,1.160156,0.000000,31.058506,0.000000
4.619141,-0.000000,0.636719,0.000000,30.370279,0.000000
4.689453,-0.000000,0.361328,0.000000,31.038036,0.000000
4.742188,-0.000000,-0.140625,0.000000,29.647308,0.000000
4.740234,-0.298828,-0.589844,0.000000,33.159702,0.000000
4.781250,-0.300781,-0.585938,0.000000,34.348881,0.000000
4.820312,-0.152344,-0.664062,0.000000,32.022160,0.000000
4.798828,-0.308594,1.173828,0.000000,30.884905,0.000000
0.044922,-0.027344,0.062500,0.000000,30.236639,0.000000
0.050781,-0.042969,0.103516,0.000000,29.169800,0.000000
1.177734,-0.449219,0.353516,0.000000,21.702618,0.000000
1.238281,-0.464844,0.267578,0.000000,19.912260,0.000000
0.011719,-0.039062,-0.007812,0.000000,30.906107,1.000000
0.025391,-0.076172,-0.011719,0.000000,32.089787,1.000000
0.029297,-0.119141,-0.005859,0.000000,30.293839,1.000000
0.056641,-0.154297,0.005859,0.000000,25.563025,1.000000
0.255859,0.039062,-1.242188,0.000000,23.617279,1.000000
0.177734,-0.000000,1.296875,0.000000,24.502491,1.000000
0.474609,0.042969,1.263672,0.000000,22.695129,1.000000
1.537109,-0.562500,-0.031250,0.000000,28.215136,1.000000
1.589844,-0.523438,-0.113281,0.000000,31.616674,1.000000
1.625000,-0.537109,-0.154297,0.000000,31.598679,1.000000
1.677734,-0.494141,-0.193359,0.000000,28.426092,1.000000
2.619141,-0.175781,1.035156,0.000000,29.532763,1.000000
2.666016,-0.179688,1.027344,0.000000,32.782963,1.000000
2.763672,-0.089844,0.886719,0.000000,32.073650,1.000000
4.337891,-0.142578,1.333984,0.000000,28.155777,1.000000
4.421875,-0.142578,1.187500,0.000000,31.461281,1.000000
4.500000,-0.144531,1.046875,0.000000,30.989897,1.000000
4.632812,-0.000000,0.539062,0.000000,30.124153,1.000000
4.691406,-0.000000,0.349609,0.000000,30.972572,1.000000
4.742188,-0.000000,-0.179688,0.000000,29.661417,1.000000
4.738281,-0.298828,-0.603516,0.000000,33.314274,1.000000
4.781250,-0.300781,-0.587891,0.000000,34.510185,1.000000
4.820312,-0.152344,-0.658203,0.000000,32.208923,1.000000
4.804688,-0.308594,1.152344,0.000000,30.674429,1.000000
0.044922,-0.027344,0.062500,0.000000,30.236639,1.000000
0.052734,-0.042969,0.103516,0.000000,29.169800,1.000000
1.179688,-0.449219,0.345703,0.000000,21.673174,1.000000
1.240234,-0.464844,0.263672,0.000000,19.912260,1.000000
0.011719,-0.039062,-0.007812,0.000000,30.906107,2.000000
0.025391,-0.076172,-0.011719,0.000000,32.089787,2.000000
0.029297,-0.119141,-0.005859,0.000000,30.293839,2.000000
0.056641,-0.154297,0.005859,0.000000,25.563025,2.000000
0.275391,0.039062,-1.236328,0.000000,23.654881,2.000000
0.125000,-0.000000,1.302734,0.000000,24.502491,2.000000
0.445312,0.042969,1.273438,0.000000,22.695129,2.000000
2.621094,-0.175781,1.031250,0.000000,29.518230,2.000000
2.666016,-0.179688,1.029297,0.000000,32.803509,2.000000
2.763672,-0.089844,0.890625,0.000000,32.076344,2.000000
4.343750,-0.142578,1.316406,0.000000,28.195440,2.000000
4.423828,-0.142578,1.179688,0.000000,31.532049,2.000000
4.505859,-0.144531,1.023438,0.000000,31.156105,2.000000
4.644531,-0.000000,0.410156,0.000000,30.004341,2.000000
4.689453,-0.000000,0.371094,0.000000,30.820669,2.000000
4.744141,-0.000000,-0.095703,0.000000,29.590414,2.000000
4.742188,-0.298828,-0.578125,0.000000,33.213913,2.000000
4.783203,-0.300781,-0.580078,0.000000,34.402794,2.000000
4.824219,-0.152344,-0.634766,0.000000,32.070957,2.000000
4.818359,-0.308594,1.087891,0.000000,30.902580,2.000000
0.044922,-0.027344,0.062500,0.000000,30.240749,2.000000
0.050781,-0.042969,0.103516,0.000000,29.180304,2.000000
1.175781,-0.449219,0.357422,0.000000,21.613680,2.000000
1.236328,-0.464844,0.281250,0.000000,19.867718,2.000000
0.011719,-0.039062,-0.007812,0.000000,30.899052,3.000000
0.025391,-0.076172,-0.011719,0.000000,32.087101,3.000000
0.029297,-0.119141,-0.005859,0.000000,30.293839,3.000000
0.056641,-0.154297,0.005859,0.000000,25.575071,3.000000
0.242188,0.039062,-1.244141,0.000000,23.673559,3.000000
0.185547,-0.000000,1.296875,0.000000,24.517864,3.000000
0.486328,0.042969,1.259766,0.000000,22.718416,3.000000
1.615234,-0.419922,-0.175781,0.000000,26.963564,3.000000
2.617188,-0.175781,1.041016,0.000000,29.576073,3.000000
2.667969,-0.179688,1.025391,0.000000,32.803509,3.000000
2.767578,-0.089844,0.876953,0.000000,32.089787,3.000000
4.365234,-0.142578,1.240234,0.000000,28.195440,3.000000
4.419922,-0.142578,1.199219,0.000000,31.577589,3.000000
4.476562,-0.144531,1.140625,0.000000,31.300119,3.000000
4.628906,-0.000000,0.560547,0.000000,30.285713,3.000000
4.685547,-0.000000,0.421875,0.000000,30.909630,3.000000
4.746094,-0.000000,0.013672,0.000000,29.258276,3.000000
4.744141,-0.298828,-0.562500,0.000000,32.869053,3.000000
4.792969,-0.150391,-0.550781,0.000000,34.068806,3.000000
4.824219,-0.152344,-0.640625,0.000000,31.622656,3.000000
4.833984,-0.308594,1.015625,0.000000,31.172712,3.000000
4.863281,-0.156250,1.105469,0.000000,29.425041,3.000000
0.044922,-0.027344,0.062500,0.000000,30.240749,3.000000
0.042969,-0.046875,0.105469,0.000000,29.180304,3.000000
1.179688,-0.449219,0.341797,0.000000,21.613680,3.000000
1.240234,-0.464844,0.257812,0.000000,19.867718,3.000000
0.011719,-0.039062,-0.007812,0.000000,30.899052,4.000000
0.025391,-0.076172,-0.011719,0.000000,32.089787,4.000000
0.029297,-0.119141,-0.005859,0.000000,30.297895,4.000000
0.056641,-0.154297,0.005859,0.000000,25.563025,4.000000
0.232422,0.039062,-1.246094,0.000000,23.654881,4.000000
0.171875,-0.000000,1.296875,0.000000,24.517864,4.000000
0.453125,0.042969,1.271484,0.000000,22.741579,4.000000
2.623047,-0.175781,1.025391,0.000000,29.547249,4.000000
2.667969,-0.179688,1.023438,0.000000,32.782963,4.000000
2.763672,-0.089844,0.888672,0.000000,32.046623,4.000000
4.375000,-0.142578,1.205078,0.000000,28.095596,4.000000
4.425781,-0.142578,1.175781,0.000000,31.476763,4.000000
4.490234,-0.144531,1.089844,0.000000,31.119343,4.000000
4.630859,-0.000000,0.542969,0.000000,30.191162,4.000000
4.685547,-0.000000,0.416016,0.000000,30.927206,4.000000
4.740234,-0.148438,-0.162109,0.000000,29.670797,4.000000
4.742188,-0.298828,-0.576172,0.000000,33.607826,4.000000
4.791016,-0.150391,-0.570312,0.000000,34.667194,4.000000
4.824219,-0.152344,-0.634766,0.000000,32.153732,4.000000
4.806641,-0.308594,1.140625,0.000000,31.010593,4.000000
4.814453,-0.156250,1.302734,0.000000,29.380192,4.000000
0.044922,-0.027344,0.062500,0.000000,30.232525,4.000000
0.050781,-0.042969,0.103516,0.000000,29.169800,4.000000
1.175781,-0.449219,0.357422,0.000000,21.613680,4.000000
1.238281,-0.464844,0.273438,0.000000,19.822712,4.000000
0.011719,-0.039062,-0.007812,0.000000,30.899052,5.000000
0.025391,-0.076172,-0.011719,0.000000,32.089787,5.000000
0.029297,-0.119141,-0.005859,0.000000,30.297895,5.000000
0.056641,-0.154297,0.005859,0.000000,25.563025,5.000000
0.234375,0.039062,-1.246094,0.000000,23.673559,5.000000
0.156250,-0.000000,1.298828,0.000000,24.517864,5.000000
0.476562,0.042969,1.261719,0.000000,22.741579,5.000000
2.621094,-0.175781,1.033203,0.000000,29.513374,5.000000
2.666016,-0.179688,1.027344,0.000000,32.782963,5.000000
2.761719,-0.089844,0.894531,0.000000,32.057457,5.000000
4.339844,-0.142578,1.330078,0.000000,28.034571,5.000000
4.410156,-0.142578,1.230469,0.000000,31.467480,5.000000
4.482422,-0.144531,1.121094,0.000000,31.129400,5.000000
4.630859,-0.000000,0.548828,0.000000,30.220158,5.000000
4.687500,-0.000000,0.400391,0.000000,30.969101,5.000000
4.744141,-0.000000,-0.074219,0.000000,29.344984,5.000000
4.740234,-0.298828,-0.587891,0.000000,33.053513,5.000000
4.791016,-0.150391,-0.566406,0.000000,34.219330,5.000000
4.824219,-0.152344,-0.630859,0.000000,31.855421,5.000000
4.810547,-0.308594,1.125000,0.000000,30.867157,5.000000
0.044922,-0.027344,0.062500,0.000000,30.236639,5.000000
0.050781,-0.042969,0.103516,0.000000,29.175055,5.000000
1.177734,-0.449219,0.353516,0.000000,21.613680,5.000000
1.236328,-0.464844,0.279297,0.000000,19.867718,5.000000
0.011719,-0.039062,-0.007812,0.000000,30.899052,6.000000
0.025391,-0.076172,-0.011719,0.000000,32.087101,6.000000
0.029297,-0.119141,-0.005859,0.000000,30.297895,6.000000
0.056641,-0.154297,0.005859,0.000000,25.575071,6.000000
0.281250,0.039062,-1.236328,0.000000,23.654881,6.000000
0.117188,-0.000000,1.304688,0.000000,24.533184,6.000000
0.482422,0.042969,1.259766,0.000000,22.718416,6.000000
2.607422,-0.175781,1.066406,0.000000,29.585638,6.000000
2.664062,-0.179688,1.035156,0.000000,32.796669,6.000000
2.763672,-0.089844,0.890625,0.000000,32.057457,6.000000
4.328125,-0.142578,1.367188,0.000000,27.993406,6.000000
4.406250,-0.142578,1.246094,0.000000,31.464382,6.000000
4.474609,-0.144531,1.148438,0.000000,31.152777,6.000000
4.630859,-0.000000,0.554688,0.000000,30.318123,6.000000
4.685547,-0.000000,0.425781,0.000000,31.051695,6.000000
4.746094,-0.000000,-0.019531,0.000000,29.754318,6.000000
4.744141,-0.298828,-0.548828,0.000000,33.332458,6.000000
4.785156,-0.300781,-0.554688,0.000000,34.429501,6.000000
4.826172,-0.152344,-0.623047,0.000000,32.030331,6.000000
4.812500,-0.308594,1.115234,0.000000,30.842186,6.000000
0.044922,-0.027344,0.062500,0.000000,30.236639,6.000000
0.050781,-0.042969,0.103516,0.000000,29.175055,6.000000
1.177734,-0.449219,0.351562,0.000000,21.643528,6.000000
1.240234,-0.464844,0.263672,0.000000,19.912260,6.000000
0.011719,-0.039062,-0.007812,0.000000,30.906107,7.000000
0.025391,-0.076172,-0.011719,0.000000,32.092468,7.000000
0.029297,-0.119141,-0.005859,0.000000,30.297895,7.000000
0.056641,-0.154297,0.005859,0.000000,25.575071,7.000000
0.287109,0.039062,-1.234375,0.000000,23.654881,7.000000
0.125000,-0.000000,1.302734,0.000000,24.517864,7.000000
0.460938,0.042969,1.267578,0.000000,22.695129,7.000000
2.605469,-0.175781,1.072266,0.000000,29.503649,7.000000
2.664062,-0.179688,1.037109,0.000000,32.769211,7.000000
2.761719,-0.089844,0.892578,0.000000,32.038486,7.000000
4.314453,-0.142578,1.410156,0.000000,27.916906,7.000000
4.392578,-0.142578,1.292969,0.000000,31.501421,7.000000
4.458984,-0.144531,1.212891,0.000000,31.241781,7.000000
4.632812,-0.000000,0.525391,0.000000,30.285713,7.000000
4.685547,-0.000000,0.412109,0.000000,30.989897,7.000000
4.744141,-0.000000,-0.027344,0.000000,29.580858,7.000000
4.742188,-0.298828,-0.566406,0.000000,33.400475,7.000000
4.791016,-0.150391,-0.562500,0.000000,34.508648,7.000000
4.824219,-0.152344,-0.630859,0.000000,32.027607,7.000000
4.804688,-0.308594,1.150391,0.000000,31.027765,7.000000
4.804688,-0.156250,1.337891,0.000000,29.106243,7.000000
0.044922,-0.027344,0.062500,0.000000,30.240749,7.000000
0.050781,-0.042969,0.103516,0.000000,29.180304,7.000000
1.179688,-0.449219,0.347656,0.000000,21.673174,7.000000
1.238281,-0.464844,0.269531,0.000000,19.867718,7.000000
0.011719,-0.039062,-0.007812,0.000000,30.895519,8.000000
0.025391,-0.076172,-0.011719,0.000000,32.087101,8.000000
0.029297,-0.119141,-0.005859,0.000000,30.297895,8.000000
0.056641,-0.154297,0.005859,0.000000,25.575071,8.000000
0.242188,0.039062,-1.244141,0.000000,23.673559,8.000000
0.171875,-0.000000,1.296875,0.000000,24.533184,8.000000
0.468750,0.042969,1.265625,0.000000,22.718416,8.000000
2.630859,-0.175781,1.009766,0.000000,29.576073,8.000000
2.669922,-0.179688,1.019531,0.000000,32.808060,8.000000
2.765625,-0.089844,0.884766,0.000000,32.043915,8.000000
4.324219,-0.142578,1.375000,0.000000,27.937904,8.000000
4.406250,-0.142578,1.250000,0.000000,31.467480,8.000000
4.468750,-0.144531,1.169922,0.000000,31.139433,8.000000
4.636719,-0.000000,0.492188,0.000000,30.203613,8.000000
4.693359,-0.000000,0.320312,0.000000,30.916670,8.000000
4.742188,-0.000000,-0.162109,0.000000,29.222063,8.000000
4.738281,-0.298828,-0.609375,0.000000,33.144993,8.000000
4.791016,-0.150391,-0.568359,0.000000,34.348881,8.000000
4.822266,-0.152344,-0.642578,0.000000,31.928461,8.000000
4.800781,-0.308594,1.166016,0.000000,30.795429,8.000000
0.044922,-0.027344,0.062500,0.000000,30.236639,8.000000
0.042969,-0.046875,0.105469,0.000000,29.180304,8.000000
1.175781,-0.449219,0.357422,0.000000,21.643528,8.000000
1.236328,-0.464844,0.279297,0.000000,19.867718,8.000000
0.011719,-0.039062,-0.007812,0.000000,30.891983,9.000000
0.025391,-0.076172,-0.011719,0.000000,32.087101,9.000000
0.029297,-0.119141,-0.005859,0.000000,30.297895,9.000000
0.056641,-0.154297,0.005859,0.000000,25.575071,9.000000
0.232422,0.039062,-1.246094,0.000000,23.636120,9.000000
0.167969,-0.000000,1.298828,0.000000,24.502491,9.000000
0.476562,0.042969,1.261719,0.000000,22.695129,9.000000
1.607422,-0.472656,-0.089844,0.000000,27.101173,9.000000
2.621094,-0.175781,1.033203,0.000000,29.498777,9.000000
2.667969,-0.179688,1.025391,0.000000,32.764618,9.000000
2.763672,-0.089844,0.890625,0.000000,32.049335,9.000000
4.337891,-0.142578,1.333984,0.000000,28.061800,9.000000
4.406250,-0.142578,1.248047,0.000000,31.510633,9.000000
4.472656,-0.144531,1.162109,0.000000,31.212315,9.000000
4.630859,-0.000000,0.552734,0.000000,30.277573,9.000000
4.687500,-0.000000,0.406250,0.000000,30.969101,9.000000
4.744141,-0.000000,-0.042969,0.000000,29.763500,9.000000
4.744141,-0.298828,-0.558594,0.000000,33.384563,9.000000
4.783203,-0.300781,-0.572266,0.000000,34.471581,9.000000
4.822266,-0.152344,-0.646484,0.000000,32.033051,9.000000
4.806641,-0.308594,1.136719,0.000000,30.715137,9.000000
0.044922,-0.027344,0.062500,0.000000,30.232525,9.000000
0.042969,-0.046875,0.105469,0.000000,29.175055,9.000000
1.175781,-0.449219,0.361328,0.000000,21.643528,9.000000
1.236328,-0.464844,0.283203,0.000000,19.912260,9.000000
0.011719,-0.039062,-0.007812,0.000000,30.899052,10.000000
0.025391,-0.076172,-0.011719,0.000000,32.089787,10.000000
0.029297,-0.119141,-0.005859,0.000000,30.297895,10.000000
0.056641,-0.154297,0.005859,0.000000,25.575071,10.000000
0.250000,0.039062,-1.242188,0.000000,23.636120,10.000000
0.121094,-0.000000,1.302734,0.000000,24.502491,10.000000
0.472656,0.042969,1.263672,0.000000,22.718416,10.000000
1.548828,-0.511719,-0.136719,0.000000,28.785217,10.000000
