0.044922,-0.027344,0.062500,0.000000,30.374266,0.000000
0.048828,-0.042969,0.103516,0.000000,29.299295,0.000000
1.175781,-0.449219,0.357422,0.000000,21.789770,0.000000
1.244141,-0.464844,0.244141,0.000000,20.086002,0.000000
3.826172,-1.703125,-1.755859,0.000000,24.771212,0.000000
0.011719,-0.039062,-0.007812,0.000000,31.038036,1.000000
0.025391,-0.076172,-0.011719,0.000000,32.229763,1.000000
0.029297,-0.119141,-0.005859,0.000000,30.433622,1.000000
0.056641,-0.154297,0.005859,0.000000,25.705429,1.000000
0.251953,0.039062,-1.242188,0.000000,23.783979,1.000000
0.158203,-0.000000,1.298828,0.000000,24.638929,1.000000
0.494141,0.042969,1.255859,0.000000,22.810333,1.000000
2.408203,-0.150391,-0.042969,0.000000,25.185139,1.000000
2.441406,-0.154297,-0.203125,0.000000,28.651039,1.000000
2.482422,-0.156250,-0.203125,0.000000,28.591383,1.000000
2.623047,-0.175781,1.025391,0.000000,29.666109,1.000000
2.667969,-0.179688,1.027344,0.000000,32.933624,1.000000
2.773438,-0.089844,0.855469,0.000000,32.166935,1.000000
4.304688,-0.142578,1.435547,0.000000,27.881683,1.000000
4.396484,-0.142578,1.279297,0.000000,31.598679,1.000000
4.453125,-0.144531,1.232422,0.000000,31.051695,1.000000
4.798828,-0.154297,1.203125,0.000000,30.257154,1.000000
4.898438,-0.935547,-0.164062,0.000000,28.591383,1.000000
0.044922,-0.027344,0.062500,0.000000,30.378248,1.000000
0.048828,-0.042969,0.103516,0.000000,29.304396,1.000000
1.175781,-0.449219,0.361328,0.000000,21.760912,1.000000
1.236328,-0.464844,0.281250,0.000000,20.086002,1.000000
4.304688,1.714844,-1.855469,0.000000,25.888317,1.000000
0.011719,-0.039062,-0.007812,0.000000,31.044870,2.000000
0.025391,-0.076172,-0.011719,0.000000,32.229763,2.000000
0.029297,-0.119141,-0.005859,0.000000,30.437551,2.000000
0.056641,-0.154297,0.005859,0.000000,25.705429,2.000000
0.222656,0.039062,-1.248047,0.000000,23.747484,2.000000
0.199219,-0.000000,1.292969,0.000000,24.623980,2.000000
0.468750,0.042969,1.265625,0.000000,22.787537,2.000000
2.408203,-0.150391,-0.042969,0.000000,28.785217,2.000000
2.441406,-0.154297,-0.197266,0.000000,28.932068,2.000000
2.437500,-0.078125,-0.531250,0.000000,27.075703,2.000000
2.642578,-0.175781,0.978516,0.000000,29.781805,2.000000
2.675781,-0.179688,1.001953,0.000000,32.926991,2.000000
2.767578,-0.089844,0.878906,0.000000,32.105862,2.000000
4.287109,-0.142578,1.488281,0.000000,27.888752,2.000000
4.388672,-0.142578,1.308594,0.000000,31.610683,2.000000
4.447266,-0.144531,1.253906,0.000000,31.109262,2.000000
4.792969,-0.154297,1.226562,0.000000,30.004341,2.000000
4.900391,-0.935547,-0.146484,0.000000,28.639174,2.000000
0.044922,-0.027344,0.062500,0.000000,30.374266,2.000000
0.048828,-0.042969,0.103516,0.000000,29.304396,2.000000
1.177734,-0.449219,0.351562,0.000000,21.731863,2.000000
1.238281,-0.464844,0.275391,0.000000,20.000000,2.000000
4.328125,1.714844,-1.796875,0.000000,25.763414,2.000000
0.011719,-0.039062,-0.007812,0.000000,31.048285,3.000000
0.025391,-0.076172,-0.011719,0.000000,32.232361,3.000000
0.041016,-0.115234,-0.009766,0.000000,30.437551,3.000000
0.056641,-0.154297,0.005859,0.000000,25.717089,3.000000
0.228516,0.039062,-1.246094,0.000000,23.729120,3.000000
0.166016,-0.000000,1.298828,0.000000,24.623980,3.000000
0.474609,0.042969,1.263672,0.000000,22.810333,3.000000
2.632812,-0.175781,1.000000,0.000000,29.777237,3.000000
2.675781,-0.179688,1.005859,0.000000,32.988529,3.000000
2.761719,-0.089844,0.896484,0.000000,32.185356,3.000000
4.302734,-0.142578,1.445312,0.000000,28.000294,3.000000
4.392578,-0.142578,1.294922,0.000000,31.708483,3.000000
4.458984,-0.144531,1.210938,0.000000,31.348145,3.000000
4.796875,-0.154297,1.208984,0.000000,29.951963,3.000000
4.859375,-1.091797,-0.324219,0.000000,28.692318,3.000000
0.044922,-0.027344,0.062500,0.000000,30.374266,3.000000
0.048828,-0.042969,0.103516,0.000000,29.304396,3.000000
1.177734,-0.449219,0.349609,0.000000,21.731863,3.000000
1.232422,-0.464844,0.294922,0.000000,20.086002,3.000000
4.283203,1.714844,-1.902344,0.000000,25.987906,3.000000
0.011719,-0.039062,-0.007812,0.000000,31.051695,4.000000
0.025391,-0.076172,-0.011719,0.000000,32.234959,4.000000
0.029297,-0.119141,-0.005859,0.000000,30.441477,4.000000
0.056641,-0.154297,0.005859,0.000000,25.705429,4.000000
0.224609,0.039062,-1.248047,0.000000,23.729120,4.000000
0.160156,0.041016,-1.298828,0.000000,24.638929,4.000000
0.486328,0.042969,1.259766,0.000000,22.833012,4.000000
2.349609,-0.148438,-0.296875,0.000000,27.143297,4.000000
2.388672,-0.150391,-0.316406,0.000000,32.447716,4.000000
2.423828,-0.154297,-0.359375,0.000000,33.802113,4.000000
2.447266,-0.156250,-0.462891,0.000000,31.580608,4.000000
2.634766,-0.175781,0.994141,0.000000,29.527924,4.000000
2.675781,-0.179688,1.005859,0.000000,32.871296,4.000000
2.763672,-0.089844,0.886719,0.000000,32.049335,4.000000
4.292969,-0.142578,1.472656,0.000000,27.745171,4.000000
4.398438,-0.142578,1.271484,0.000000,31.646502,4.000000
4.498047,-0.144531,1.054688,0.000000,31.631615,4.000000
4.642578,-0.000000,0.441406,0.000000,31.195858,4.000000
4.687500,-0.000000,0.386719,0.000000,31.538149,4.000000
4.833984,-0.154297,1.052734,0.000000,30.913151,4.000000
4.925781,-0.779297,0.197266,0.000000,29.912260,4.000000
0.044922,-0.027344,0.062500,0.000000,30.378248,4.000000
0.048828,-0.042969,0.103516,0.000000,29.309490,4.000000
1.175781,-0.449219,0.359375,0.000000,21.789770,4.000000
1.230469,-0.464844,0.308594,0.000000,20.043213,4.000000
0.011719,-0.039062,-0.007812,0.000000,31.048285,5.000000
0.025391,-0.076172,-0.011719,0.000000,32.232361,5.000000
0.029297,-0.119141,-0.005859,0.000000,30.441477,5.000000
0.056641,-0.154297,0.005859,0.000000,25.705429,5.000000
0.255859,0.039062,-1.242188,0.000000,23.710678,5.000000
0.191406,0.041016,-1.294922,0.000000,24.623980,5.000000
0.464844,0.042969,1.265625,0.000000,22.787537,5.000000
2.402344,-0.150391,-0.183594,0.000000,30.374266,5.000000
2.425781,-0.230469,-0.291016,0.000000,31.784014,5.000000
2.460938,-0.234375,-0.345703,0.000000,30.293839,5.000000
2.626953,-0.175781,1.019531,0.000000,29.420080,5.000000
2.669922,-0.179688,1.017578,0.000000,32.798950,5.000000
2.769531,-0.089844,0.871094,0.000000,32.068260,5.000000
4.285156,-0.142578,1.496094,0.000000,27.723217,5.000000
4.394531,-0.142578,1.285156,0.000000,31.607685,5.000000
4.480469,-0.144531,1.125000,0.000000,31.383026,5.000000
4.640625,-0.000000,0.466797,0.000000,30.170334,5.000000
4.685547,-0.000000,0.417969,0.000000,30.700378,5.000000
4.841797,-0.464844,0.917969,0.000000,30.916670,5.000000
4.921875,-0.623047,0.533203,0.000000,29.749720,5.000000
0.044922,-0.027344,0.062500,0.000000,30.378248,5.000000
0.048828,-0.042969,0.103516,0.000000,29.304396,5.000000
1.177734,-0.449219,0.351562,0.000000,21.760912,5.000000
1.240234,-0.464844,0.261719,0.000000,20.043213,5.000000
4.841797,-0.154297,1.019531,0.000000,30.838608,5.000000
0.011719,-0.039062,-0.007812,0.000000,31.044870,6.000000
0.025391,-0.076172,-0.011719,0.000000,32.232361,6.000000
0.029297,-0.119141,-0.005859,0.000000,30.437551,6.000000
0.056641,-0.154297,0.005859,0.000000,25.693739,6.000000
0.261719,0.039062,-1.240234,0.000000,23.783979,6.000000
0.185547,0.041016,-1.294922,0.000000,24.653828,6.000000
0.482422,0.042969,1.259766,0.000000,22.810333,6.000000
2.371094,-0.226562,-0.384766,0.000000,27.846172,6.000000
2.425781,-0.154297,-0.335938,0.000000,29.385197,6.000000
2.468750,-0.078125,-0.357422,0.000000,28.129133,6.000000
2.625000,-0.175781,1.023438,0.000000,29.595184,6.000000
2.669922,-0.179688,1.017578,0.000000,32.907021,6.000000
2.763672,-0.089844,0.890625,0.000000,32.159019,6.000000
4.281250,-0.142578,1.503906,0.000000,27.831886,6.000000
4.392578,-0.142578,1.291016,0.000000,31.687920,6.000000
4.482422,-0.144531,1.121094,0.000000,31.489109,6.000000
4.638672,-0.000000,0.478516,0.000000,30.429691,6.000000
4.681641,-0.000000,0.455078,0.000000,30.809870,6.000000
4.826172,-0.154297,1.083984,0.000000,30.740847,6.000000
4.931641,-0.623047,0.453125,0.000000,29.232441,6.000000
0.044922,-0.027344,0.062500,0.000000,30.378248,6.000000
0.048828,-0.042969,0.103516,0.000000,29.304396,6.000000
1.175781,-0.449219,0.359375,0.000000,21.789770,6.000000
1.236328,-0.464844,0.283203,0.000000,20.043213,6.000000
0.011719,-0.039062,-0.007812,0.000000,31.048285,7.000000
0.025391,-0.076172,-0.011719,0.000000,32.229763,7.000000
0.029297,-0.119141,-0.005859,0.000000,30.433622,7.000000
0.056641,-0.154297,0.005859,0.000000,25.693739,7.000000
0.263672,0.039062,-1.240234,0.000000,23.783979,7.000000
0.185547,0.041016,-1.294922,0.000000,24.653828,7.000000
0.468750,0.042969,1.265625,0.000000,22.833012,7.000000
2.630859,-0.175781,1.005859,0.000000,29.547249,7.000000
2.669922,-0.179688,1.021484,0.000000,32.812607,7.000000
2.763672,-0.089844,0.890625,0.000000,32.016701,7.000000
4.283203,-0.142578,1.500000,0.000000,27.972675,7.000000
4.388672,-0.142578,1.306641,0.000000,31.664301,7.000000
4.474609,-0.144531,1.152344,0.000000,31.408222,7.000000
4.638672,-0.000000,0.482422,0.000000,30.338257,7.000000
4.685547,-0.000000,0.421875,0.000000,30.895519,7.000000
4.841797,-0.308594,0.978516,0.000000,30.979511,7.000000
4.925781,-0.623047,0.505859,0.000000,29.380192,7.000000
0.044922,-0.027344,0.062500,0.000000,30.378248,7.000000
0.048828,-0.042969,0.103516,0.000000,29.309490,7.000000
1.175781,-0.449219,0.357422,0.000000,21.731863,7.000000
1.240234,-0.464844,0.259766,0.000000,19.956352,7.000000
0.011719,-0.039062,-0.007812,0.000000,31.044870,8.000000
0.025391,-0.076172,-0.011719,0.000000,32.232361,8.000000
0.029297,-0.119141,-0.005859,0.000000,30.441477,8.000000
0.056641,-0.154297,0.005859,0.000000,25.717089,8.000000
0.214844,0.039062,-1.250000,0.000000,23.747484,8.000000
0.177734,-0.000000,1.296875,0.000000,24.623980,8.000000
0.468750,0.042969,1.265625,0.000000,22.810333,8.000000
2.638672,-0.175781,0.986328,0.000000,29.637878,8.000000
2.673828,-0.179688,1.007812,0.000000,32.889194,8.000000
2.769531,-0.089844,0.871094,0.000000,32.148438,8.000000
4.306641,-0.142578,1.429688,0.000000,27.944880,8.000000
4.396484,-0.142578,1.279297,0.000000,31.664301,8.000000
4.478516,-0.144531,1.134766,0.000000,31.401937,8.000000
4.640625,-0.000000,0.460938,0.000000,30.330214,8.000000
4.687500,-0.000000,0.404297,0.000000,31.082266,8.000000
4.845703,-0.308594,0.957031,0.000000,31.017471,8.000000
4.923828,-0.779297,0.212891,0.000000,29.786369,8.000000
0.044922,-0.027344,0.062500,0.000000,30.374266,8.000000
0.048828,-0.042969,0.103516,0.000000,29.304396,8.000000
1.181641,-0.449219,0.341797,0.000000,21.731863,8.000000
1.240234,-0.464844,0.257812,0.000000,20.000000,8.000000
0.011719,-0.039062,-0.007812,0.000000,31.041456,9.000000
0.025391,-0.076172,-0.011719,0.000000,32.229763,9.000000
0.029297,-0.119141,-0.005859,0.000000,30.437551,9.000000
0.056641,-0.154297,0.005859,0.000000,25.693739,9.000000
0.232422,0.039062,-1.246094,0.000000,23.783979,9.000000
0.197266,0.041016,-1.292969,0.000000,24.653828,9.000000
0.458984,0.042969,1.269531,0.000000,22.810333,9.000000
2.623047,-0.175781,1.027344,0.000000,29.493900,9.000000
2.664062,-0.179688,1.037109,0.000000,32.846561,9.000000
2.751953,-0.089844,0.923828,0.000000,32.108532,9.000000
4.279297,-0.142578,1.513672,0.000000,27.944880,9.000000
4.392578,-0.142578,1.294922,0.000000,31.684975,9.000000
4.482422,-0.144531,1.117188,0.000000,31.448854,9.000000
4.640625,-0.000000,0.458984,0.000000,30.402067,9.000000
4.685547,-0.000000,0.417969,0.000000,30.937717,9.000000
4.853516,-0.308594,0.919922,0.000000,31.014034,9.000000
4.923828,-0.779297,0.234375,0.000000,29.694159,9.000000
2.375000,-0.076172,-0.613281,-0.614669,25.237465,9.000000
0.044922,-0.027344,0.062500,0.000000,30.374266,9.000000
0.048828,-0.042969,0.103516,0.000000,29.304396,9.000000
1.179688,-0.449219,0.343750,0.000000,21.846914,9.000000
1.244141,-0.464844,0.244141,0.000000,20.170334,9.000000
0.011719,-0.039062,-0.007812,0.000000,31.044870,10.000000
0.025391,-0.076172,-0.011719,0.000000,32.229763,10.000000
0.041016,-0.115234,-0.009766,0.000000,30.437551,10.000000
0.056641,-0.154297,0.005859,0.000000,25.705429,10.000000
0.289062,0.039062,-1.234375,0.000000,23.765770,10.000000
0.093750,-0.000000,1.306641,0.000000,24.638929,10.000000
0.470703,0.042969,1.265625,0.000000,22.810333,10.000000
2.619141,-0.175781,1.035156,0.000000,29.595184,10.000000
2.666016,-0.179688,1.031250,0.000000,32.826221,10.000000
2.765625,-0.089844,0.882812,0.000000,32.016701,10.000000
4.279297,-0.142578,1.511719,0.000000,27.730547,10.000000
4.390625,-0.142578,1.300781,0.000000,31.607685,10.000000
4.482422,-0.144531,1.119141,0.000000,31.458178,10.000000
4.638672,-0.000000,0.476562,0.000000,30.572857,10.000000
4.681641,-0.000000,0.458984,0.000000,30.874264,10.000000
4.843750,-0.308594,0.968750,0.000000,30.842186,10.000000
4.925781,-0.623047,0.503906,0.000000,29.464523,10.000000
0.044922,-0.027344,0.062500,0.000000,30.378248,10.000000
0.048828,-0.042969,0.103516,0.000000,29.309490,10.000000
1.173828,-0.449219,0.363281,0.000000,21.731863,10.000000
1.230469,-0.464844,0.302734,0.000000,20.000000,10.000000
0.011719,-0.039062,-0.007812,0.000000,31.051695,11.000000
0.025391,-0.076172,-0.011719,0.000000,32.232361,11.000000
0.041016,-0.115234,-0.009766,0.000000,30.437551,11.000000
0.056641,-0.154297,0.005859,0.000000,25.705429,11.000000
0.267578,0.039062,-1.238281,0.000000,23.783979,11.000000
0.132812,-0.000000,1.302734,0.000000,24.653828,11.000000
0.447266,0.042969,1.273438,0.000000,22.833012,11.000000
2.621094,-0.175781,1.031250,0.000000,29.434946,11.000000
2.664062,-0.179688,1.035156,0.000000,32.803509,11.000000
2.757812,-0.089844,0.908203,0.000000,32.035767,11.000000
4.283203,-0.142578,1.498047,0.000000,27.867514,11.000000
4.392578,-0.142578,1.294922,0.000000,31.684975,11.000000
4.478516,-0.144531,1.130859,0.000000,31.495270,11.000000
4.638672,-0.000000,0.476562,0.000000,30.301949,11.000000
4.685547,-0.000000,0.419922,0.000000,30.715137,11.000000
4.816406,-0.154297,1.130859,0.000000,31.010593,11.000000
4.917969,-0.779297,0.330078,0.000000,29.684830,11.000000
0.044922,-0.027344,0.062500,0.000000,30.378248,11.000000
0.048828,-0.042969,0.103516,0.000000,29.304396,11.000000
1.181641,-0.449219,0.335938,0.000000,21.731863,11.000000
1.244141,-0.464844,0.242188,0.000000,20.043213,11.000000
0.011719,-0.039062,-0.007812,0.000000,31.051695,12.000000
0.025391,-0.076172,-0.011719,0.000000,32.234959,12.000000
0.041016,-0.115234,-0.009766,0.000000,30.441477,12.000000
0.056641,-0.154297,0.005859,0.000000,25.705429,12.000000
0.257812,0.039062,-1.240234,0.000000,23.729120,12.000000
