0.011719,-0.039062,-0.007812,0.000000,30.838608,0.000000
0.027344,-0.076172,-0.009766,0.000000,32.024883,0.000000
0.029297,-0.119141,-0.005859,0.000000,30.232525,0.000000
0.056641,-0.154297,0.005859,0.000000,25.502283,0.000000
0.236328,0.039062,-1.246094,0.000000,23.636120,0.000000
0.158203,-0.000000,1.298828,0.000000,24.456041,0.000000
0.474609,0.042969,1.263672,0.000000,22.600714,0.000000
2.632812,-0.175781,1.003906,0.000000,29.400181,0.000000
2.707031,-0.089844,0.931641,0.000000,32.723057,0.000000
2.767578,-0.089844,0.876953,0.000000,31.967287,0.000000
4.296875,-0.000000,1.468750,0.000000,27.951845,0.000000
4.390625,-0.142578,1.298828,0.000000,31.522884,0.000000
4.476562,-0.144531,1.146484,0.000000,31.112625,0.000000
4.638672,-0.000000,0.486328,0.000000,30.081741,0.000000
4.679688,-0.000000,0.474609,0.000000,30.666985,0.000000
4.742188,-0.148438,0.021484,0.000000,28.926510,0.000000
4.748047,-0.298828,-0.521484,0.000000,33.047058,0.000000
4.791016,-0.150391,-0.562500,0.000000,34.363216,0.000000
4.812500,-0.152344,-0.718750,0.000000,31.925674,0.000000
4.875000,-0.308594,0.794922,0.000000,30.704073,0.000000
4.945312,-0.623047,0.248047,0.000000,29.599949,0.000000
1.820312,0.736328,-0.041016,0.614669,28.388491,0.000000
1.857422,0.751953,-0.048828,0.614669,32.103184,0.000000
1.896484,0.767578,-0.037109,0.614669,32.319790,0.000000
1.933594,0.783203,0.041016,0.614669,29.385197,0.000000
0.039062,-0.033203,0.062500,0.000000,30.187004,0.000000
0.044922,-0.046875,0.105469,0.000000,29.127533,0.000000
1.175781,-0.449219,0.355469,0.000000,21.583626,0.000000
1.236328,-0.464844,0.275391,0.000000,19.822712,0.000000
0.011719,-0.039062,-0.007812,0.000000,30.838608,1.000000
0.027344,-0.076172,-0.009766,0.000000,32.024883,1.000000
0.029297,-0.119141,-0.005859,0.000000,30.232525,1.000000
0.056641,-0.154297,0.007812,0.000000,25.502283,1.000000
0.226562,0.039062,-1.248047,0.000000,23.673559,1.000000
0.177734,-0.000000,1.296875,0.000000,24.487062,1.000000
0.484375,0.042969,1.259766,0.000000,22.648178,1.000000
1.916016,0.564453,-0.169922,0.000000,28.394781,1.000000
1.951172,0.576172,-0.214844,0.000000,30.064661,1.000000
1.988281,0.585938,-0.240234,0.000000,28.656961,1.000000
2.617188,-0.175781,1.041016,0.000000,29.503649,1.000000
2.703125,-0.089844,0.941406,0.000000,32.746197,1.000000
2.765625,-0.089844,0.884766,0.000000,31.986570,1.000000
4.298828,-0.000000,1.462891,0.000000,27.993406,1.000000
4.386719,-0.142578,1.314453,0.000000,31.544239,1.000000
4.460938,-0.144531,1.203125,0.000000,31.159431,1.000000
4.634766,-0.000000,0.511719,0.000000,30.187004,1.000000
4.689453,-0.000000,0.382812,0.000000,30.877813,1.000000
4.744141,-0.000000,-0.111328,0.000000,29.518230,1.000000
4.732422,-0.298828,-0.646484,0.000000,33.289909,1.000000
4.785156,-0.150391,-0.613281,0.000000,34.449810,1.000000
4.820312,-0.152344,-0.656250,0.000000,31.945143,1.000000
4.865234,-0.308594,0.855469,0.000000,30.934217,1.000000
4.941406,-0.623047,0.326172,0.000000,29.609463,1.000000
0.039062,-0.033203,0.062500,0.000000,30.182842,1.000000
0.042969,-0.046875,0.105469,0.000000,29.122221,1.000000
1.175781,-0.449219,0.361328,0.000000,21.553360,1.000000
1.232422,-0.464844,0.298828,0.000000,19.777237,1.000000
0.011719,-0.039062,-0.007812,0.000000,30.842186,2.000000
0.025391,-0.076172,-0.011719,0.000000,32.027607,2.000000
0.029297,-0.119141,-0.005859,0.000000,30.236639,2.000000
0.056641,-0.154297,0.005859,0.000000,25.526682,2.000000
0.261719,0.039062,-1.240234,0.000000,23.654881,2.000000
0.173828,-0.000000,1.296875,0.000000,24.487062,2.000000
0.488281,0.042969,1.257812,0.000000,22.648178,2.000000
2.636719,-0.175781,0.994141,0.000000,29.405165,2.000000
2.707031,-0.089844,0.931641,0.000000,32.720737,2.000000
2.767578,-0.089844,0.878906,0.000000,31.997551,2.000000
4.302734,-0.000000,1.453125,0.000000,27.972675,2.000000
4.392578,-0.142578,1.294922,0.000000,31.541195,2.000000
4.472656,-0.144531,1.160156,0.000000,31.162756,2.000000
4.642578,-0.000000,0.435547,0.000000,30.182842,2.000000
4.695312,-0.000000,0.283203,0.000000,30.972572,2.000000
4.728516,-0.148438,-0.357422,0.000000,30.030294,2.000000
4.734375,-0.298828,-0.636719,0.000000,33.556431,2.000000
4.785156,-0.150391,-0.619141,0.000000,34.605972,2.000000
4.802734,-0.152344,-0.775391,0.000000,32.247921,2.000000
4.886719,-0.308594,0.728516,0.000000,30.584261,2.000000
4.947266,-0.623047,0.212891,0.000000,29.542425,2.000000
1.880859,0.689453,-0.050781,0.614669,30.060379,2.000000
1.894531,0.767578,-0.095703,0.614669,32.435341,2.000000
1.957031,0.716797,-0.105469,0.614669,31.504494,2.000000
1.994141,0.730469,-0.099609,0.614669,27.505083,2.000000
0.037109,-0.035156,0.064453,0.000000,30.182842,2.000000
0.042969,-0.046875,0.105469,0.000000,29.127533,2.000000
1.181641,-0.449219,0.339844,0.000000,21.583626,2.000000
1.244141,-0.464844,0.246094,0.000000,19.822712,2.000000
0.839844,-0.066406,1.953125,0.614669,24.913616,2.000000
0.011719,-0.039062,-0.007812,0.000000,30.845762,3.000000
0.027344,-0.076172,-0.009766,0.000000,32.027607,3.000000
0.029297,-0.119141,-0.005859,0.000000,30.236639,3.000000
0.056641,-0.154297,0.007812,0.000000,25.502283,3.000000
0.212891,0.039062,-1.250000,0.000000,23.617279,3.000000
0.189453,-0.000000,1.294922,0.000000,24.440449,3.000000
0.470703,0.042969,1.265625,0.000000,22.624512,3.000000
2.626953,-0.175781,1.017578,0.000000,29.469433,3.000000
2.703125,-0.089844,0.939453,0.000000,32.764618,3.000000
2.767578,-0.089844,0.873047,0.000000,32.019432,3.000000
4.300781,-0.000000,1.458984,0.000000,27.951845,3.000000
4.392578,-0.142578,1.296875,0.000000,31.522884,3.000000
4.472656,-0.144531,1.160156,0.000000,31.139433,3.000000
4.642578,-0.000000,0.435547,0.000000,30.174507,3.000000
4.693359,-0.000000,0.332031,0.000000,30.838608,3.000000
4.734375,-0.148438,-0.296875,0.000000,29.628428,3.000000
4.734375,-0.298828,-0.636719,0.000000,33.386559,3.000000
4.787109,-0.150391,-0.607422,0.000000,34.480877,3.000000
4.814453,-0.152344,-0.701172,0.000000,31.956230,3.000000
4.863281,-0.308594,0.871094,0.000000,30.726175,3.000000
4.943359,-0.623047,0.291016,0.000000,29.425041,3.000000
1.880859,0.689453,-0.085938,0.614669,27.535831,3.000000
1.919922,0.703125,-0.072266,0.614669,30.145205,3.000000
1.958984,0.716797,-0.048828,0.614669,29.278833,3.000000
0.041016,-0.033203,0.062500,0.000000,30.187004,3.000000
0.044922,-0.046875,0.105469,0.000000,29.127533,3.000000
1.173828,-0.449219,0.363281,0.000000,21.553360,3.000000
1.234375,-0.464844,0.285156,0.000000,19.777237,3.000000
0.011719,-0.039062,-0.007812,0.000000,30.838608,4.000000
0.027344,-0.076172,-0.009766,0.000000,32.024883,4.000000
0.029297,-0.119141,-0.005859,0.000000,30.232525,4.000000
0.056641,-0.154297,0.007812,0.000000,25.514500,4.000000
0.218750,0.039062,-1.248047,0.000000,23.673559,4.000000
0.183594,-0.000000,1.296875,0.000000,24.471581,4.000000
0.482422,0.042969,1.259766,0.000000,22.624512,4.000000
2.625000,-0.175781,1.021484,0.000000,29.474337,4.000000
2.701172,-0.089844,0.943359,0.000000,32.743889,4.000000
2.761719,-0.089844,0.894531,0.000000,32.013969,4.000000
4.304688,-0.000000,1.443359,0.000000,27.951845,4.000000
4.392578,-0.142578,1.294922,0.000000,31.535099,4.000000
4.470703,-0.144531,1.162109,0.000000,31.142773,4.000000
4.642578,-0.000000,0.441406,0.000000,30.149403,4.000000
4.687500,-0.000000,0.398438,0.000000,30.802656,4.000000
4.744141,-0.000000,-0.023438,0.000000,29.365137,4.000000
4.740234,-0.298828,-0.585938,0.000000,33.242825,4.000000
4.789062,-0.150391,-0.582031,0.000000,34.460709,4.000000
4.818359,-0.152344,-0.677734,0.000000,31.967287,4.000000
4.871094,-0.308594,0.818359,0.000000,30.729847,4.000000
4.945312,-0.623047,0.228516,0.000000,29.503649,4.000000
1.855469,0.751953,-0.107422,0.614669,27.193314,4.000000
1.894531,0.767578,-0.078125,0.614669,31.897709,4.000000
1.933594,0.783203,-0.058594,0.614669,32.750809,4.000000
1.943359,0.863281,-0.068359,0.614669,29.858753,4.000000
0.039062,-0.033203,0.062500,0.000000,30.182842,4.000000
0.042969,-0.046875,0.105469,0.000000,29.127533,4.000000
1.175781,-0.449219,0.357422,0.000000,21.553360,4.000000
1.234375,-0.464844,0.287109,0.000000,19.731279,4.000000
0.011719,-0.039062,-0.007812,0.000000,30.838608,5.000000
0.027344,-0.076172,-0.009766,0.000000,32.027607,5.000000
0.029297,-0.119141,-0.005859,0.000000,30.240749,5.000000
0.056641,-0.154297,0.005859,0.000000,25.526682,5.000000
0.234375,0.039062,-1.246094,0.000000,23.673559,5.000000
0.189453,-0.000000,1.294922,0.000000,24.471581,5.000000
0.482422,0.042969,1.259766,0.000000,22.648178,5.000000
2.626953,-0.175781,1.017578,0.000000,29.454685,5.000000
2.701172,-0.089844,0.947266,0.000000,32.739269,5.000000
2.759766,-0.089844,0.898438,0.000000,32.022160,5.000000
4.298828,-0.000000,1.464844,0.000000,27.986506,5.000000
4.388672,-0.142578,1.306641,0.000000,31.553360,5.000000
4.468750,-0.144531,1.169922,0.000000,31.166077,5.000000
4.642578,-0.000000,0.429688,0.000000,30.153597,5.000000
4.691406,-0.000000,0.341797,0.000000,30.916670,5.000000
4.742188,-0.148438,-0.031250,0.000000,29.684830,5.000000
4.755859,-0.298828,-0.439453,0.000000,33.201462,5.000000
4.798828,-0.150391,-0.503906,0.000000,34.334499,5.000000
4.830078,-0.152344,-0.583984,0.000000,31.760912,5.000000
4.863281,-0.308594,0.865234,0.000000,30.958664,5.000000
4.941406,-0.623047,0.318359,0.000000,29.595184,5.000000
1.927734,0.638672,-0.236328,0.614669,28.014036,5.000000
1.929688,0.783203,-0.123047,0.614669,30.484419,5.000000
1.968750,0.796875,-0.093750,0.614669,30.293839,5.000000
1.980469,0.880859,-0.076172,0.614669,27.084209,5.000000
0.041016,-0.033203,0.062500,0.000000,30.182842,5.000000
0.044922,-0.046875,0.105469,0.000000,29.122221,5.000000
1.179688,-0.449219,0.345703,0.000000,21.553360,5.000000
1.240234,-0.464844,0.263672,0.000000,19.777237,5.000000
0.011719,-0.039062,-0.007812,0.000000,30.842186,6.000000
0.027344,-0.076172,-0.009766,0.000000,32.027607,6.000000
0.029297,-0.119141,-0.005859,0.000000,30.236639,6.000000
0.056641,-0.154297,0.007812,0.000000,25.514500,6.000000
0.216797,0.039062,-1.248047,0.000000,23.636120,6.000000
0.187500,-0.000000,1.294922,0.000000,24.471581,6.000000
0.455078,0.042969,1.269531,0.000000,22.648178,6.000000
2.623047,-0.175781,1.029297,0.000000,29.493900,6.000000
2.703125,-0.089844,0.941406,0.000000,32.739269,6.000000
2.765625,-0.089844,0.880859,0.000000,32.013969,6.000000
4.296875,-0.000000,1.470703,0.000000,27.993406,6.000000
4.386719,-0.142578,1.312500,0.000000,31.553360,6.000000
4.466797,-0.144531,1.183594,0.000000,31.185953,6.000000
4.642578,-0.000000,0.449219,0.000000,30.174507,6.000000
4.691406,-0.000000,0.353516,0.000000,30.838608,6.000000
4.736328,-0.148438,-0.259766,0.000000,29.647308,6.000000
4.730469,-0.298828,-0.658203,0.000000,33.436054,6.000000
4.783203,-0.150391,-0.626953,0.000000,34.569729,6.000000
4.806641,-0.152344,-0.753906,0.000000,32.185356,6.000000
4.863281,-0.308594,0.863281,0.000000,30.685570,6.000000
4.939453,-0.623047,0.351562,0.000000,29.542425,6.000000
1.919922,0.703125,-0.054688,0.614669,27.489628,6.000000
1.958984,0.716797,-0.035156,0.614669,29.916691,6.000000
1.998047,0.730469,-0.017578,0.614669,29.247959,6.000000
2.035156,0.746094,0.031250,0.614669,26.794279,6.000000
0.035156,-0.035156,0.064453,0.000000,30.182842,6.000000
0.044922,-0.046875,0.105469,0.000000,29.122221,6.000000
1.179688,-0.449219,0.345703,0.000000,21.613680,6.000000
1.244141,-0.464844,0.244141,0.000000,19.867718,6.000000
0.011719,-0.039062,-0.007812,0.000000,30.842186,7.000000
0.027344,-0.076172,-0.009766,0.000000,32.024883,7.000000
0.029297,-0.119141,-0.005859,0.000000,30.232525,7.000000
0.056641,-0.154297,0.005859,0.000000,25.502283,7.000000
0.234375,0.039062,-1.246094,0.000000,23.654881,7.000000
0.167969,-0.000000,1.298828,0.000000,24.471581,7.000000
0.466797,0.042969,1.265625,0.000000,22.648178,7.000000
2.628906,-0.175781,1.009766,0.000000,29.420080,7.000000
2.705078,-0.089844,0.937500,0.000000,32.732327,7.000000
2.765625,-0.089844,0.884766,0.000000,32.005768,7.000000
4.296875,-0.000000,1.468750,0.000000,27.958799,7.000000
4.390625,-0.142578,1.300781,0.000000,31.525940,7.000000
4.472656,-0.144531,1.160156,0.000000,31.129400,7.000000
4.644531,-0.000000,0.421875,0.000000,30.132587,7.000000
4.693359,-0.000000,0.326172,0.000000,30.930714,7.000000
4.742188,-0.148438,-0.046875,0.000000,29.749720,7.000000
4.759766,-0.298828,-0.390625,0.000000,33.251049,7.000000
4.800781,-0.150391,-0.470703,0.000000,34.379089,7.000000
4.826172,-0.152344,-0.611328,0.000000,31.841234,7.000000
4.837891,-0.308594,1.000000,0.000000,30.809870,7.000000
4.931641,-0.623047,0.439453,0.000000,29.523081,7.000000
1.914062,0.703125,-0.150391,0.614669,27.888752,7.000000
1.927734,0.783203,-0.148438,0.614669,32.258259,7.000000
1.966797,0.796875,-0.132812,0.614669,33.271545,7.000000
2.007812,0.812500,-0.083984,0.614669,31.348145,7.000000
2.072266,0.759766,0.076172,0.614669,26.989700,7.000000
0.041016,-0.033203,0.062500,0.000000,30.182842,7.000000
0.044922,-0.046875,0.105469,0.000000,29.122221,7.000000
1.177734,-0.449219,0.349609,0.000000,21.613680,7.000000
1.238281,-0.464844,0.275391,0.000000,19.777237,7.000000
0.119141,-0.000000,-2.205078,0.614669,24.329693,7.000000
0.011719,-0.039062,-0.007812,0.000000,30.842186,8.000000
0.027344,-0.076172,-0.009766,0.000000,32.027607,8.000000
0.029297,-0.119141,-0.005859,0.000000,30.236639,8.000000
0.056641,-0.154297,0.005859,0.000000,25.514500,8.000000
0.226562,0.039062,-1.246094,0.000000,23.617279,8.000000
0.177734,-0.000000,1.296875,0.000000,24.456041,8.000000
0.496094,0.042969,1.253906,0.000000,22.600714,8.000000
2.628906,-0.175781,1.011719,0.000000,29.420080,8.000000
2.705078,-0.089844,0.931641,0.000000,32.718414,8.000000
2.767578,-0.089844,0.875000,0.000000,31.967287,8.000000
4.296875,-0.000000,1.468750,0.000000,27.993406,8.000000
4.390625,-0.142578,1.304688,0.000000,31.547281,8.000000
4.468750,-0.144531,1.175781,0.000000,31.149445,8.000000
4.644531,-0.000000,0.427734,0.000000,30.157787,8.000000
4.689453,-0.000000,0.361328,0.000000,30.773680,8.000000
4.742188,-0.000000,-0.166016,0.000000,29.289078,8.000000
4.742188,-0.150391,-0.628906,0.000000,33.279716,8.000000
4.787109,-0.150391,-0.593750,0.000000,34.493240,8.000000
4.814453,-0.152344,-0.703125,0.000000,32.103184,8.000000
4.869141,-0.308594,0.830078,0.000000,30.755470,8.000000
4.939453,-0.623047,0.351562,0.000000,29.532763,8.000000
1.976562,0.652344,-0.150391,0.614669,29.132839,8.000000
2.011719,0.664062,-0.187500,0.614669,29.329807,8.000000
