0.804688,-0.000000,0.152344,0.000000,25.831987,0.000000
0.847656,0.027344,0.140625,0.000000,24.563660,0.000000
2.634766,-0.357422,1.062500,0.000000,29.185545,0.000000
2.703125,-0.363281,0.998047,0.000000,30.025980,0.000000
0.037109,-0.035156,0.064453,0.000000,30.157787,0.000000
0.046875,-0.046875,0.103516,0.000000,29.041744,0.000000
0.611328,-0.160156,0.378906,0.000000,24.199558,0.000000
0.011719,-0.039062,-0.007812,0.000000,30.707766,1.000000
0.027344,-0.076172,-0.009766,0.000000,31.892096,1.000000
0.029297,-0.119141,-0.005859,0.000000,30.124153,1.000000
0.056641,-0.154297,0.007812,0.000000,25.428255,1.000000
0.634766,0.041016,-0.156250,0.000000,23.996737,1.000000
0.667969,0.042969,-0.185547,0.000000,27.686380,1.000000
0.699219,0.068359,-0.218750,0.000000,27.860413,1.000000
0.740234,0.121094,-0.203125,0.000000,26.222139,1.000000
0.802734,0.154297,-0.044922,0.614669,24.563660,1.000000
0.843750,0.160156,-0.011719,0.614669,21.038036,1.000000
0.037109,-0.035156,0.064453,0.000000,30.149403,1.000000
0.046875,-0.046875,0.103516,0.000000,29.030899,1.000000
0.582031,-0.169922,0.486328,0.000000,24.099331,1.000000
0.011719,-0.039062,-0.007812,0.000000,30.704073,2.000000
0.027344,-0.076172,-0.009766,0.000000,31.892096,2.000000
0.029297,-0.119141,-0.005859,0.000000,30.128372,2.000000
0.056641,-0.154297,0.007812,0.000000,25.453072,2.000000
0.634766,0.060547,-0.144531,0.000000,24.149733,2.000000
0.677734,0.064453,-0.138672,0.000000,28.727388,2.000000
0.726562,0.046875,-0.111328,0.000000,29.670797,2.000000
0.773438,0.048828,-0.050781,0.000000,27.752462,2.000000
0.806641,0.076172,0.117188,0.000000,22.552725,2.000000
0.845703,-0.080078,-0.132812,0.000000,25.622929,2.000000
0.857422,-0.056641,-0.269531,0.000000,24.638929,2.000000
2.650391,-0.357422,1.025391,0.000000,29.604708,2.000000
2.701172,-0.363281,1.003906,0.000000,30.000000,2.000000
4.925781,-0.943359,-0.414062,0.000000,28.704039,2.000000
0.037109,-0.035156,0.064453,0.000000,30.153597,2.000000
0.046875,-0.046875,0.103516,0.000000,29.041744,2.000000
0.011719,-0.039062,-0.007812,0.000000,30.704073,3.000000
0.027344,-0.076172,-0.009766,0.000000,31.892096,3.000000
0.029297,-0.119141,-0.005859,0.000000,30.132587,3.000000
0.056641,-0.154297,0.007812,0.000000,25.465427,3.000000
0.716797,-0.025391,-0.394531,0.000000,25.145477,3.000000
0.775391,-0.027344,-0.369141,0.000000,26.159500,3.000000
0.828125,-0.027344,-0.349609,0.000000,24.941545,3.000000
2.585938,-0.357422,1.177734,0.000000,29.444826,3.000000
2.669922,-0.363281,1.082031,0.000000,29.735897,3.000000
0.640625,0.060547,-0.115234,0.614669,21.271048,3.000000
0.683594,0.064453,-0.107422,0.614669,26.963564,3.000000
0.726562,0.068359,-0.101562,0.614669,28.475727,3.000000
0.763672,0.072266,-0.130859,0.614669,25.682016,3.000000
0.037109,-0.035156,0.064453,0.000000,30.145205,3.000000
0.046875,-0.046875,0.103516,0.000000,29.036325,3.000000
0.011719,-0.039062,-0.007812,0.000000,30.707766,4.000000
0.027344,-0.076172,-0.009766,0.000000,31.894903,4.000000
0.029297,-0.119141,-0.005859,0.000000,30.128372,4.000000
0.056641,-0.154297,0.007812,0.000000,25.440680,4.000000
0.853516,0.027344,-0.091797,0.000000,29.647308,4.000000
0.884766,0.027344,-0.164062,0.000000,28.325089,4.000000
0.912109,0.058594,-0.220703,0.000000,24.345690,4.000000
0.683594,0.087891,-0.093750,0.614669,27.299744,4.000000
0.726562,0.091797,-0.074219,0.614669,30.457140,4.000000
0.773438,0.072266,-0.037109,0.614669,30.445398,4.000000
0.816406,0.050781,0.019531,0.614669,29.319662,4.000000
0.037109,-0.035156,0.064453,0.000000,30.153597,4.000000
0.046875,-0.046875,0.103516,0.000000,29.036325,4.000000
0.011719,-0.039062,-0.007812,0.000000,30.707766,5.000000
0.027344,-0.076172,-0.009766,0.000000,31.892096,5.000000
0.029297,-0.119141,-0.005859,0.000000,30.128372,5.000000
0.056641,-0.154297,0.007812,0.000000,25.453072,5.000000
4.925781,-0.943359,-0.404297,0.000000,28.234743,5.000000
0.679688,0.087891,-0.121094,0.614669,27.520485,5.000000
0.720703,0.091797,-0.115234,0.614669,31.894903,5.000000
0.761719,0.097656,-0.113281,0.614669,32.342640,5.000000
0.800781,0.126953,-0.113281,0.614669,28.808136,5.000000
0.845703,0.107422,0.109375,0.614669,24.082399,5.000000
0.888672,0.140625,0.029297,0.614669,23.521826,5.000000
0.962891,0.126953,0.322266,0.614669,28.733206,5.000000
0.998047,0.132812,0.345703,0.614669,29.116901,5.000000
0.037109,-0.035156,0.064453,0.000000,30.149403,5.000000
0.046875,-0.046875,0.103516,0.000000,29.036325,5.000000
0.003906,-0.056641,0.154297,0.000000,25.289167,5.000000
0.806641,-2.673828,4.185547,0.000000,25.786392,5.000000
0.011719,-0.039062,-0.007812,0.000000,30.707766,6.000000
0.027344,-0.076172,-0.009766,0.000000,31.892096,6.000000
0.029297,-0.119141,-0.005859,0.000000,30.128372,6.000000
0.056641,-0.154297,0.007812,0.000000,25.453072,6.000000
0.853516,0.052734,-0.080078,0.000000,27.442930,6.000000
0.927734,0.058594,-0.142578,0.000000,24.727564,6.000000
2.656250,-0.000000,1.068359,0.000000,30.261246,6.000000
2.671875,-0.000000,1.136719,0.000000,29.464523,6.000000
4.457031,-0.000000,1.060547,0.000000,29.206450,6.000000
4.531250,-0.000000,0.912109,0.000000,28.959747,6.000000
0.679688,0.087891,-0.113281,0.614669,25.786392,6.000000
0.718750,0.115234,-0.107422,0.614669,32.105862,6.000000
0.757812,0.121094,-0.117188,0.614669,33.905819,6.000000
0.794922,0.126953,-0.140625,0.614669,31.690863,6.000000
0.890625,0.083984,-0.089844,0.614669,28.286598,6.000000
0.994141,0.132812,0.353516,0.614669,28.215136,6.000000
0.037109,-0.035156,0.064453,0.000000,30.149403,6.000000
0.044922,-0.046875,0.103516,0.000000,29.041744,6.000000
0.011719,-0.039062,-0.007812,0.000000,30.711452,7.000000
0.027344,-0.076172,-0.009766,0.000000,31.892096,7.000000
0.029297,-0.119141,-0.005859,0.000000,30.124153,7.000000
0.056641,-0.154297,0.007812,0.000000,25.453072,7.000000
2.642578,-0.000000,0.990234,0.000000,29.375179,7.000000
2.681641,-0.000000,1.003906,0.000000,32.951271,7.000000
2.720703,-0.000000,1.013672,0.000000,32.347702,7.000000
4.382812,-0.000000,1.185547,0.000000,28.796692,7.000000
4.443359,-0.000000,1.119141,0.000000,32.516380,7.000000
4.501953,-0.000000,1.046875,0.000000,32.329960,7.000000
0.722656,0.115234,-0.083984,0.614669,29.127533,7.000000
0.763672,0.121094,-0.078125,0.614669,32.641090,7.000000
0.802734,0.126953,-0.085938,0.614669,32.038486,7.000000
0.724609,0.160156,-0.431641,0.614669,24.885508,7.000000
0.886719,0.083984,-0.121094,0.614669,28.188854,7.000000
0.923828,0.146484,-0.091797,0.614669,26.972294,7.000000
0.037109,-0.035156,0.064453,0.000000,30.149403,7.000000
0.046875,-0.046875,0.103516,0.000000,29.030899,7.000000
0.011719,-0.056641,0.152344,0.000000,25.276299,7.000000
1.621094,-1.560547,-3.943359,0.000000,26.085260,7.000000
0.929688,0.087891,-0.111328,0.614669,26.972294,7.000000
0.011719,-0.039062,-0.007812,0.000000,30.707766,8.000000
0.027344,-0.076172,-0.009766,0.000000,31.894903,8.000000
0.029297,-0.119141,-0.005859,0.000000,30.136797,8.000000
0.056641,-0.154297,0.007812,0.000000,25.477747,8.000000
2.648438,-0.000000,0.974609,0.000000,29.289078,8.000000
2.693359,-0.000000,0.972656,0.000000,32.681099,8.000000
2.748047,-0.000000,0.941406,0.000000,31.936810,8.000000
4.437500,-0.000000,0.964844,0.000000,28.904211,8.000000
4.453125,-0.000000,1.074219,0.000000,32.307045,8.000000
4.496094,-0.000000,1.074219,0.000000,31.914511,8.000000
4.796875,-0.000000,1.218750,0.000000,31.231981,8.000000
0.716797,0.138672,-0.101562,0.614669,25.024271,8.000000
0.753906,0.146484,-0.123047,0.614669,29.818186,8.000000
0.769531,0.179688,-0.210938,0.614669,29.881128,8.000000
0.796875,0.027344,0.320312,0.614669,27.701153,8.000000
0.882812,0.083984,0.156250,0.614669,29.777237,8.000000
0.919922,0.117188,0.158203,0.614669,27.634279,8.000000
0.037109,-0.035156,0.064453,0.000000,30.153597,8.000000
0.046875,-0.046875,0.103516,0.000000,29.041744,8.000000
0.003906,-0.056641,0.154297,0.000000,25.289167,8.000000
0.478516,0.294922,-0.648438,0.614669,25.024271,8.000000
0.011719,-0.039062,-0.007812,0.000000,30.707766,9.000000
0.027344,-0.076172,-0.009766,0.000000,31.892096,9.000000
0.029297,-0.119141,-0.005859,0.000000,30.128372,9.000000
0.056641,-0.154297,0.007812,0.000000,25.453072,9.000000
2.648438,-0.000000,0.976562,0.000000,28.356905,9.000000
2.679688,-0.000000,1.007812,0.000000,31.784014,9.000000
2.707031,-0.000000,1.050781,0.000000,30.941216,9.000000
4.482422,-0.142578,0.935547,0.000000,29.772661,9.000000
4.546875,-0.144531,0.818359,0.000000,29.041744,9.000000
4.763672,-0.150391,-0.429688,0.000000,31.798389,9.000000
4.812500,-0.150391,-0.333984,0.000000,32.704460,9.000000
4.826172,-0.154297,1.087891,0.000000,32.092468,9.000000
4.820312,-0.000000,1.291016,0.000000,30.640835,9.000000
0.710938,0.160156,-0.105469,0.614669,21.986570,9.000000
0.751953,0.169922,-0.097656,0.614669,28.943161,9.000000
0.792969,0.179688,-0.091797,0.614669,31.398790,9.000000
0.833984,0.187500,-0.076172,0.614669,30.622059,9.000000
0.884766,0.167969,-0.007812,0.614669,29.169800,9.000000
0.923828,0.175781,-0.037109,0.614669,28.048206,9.000000
0.955078,0.214844,-0.080078,0.614669,25.490032,9.000000
0.037109,-0.035156,0.064453,0.000000,30.153597,9.000000
0.046875,-0.046875,0.103516,0.000000,29.041744,9.000000
0.011719,-0.039062,-0.007812,0.000000,30.707766,10.000000
0.027344,-0.076172,-0.009766,0.000000,31.894903,10.000000
0.029297,-0.119141,-0.005859,0.000000,30.128372,10.000000
0.056641,-0.154297,0.007812,0.000000,25.465427,10.000000
2.640625,-0.000000,0.996094,0.000000,28.898617,10.000000
2.683594,-0.000000,1.000000,0.000000,32.276295,10.000000
2.722656,0.089844,1.007812,0.000000,31.370375,10.000000
4.451172,-0.000000,1.083984,0.000000,31.679077,10.000000
4.509766,-0.000000,1.013672,0.000000,31.613680,10.000000
4.621094,-0.000000,0.628906,0.000000,29.633156,10.000000
4.699219,-0.000000,0.216797,0.000000,29.247959,10.000000
4.730469,-0.148438,-0.343750,0.000000,31.003706,10.000000
4.769531,-0.150391,-0.375000,0.000000,34.340897,10.000000
4.816406,-0.150391,-0.291016,0.000000,34.824448,10.000000
4.857422,-0.152344,-0.291016,0.000000,31.212315,10.000000
4.833984,-0.000000,1.062500,0.000000,31.075491,10.000000
0.755859,0.169922,-0.072266,0.614669,27.041506,10.000000
0.785156,0.205078,-0.103516,0.614669,30.744507,10.000000
0.802734,0.242188,-0.185547,0.614669,30.216026,10.000000
0.708984,0.308594,-0.458984,0.614669,24.487062,10.000000
0.923828,0.175781,-0.021484,0.614669,25.440680,10.000000
0.958984,0.183594,-0.105469,0.614669,24.899586,10.000000
0.037109,-0.035156,0.064453,0.000000,30.149403,10.000000
0.046875,-0.046875,0.103516,0.000000,29.036325,10.000000
0.839844,-0.027344,0.322266,0.614669,24.132998,10.000000
0.011719,-0.039062,-0.007812,0.000000,30.696680,11.000000
0.027344,-0.076172,-0.009766,0.000000,31.889284,11.000000
0.029297,-0.119141,-0.005859,0.000000,30.124153,11.000000
0.056641,-0.154297,0.007812,0.000000,25.440680,11.000000
0.951172,0.154297,-0.189453,0.000000,25.599066,11.000000
2.654297,-0.000000,0.960938,0.000000,28.715729,11.000000
2.689453,-0.000000,0.982422,0.000000,32.169571,11.000000
2.728516,0.089844,0.990234,0.000000,31.254812,11.000000
4.445312,-0.000000,1.105469,0.000000,31.044870,11.000000
4.531250,-0.000000,0.914062,0.000000,31.129400,11.000000
4.650391,-0.000000,0.351562,0.000000,31.690863,11.000000
4.699219,-0.000000,0.236328,0.000000,32.988529,11.000000
4.744141,-0.000000,-0.103516,0.000000,32.704460,11.000000
4.769531,-0.150391,-0.369141,0.000000,33.818367,11.000000
4.814453,-0.150391,-0.326172,0.000000,34.134674,11.000000
4.863281,-0.000000,-0.222656,0.000000,30.659531,11.000000
4.820312,-0.154297,1.117188,0.000000,31.442627,11.000000
4.816406,-0.000000,1.306641,0.000000,30.047512,11.000000
0.755859,0.169922,-0.060547,0.614669,24.297523,11.000000
0.796875,0.179688,-0.035156,0.614669,29.717396,11.000000
0.837891,0.187500,0.001953,0.614669,31.640553,11.000000
0.876953,0.197266,0.037109,0.614669,31.075491,11.000000
0.923828,0.175781,0.035156,0.614669,28.750612,11.000000
0.037109,-0.035156,0.064453,0.000000,30.149403,11.000000
0.046875,-0.046875,0.103516,0.000000,29.041744,11.000000
1.169922,-1.714844,4.539062,0.000000,27.723217,11.000000
0.011719,-0.039062,-0.007812,0.000000,30.704073,12.000000
0.027344,-0.076172,-0.009766,0.000000,31.892096,12.000000
0.029297,-0.119141,-0.005859,0.000000,30.128372,12.000000
0.056641,-0.154297,0.007812,0.000000,25.453072,12.000000
2.656250,-0.000000,0.955078,0.000000,28.773714,12.000000
2.685547,-0.000000,0.994141,0.000000,32.273724,12.000000
2.712891,0.089844,1.033203,0.000000,31.430147,12.000000
4.470703,-0.000000,1.001953,0.000000,31.044870,12.000000
4.552734,-0.000000,0.800781,0.000000,30.874264,12.000000
4.650391,-0.000000,0.343750,0.000000,32.643456,12.000000
4.693359,-0.000000,0.318359,0.000000,33.961994,12.000000
4.742188,0.148438,0.076172,0.000000,32.860073,12.000000
4.773438,-0.150391,-0.310547,0.000000,33.543007,12.000000
4.816406,-0.150391,-0.292969,0.000000,33.972446,12.000000
4.853516,-0.152344,-0.341797,0.000000,30.629578,12.000000
4.789062,-0.154297,1.238281,0.000000,31.000257,12.000000
4.810547,-0.000000,1.332031,0.000000,29.863237,12.000000
0.751953,0.193359,-0.025391,0.614669,23.838154,12.000000
0.791016,0.205078,-0.025391,0.614669,31.132748,12.000000
0.832031,0.214844,-0.019531,0.614669,33.896976,12.000000
0.871094,0.224609,-0.011719,0.614669,33.308193,12.000000
0.917969,0.205078,-0.001953,0.614669,30.149403,12.000000
0.957031,0.214844,-0.023438,0.614669,26.972294,12.000000
0.998047,0.224609,0.021484,0.614669,23.598354,12.000000
0.037109,-0.035156,0.064453,0.000000,30.153597,12.000000
0.046875,-0.046875,0.103516,0.000000,29.041744,12.000000
0.011719,-0.039062,-0.007812,0.000000,30.704073,13.000000
0.027344,-0.076172,-0.009766,0.000000,31.892096,13.000000
0.029297,-0.119141,-0.005859,0.000000,30.124153,13.000000
0.056641,-0.154297,0.007812,0.000000,25.440680,13.000000
0.980469,0.224609,-0.185547,0.000000,27.015680,13.000000
2.644531,-0.000000,0.984375,0.000000,28.853613,13.000000
2.677734,-0.000000,1.013672,0.000000,32.377949,13.000000
2.712891,0.089844,1.031250,0.000000,31.679077,13.000000
4.451172,-0.000000,1.082031,0.000000,30.972572,13.000000
4.511719,-0.144531,0.990234,0.000000,30.515385,13.000000
4.652344,-0.000000,0.314453,0.000000,30.895519,13.000000
4.697266,-0.000000,0.255859,0.000000,32.395496,13.000000
4.740234,-0.148438,-0.154297,0.000000,31.983822,13.000000
4.769531,-0.150391,-0.369141,0.000000,33.848907,13.000000
4.812500,-0.150391,-0.335938,0.000000,34.445133,13.000000
4.851562,-0.000000,-0.388672,0.000000,31.574568,13.000000
