2.660156,-0.179688,1.042969,0.000000,32.273724,0.000000
2.759766,-0.089844,0.898438,0.000000,31.296900,0.000000
4.412109,-0.142578,1.226562,0.000000,31.389339,0.000000
4.437500,-0.144531,1.289062,0.000000,31.264561,0.000000
4.734375,-0.298828,-0.628906,0.000000,33.473301,0.000000
4.773438,-0.300781,-0.652344,0.000000,34.063698,0.000000
4.794922,-0.152344,-0.826172,0.000000,30.762762,0.000000
4.876953,-0.308594,0.783203,0.000000,30.877813,0.000000
4.949219,-0.623047,0.125000,0.000000,29.795485,0.000000
0.011719,0.031250,0.025391,0.000000,29.380192,0.000000
0.041016,-0.033203,0.062500,0.000000,30.132587,0.000000
0.052734,-0.042969,0.103516,0.000000,28.998205,0.000000
0.011719,-0.039062,-0.007812,0.000000,30.740847,1.000000
0.017578,-0.080078,-0.009766,0.000000,31.970047,1.000000
0.029297,-0.119141,-0.005859,0.000000,30.232525,1.000000
0.056641,-0.154297,0.005859,0.000000,25.490032,1.000000
0.146484,-0.080078,1.257812,0.000000,23.074961,1.000000
0.431641,-0.083984,-1.277344,0.000000,22.988531,1.000000
0.564453,-0.042969,-1.271484,0.000000,21.643528,1.000000
2.660156,-0.179688,1.044922,0.000000,32.232361,1.000000
2.755859,-0.089844,0.914062,0.000000,31.290451,1.000000
4.410156,-0.142578,1.232422,0.000000,31.398790,1.000000
4.437500,-0.144531,1.289062,0.000000,31.267805,1.000000
4.730469,-0.298828,-0.658203,0.000000,33.380577,1.000000
4.773438,-0.300781,-0.652344,0.000000,33.979401,1.000000
4.808594,-0.152344,-0.742188,0.000000,30.480532,1.000000
4.869141,-0.308594,0.828125,0.000000,31.105898,1.000000
4.949219,-0.623047,0.140625,0.000000,29.836264,1.000000
0.011719,0.031250,0.025391,0.000000,29.385197,1.000000
0.041016,-0.033203,0.062500,0.000000,30.132587,1.000000
0.052734,-0.042969,0.103516,0.000000,28.998205,1.000000
0.011719,-0.039062,-0.007812,0.000000,30.748165,2.000000
0.017578,-0.080078,-0.009766,0.000000,31.967287,2.000000
0.029297,-0.119141,-0.005859,0.000000,30.228407,2.000000
0.056641,-0.154297,0.005859,0.000000,25.490032,2.000000
0.144531,-0.080078,1.257812,0.000000,23.096302,2.000000
0.421875,-0.083984,-1.279297,0.000000,23.010300,2.000000
2.304688,0.843750,-0.070312,0.000000,27.143297,2.000000
2.658203,-0.179688,1.050781,0.000000,32.255676,2.000000
2.753906,-0.089844,0.916016,0.000000,31.300119,2.000000
4.408203,-0.142578,1.238281,0.000000,31.395643,2.000000
4.431641,-0.144531,1.304688,0.000000,31.264561,2.000000
4.738281,-0.298828,-0.603516,0.000000,33.265408,2.000000
4.775391,-0.300781,-0.640625,0.000000,33.955009,2.000000
4.806641,-0.152344,-0.751953,0.000000,30.542299,2.000000
4.882812,-0.308594,0.746094,0.000000,31.251558,2.000000
4.951172,-0.623047,0.056641,0.000000,29.929951,2.000000
0.011719,0.031250,0.025391,0.000000,29.380192,2.000000
0.041016,-0.033203,0.062500,0.000000,30.128372,2.000000
0.052734,-0.042969,0.103516,0.000000,28.998205,2.000000
0.011719,-0.039062,-0.007812,0.000000,30.748165,3.000000
0.017578,-0.080078,-0.009766,0.000000,31.970047,3.000000
0.029297,-0.119141,-0.005859,0.000000,30.228407,3.000000
0.056641,-0.154297,0.005859,0.000000,25.490032,3.000000
0.087891,-0.080078,1.261719,0.000000,23.117538,3.000000
0.093750,-0.082031,-1.302734,0.000000,24.578819,3.000000
0.427734,-0.083984,-1.277344,0.000000,22.966652,3.000000
0.554688,-0.042969,-1.273438,0.000000,21.613680,3.000000
2.619141,-0.175781,1.035156,0.000000,29.020029,3.000000
2.662109,-0.179688,1.041016,0.000000,32.263420,3.000000
2.755859,-0.089844,0.910156,0.000000,31.277525,3.000000
4.408203,-0.142578,1.240234,0.000000,31.408222,3.000000
4.429688,-0.144531,1.310547,0.000000,31.293676,3.000000
4.738281,-0.298828,-0.607422,0.000000,33.308193,3.000000
4.777344,-0.300781,-0.623047,0.000000,33.965481,3.000000
4.812500,-0.152344,-0.714844,0.000000,30.606977,3.000000
4.857422,-0.306641,0.634766,0.000000,29.138138,3.000000
4.914062,-0.308594,0.513672,0.000000,31.149445,3.000000
4.966797,-0.468750,-0.099609,0.000000,29.863237,3.000000
0.011719,0.031250,0.023438,0.000000,29.385197,3.000000
0.041016,-0.033203,0.062500,0.000000,30.132587,3.000000
0.052734,-0.042969,0.103516,0.000000,29.003672,3.000000
0.011719,-0.039062,-0.007812,0.000000,30.748165,4.000000
0.017578,-0.080078,-0.007812,0.000000,31.967287,4.000000
0.029297,-0.119141,-0.005859,0.000000,30.224283,4.000000
0.056641,-0.154297,0.005859,0.000000,25.490032,4.000000
0.070312,-0.080078,1.263672,0.000000,23.053514,4.000000
0.416016,-0.083984,-1.281250,0.000000,22.966652,4.000000
0.550781,-0.042969,-1.275391,0.000000,21.643528,4.000000
2.664062,-0.179688,1.035156,0.000000,32.242741,4.000000
2.757812,-0.089844,0.904297,0.000000,31.274288,4.000000
4.412109,-0.142578,1.228516,0.000000,31.395643,4.000000
4.437500,-0.144531,1.287109,0.000000,31.264561,4.000000
4.734375,-0.298828,-0.634766,0.000000,33.394516,4.000000
4.775391,-0.300781,-0.636719,0.000000,34.015728,4.000000
4.810547,-0.152344,-0.732422,0.000000,30.707766,4.000000
4.853516,-0.306641,0.667969,0.000000,29.132839,4.000000
4.902344,-0.308594,0.615234,0.000000,31.280760,4.000000
4.951172,-0.623047,0.017578,0.000000,30.119930,4.000000
0.011719,0.031250,0.025391,0.000000,29.380192,4.000000
0.041016,-0.033203,0.062500,0.000000,30.128372,4.000000
0.052734,-0.042969,0.103516,0.000000,28.992731,4.000000
0.011719,-0.039062,-0.007812,0.000000,30.744507,5.000000
0.017578,-0.080078,-0.007812,0.000000,31.967287,5.000000
0.029297,-0.119141,-0.005859,0.000000,30.224283,5.000000
0.056641,-0.154297,0.005859,0.000000,25.477747,5.000000
0.121094,-0.080078,1.259766,0.000000,23.117538,5.000000
0.404297,-0.083984,-1.285156,0.000000,23.010300,5.000000
0.517578,-0.042969,-1.289062,0.000000,21.613680,5.000000
2.615234,-0.175781,1.048828,0.000000,28.976271,5.000000
2.660156,-0.179688,1.046875,0.000000,32.258259,5.000000
2.755859,-0.089844,0.912109,0.000000,31.319393,5.000000
4.412109,-0.142578,1.222656,0.000000,31.389339,5.000000
4.437500,-0.144531,1.289062,0.000000,31.258064,5.000000
4.734375,-0.298828,-0.636719,0.000000,33.439991,5.000000
4.771484,-0.300781,-0.660156,0.000000,34.065403,5.000000
4.806641,-0.152344,-0.751953,0.000000,30.766405,5.000000
4.859375,-0.306641,0.623047,0.000000,29.036325,5.000000
4.904297,-0.308594,0.585938,0.000000,31.136091,5.000000
4.951172,-0.623047,-0.005859,0.000000,29.995655,5.000000
0.011719,0.031250,0.025391,0.000000,29.385197,5.000000
0.041016,-0.033203,0.062500,0.000000,30.128372,5.000000
0.052734,-0.042969,0.103516,0.000000,28.998205,5.000000
0.011719,-0.039062,-0.007812,0.000000,30.740847,6.000000
0.017578,-0.080078,-0.007812,0.000000,31.970047,6.000000
0.029297,-0.119141,-0.005859,0.000000,30.232525,6.000000
0.056641,-0.154297,0.005859,0.000000,25.502283,6.000000
0.419922,-0.083984,-1.279297,0.000000,22.944662,6.000000
0.562500,-0.042969,-1.271484,0.000000,21.613680,6.000000
2.660156,-0.179688,1.046875,0.000000,32.219357,6.000000
2.753906,-0.089844,0.916016,0.000000,31.254812,6.000000
4.412109,-0.142578,1.228516,0.000000,31.392492,6.000000
4.435547,-0.144531,1.291016,0.000000,31.258064,6.000000
4.750000,-0.298828,-0.501953,0.000000,33.228394,6.000000
4.783203,-0.300781,-0.572266,0.000000,33.930485,6.000000
4.814453,-0.152344,-0.703125,0.000000,30.591846,6.000000
4.855469,-0.306641,0.660156,0.000000,29.153997,6.000000
4.914062,-0.308594,0.507812,0.000000,31.231981,6.000000
4.966797,-0.468750,-0.097656,0.000000,30.017338,6.000000
0.011719,0.031250,0.025391,0.000000,29.380192,6.000000
0.041016,-0.033203,0.062500,0.000000,30.128372,6.000000
0.052734,-0.042969,0.101562,0.000000,28.998205,6.000000
0.011719,-0.039062,-0.007812,0.000000,30.740847,7.000000
0.017578,-0.080078,-0.009766,0.000000,31.967287,7.000000
0.029297,-0.119141,-0.005859,0.000000,30.232525,7.000000
0.056641,-0.154297,0.005859,0.000000,25.502283,7.000000
0.089844,-0.080078,1.261719,0.000000,23.074961,7.000000
0.419922,-0.083984,-1.281250,0.000000,22.988531,7.000000
0.542969,-0.042969,-1.279297,0.000000,21.583626,7.000000
2.611328,-0.175781,1.058594,0.000000,28.998205,7.000000
2.658203,-0.179688,1.050781,0.000000,32.250507,7.000000
2.751953,-0.089844,0.925781,0.000000,31.306553,7.000000
4.408203,-0.142578,1.242188,0.000000,31.405081,7.000000
4.431641,-0.144531,1.304688,0.000000,31.283993,7.000000
4.728516,-0.298828,-0.677734,0.000000,33.441956,7.000000
4.769531,-0.300781,-0.675781,0.000000,34.061993,7.000000
4.802734,-0.152344,-0.775391,0.000000,30.729847,7.000000
4.851562,-0.306641,0.685547,0.000000,28.881796,7.000000
4.902344,-0.308594,0.607422,0.000000,31.065308,7.000000
4.968750,-0.468750,0.066406,0.000000,29.822712,7.000000
0.011719,0.031250,0.025391,0.000000,29.370161,7.000000
0.041016,-0.033203,0.062500,0.000000,30.128372,7.000000
0.052734,-0.042969,0.103516,0.000000,28.987251,7.000000
0.011719,-0.039062,-0.007812,0.000000,30.744507,8.000000
0.017578,-0.080078,-0.007812,0.000000,31.970047,8.000000
0.029297,-0.119141,-0.005859,0.000000,30.232525,8.000000
0.056641,-0.154297,0.005859,0.000000,25.490032,8.000000
0.080078,-0.080078,1.263672,0.000000,23.117538,8.000000
0.427734,-0.083984,-1.277344,0.000000,22.988531,8.000000
0.558594,-0.042969,-1.273438,0.000000,21.643528,8.000000
2.613281,-0.175781,1.052734,0.000000,29.009130,8.000000
2.660156,-0.179688,1.046875,0.000000,32.263420,8.000000
2.753906,-0.089844,0.919922,0.000000,31.319393,8.000000
4.412109,-0.142578,1.224609,0.000000,31.398790,8.000000
4.439453,-0.144531,1.277344,0.000000,31.274288,8.000000
4.738281,-0.298828,-0.603516,0.000000,33.182720,8.000000
4.779297,-0.300781,-0.605469,0.000000,33.889889,8.000000
4.814453,-0.152344,-0.708984,0.000000,30.622059,8.000000
4.908203,-0.308594,0.552734,0.000000,31.192558,8.000000
4.951172,-0.623047,-0.099609,0.000000,30.056095,8.000000
0.011719,0.031250,0.025391,0.000000,29.385197,8.000000
0.041016,-0.033203,0.062500,0.000000,30.128372,8.000000
0.052734,-0.042969,0.103516,0.000000,28.992731,8.000000
0.011719,-0.039062,-0.007812,0.000000,30.748165,9.000000
0.017578,-0.080078,-0.007812,0.000000,31.970047,9.000000
0.029297,-0.119141,-0.005859,0.000000,30.228407,9.000000
0.056641,-0.154297,0.005859,0.000000,25.490032,9.000000
0.126953,-0.080078,1.259766,0.000000,23.096302,9.000000
0.427734,-0.083984,-1.277344,0.000000,23.031961,9.000000
2.615234,-0.175781,1.046875,0.000000,29.009130,9.000000
2.660156,-0.179688,1.042969,0.000000,32.255676,9.000000
2.755859,-0.089844,0.910156,0.000000,31.283993,9.000000
4.412109,-0.142578,1.222656,0.000000,31.401937,9.000000
4.437500,-0.144531,1.289062,0.000000,31.261314,9.000000
4.744141,-0.298828,-0.554688,0.000000,33.115421,9.000000
4.785156,-0.300781,-0.564453,0.000000,33.820171,9.000000
4.814453,-0.152344,-0.707031,0.000000,30.476643,9.000000
4.894531,-0.308594,0.667969,0.000000,31.051695,9.000000
4.968750,-0.468750,0.023438,0.000000,29.809120,9.000000
0.011719,0.031250,0.025391,0.000000,29.375179,9.000000
0.041016,-0.033203,0.062500,0.000000,30.132587,9.000000
0.052734,-0.042969,0.103516,0.000000,28.998205,9.000000
0.011719,-0.039062,-0.007812,0.000000,30.740847,10.000000
0.017578,-0.080078,-0.007812,0.000000,31.967287,10.000000
0.029297,-0.119141,-0.005859,0.000000,30.228407,10.000000
0.056641,-0.154297,0.005859,0.000000,25.490032,10.000000
0.160156,-0.080078,1.255859,0.000000,23.096302,10.000000
0.419922,-0.083984,-1.281250,0.000000,23.010300,10.000000
2.173828,0.800781,-0.253906,0.000000,26.757784,10.000000
2.218750,0.816406,-0.205078,0.000000,25.976952,10.000000
2.615234,-0.175781,1.048828,0.000000,29.020029,10.000000
2.662109,-0.179688,1.041016,0.000000,32.253094,10.000000
2.757812,-0.089844,0.906250,0.000000,31.277525,10.000000
4.410156,-0.142578,1.232422,0.000000,31.398790,10.000000
4.435547,-0.144531,1.294922,0.000000,31.271048,10.000000
4.738281,-0.298828,-0.601562,0.000000,33.193142,10.000000
4.781250,-0.300781,-0.593750,0.000000,33.863205,10.000000
4.814453,-0.152344,-0.705078,0.000000,30.553783,10.000000
4.906250,-0.308594,0.580078,0.000000,31.109262,10.000000
4.968750,-0.468750,0.001953,0.000000,29.951963,10.000000
0.011719,0.031250,0.025391,0.000000,29.380192,10.000000
0.041016,-0.033203,0.062500,0.000000,30.128372,10.000000
0.052734,-0.042969,0.103516,0.000000,28.992731,10.000000
0.011719,-0.039062,-0.007812,0.000000,30.740847,11.000000
0.017578,-0.080078,-0.009766,0.000000,31.964525,11.000000
0.029297,-0.119141,-0.005859,0.000000,30.224283,11.000000
0.056641,-0.154297,0.005859,0.000000,25.477747,11.000000
0.126953,-0.080078,1.259766,0.000000,23.096302,11.000000
0.439453,-0.083984,-1.273438,0.000000,22.988531,11.000000
0.572266,-0.042969,-1.267578,0.000000,21.613680,11.000000
2.171875,0.800781,-0.281250,0.000000,26.766935,11.000000
2.185547,0.890625,-0.246094,0.000000,25.403296,11.000000
2.613281,-0.175781,1.052734,0.000000,29.014584,11.000000
2.660156,-0.179688,1.046875,0.000000,32.258259,11.000000
2.755859,-0.089844,0.914062,0.000000,31.293676,11.000000
4.410156,-0.142578,1.236328,0.000000,31.411362,11.000000
4.431641,-0.144531,1.304688,0.000000,31.283993,11.000000
4.728516,-0.298828,-0.683594,0.000000,33.342525,11.000000
4.765625,-0.300781,-0.699219,0.000000,33.984608,11.000000
4.800781,-0.152344,-0.792969,0.000000,30.644581,11.000000
4.904297,-0.308594,0.587891,0.000000,30.976044,11.000000
4.968750,-0.468750,-0.013672,0.000000,29.694159,11.000000
0.011719,0.031250,0.025391,0.000000,29.380192,11.000000
0.041016,-0.033203,0.062500,0.000000,30.132587,11.000000
0.052734,-0.042969,0.103516,0.000000,28.998205,11.000000
1.123047,-0.000000,2.089844,0.000000,22.624512,11.000000
0.011719,-0.039062,-0.007812,0.000000,30.748165,12.000000
0.017578,-0.080078,-0.009766,0.000000,31.970047,12.000000
0.029297,-0.119141,-0.005859,0.000000,30.228407,12.000000
0.056641,-0.154297,0.005859,0.000000,25.490032,12.000000
0.138672,-0.080078,1.257812,0.000000,23.096302,12.000000
0.421875,-0.083984,-1.279297,0.000000,23.010300,12.000000
0.562500,-0.042969,-1.271484,0.000000,21.643528,12.000000
2.173828,0.800781,-0.255859,0.000000,26.170004,12.000000
2.658203,-0.179688,1.046875,0.000000,32.255676,12.000000
2.755859,-0.089844,0.914062,0.000000,31.312979,12.000000
4.408203,-0.142578,1.238281,0.000000,31.401937,12.000000
4.439453,-0.144531,1.283203,0.000000,31.248301,12.000000
4.724609,-0.298828,-0.703125,0.000000,33.455696,12.000000
4.761719,-0.300781,-0.736328,0.000000,34.119564,12.000000
4.787109,-0.152344,-0.867188,0.000000,30.824263,12.000000
4.888672,-0.308594,0.714844,0.000000,30.962147,12.000000
4.949219,-0.623047,0.126953,0.000000,29.813656,12.000000
0.011719,0.031250,0.025391,0.000000,29.380192,12.000000
0.041016,-0.033203,0.062500,0.000000,30.136797,12.000000
0.052734,-0.042969,0.103516,0.000000,28.998205,12.000000
