0.011719,-0.039062,-0.007812,0.000000,30.718821,0.000000
0.017578,-0.080078,-0.007812,0.000000,31.945143,0.000000
0.029297,-0.119141,-0.005859,0.000000,30.203613,0.000000
0.056641,-0.154297,0.005859,0.000000,25.465427,0.000000
0.601562,-0.347656,-0.039062,0.000000,26.074551,0.000000
0.636719,-0.367188,-0.046875,0.000000,31.401937,0.000000
0.685547,-0.365234,-0.042969,0.000000,32.787537,0.000000
0.734375,-0.357422,-0.044922,0.000000,30.499929,0.000000
0.689453,-0.429688,-0.279297,0.000000,22.810333,0.000000
0.859375,-0.253906,0.087891,0.000000,25.145477,0.000000
0.900391,-0.263672,0.060547,0.000000,23.765770,0.000000
2.554688,-0.263672,1.169922,0.000000,29.106243,0.000000
2.648438,-0.179688,1.074219,0.000000,32.317245,0.000000
2.744141,-0.089844,0.945312,0.000000,31.445742,0.000000
4.359375,-0.142578,1.263672,0.000000,27.611757,0.000000
4.429688,-0.142578,1.158203,0.000000,31.351326,0.000000
4.472656,-0.144531,1.156250,0.000000,31.159431,0.000000
4.730469,-0.298828,-0.658203,0.000000,33.211842,0.000000
4.769531,-0.300781,-0.683594,0.000000,33.863205,0.000000
4.806641,-0.152344,-0.757812,0.000000,30.496056,0.000000
4.835938,-0.308594,1.007812,0.000000,30.838608,0.000000
0.011719,0.031250,0.025391,0.000000,29.365137,0.000000
0.041016,-0.033203,0.062500,0.000000,30.115704,0.000000
0.052734,-0.042969,0.103516,0.000000,28.976271,0.000000
0.689453,-0.134766,0.494141,0.000000,21.986570,0.000000
0.011719,-0.039062,-0.007812,0.000000,30.718821,1.000000
0.017578,-0.080078,-0.009766,0.000000,31.947918,1.000000
0.029297,-0.119141,-0.005859,0.000000,30.207754,1.000000
0.056641,-0.154297,0.005859,0.000000,25.477747,1.000000
0.562500,-0.390625,-0.121094,0.000000,25.224442,1.000000
0.632812,-0.367188,-0.076172,0.000000,29.278833,1.000000
0.693359,-0.339844,-0.087891,0.000000,30.515385,1.000000
0.740234,-0.332031,-0.099609,0.000000,29.122221,1.000000
0.730469,-0.375000,-0.248047,0.000000,24.361626,1.000000
0.839844,-0.197266,0.255859,0.000000,24.377506,1.000000
0.865234,-0.205078,0.308594,0.000000,25.976952,1.000000
0.867188,-0.183594,0.421875,0.000000,25.051500,1.000000
2.568359,-0.263672,1.138672,0.000000,29.095560,1.000000
2.664062,-0.179688,1.033203,0.000000,32.286568,1.000000
2.761719,-0.089844,0.894531,0.000000,31.280760,1.000000
4.382812,-0.142578,1.179688,0.000000,27.604225,1.000000
4.443359,-0.142578,1.107422,0.000000,31.442627,1.000000
4.480469,-0.144531,1.130859,0.000000,31.238516,1.000000
4.728516,-0.298828,-0.679688,0.000000,33.165993,1.000000
4.767578,-0.300781,-0.699219,0.000000,33.816566,1.000000
4.802734,-0.152344,-0.785156,0.000000,30.178677,1.000000
4.855469,-0.308594,0.910156,0.000000,30.863598,1.000000
0.011719,0.031250,0.023438,0.000000,29.360107,1.000000
0.041016,-0.033203,0.062500,0.000000,30.111473,1.000000
0.052734,-0.042969,0.101562,0.000000,28.981766,1.000000
0.011719,-0.039062,-0.007812,0.000000,30.715137,2.000000
0.017578,-0.080078,-0.007812,0.000000,31.945143,2.000000
0.029297,-0.119141,-0.005859,0.000000,30.203613,2.000000
0.056641,-0.154297,0.005859,0.000000,25.465427,2.000000
0.613281,-0.326172,-0.042969,0.000000,27.693773,2.000000
0.648438,-0.345703,-0.056641,0.000000,32.380463,2.000000
0.683594,-0.365234,-0.066406,0.000000,33.079239,2.000000
0.718750,-0.382812,-0.076172,0.000000,30.056095,2.000000
0.750000,-0.402344,-0.121094,0.000000,22.648178,2.000000
0.828125,-0.140625,0.320312,0.000000,24.578819,2.000000
0.873047,-0.117188,0.328125,0.000000,25.526682,2.000000
2.599609,-0.175781,1.085938,0.000000,28.920946,2.000000
2.650391,-0.179688,1.066406,0.000000,32.164299,2.000000
2.746094,-0.089844,0.941406,0.000000,31.228710,2.000000
4.357422,-0.142578,1.271484,0.000000,27.512791,2.000000
4.435547,-0.142578,1.140625,0.000000,31.312979,2.000000
4.482422,-0.144531,1.119141,0.000000,31.136091,2.000000
4.732422,-0.298828,-0.650391,0.000000,33.310223,2.000000
4.779297,-0.150391,-0.658203,0.000000,33.993275,2.000000
4.798828,-0.152344,-0.808594,0.000000,30.618294,2.000000
4.839844,-0.308594,0.986328,0.000000,30.930714,2.000000
0.011719,0.031250,0.025391,0.000000,29.365137,2.000000
0.041016,-0.033203,0.062500,0.000000,30.115704,2.000000
0.052734,-0.042969,0.101562,0.000000,28.981766,2.000000
0.654297,-0.107422,0.544922,0.000000,21.335388,2.000000
0.666016,-0.421875,-0.435547,0.000000,22.041201,2.000000
0.593750,-0.470703,-0.558594,0.000000,22.922562,2.000000
0.011719,-0.039062,-0.007812,0.000000,30.722500,3.000000
0.017578,-0.080078,-0.007812,0.000000,31.947918,3.000000
0.029297,-0.119141,-0.005859,0.000000,30.203613,3.000000
0.056641,-0.154297,0.005859,0.000000,25.465427,3.000000
0.625000,-0.304688,-0.027344,0.000000,28.813847,3.000000
0.662109,-0.322266,-0.035156,0.000000,33.516029,3.000000
0.697266,-0.339844,-0.042969,0.000000,34.476231,3.000000
0.746094,-0.332031,-0.056641,0.000000,32.169571,3.000000
0.771484,-0.375000,-0.037109,0.000000,26.063814,3.000000
0.875000,-0.167969,0.123047,0.000000,25.998831,3.000000
0.910156,-0.146484,0.191406,0.000000,26.211763,3.000000
2.570312,-0.263672,1.136719,0.000000,29.169800,3.000000
2.667969,-0.179688,1.025391,0.000000,32.352760,3.000000
2.761719,-0.089844,0.892578,0.000000,31.357685,3.000000
4.373047,-0.142578,1.214844,0.000000,27.528164,3.000000
4.437500,-0.142578,1.132812,0.000000,31.309767,3.000000
4.476562,-0.144531,1.140625,0.000000,31.139433,3.000000
4.656250,-0.000000,0.269531,0.000000,29.420080,3.000000
4.738281,-0.298828,-0.609375,0.000000,33.577442,3.000000
4.771484,-0.300781,-0.664062,0.000000,34.271614,3.000000
4.787109,-0.152344,-0.871094,0.000000,30.842186,3.000000
4.859375,-0.308594,0.890625,0.000000,30.962147,3.000000
0.011719,0.031250,0.025391,0.000000,29.365137,3.000000
0.041016,-0.033203,0.062500,0.000000,30.111473,3.000000
0.052734,-0.042969,0.101562,0.000000,28.981766,3.000000
0.750000,-0.412109,-0.390625,0.000000,24.996870,3.000000
0.011719,-0.039062,-0.007812,0.000000,30.718821,4.000000
0.017578,-0.080078,-0.007812,0.000000,31.947918,4.000000
0.029297,-0.119141,-0.005859,0.000000,30.207754,4.000000
0.056641,-0.154297,0.005859,0.000000,25.465427,4.000000
0.623047,-0.304688,-0.044922,0.000000,29.800034,4.000000
0.660156,-0.322266,-0.048828,0.000000,33.428173,4.000000
0.685547,-0.365234,-0.042969,0.000000,33.209766,4.000000
0.722656,-0.382812,-0.035156,0.000000,29.074114,4.000000
0.578125,-0.134766,0.621094,0.000000,20.827854,4.000000
0.855469,-0.224609,0.169922,0.000000,27.965744,4.000000
0.900391,-0.234375,0.138672,0.000000,29.745117,4.000000
0.943359,-0.246094,0.111328,0.000000,27.788744,4.000000
2.605469,-0.175781,1.072266,0.000000,28.987251,4.000000
2.654297,-0.179688,1.058594,0.000000,32.121876,4.000000
2.740234,-0.089844,0.958984,0.000000,31.099159,4.000000
4.349609,-0.142578,1.292969,0.000000,27.656685,4.000000
4.437500,-0.142578,1.134766,0.000000,31.489109,4.000000
4.488281,-0.144531,1.097656,0.000000,31.439510,4.000000
4.658203,-0.000000,0.228516,0.000000,29.614210,4.000000
4.748047,-0.298828,-0.527344,0.000000,33.055664,4.000000
4.791016,-0.300781,-0.509766,0.000000,33.718063,4.000000
4.832031,-0.152344,-0.564453,0.000000,30.449316,4.000000
4.841797,-0.308594,0.984375,0.000000,30.261246,4.000000
0.011719,0.031250,0.025391,0.000000,29.365137,4.000000
0.041016,-0.033203,0.062500,0.000000,30.115704,4.000000
0.052734,-0.042969,0.103516,0.000000,28.981766,4.000000
0.728516,-0.429688,-0.148438,0.000000,20.211893,4.000000
0.011719,-0.039062,-0.007812,0.000000,30.715137,5.000000
0.017578,-0.080078,-0.009766,0.000000,31.950689,5.000000
0.029297,-0.119141,-0.005859,0.000000,30.216026,5.000000
0.056641,-0.154297,0.005859,0.000000,25.477747,5.000000
0.634766,-0.283203,-0.044922,0.000000,29.344984,5.000000
0.660156,-0.322266,-0.048828,0.000000,33.172272,5.000000
0.697266,-0.339844,-0.054688,0.000000,33.128117,5.000000
0.746094,-0.332031,-0.060547,0.000000,29.628428,5.000000
0.814453,-0.267578,-0.062500,0.000000,24.014006,5.000000
2.601562,-0.175781,1.078125,0.000000,28.744818,5.000000
2.654297,-0.179688,1.060547,0.000000,31.922886,5.000000
2.757812,-0.089844,0.904297,0.000000,30.930714,5.000000
4.371094,-0.142578,1.220703,0.000000,27.701153,5.000000
4.443359,-0.142578,1.111328,0.000000,31.504494,5.000000
4.482422,-0.144531,1.117188,0.000000,31.267805,5.000000
4.636719,-0.146484,0.484375,0.000000,29.385197,5.000000
4.703125,-0.296875,-0.550781,0.000000,28.948696,5.000000
4.732422,-0.298828,-0.648438,0.000000,33.384563,5.000000
4.773438,-0.300781,-0.646484,0.000000,34.051754,5.000000
4.816406,-0.152344,-0.689453,0.000000,30.678144,5.000000
4.802734,-0.306641,0.962891,0.000000,29.232441,5.000000
4.832031,-0.308594,1.025391,0.000000,31.092409,5.000000
0.011719,0.031250,0.025391,0.000000,29.360107,5.000000
0.041016,-0.033203,0.062500,0.000000,30.111473,5.000000
0.052734,-0.042969,0.103516,0.000000,28.976271,5.000000
0.011719,-0.039062,-0.007812,0.000000,30.718821,6.000000
0.017578,-0.080078,-0.007812,0.000000,31.947918,6.000000
0.029297,-0.119141,-0.005859,0.000000,30.207754,6.000000
0.056641,-0.154297,0.005859,0.000000,25.465427,6.000000
0.634766,-0.283203,-0.007812,0.000000,28.195440,6.000000
0.671875,-0.298828,-0.031250,0.000000,31.136091,6.000000
0.708984,-0.316406,-0.048828,0.000000,30.382227,6.000000
0.783203,-0.230469,0.058594,0.000000,26.693169,6.000000
0.800781,-0.187500,-0.250000,0.000000,23.304138,6.000000
0.787109,-0.197266,0.388672,0.000000,24.563660,6.000000
0.882812,-0.205078,0.253906,0.000000,28.293037,6.000000
0.923828,-0.214844,0.251953,0.000000,28.401060,6.000000
2.564453,-0.263672,1.148438,0.000000,29.227255,6.000000
2.666016,-0.179688,1.029297,0.000000,32.385479,6.000000
2.775391,-0.089844,0.851562,0.000000,31.433271,6.000000
4.431641,-0.142578,1.152344,0.000000,31.146111,6.000000
4.470703,-0.144531,1.166016,0.000000,31.102530,6.000000
4.689453,-0.296875,-0.662109,0.000000,29.159271,6.000000
4.726562,-0.298828,-0.689453,0.000000,33.479153,6.000000
4.763672,-0.300781,-0.714844,0.000000,34.158077,6.000000
4.789062,-0.152344,-0.861328,0.000000,30.711452,6.000000
4.828125,-0.154297,1.082031,0.000000,30.203613,6.000000
0.011719,0.031250,0.025391,0.000000,29.360107,6.000000
0.041016,-0.033203,0.062500,0.000000,30.115704,6.000000
0.052734,-0.042969,0.103516,0.000000,28.976271,6.000000
0.011719,-0.039062,-0.007812,0.000000,30.718821,7.000000
0.017578,-0.080078,-0.009766,0.000000,31.947918,7.000000
0.029297,-0.119141,-0.005859,0.000000,30.207754,7.000000
0.056641,-0.154297,0.005859,0.000000,25.465427,7.000000
0.630859,-0.283203,-0.072266,0.000000,28.450981,7.000000
0.667969,-0.298828,-0.083984,0.000000,31.169397,7.000000
0.703125,-0.316406,-0.095703,0.000000,30.047512,7.000000
0.740234,-0.332031,-0.111328,0.000000,25.224442,7.000000
0.832031,-0.134766,0.169922,0.000000,21.731863,7.000000
0.869141,-0.167969,0.156250,0.000000,26.776070,7.000000
0.917969,-0.175781,0.113281,0.000000,28.615345,7.000000
2.619141,-0.175781,1.035156,0.000000,29.268568,7.000000
2.666016,-0.179688,1.031250,0.000000,32.545483,7.000000
2.759766,-0.089844,0.900391,0.000000,31.655411,7.000000
4.343750,-0.142578,1.312500,0.000000,27.664129,7.000000
4.425781,-0.142578,1.177734,0.000000,31.556396,7.000000
4.458984,-0.144531,1.212891,0.000000,31.467480,7.000000
4.742188,-0.298828,-0.568359,0.000000,33.023308,7.000000
4.783203,-0.300781,-0.578125,0.000000,33.688446,7.000000
4.816406,-0.152344,-0.695312,0.000000,30.330214,7.000000
4.867188,-0.154297,0.884766,0.000000,29.907827,7.000000
0.011719,0.031250,0.025391,0.000000,29.365137,7.000000
0.041016,-0.033203,0.062500,0.000000,30.115704,7.000000
0.052734,-0.042969,0.101562,0.000000,28.981766,7.000000
0.708984,-0.429688,-0.228516,0.000000,20.293839,7.000000
0.011719,-0.039062,-0.007812,0.000000,30.711452,8.000000
0.017578,-0.080078,-0.009766,0.000000,31.945143,8.000000
0.029297,-0.119141,-0.005859,0.000000,30.207754,8.000000
0.056641,-0.154297,0.005859,0.000000,25.477747,8.000000
0.644531,-0.261719,0.015625,0.000000,25.403296,8.000000
0.681641,-0.275391,-0.027344,0.000000,28.344208,8.000000
0.708984,-0.316406,-0.031250,0.000000,26.803354,8.000000
0.777344,-0.179688,-0.183594,0.000000,20.000000,8.000000
0.781250,-0.349609,0.076172,0.000000,22.787537,8.000000
0.876953,-0.197266,0.046875,0.000000,24.116198,8.000000
0.917969,-0.205078,-0.033203,0.000000,24.727564,8.000000
2.615234,-0.175781,1.048828,0.000000,28.847954,8.000000
2.691406,-0.089844,0.972656,0.000000,32.111206,8.000000
2.757812,-0.089844,0.906250,0.000000,31.139433,8.000000
4.386719,-0.142578,1.162109,0.000000,28.543060,8.000000
4.435547,-0.142578,1.136719,0.000000,32.081726,8.000000
4.457031,-0.144531,1.214844,0.000000,31.610683,8.000000
4.734375,-0.298828,-0.628906,0.000000,33.293980,8.000000
4.777344,-0.300781,-0.625000,0.000000,33.972446,8.000000
4.804688,-0.152344,-0.761719,0.000000,30.503798,8.000000
4.791016,-0.306641,1.025391,0.000000,29.222063,8.000000
4.828125,-0.308594,1.046875,0.000000,31.218880,8.000000
0.011719,0.031250,0.025391,0.000000,29.360107,8.000000
0.041016,-0.033203,0.062500,0.000000,30.115704,8.000000
0.052734,-0.042969,0.101562,0.000000,28.976271,8.000000
0.011719,-0.039062,-0.007812,0.000000,30.715137,9.000000
0.017578,-0.080078,-0.007812,0.000000,31.947918,9.000000
0.029297,-0.119141,-0.005859,0.000000,30.207754,9.000000
0.056641,-0.154297,0.005859,0.000000,25.465427,9.000000
0.611328,-0.283203,0.173828,0.000000,22.671717,9.000000
0.695312,-0.230469,-0.072266,0.000000,24.842999,9.000000
0.736328,-0.193359,-0.158203,0.000000,27.101173,9.000000
0.787109,-0.179688,-0.134766,0.000000,25.526682,9.000000
0.722656,-0.402344,0.234375,0.000000,23.074961,9.000000
0.880859,-0.140625,0.121094,0.000000,26.570559,9.000000
0.906250,-0.175781,0.179688,0.000000,28.048206,9.000000
0.951172,-0.183594,0.162109,0.000000,25.751879,9.000000
2.656250,-0.087891,0.953125,0.000000,28.585373,9.000000
2.658203,-0.179688,1.048828,0.000000,31.667261,9.000000
2.763672,-0.089844,0.888672,0.000000,30.659531,9.000000
4.332031,-0.142578,1.351562,0.000000,28.129133,9.000000
4.400391,-0.142578,1.269531,0.000000,31.335388,9.000000
4.404297,-0.144531,1.394531,0.000000,30.838608,9.000000
4.699219,-0.296875,-0.595703,0.000000,29.283958,9.000000
4.734375,-0.298828,-0.638672,0.000000,33.523754,9.000000
4.773438,-0.300781,-0.650391,0.000000,34.134674,9.000000
4.820312,-0.152344,-0.658203,0.000000,30.927206,9.000000
4.843750,-0.306641,0.738281,0.000000,29.749720,9.000000
4.849609,-0.308594,0.945312,0.000000,31.316187,9.000000
0.011719,0.031250,0.025391,0.000000,29.360107,9.000000
0.041016,-0.033203,0.062500,0.000000,30.111473,9.000000
