0.011719,-0.039062,-0.007812,0.000000,30.777311,0.000000
0.017578,-0.080078,-0.009766,0.000000,32.000294,0.000000
0.029297,-0.119141,-0.005859,0.000000,30.265333,0.000000
0.056641,-0.154297,0.005859,0.000000,25.514500,0.000000
2.617188,-0.175781,1.044922,0.000000,29.047155,0.000000
2.662109,-0.179688,1.039062,0.000000,32.240147,0.000000
2.755859,-0.089844,0.910156,0.000000,31.277525,0.000000
4.410156,-0.142578,1.232422,0.000000,31.461281,0.000000
4.451172,-0.144531,1.236328,0.000000,31.322598,0.000000
4.738281,-0.298828,-0.599609,0.000000,33.360592,0.000000
4.773438,-0.300781,-0.654297,0.000000,33.946266,0.000000
4.798828,-0.152344,-0.804688,0.000000,30.561422,0.000000
4.898438,-0.308594,0.642578,0.000000,31.109262,0.000000
4.949219,-0.623047,-0.128906,0.000000,29.717396,0.000000
0.857422,0.460938,-0.134766,0.614669,21.335388,0.000000
0.898438,0.478516,-0.085938,0.614669,27.315887,0.000000
0.955078,0.464844,-0.044922,0.614669,29.304396,0.000000
0.974609,0.517578,-0.019531,0.614669,28.122446,0.000000
1.023438,0.501953,-0.115234,0.614669,26.294096,0.000000
1.052734,0.519531,-0.171875,0.614669,25.171959,0.000000
1.087891,0.537109,-0.187500,0.614669,22.148439,0.000000
1.191406,0.548828,0.322266,0.614669,26.998377,0.000000
1.193359,0.609375,0.373047,0.614669,25.751879,0.000000
0.011719,0.031250,0.025391,0.000000,29.410143,0.000000
0.041016,-0.033203,0.062500,0.000000,30.145205,0.000000
0.052734,-0.042969,0.103516,0.000000,29.009130,0.000000
1.082031,-0.576172,-0.046875,0.614669,19.190781,0.000000
0.011719,-0.039062,-0.007812,0.000000,30.773680,1.000000
0.017578,-0.080078,-0.009766,0.000000,31.997551,1.000000
0.041016,-0.115234,-0.009766,0.000000,30.261246,1.000000
0.056641,-0.154297,0.005859,0.000000,25.502283,1.000000
0.308594,-0.119141,1.224609,0.000000,22.833012,1.000000
0.066406,-0.082031,-1.304688,0.000000,24.653828,1.000000
2.621094,-0.175781,1.031250,0.000000,29.084850,1.000000
2.666016,-0.179688,1.031250,0.000000,32.276295,1.000000
2.765625,-0.089844,0.882812,0.000000,31.309767,1.000000
4.419922,-0.142578,1.197266,0.000000,31.464382,1.000000
4.453125,-0.144531,1.230469,0.000000,31.296900,1.000000
4.742188,-0.298828,-0.566406,0.000000,33.400475,1.000000
4.777344,-0.300781,-0.617188,0.000000,33.948017,1.000000
4.812500,-0.152344,-0.714844,0.000000,30.618294,1.000000
4.882812,-0.308594,0.750000,0.000000,31.149445,1.000000
4.939453,-0.623047,0.353516,0.000000,29.647308,1.000000
0.878906,0.511719,-0.111328,0.614669,25.526682,1.000000
0.917969,0.531250,-0.070312,0.614669,29.074114,1.000000
0.974609,0.517578,-0.021484,0.614669,28.802418,1.000000
1.023438,0.501953,-0.107422,0.614669,23.729120,1.000000
1.041016,0.519531,-0.228516,0.614669,26.394865,1.000000
1.085938,0.537109,-0.193359,0.614669,25.010593,1.000000
1.195312,0.548828,0.304688,0.614669,26.674530,1.000000
0.011719,0.031250,0.025391,0.000000,29.410143,1.000000
0.041016,-0.033203,0.062500,0.000000,30.145205,1.000000
0.052734,-0.042969,0.103516,0.000000,29.009130,1.000000
1.027344,0.673828,-0.316406,0.000000,20.863598,1.000000
1.201172,0.449219,0.261719,0.000000,23.692158,1.000000
0.011719,-0.039062,-0.007812,0.000000,30.773680,2.000000
0.017578,-0.080078,-0.009766,0.000000,31.997551,2.000000
0.029297,-0.119141,-0.005859,0.000000,30.265333,2.000000
0.056641,-0.154297,0.003906,0.000000,25.514500,2.000000
2.619141,-0.175781,1.035156,0.000000,29.079485,2.000000
2.664062,-0.179688,1.035156,0.000000,32.284004,2.000000
2.759766,-0.089844,0.902344,0.000000,31.351326,2.000000
4.417969,-0.142578,1.203125,0.000000,31.436392,2.000000
4.433594,-0.144531,1.302734,0.000000,31.261314,2.000000
4.738281,-0.298828,-0.605469,0.000000,33.424229,2.000000
4.777344,-0.300781,-0.619141,0.000000,33.951515,2.000000
4.812500,-0.152344,-0.710938,0.000000,30.685570,2.000000
4.902344,-0.308594,0.603516,0.000000,31.162756,2.000000
4.945312,-0.623047,0.244141,0.000000,30.008677,2.000000
0.873047,0.511719,-0.144531,0.614669,23.283796,2.000000
0.933594,0.498047,-0.099609,0.614669,27.986506,2.000000
0.953125,0.552734,-0.068359,0.614669,29.014584,2.000000
1.009766,0.537109,-0.072266,0.614669,27.853298,2.000000
1.035156,0.556641,-0.156250,0.614669,27.355989,2.000000
1.056641,0.576172,-0.246094,0.614669,27.151674,2.000000
1.058594,0.634766,-0.292969,0.614669,25.502283,2.000000
0.011719,0.031250,0.025391,0.000000,29.410143,2.000000
0.041016,-0.033203,0.062500,0.000000,30.145205,2.000000
0.052734,-0.042969,0.103516,0.000000,29.014584,2.000000
0.011719,-0.039062,-0.007812,0.000000,30.780941,3.000000
0.017578,-0.080078,-0.009766,0.000000,32.003033,3.000000
0.029297,-0.119141,-0.005859,0.000000,30.269417,3.000000
0.056641,-0.154297,0.005859,0.000000,25.514500,3.000000
0.255859,-0.041016,1.283203,0.000000,24.857214,3.000000
2.621094,-0.175781,1.031250,0.000000,29.052561,3.000000
2.664062,-0.179688,1.033203,0.000000,32.245331,3.000000
2.757812,-0.089844,0.906250,0.000000,31.258064,3.000000
4.416016,-0.142578,1.210938,0.000000,31.423895,3.000000
4.414062,-0.144531,1.365234,0.000000,31.248301,3.000000
4.730469,-0.298828,-0.666016,0.000000,33.441956,3.000000
4.773438,-0.300781,-0.650391,0.000000,33.963737,3.000000
4.810547,-0.152344,-0.724609,0.000000,30.603201,3.000000
4.898438,-0.308594,0.634766,0.000000,31.218880,3.000000
4.949219,-0.623047,0.160156,0.000000,30.145205,3.000000
0.843750,0.542969,-0.199219,0.614669,20.128372,3.000000
0.912109,0.531250,-0.123047,0.614669,26.512779,3.000000
0.953125,0.552734,-0.085938,0.614669,28.825245,3.000000
0.990234,0.572266,-0.068359,0.614669,28.388491,3.000000
1.035156,0.556641,-0.164062,0.614669,27.737864,3.000000
1.056641,0.576172,-0.242188,0.614669,28.102325,3.000000
1.089844,0.593750,-0.255859,0.614669,26.232492,3.000000
0.011719,0.031250,0.025391,0.000000,29.420080,3.000000
0.041016,-0.033203,0.062500,0.000000,30.153597,3.000000
0.050781,-0.042969,0.103516,0.000000,29.020029,3.000000
0.554688,0.119141,1.132812,0.614669,23.856062,3.000000
0.011719,-0.039062,-0.007812,0.000000,30.770042,4.000000
0.017578,-0.080078,-0.009766,0.000000,31.994808,4.000000
0.041016,-0.115234,-0.009766,0.000000,30.261246,4.000000
0.056641,-0.154297,0.005859,0.000000,25.502283,4.000000
0.189453,-0.041016,-1.294922,0.000000,24.913616,4.000000
2.609375,-0.175781,1.060547,0.000000,29.095560,4.000000
2.658203,-0.179688,1.048828,0.000000,32.291698,4.000000
2.755859,-0.089844,0.914062,0.000000,31.328999,4.000000
4.410156,-0.142578,1.236328,0.000000,31.439510,4.000000
4.427734,-0.144531,1.318359,0.000000,31.228710,4.000000
4.732422,-0.298828,-0.642578,0.000000,33.434086,4.000000
4.771484,-0.300781,-0.667969,0.000000,33.982872,4.000000
4.796875,-0.152344,-0.818359,0.000000,30.652061,4.000000
4.839844,-0.306641,0.759766,0.000000,28.830935,4.000000
4.890625,-0.308594,0.691406,0.000000,31.122698,4.000000
4.945312,-0.623047,0.257812,0.000000,29.867718,4.000000
0.884766,0.564453,-0.173828,0.614669,23.384565,4.000000
0.923828,0.585938,-0.148438,0.614669,25.987906,4.000000
0.962891,0.609375,-0.123047,0.614669,24.969297,4.000000
1.062500,0.519531,-0.097656,0.614669,23.617279,4.000000
1.009766,0.537109,-0.445312,0.614669,23.324385,4.000000
1.095703,0.554688,-0.312500,0.614669,25.024271,4.000000
1.208984,0.609375,0.322266,0.614669,26.655809,4.000000
1.248047,0.626953,0.318359,0.614669,26.599161,4.000000
0.011719,0.031250,0.025391,0.000000,29.415113,4.000000
0.041016,-0.033203,0.062500,0.000000,30.149403,4.000000
0.052734,-0.042969,0.103516,0.000000,29.014584,4.000000
1.095703,0.490234,-0.519531,0.000000,22.741579,4.000000
0.488281,0.080078,1.167969,0.614669,22.741579,4.000000
0.011719,-0.039062,-0.007812,0.000000,30.777311,5.000000
0.017578,-0.080078,-0.009766,0.000000,31.997551,5.000000
0.029297,-0.119141,-0.005859,0.000000,30.265333,5.000000
0.056641,-0.154297,0.005859,0.000000,25.526682,5.000000
0.361328,-0.041016,-1.257812,0.000000,24.471581,5.000000
2.615234,-0.175781,1.044922,0.000000,29.095560,5.000000
2.656250,-0.179688,1.056641,0.000000,32.294258,5.000000
2.748047,-0.089844,0.935547,0.000000,31.338581,5.000000
4.416016,-0.142578,1.208984,0.000000,31.448854,5.000000
4.457031,-0.144531,1.212891,0.000000,31.287222,5.000000
4.740234,-0.298828,-0.595703,0.000000,33.374592,5.000000
4.779297,-0.300781,-0.607422,0.000000,33.925209,5.000000
4.814453,-0.152344,-0.701172,0.000000,30.625820,5.000000
4.882812,-0.308594,0.744141,0.000000,31.092409,5.000000
4.947266,-0.623047,0.222656,0.000000,29.763500,5.000000
0.878906,0.564453,-0.195312,0.614669,21.931246,5.000000
0.923828,0.585938,-0.144531,0.614669,26.884199,5.000000
0.962891,0.609375,-0.119141,0.614669,27.723217,5.000000
1.033203,0.556641,-0.179688,0.614669,24.927605,5.000000
1.066406,0.576172,-0.193359,0.614669,26.946053,5.000000
1.076172,0.634766,-0.218750,0.614669,26.263403,5.000000
0.011719,0.031250,0.023438,0.000000,29.410143,5.000000
0.041016,-0.033203,0.062500,0.000000,30.149403,5.000000
0.052734,-0.042969,0.103516,0.000000,29.014584,5.000000
1.050781,0.613281,-0.480469,0.000000,23.074961,5.000000
0.011719,-0.039062,-0.007812,0.000000,30.777311,6.000000
0.017578,-0.080078,-0.009766,0.000000,31.997551,6.000000
0.029297,-0.119141,-0.005859,0.000000,30.261246,6.000000
0.056641,-0.154297,0.005859,0.000000,25.514500,6.000000
2.617188,-0.175781,1.042969,0.000000,29.063351,6.000000
2.660156,-0.179688,1.044922,0.000000,32.258259,6.000000
2.755859,-0.089844,0.912109,0.000000,31.258064,6.000000
4.414062,-0.142578,1.216797,0.000000,31.455072,6.000000
4.441406,-0.144531,1.275391,0.000000,31.325798,6.000000
4.738281,-0.298828,-0.599609,0.000000,33.342525,6.000000
4.779297,-0.300781,-0.607422,0.000000,33.926971,6.000000
4.820312,-0.152344,-0.662109,0.000000,30.648323,6.000000
4.892578,-0.308594,0.687500,0.000000,31.129400,6.000000
4.949219,-0.623047,0.136719,0.000000,29.652018,6.000000
0.916016,0.585938,-0.193359,0.614669,25.728716,6.000000
0.955078,0.609375,-0.173828,0.614669,27.767012,6.000000
0.958984,0.667969,-0.207031,0.614669,24.440449,6.000000
1.078125,0.576172,-0.107422,0.614669,24.871384,6.000000
1.087891,0.634766,-0.152344,0.614669,27.058638,6.000000
1.121094,0.654297,-0.164062,0.614669,24.983105,6.000000
0.011719,0.031250,0.023438,0.000000,29.410143,6.000000
0.041016,-0.033203,0.062500,0.000000,30.149403,6.000000
0.050781,-0.042969,0.103516,0.000000,29.009130,6.000000
0.011719,-0.039062,-0.007812,0.000000,30.780941,7.000000
0.017578,-0.080078,-0.009766,0.000000,31.997551,7.000000
0.029297,-0.119141,-0.005859,0.000000,30.261246,7.000000
0.056641,-0.154297,0.005859,0.000000,25.502283,7.000000
0.183594,-0.080078,1.251953,0.000000,23.222193,7.000000
0.355469,-0.083984,-1.298828,0.000000,23.096302,7.000000
2.613281,-0.175781,1.052734,0.000000,29.153997,7.000000
2.658203,-0.179688,1.050781,0.000000,32.301933,7.000000
2.751953,-0.089844,0.925781,0.000000,31.348145,7.000000
4.416016,-0.142578,1.212891,0.000000,31.448854,7.000000
4.451172,-0.144531,1.238281,0.000000,31.280760,7.000000
4.730469,-0.298828,-0.660156,0.000000,33.318321,7.000000
4.771484,-0.300781,-0.658203,0.000000,33.909351,7.000000
4.806641,-0.152344,-0.748047,0.000000,30.549959,7.000000
4.886719,-0.308594,0.720703,0.000000,31.139433,7.000000
4.947266,-0.623047,0.212891,0.000000,29.781805,7.000000
0.880859,0.621094,-0.242188,0.614669,22.878017,7.000000
0.955078,0.609375,-0.171875,0.614669,27.419392,7.000000
0.998047,0.630859,-0.123047,0.614669,28.337843,7.000000
1.039062,0.652344,0.023438,0.614669,24.913616,7.000000
0.011719,0.031250,0.025391,0.000000,29.405165,7.000000
0.041016,-0.033203,0.062500,0.000000,30.153597,7.000000
0.050781,-0.042969,0.103516,0.000000,29.020029,7.000000
0.910156,0.673828,-0.570312,0.000000,20.253059,7.000000
0.990234,0.695312,-0.500000,0.000000,22.068258,7.000000
1.089844,0.716797,-0.343750,0.000000,20.681858,7.000000
0.011719,-0.039062,-0.007812,0.000000,30.780941,8.000000
0.017578,-0.080078,-0.009766,0.000000,32.000294,8.000000
0.029297,-0.119141,-0.005859,0.000000,30.269417,8.000000
0.056641,-0.154297,0.005859,0.000000,25.526682,8.000000
2.615234,-0.175781,1.048828,0.000000,29.068735,8.000000
2.658203,-0.179688,1.050781,0.000000,32.273724,8.000000
2.753906,-0.089844,0.917969,0.000000,31.300119,8.000000
4.416016,-0.142578,1.210938,0.000000,31.427023,8.000000
4.445312,-0.144531,1.259766,0.000000,31.258064,8.000000
4.742188,-0.298828,-0.572266,0.000000,33.273590,8.000000
4.781250,-0.300781,-0.589844,0.000000,33.868557,8.000000
4.810547,-0.152344,-0.730469,0.000000,30.637085,8.000000
4.896484,-0.308594,0.656250,0.000000,31.038036,8.000000
4.947266,-0.623047,0.222656,0.000000,29.722029,8.000000
0.921875,0.644531,-0.218750,0.614669,23.873898,8.000000
0.957031,0.667969,-0.216797,0.614669,24.828735,8.000000
1.009766,0.613281,-0.332031,0.614669,24.409090,8.000000
1.070312,0.634766,-0.246094,0.614669,27.611757,8.000000
1.103516,0.654297,-0.259766,0.614669,27.965744,8.000000
1.173828,0.632812,-0.207031,0.614669,25.490032,8.000000
1.232422,0.609375,0.207031,0.614669,25.010593,8.000000
1.240234,0.671875,0.246094,0.614669,27.126497,8.000000
1.273438,0.689453,0.263672,0.614669,26.063814,8.000000
0.011719,0.031250,0.023438,0.000000,29.410143,8.000000
0.041016,-0.033203,0.062500,0.000000,30.145205,8.000000
0.052734,-0.042969,0.103516,0.000000,29.014584,8.000000
0.011719,-0.039062,-0.007812,0.000000,30.777311,9.000000
0.017578,-0.080078,-0.009766,0.000000,31.997551,9.000000
0.029297,-0.119141,-0.005859,0.000000,30.265333,9.000000
0.056641,-0.154297,0.005859,0.000000,25.514500,9.000000
2.609375,-0.175781,1.060547,0.000000,29.068735,9.000000
2.658203,-0.179688,1.048828,0.000000,32.265999,9.000000
2.755859,-0.089844,0.914062,0.000000,31.296900,9.000000
4.416016,-0.142578,1.214844,0.000000,31.436392,9.000000
4.439453,-0.144531,1.277344,0.000000,31.300119,9.000000
4.748047,-0.298828,-0.517578,0.000000,33.396503,9.000000
4.783203,-0.300781,-0.576172,0.000000,33.965481,9.000000
4.814453,-0.152344,-0.707031,0.000000,30.740847,9.000000
4.906250,-0.308594,0.572266,0.000000,31.218880,9.000000
4.951172,-0.623047,0.068359,0.000000,29.938768,9.000000
0.888672,0.679688,-0.246094,0.614669,22.380461,9.000000
0.958984,0.667969,-0.203125,0.614669,26.138418,9.000000
1.000000,0.689453,-0.171875,0.614669,26.730209,9.000000
1.087891,0.634766,-0.148438,0.614669,26.910814,9.000000
1.115234,0.654297,-0.203125,0.614669,27.558748,9.000000
1.140625,0.675781,-0.257812,0.614669,25.453072,9.000000
1.214844,0.671875,0.351562,0.614669,27.118073,9.000000
1.259766,0.689453,0.322266,0.614669,27.581547,9.000000
