4.761719,-0.150391,-0.460938,0.000000,34.048336,0.000000
4.800781,-0.150391,-0.476562,0.000000,34.592415,0.000000
4.833984,-0.000000,-0.566406,0.000000,31.897709,0.000000
4.845703,-0.154297,1.000000,0.000000,31.267805,0.000000
4.816406,-0.000000,1.306641,0.000000,30.273497,0.000000
0.796875,0.638672,-0.056641,0.614669,22.455126,0.000000
0.828125,0.664062,-0.062500,0.614669,27.379873,0.000000
0.884766,0.656250,-0.080078,0.614669,27.895807,0.000000
0.736328,0.667969,0.648438,0.614669,19.542425,0.000000
0.037109,-0.035156,0.064453,0.000000,30.115704,0.000000
0.046875,-0.046875,0.103516,0.000000,28.998205,0.000000
0.523438,0.287109,0.976562,0.000000,20.606977,0.000000
0.011719,-0.039062,-0.007812,0.000000,30.648323,1.000000
0.027344,-0.076172,-0.009766,0.000000,31.844074,1.000000
0.029297,-0.119141,-0.005859,0.000000,30.077478,1.000000
0.056641,-0.154297,0.007812,0.000000,25.403296,1.000000
0.414062,0.039062,1.197266,0.000000,22.966652,1.000000
2.630859,-0.000000,1.021484,0.000000,28.733206,1.000000
2.685547,-0.000000,0.992188,0.000000,32.182728,1.000000
2.732422,0.089844,0.978516,0.000000,31.287222,1.000000
4.453125,-0.000000,1.080078,0.000000,30.989897,1.000000
4.525391,-0.144531,0.933594,0.000000,30.700378,1.000000
4.658203,-0.000000,0.220703,0.000000,31.436392,1.000000
4.691406,0.146484,0.308594,0.000000,32.823956,1.000000
4.734375,-0.000000,0.320312,0.000000,32.437820,1.000000
4.773438,-0.150391,0.308594,0.000000,33.471348,1.000000
4.822266,-0.000000,0.197266,0.000000,33.882790,1.000000
4.867188,-0.000000,-0.066406,0.000000,30.989897,1.000000
4.820312,-0.154297,1.111328,0.000000,31.251558,1.000000
4.828125,-0.000000,1.265625,0.000000,29.951963,1.000000
0.771484,0.671875,-0.015625,0.614669,20.569048,1.000000
0.828125,0.664062,-0.048828,0.614669,26.910814,1.000000
0.861328,0.689453,-0.035156,0.614669,29.079485,1.000000
0.894531,0.716797,0.007812,0.614669,27.972675,1.000000
0.949219,0.705078,0.105469,0.614669,24.927605,1.000000
0.982422,0.728516,0.105469,0.614669,22.855574,1.000000
0.037109,-0.035156,0.064453,0.000000,30.111473,1.000000
0.046875,-0.046875,0.103516,0.000000,28.992731,1.000000
0.003906,-0.056641,0.154297,0.000000,25.224442,1.000000
0.273438,0.119141,1.232422,0.000000,22.900347,1.000000
0.011719,-0.039062,-0.007812,0.000000,30.652061,2.000000
0.027344,-0.076172,-0.009766,0.000000,31.846914,2.000000
0.029297,-0.119141,-0.005859,0.000000,30.077478,2.000000
0.056641,-0.154297,0.007812,0.000000,25.415792,2.000000
0.460938,-0.039062,1.181641,0.000000,23.673559,2.000000
2.658203,-0.000000,0.951172,0.000000,28.779470,2.000000
2.681641,-0.000000,1.001953,0.000000,32.198463,2.000000
2.728516,0.089844,0.992188,0.000000,31.348145,2.000000
4.455078,-0.000000,1.072266,0.000000,30.976044,2.000000
4.521484,-0.144531,0.953125,0.000000,30.737183,2.000000
4.660156,-0.000000,0.173828,0.000000,31.532049,2.000000
4.701172,-0.000000,0.158203,0.000000,32.837532,2.000000
4.740234,-0.148438,-0.138672,0.000000,32.182728,2.000000
4.767578,-0.150391,-0.392578,0.000000,33.535316,2.000000
4.806641,-0.150391,-0.416016,0.000000,34.252079,2.000000
4.837891,-0.000000,-0.544922,0.000000,31.535099,2.000000
4.804688,-0.000000,1.189453,0.000000,31.328999,2.000000
4.783203,0.156250,1.414062,0.000000,30.086002,2.000000
0.771484,0.671875,0.000000,0.614669,20.569048,2.000000
0.828125,0.664062,-0.048828,0.614669,28.524799,2.000000
0.861328,0.689453,-0.050781,0.614669,31.749315,2.000000
0.892578,0.716797,-0.056641,0.614669,31.159431,2.000000
0.921875,0.742188,-0.080078,0.614669,26.483601,2.000000
0.982422,0.689453,0.253906,0.614669,23.010300,2.000000
0.037109,-0.035156,0.064453,0.000000,30.111473,2.000000
0.046875,-0.046875,0.103516,0.000000,28.992731,2.000000
1.048828,0.712891,0.011719,0.000000,23.138672,2.000000
0.011719,-0.039062,-0.007812,0.000000,30.652061,3.000000
0.027344,-0.076172,-0.009766,0.000000,31.844074,3.000000
0.029297,-0.119141,-0.005859,0.000000,30.073210,3.000000
0.056641,-0.154297,0.005859,0.000000,25.403296,3.000000
0.476562,-0.000000,1.175781,0.000000,23.344538,3.000000
0.507812,-0.041016,1.205078,0.000000,24.533184,3.000000
2.626953,-0.000000,1.031250,0.000000,28.773714,3.000000
2.679688,-0.000000,1.007812,0.000000,32.198463,3.000000
2.726562,0.089844,0.996094,0.000000,31.357685,3.000000
4.453125,-0.000000,1.078125,0.000000,31.034616,3.000000
4.527344,-0.144531,0.919922,0.000000,30.748165,3.000000
4.660156,-0.000000,0.150391,0.000000,31.574568,3.000000
4.703125,-0.000000,0.101562,0.000000,33.008129,3.000000
4.742188,-0.148438,-0.091797,0.000000,32.506638,3.000000
4.783203,-0.150391,-0.041016,0.000000,33.598354,3.000000
4.826172,-0.000000,0.011719,0.000000,34.017452,3.000000
4.867188,-0.000000,-0.101562,0.000000,31.162756,3.000000
4.845703,-0.154297,0.998047,0.000000,31.159431,3.000000
4.863281,-0.000000,1.117188,0.000000,29.969492,3.000000
0.802734,0.697266,0.007812,0.614669,24.653828,3.000000
0.861328,0.689453,-0.025391,0.614669,29.474337,3.000000
0.894531,0.716797,-0.025391,0.614669,30.305998,3.000000
0.925781,0.742188,0.009766,0.614669,27.723217,3.000000
0.972656,0.728516,0.169922,0.614669,21.760912,3.000000
1.070312,0.826172,0.326172,0.614669,25.831987,3.000000
0.037109,-0.035156,0.064453,0.000000,30.111473,3.000000
0.046875,-0.046875,0.103516,0.000000,28.992731,3.000000
0.011719,-0.056641,0.152344,0.000000,25.224442,3.000000
1.035156,0.712891,-0.164062,0.000000,20.791813,3.000000
1.042969,0.777344,-0.142578,0.000000,23.201464,3.000000
1.164062,-0.382812,0.078125,0.614669,20.170334,3.000000
0.011719,-0.039062,-0.007812,0.000000,30.659531,4.000000
0.027344,-0.076172,-0.009766,0.000000,31.849752,4.000000
0.029297,-0.119141,-0.005859,0.000000,30.086002,4.000000
0.056641,-0.154297,0.007812,0.000000,25.415792,4.000000
0.986328,0.728516,-0.064453,0.000000,20.863598,4.000000
1.044922,0.712891,-0.085938,0.000000,23.747484,4.000000
2.628906,-0.000000,1.027344,0.000000,28.842287,4.000000
2.681641,-0.000000,1.005859,0.000000,32.214142,4.000000
2.730469,0.089844,0.982422,0.000000,31.351326,4.000000
4.453125,-0.000000,1.076172,0.000000,30.958664,4.000000
4.527344,-0.144531,0.917969,0.000000,30.674429,4.000000
4.660156,-0.000000,0.189453,0.000000,31.455072,4.000000
4.701172,-0.000000,0.154297,0.000000,32.837532,4.000000
4.732422,-0.148438,-0.326172,0.000000,32.355286,4.000000
4.722656,-0.000000,-0.779297,0.000000,33.965481,4.000000
4.755859,-0.150391,-0.812500,0.000000,34.662743,4.000000
4.775391,-0.000000,-0.941406,0.000000,32.113876,4.000000
4.818359,-0.154297,1.125000,0.000000,31.126051,4.000000
4.814453,-0.000000,1.312500,0.000000,29.986952,4.000000
0.800781,0.697266,0.044922,0.614669,20.755470,4.000000
0.833984,0.724609,0.005859,0.614669,26.981005,4.000000
0.863281,0.751953,-0.007812,0.614669,28.813847,4.000000
0.894531,0.779297,-0.009766,0.614669,26.785183,4.000000
1.048828,0.777344,-0.101562,0.614669,24.842999,4.000000
1.056641,0.826172,0.367188,0.614669,26.541765,4.000000
0.037109,-0.035156,0.064453,0.000000,30.115704,4.000000
0.046875,-0.046875,0.103516,0.000000,28.998205,4.000000
0.265625,0.039062,-1.197266,0.000000,19.867718,4.000000
0.371094,-0.000000,1.212891,0.000000,23.074961,4.000000
4.744141,0.150391,-0.873047,0.000000,34.568214,4.000000
0.011719,-0.039062,-0.007812,0.000000,30.644581,5.000000
0.027344,-0.076172,-0.009766,0.000000,31.844074,5.000000
0.029297,-0.119141,-0.005859,0.000000,30.081741,5.000000
0.056641,-0.154297,0.007812,0.000000,25.428255,5.000000
0.531250,-0.000000,1.152344,0.000000,23.031961,5.000000
0.603516,-0.000000,1.162109,0.000000,24.082399,5.000000
2.644531,-0.000000,0.988281,0.000000,28.796692,5.000000
2.681641,-0.000000,1.001953,0.000000,32.201080,5.000000
2.726562,0.089844,0.994141,0.000000,31.309767,5.000000
4.457031,-0.000000,1.056641,0.000000,31.020905,5.000000
4.527344,-0.144531,0.923828,0.000000,30.729847,5.000000
4.660156,-0.000000,0.175781,0.000000,31.522884,5.000000
4.703125,-0.000000,0.123047,0.000000,32.873539,5.000000
4.732422,-0.000000,-0.341797,0.000000,32.362854,5.000000
4.708984,-0.000000,-0.859375,0.000000,33.932240,5.000000
4.736328,-0.150391,-0.921875,0.000000,34.581844,5.000000
4.751953,-0.000000,-1.056641,0.000000,31.961761,5.000000
4.837891,-0.154297,1.039062,0.000000,31.245043,5.000000
0.832031,0.724609,-0.050781,0.614669,25.465427,5.000000
0.863281,0.751953,-0.052734,0.614669,28.247765,5.000000
0.892578,0.779297,-0.074219,0.614669,27.084209,5.000000
0.820312,0.882812,-0.234375,0.614669,20.755470,5.000000
1.052734,0.843750,-0.056641,0.614669,23.541084,5.000000
1.060547,0.849609,0.449219,0.614669,25.888317,5.000000
0.037109,-0.035156,0.064453,0.000000,30.107239,5.000000
0.046875,-0.046875,0.103516,0.000000,28.992731,5.000000
0.898438,0.859375,-0.410156,0.000000,21.522884,5.000000
0.595703,0.421875,0.986328,0.614669,19.956352,5.000000
0.011719,-0.039062,-0.007812,0.000000,30.652061,6.000000
0.027344,-0.076172,-0.009766,0.000000,31.846914,6.000000
0.029297,-0.119141,-0.005859,0.000000,30.077478,6.000000
0.056641,-0.154297,0.007812,0.000000,25.403296,6.000000
0.851562,0.843750,-0.263672,0.000000,22.068258,6.000000
0.226562,-0.000000,1.248047,0.000000,23.729120,6.000000
0.417969,-0.000000,1.240234,0.000000,24.913616,6.000000
0.527344,-0.000000,1.242188,0.000000,23.324385,6.000000
2.650391,-0.000000,0.970703,0.000000,28.773714,6.000000
2.683594,-0.000000,0.998047,0.000000,32.201080,6.000000
2.728516,0.089844,0.990234,0.000000,31.354507,6.000000
4.451172,-0.000000,1.082031,0.000000,30.979511,6.000000
4.519531,-0.144531,0.955078,0.000000,30.729847,6.000000
4.660156,-0.000000,0.183594,0.000000,31.538149,6.000000
4.701172,-0.000000,0.173828,0.000000,32.913689,6.000000
4.738281,-0.148438,-0.210938,0.000000,32.432861,6.000000
4.742188,-0.150391,-0.634766,0.000000,33.760292,6.000000
4.763672,-0.150391,-0.759766,0.000000,34.358444,6.000000
4.773438,-0.000000,-0.958984,0.000000,31.550322,6.000000
4.855469,-0.154297,0.945312,0.000000,31.218880,6.000000
4.869141,-0.000000,1.097656,0.000000,30.004341,6.000000
0.833984,0.724609,-0.009766,0.614669,21.553360,6.000000
0.863281,0.751953,-0.033203,0.614669,25.453072,6.000000
0.892578,0.779297,-0.054688,0.614669,25.693739,6.000000
0.037109,-0.035156,0.064453,0.000000,30.115704,6.000000
0.046875,-0.046875,0.103516,0.000000,29.003672,6.000000
0.007812,-0.056641,0.154297,0.000000,25.250448,6.000000
0.507812,0.306641,1.074219,0.000000,19.684830,6.000000
1.005859,0.712891,0.294922,0.000000,21.492191,6.000000
1.021484,0.818359,0.046875,0.000000,24.487062,6.000000
1.052734,0.843750,0.042969,0.000000,22.504200,6.000000
1.007812,-1.714844,4.576172,0.000000,27.634279,6.000000
0.011719,-0.039062,-0.007812,0.000000,30.644581,7.000000
0.027344,-0.076172,-0.009766,0.000000,31.844074,7.000000
0.029297,-0.119141,-0.005859,0.000000,30.077478,7.000000
0.056641,-0.154297,0.007812,0.000000,25.415792,7.000000
0.878906,0.843750,-0.152344,0.000000,21.398790,7.000000
0.216797,0.119141,1.244141,0.000000,22.671717,7.000000
1.039062,0.777344,-0.167969,0.000000,24.623980,7.000000
0.548828,-0.000000,1.232422,0.000000,22.174839,7.000000
2.658203,-0.000000,0.949219,0.000000,28.739016,7.000000
2.689453,-0.000000,0.982422,0.000000,32.182728,7.000000
2.732422,0.089844,0.980469,0.000000,31.344959,7.000000
4.458984,-0.000000,1.052734,0.000000,31.014034,7.000000
4.529297,-0.144531,0.914062,0.000000,30.737183,7.000000
4.660156,-0.000000,0.187500,0.000000,31.498346,7.000000
4.701172,-0.000000,0.175781,0.000000,32.844307,7.000000
4.740234,-0.148438,-0.181641,0.000000,32.329960,7.000000
4.753906,-0.150391,-0.541016,0.000000,33.719910,7.000000
4.777344,-0.150391,-0.666016,0.000000,34.361626,7.000000
4.771484,-0.000000,-0.962891,0.000000,31.525940,7.000000
4.826172,-0.000000,1.101562,0.000000,31.142773,7.000000
4.851562,-0.000000,1.167969,0.000000,29.978231,7.000000
0.832031,0.787109,-0.019531,0.614669,24.313637,7.000000
0.894531,0.779297,-0.042969,0.614669,25.301996,7.000000
0.037109,-0.035156,0.064453,0.000000,30.111473,7.000000
0.046875,-0.046875,0.103516,0.000000,28.992731,7.000000
0.009766,-0.056641,0.154297,0.000000,25.224442,7.000000
0.525391,0.076172,1.105469,0.000000,20.606977,7.000000
0.447266,0.039062,1.185547,0.000000,22.671717,7.000000
0.283203,0.082031,1.275391,0.000000,23.364597,7.000000
1.044922,0.800781,-0.296875,0.000000,22.095150,7.000000
0.011719,-0.039062,-0.007812,0.000000,30.652061,8.000000
0.027344,-0.076172,-0.009766,0.000000,31.846914,8.000000
0.029297,-0.119141,-0.005859,0.000000,30.073210,8.000000
0.056641,-0.154297,0.007812,0.000000,25.390760,8.000000
2.652344,-0.000000,0.964844,0.000000,28.796692,8.000000
2.685547,-0.000000,0.992188,0.000000,32.203697,8.000000
2.732422,0.089844,0.982422,0.000000,31.332195,8.000000
4.453125,-0.000000,1.074219,0.000000,30.996807,8.000000
4.523438,-0.144531,0.941406,0.000000,30.733517,8.000000
4.660156,-0.000000,0.191406,0.000000,31.528996,8.000000
4.701172,-0.000000,0.183594,0.000000,32.895889,8.000000
4.740234,-0.148438,-0.181641,0.000000,32.350231,8.000000
4.744141,-0.150391,-0.621094,0.000000,33.716221,8.000000
4.759766,-0.150391,-0.783203,0.000000,34.367985,8.000000
4.746094,-0.000000,-1.078125,0.000000,31.643528,8.000000
4.853516,-0.154297,0.953125,0.000000,30.944712,8.000000
4.900391,-0.000000,0.949219,0.000000,29.735897,8.000000
0.824219,0.787109,0.111328,0.614669,21.522884,8.000000
0.859375,0.816406,0.046875,0.614669,23.944517,8.000000
0.890625,0.843750,0.044922,0.614669,24.345690,8.000000
0.978516,0.792969,0.146484,0.614669,24.913616,8.000000
0.984375,0.859375,-0.068359,0.614669,26.512779,8.000000
1.013672,0.886719,-0.105469,0.614669,25.998831,8.000000
0.037109,-0.035156,0.064453,0.000000,30.111473,8.000000
0.046875,-0.046875,0.103516,0.000000,28.998205,8.000000
0.755859,-1.714844,4.625000,0.000000,27.403627,8.000000
0.011719,-0.039062,-0.007812,0.000000,30.652061,9.000000
0.027344,-0.076172,-0.009766,0.000000,31.846914,9.000000
0.029297,-0.119141,-0.005859,0.000000,30.077478,9.000000
0.056641,-0.154297,0.007812,0.000000,25.415792,9.000000
0.410156,-0.041016,1.242188,0.000000,24.297523,9.000000
0.667969,-0.000000,1.173828,0.000000,22.764618,9.000000
2.636719,-0.000000,1.005859,0.000000,28.819550,9.000000
2.681641,-0.000000,1.005859,0.000000,32.221962,9.000000
2.728516,0.089844,0.992188,0.000000,31.351326,9.000000
4.455078,-0.000000,1.064453,0.000000,31.007151,9.000000
4.521484,-0.144531,0.953125,0.000000,30.733517,9.000000
4.658203,-0.000000,0.203125,0.000000,31.538149,9.000000
