4.851562,-0.000000,-0.400391,0.000000,31.473671,0.000000
4.808594,-0.154297,1.162109,0.000000,31.192558,0.000000
2.193359,0.890625,-0.156250,0.614669,26.232492,0.000000
2.234375,0.904297,-0.101562,0.614669,26.910814,0.000000
0.037109,-0.035156,0.064453,0.000000,30.132587,0.000000
0.046875,-0.046875,0.103516,0.000000,29.014584,0.000000
0.011719,-0.039062,-0.007812,0.000000,30.685570,1.000000
0.027344,-0.076172,-0.009766,0.000000,31.872387,1.000000
0.029297,-0.119141,-0.005859,0.000000,30.107239,1.000000
0.056641,-0.154297,0.007812,0.000000,25.440680,1.000000
0.486328,-0.000000,1.171875,0.000000,23.201464,1.000000
0.525391,-0.041016,1.197266,0.000000,24.248816,1.000000
0.544922,-0.000000,1.234375,0.000000,22.764618,1.000000
2.644531,-0.000000,0.988281,0.000000,28.819550,1.000000
2.683594,-0.000000,1.000000,0.000000,32.255676,1.000000
2.728516,0.089844,0.992188,0.000000,31.373541,1.000000
4.451172,-0.000000,1.087891,0.000000,31.017471,1.000000
4.521484,-0.144531,0.949219,0.000000,30.707766,1.000000
4.658203,-0.000000,0.199219,0.000000,31.559431,1.000000
4.701172,-0.000000,0.181641,0.000000,32.997253,1.000000
4.744141,-0.000000,-0.126953,0.000000,32.450188,1.000000
4.767578,-0.150391,-0.402344,0.000000,33.794868,1.000000
4.808594,-0.150391,-0.390625,0.000000,34.380676,1.000000
4.841797,-0.000000,-0.509766,0.000000,31.580608,1.000000
4.839844,-0.154297,1.029297,0.000000,31.089031,1.000000
0.037109,-0.035156,0.064453,0.000000,30.132587,1.000000
0.046875,-0.046875,0.103516,0.000000,29.025467,1.000000
0.011719,-0.039062,-0.007812,0.000000,30.689276,2.000000
0.027344,-0.076172,-0.009766,0.000000,31.872387,2.000000
0.029297,-0.119141,-0.005859,0.000000,30.102999,2.000000
0.056641,-0.154297,0.007812,0.000000,25.440680,2.000000
0.492188,-0.000000,1.167969,0.000000,23.263359,2.000000
0.529297,-0.041016,1.197266,0.000000,24.281347,2.000000
0.537109,-0.000000,1.238281,0.000000,22.787537,2.000000
2.197266,0.980469,-0.199219,0.000000,28.169039,2.000000
2.273438,0.919922,-0.111328,0.000000,28.356905,2.000000
2.644531,-0.000000,0.986328,0.000000,28.802418,2.000000
2.685547,-0.000000,0.996094,0.000000,32.237553,2.000000
2.730469,0.089844,0.982422,0.000000,31.348145,2.000000
4.451172,-0.000000,1.085938,0.000000,31.003706,2.000000
4.521484,-0.144531,0.953125,0.000000,30.729847,2.000000
4.658203,-0.000000,0.205078,0.000000,31.568520,2.000000
4.701172,-0.000000,0.173828,0.000000,32.973228,2.000000
4.742188,-0.000000,-0.150391,0.000000,32.430382,2.000000
4.763672,-0.150391,-0.433594,0.000000,33.793056,2.000000
4.808594,-0.150391,-0.398438,0.000000,34.360035,2.000000
4.845703,-0.000000,-0.460938,0.000000,31.492191,2.000000
4.865234,-0.154297,0.894531,0.000000,31.105898,2.000000
0.037109,-0.035156,0.064453,0.000000,30.128372,2.000000
0.046875,-0.046875,0.103516,0.000000,29.014584,2.000000
0.011719,-0.039062,-0.007812,0.000000,30.689276,3.000000
0.027344,-0.076172,-0.009766,0.000000,31.872387,3.000000
0.029297,-0.119141,-0.005859,0.000000,30.107239,3.000000
0.056641,-0.154297,0.007812,0.000000,25.428255,3.000000
0.488281,-0.000000,1.169922,0.000000,23.263359,3.000000
0.519531,-0.041016,1.201172,0.000000,24.281347,3.000000
0.523438,-0.000000,1.244141,0.000000,22.810333,3.000000
2.205078,0.980469,0.037109,0.000000,26.473829,3.000000
2.275391,0.919922,0.056641,0.000000,28.356905,3.000000
2.312500,0.935547,0.037109,0.000000,27.275414,3.000000
2.644531,-0.000000,0.986328,0.000000,28.813847,3.000000
2.683594,-0.000000,0.998047,0.000000,32.247921,3.000000
2.726562,0.089844,0.998047,0.000000,31.357685,3.000000
4.453125,-0.000000,1.078125,0.000000,30.993353,3.000000
4.523438,-0.144531,0.937500,0.000000,30.696680,3.000000
4.658203,-0.000000,0.203125,0.000000,31.541195,3.000000
4.701172,-0.000000,0.189453,0.000000,32.957870,3.000000
4.744141,-0.000000,-0.107422,0.000000,32.402996,3.000000
4.765625,-0.150391,-0.410156,0.000000,33.796680,3.000000
4.806641,-0.150391,-0.421875,0.000000,34.412235,3.000000
4.835938,-0.000000,-0.548828,0.000000,31.616674,3.000000
4.828125,-0.154297,1.076172,0.000000,31.092409,3.000000
0.037109,-0.035156,0.064453,0.000000,30.136797,3.000000
0.046875,-0.046875,0.103516,0.000000,29.020029,3.000000
0.011719,-0.039062,-0.007812,0.000000,30.685570,4.000000
0.027344,-0.076172,-0.009766,0.000000,31.872387,4.000000
0.029297,-0.119141,-0.005859,0.000000,30.107239,4.000000
0.056641,-0.154297,0.007812,0.000000,25.428255,4.000000
0.501953,-0.000000,1.164062,0.000000,23.242825,4.000000
0.521484,-0.041016,1.199219,0.000000,24.265112,4.000000
0.529297,-0.000000,1.242188,0.000000,22.787537,4.000000
2.240234,0.998047,-0.123047,0.000000,27.032913,4.000000
2.644531,-0.000000,0.988281,0.000000,28.830935,4.000000
2.683594,-0.000000,0.996094,0.000000,32.245331,4.000000
2.724609,-0.000000,1.003906,0.000000,31.341770,4.000000
4.451172,-0.000000,1.085938,0.000000,30.993353,4.000000
4.519531,-0.144531,0.960938,0.000000,30.718821,4.000000
4.658203,-0.000000,0.205078,0.000000,31.586639,4.000000
4.701172,-0.000000,0.175781,0.000000,33.010300,4.000000
4.744141,-0.000000,-0.093750,0.000000,32.420441,4.000000
4.771484,-0.150391,-0.337891,0.000000,33.710678,4.000000
4.812500,-0.150391,-0.337891,0.000000,34.315247,4.000000
4.847656,-0.000000,-0.447266,0.000000,31.482941,4.000000
4.843750,-0.154297,1.001953,0.000000,31.235250,4.000000
0.037109,-0.035156,0.064453,0.000000,30.136797,4.000000
0.044922,-0.046875,0.103516,0.000000,29.020029,4.000000
0.011719,-0.039062,-0.007812,0.000000,30.685570,5.000000
0.027344,-0.076172,-0.009766,0.000000,31.872387,5.000000
0.029297,-0.119141,-0.005859,0.000000,30.102999,5.000000
0.056641,-0.154297,0.007812,0.000000,25.428255,5.000000
0.486328,-0.000000,1.171875,0.000000,23.222193,5.000000
0.521484,-0.041016,1.199219,0.000000,24.265112,5.000000
0.529297,-0.000000,1.242188,0.000000,22.787537,5.000000
2.224609,0.904297,-0.232422,0.000000,26.344772,5.000000
2.271484,0.919922,-0.142578,0.000000,27.543484,5.000000
2.343750,0.951172,-0.197266,0.000000,27.041506,5.000000
2.333984,1.046875,-0.308594,0.000000,26.464037,5.000000
2.648438,-0.000000,0.976562,0.000000,28.767950,5.000000
2.685547,-0.000000,0.992188,0.000000,32.232361,5.000000
2.730469,0.089844,0.986328,0.000000,31.354507,5.000000
4.451172,-0.000000,1.083984,0.000000,31.027765,5.000000
4.521484,-0.144531,0.949219,0.000000,30.729847,5.000000
4.658203,-0.000000,0.205078,0.000000,31.559431,5.000000
4.701172,-0.000000,0.193359,0.000000,32.971035,5.000000
4.742188,-0.148438,-0.115234,0.000000,32.417953,5.000000
4.773438,-0.150391,-0.300781,0.000000,33.752979,5.000000
4.816406,-0.150391,-0.271484,0.000000,34.310421,5.000000
4.853516,-0.000000,-0.367188,0.000000,31.348145,5.000000
4.826172,-0.154297,1.087891,0.000000,31.231981,5.000000
0.037109,-0.035156,0.064453,0.000000,30.136797,5.000000
0.046875,-0.046875,0.103516,0.000000,29.014584,5.000000
0.941406,-0.080078,-2.398438,0.000000,23.579348,5.000000
0.011719,-0.039062,-0.007812,0.000000,30.692980,6.000000
0.027344,-0.076172,-0.009766,0.000000,31.872387,6.000000
0.029297,-0.119141,-0.005859,0.000000,30.107239,6.000000
0.056641,-0.154297,0.007812,0.000000,25.440680,6.000000
0.478516,-0.000000,1.173828,0.000000,23.222193,6.000000
0.529297,-0.041016,1.197266,0.000000,24.281347,6.000000
0.552734,-0.000000,1.232422,0.000000,22.833012,6.000000
2.248047,0.919922,-0.345703,0.000000,26.910814,6.000000
2.273438,1.013672,-0.173828,0.000000,27.474117,6.000000
2.314453,1.031250,-0.109375,0.000000,27.730547,6.000000
2.644531,-0.000000,0.984375,0.000000,28.836615,6.000000
2.685547,-0.000000,0.994141,0.000000,32.245331,6.000000
2.732422,0.089844,0.982422,0.000000,31.344959,6.000000
4.451172,-0.000000,1.083984,0.000000,31.010593,6.000000
4.523438,-0.144531,0.943359,0.000000,30.722500,6.000000
4.658203,-0.000000,0.205078,0.000000,31.556396,6.000000
4.699219,-0.000000,0.197266,0.000000,32.968845,6.000000
4.744141,-0.000000,-0.107422,0.000000,32.365372,6.000000
4.763672,-0.150391,-0.431641,0.000000,33.730961,6.000000
4.804688,-0.150391,-0.429688,0.000000,34.379089,6.000000
4.839844,-0.000000,-0.521484,0.000000,31.637575,6.000000
4.839844,-0.154297,1.023438,0.000000,31.189257,6.000000
0.037109,-0.035156,0.064453,0.000000,30.132587,6.000000
0.046875,-0.046875,0.103516,0.000000,29.020029,6.000000
0.005859,-0.056641,0.154297,0.000000,25.250448,6.000000
0.011719,-0.039062,-0.007812,0.000000,30.681858,7.000000
0.027344,-0.076172,-0.009766,0.000000,31.869564,7.000000
0.029297,-0.119141,-0.005859,0.000000,30.102999,7.000000
0.056641,-0.154297,0.007812,0.000000,25.428255,7.000000
0.476562,-0.000000,1.175781,0.000000,23.242825,7.000000
0.525391,-0.041016,1.199219,0.000000,24.281347,7.000000
0.531250,-0.000000,1.240234,0.000000,22.787537,7.000000
2.228516,0.998047,-0.246094,0.000000,26.344772,7.000000
2.646484,-0.000000,0.984375,0.000000,28.825245,7.000000
2.683594,-0.000000,0.998047,0.000000,32.250507,7.000000
2.730469,0.089844,0.986328,0.000000,31.348145,7.000000
4.449219,-0.000000,1.089844,0.000000,31.007151,7.000000
4.519531,-0.144531,0.957031,0.000000,30.722500,7.000000
4.658203,-0.000000,0.208984,0.000000,31.574568,7.000000
4.699219,-0.000000,0.197266,0.000000,32.981979,7.000000
4.744141,-0.000000,-0.068359,0.000000,32.350231,7.000000
4.771484,-0.150391,-0.353516,0.000000,33.600250,7.000000
4.808594,-0.150391,-0.382812,0.000000,34.176376,7.000000
4.839844,-0.000000,-0.529297,0.000000,31.357685,7.000000
4.830078,-0.154297,1.070312,0.000000,31.189257,7.000000
0.037109,-0.035156,0.064453,0.000000,30.132587,7.000000
0.046875,-0.046875,0.103516,0.000000,29.020029,7.000000
0.011719,-0.039062,-0.007812,0.000000,30.689276,8.000000
0.027344,-0.076172,-0.009766,0.000000,31.872387,8.000000
0.029297,-0.119141,-0.005859,0.000000,30.102999,8.000000
0.056641,-0.154297,0.007812,0.000000,25.440680,8.000000
0.494141,-0.000000,1.167969,0.000000,23.201464,8.000000
0.539062,-0.041016,1.193359,0.000000,24.232458,8.000000
0.564453,-0.000000,1.226562,0.000000,22.764618,8.000000
2.312500,0.935547,0.001953,0.000000,26.031445,8.000000
2.642578,-0.000000,0.990234,0.000000,28.813847,8.000000
2.681641,-0.000000,1.003906,0.000000,32.242741,8.000000
2.724609,0.089844,1.003906,0.000000,31.386185,8.000000
4.449219,-0.000000,1.089844,0.000000,31.017471,8.000000
4.521484,-0.144531,0.953125,0.000000,30.733517,8.000000
4.658203,-0.000000,0.207031,0.000000,31.574568,8.000000
4.701172,-0.000000,0.191406,0.000000,32.995071,8.000000
4.744141,-0.000000,-0.068359,0.000000,32.415466,8.000000
4.773438,-0.150391,-0.304688,0.000000,33.723595,8.000000
4.816406,-0.150391,-0.294922,0.000000,34.385422,8.000000
4.851562,-0.000000,-0.392578,0.000000,31.631615,8.000000
4.867188,-0.154297,0.882812,0.000000,31.179338,8.000000
0.037109,-0.035156,0.064453,0.000000,30.132587,8.000000
0.046875,-0.046875,0.103516,0.000000,29.020029,8.000000
0.916016,0.078125,2.320312,0.000000,23.541084,8.000000
0.011719,-0.039062,-0.007812,0.000000,30.689276,9.000000
0.027344,-0.076172,-0.009766,0.000000,31.875208,9.000000
0.029297,-0.119141,-0.005859,0.000000,30.111473,9.000000
0.056641,-0.154297,0.007812,0.000000,25.453072,9.000000
0.482422,-0.000000,1.173828,0.000000,23.263359,9.000000
0.521484,-0.041016,1.199219,0.000000,24.281347,9.000000
0.539062,-0.000000,1.236328,0.000000,22.810333,9.000000
2.646484,-0.000000,0.980469,0.000000,28.756399,9.000000
2.689453,-0.000000,0.986328,0.000000,32.180099,9.000000
2.734375,-0.000000,0.978516,0.000000,31.222158,9.000000
4.453125,-0.000000,1.078125,0.000000,31.007151,9.000000
4.525391,-0.144531,0.935547,0.000000,30.726175,9.000000
4.660156,-0.000000,0.189453,0.000000,31.568520,9.000000
4.701172,-0.000000,0.175781,0.000000,32.981979,9.000000
4.744141,-0.000000,-0.082031,0.000000,32.365372,9.000000
4.773438,-0.150391,-0.310547,0.000000,33.621052,9.000000
4.818359,-0.150391,-0.236328,0.000000,34.176376,9.000000
4.865234,-0.000000,-0.169922,0.000000,31.139433,9.000000
4.833984,-0.154297,1.054688,0.000000,31.300119,9.000000
0.037109,-0.035156,0.064453,0.000000,30.136797,9.000000
0.046875,-0.046875,0.103516,0.000000,29.020029,9.000000
0.005859,-0.056641,0.154297,0.000000,25.263393,9.000000
0.011719,-0.039062,-0.007812,0.000000,30.692980,10.000000
0.027344,-0.076172,-0.009766,0.000000,31.872387,10.000000
0.029297,-0.119141,-0.005859,0.000000,30.107239,10.000000
0.056641,-0.154297,0.007812,0.000000,25.440680,10.000000
0.470703,-0.000000,1.177734,0.000000,23.242825,10.000000
0.515625,-0.041016,1.203125,0.000000,24.281347,10.000000
0.535156,-0.000000,1.240234,0.000000,22.810333,10.000000
2.632812,-0.000000,1.017578,0.000000,28.819550,10.000000
2.669922,-0.000000,1.035156,0.000000,32.234959,10.000000
2.689453,0.089844,1.089844,0.000000,31.470577,10.000000
4.453125,-0.000000,1.078125,0.000000,31.003706,10.000000
4.523438,-0.144531,0.935547,0.000000,30.692980,10.000000
4.658203,-0.000000,0.203125,0.000000,31.553360,10.000000
4.701172,-0.000000,0.185547,0.000000,32.981979,10.000000
4.744141,-0.000000,-0.113281,0.000000,32.367889,10.000000
4.761719,-0.150391,-0.455078,0.000000,33.681007,10.000000
4.800781,-0.150391,-0.476562,0.000000,34.248817,10.000000
4.835938,-0.000000,-0.564453,0.000000,31.436392,10.000000
4.818359,-0.154297,1.121094,0.000000,31.274288,10.000000
0.037109,-0.035156,0.064453,0.000000,30.136797,10.000000
0.046875,-0.046875,0.103516,0.000000,29.025467,10.000000
0.011719,-0.039062,-0.007812,0.000000,30.678144,11.000000
0.027344,-0.076172,-0.009766,0.000000,31.869564,11.000000
0.029297,-0.119141,-0.005859,0.000000,30.102999,11.000000
0.056641,-0.154297,0.007812,0.000000,25.428255,11.000000
0.472656,-0.000000,1.175781,0.000000,23.222193,11.000000
0.521484,-0.041016,1.201172,0.000000,24.248816,11.000000
0.550781,-0.000000,1.232422,0.000000,22.787537,11.000000
2.240234,0.998047,-0.105469,0.000000,26.766935,11.000000
2.279297,1.013672,-0.083984,0.000000,29.547249,11.000000
2.316406,1.031250,-0.039062,0.000000,29.227255,11.000000
2.652344,-0.000000,0.966797,0.000000,28.796692,11.000000
2.689453,-0.000000,0.980469,0.000000,32.229763,11.000000
2.734375,0.089844,0.976562,0.000000,31.367207,11.000000
4.453125,-0.000000,1.076172,0.000000,30.989897,11.000000
4.525391,-0.144531,0.931641,0.000000,30.715137,11.000000
4.660156,-0.000000,0.191406,0.000000,31.553360,11.000000
4.701172,-0.000000,0.175781,0.000000,32.966652,11.000000
4.744141,-0.000000,-0.097656,0.000000,32.390491,11.000000
4.773438,-0.150391,-0.318359,0.000000,33.723595,11.000000
4.818359,-0.150391,-0.263672,0.000000,34.313637,11.000000
4.857422,-0.000000,-0.312500,0.000000,31.328999,11.000000
