2.650391,-0.179688,1.068359,0.000000,32.301933,0.000000
2.746094,-0.089844,0.939453,0.000000,31.325798,0.000000
4.406250,-0.142578,1.089844,0.000000,28.188854,0.000000
4.402344,-0.142578,1.259766,0.000000,31.417633,0.000000
4.421875,-0.144531,1.341797,0.000000,30.766405,0.000000
4.884766,-0.308594,0.744141,0.000000,30.920185,0.000000
4.951172,-0.623047,-0.005859,0.000000,29.566486,0.000000
0.011719,0.031250,0.025391,0.000000,29.410143,0.000000
0.041016,-0.033203,0.062500,0.000000,30.153597,0.000000
0.052734,-0.042969,0.103516,0.000000,29.020029,0.000000
0.011719,-0.039062,-0.007812,0.000000,30.770042,1.000000
0.017578,-0.080078,-0.009766,0.000000,31.994808,1.000000
0.029297,-0.119141,-0.005859,0.000000,30.261246,1.000000
0.056641,-0.154297,0.005859,0.000000,25.526682,1.000000
0.185547,-0.080078,1.251953,0.000000,23.159704,1.000000
0.068359,-0.082031,1.304688,0.000000,24.623980,1.000000
0.396484,-0.083984,-1.287109,0.000000,23.010300,1.000000
0.537109,-0.042969,-1.281250,0.000000,21.673174,1.000000
2.605469,-0.175781,1.070312,0.000000,29.090208,1.000000
2.646484,-0.179688,1.076172,0.000000,32.206310,1.000000
2.740234,-0.089844,0.958984,0.000000,31.142773,1.000000
4.402344,-0.142578,1.103516,0.000000,28.182259,1.000000
4.402344,-0.142578,1.257812,0.000000,31.417633,1.000000
4.417969,-0.144531,1.349609,0.000000,30.799046,1.000000
4.882812,-0.308594,0.748047,0.000000,30.958664,1.000000
4.951172,-0.623047,-0.037109,0.000000,29.590414,1.000000
2.121094,-0.132812,-0.089844,-0.614669,25.092026,1.000000
0.011719,0.031250,0.025391,0.000000,29.405165,1.000000
0.041016,-0.033203,0.062500,0.000000,30.153597,1.000000
0.052734,-0.042969,0.103516,0.000000,29.025467,1.000000
0.011719,-0.039062,-0.007812,0.000000,30.773680,2.000000
0.017578,-0.080078,-0.009766,0.000000,31.997551,2.000000
0.029297,-0.119141,-0.005859,0.000000,30.261246,2.000000
0.056641,-0.154297,0.005859,0.000000,25.526682,2.000000
0.171875,-0.080078,1.253906,0.000000,23.180634,2.000000
0.070312,-0.082031,1.304688,0.000000,24.638929,2.000000
0.410156,-0.083984,-1.283203,0.000000,23.031961,2.000000
0.548828,-0.042969,-1.277344,0.000000,21.673174,2.000000
2.609375,-0.175781,1.064453,0.000000,28.904211,2.000000
2.662109,-0.179688,1.037109,0.000000,32.208923,2.000000
2.759766,-0.089844,0.898438,0.000000,31.241781,2.000000
4.400391,-0.142578,1.107422,0.000000,28.202015,2.000000
4.406250,-0.142578,1.246094,0.000000,31.482941,2.000000
4.425781,-0.144531,1.326172,0.000000,30.916670,2.000000
4.878906,-0.308594,0.769531,0.000000,31.139433,2.000000
4.968750,-0.468750,0.082031,0.000000,29.652018,2.000000
2.060547,-0.130859,-0.302734,-0.614669,26.414742,2.000000
2.093750,-0.132812,-0.351562,-0.614669,26.444386,2.000000
0.011719,0.031250,0.025391,0.000000,29.405165,2.000000
0.041016,-0.033203,0.062500,0.000000,30.153597,2.000000
0.052734,-0.042969,0.103516,0.000000,29.025467,2.000000
0.011719,-0.039062,-0.007812,0.000000,30.755470,3.000000
0.017578,-0.080078,-0.009766,0.000000,31.992065,3.000000
0.029297,-0.119141,-0.005859,0.000000,30.257154,3.000000
0.056641,-0.154297,0.003906,0.000000,25.502283,3.000000
0.095703,-0.080078,1.261719,0.000000,23.096302,3.000000
0.427734,-0.083984,-1.277344,0.000000,22.988531,3.000000
0.554688,-0.042969,-1.273438,0.000000,21.673174,3.000000
2.628906,-0.175781,1.013672,0.000000,28.970770,3.000000
2.666016,-0.179688,1.029297,0.000000,32.319790,3.000000
2.763672,-0.089844,0.890625,0.000000,31.408222,3.000000
4.406250,-0.142578,1.087891,0.000000,28.175653,3.000000
4.408203,-0.142578,1.240234,0.000000,31.439510,3.000000
4.429688,-0.144531,1.312500,0.000000,30.867157,3.000000
4.888672,-0.308594,0.716797,0.000000,30.831442,3.000000
4.968750,-0.468750,0.037109,0.000000,29.395193,3.000000
0.011719,0.031250,0.025391,0.000000,29.405165,3.000000
0.041016,-0.033203,0.062500,0.000000,30.153597,3.000000
0.052734,-0.042969,0.103516,0.000000,29.025467,3.000000
0.011719,-0.039062,-0.007812,0.000000,30.770042,4.000000
0.017578,-0.080078,-0.009766,0.000000,31.994808,4.000000
0.029297,-0.119141,-0.005859,0.000000,30.257154,4.000000
0.056641,-0.154297,0.005859,0.000000,25.514500,4.000000
0.166016,-0.080078,1.253906,0.000000,23.201464,4.000000
0.412109,-0.083984,-1.283203,0.000000,23.053514,4.000000
0.529297,-0.042969,-1.285156,0.000000,21.702618,4.000000
2.605469,-0.175781,1.070312,0.000000,29.003672,4.000000
2.654297,-0.179688,1.058594,0.000000,32.289135,4.000000
2.753906,-0.089844,0.917969,0.000000,31.373541,4.000000
4.414062,-0.142578,1.052734,0.000000,28.221682,4.000000
4.414062,-0.142578,1.222656,0.000000,31.442627,4.000000
4.429688,-0.144531,1.310547,0.000000,30.838608,4.000000
4.884766,-0.308594,0.730469,0.000000,30.390173,4.000000
4.951172,-0.623047,-0.085938,0.000000,28.876173,4.000000
2.070312,-0.064453,-0.242188,-0.614669,26.063814,4.000000
0.011719,0.031250,0.025391,0.000000,29.405165,4.000000
0.041016,-0.033203,0.062500,0.000000,30.153597,4.000000
0.052734,-0.042969,0.103516,0.000000,29.025467,4.000000
0.011719,-0.039062,-0.007812,0.000000,30.773680,5.000000
0.017578,-0.080078,-0.009766,0.000000,32.000294,5.000000
0.029297,-0.119141,-0.005859,0.000000,30.261246,5.000000
0.056641,-0.154297,0.005859,0.000000,25.514500,5.000000
0.132812,-0.080078,1.257812,0.000000,23.159704,5.000000
0.404297,-0.083984,-1.285156,0.000000,23.074961,5.000000
2.611328,-0.175781,1.058594,0.000000,29.079485,5.000000
2.658203,-0.179688,1.050781,0.000000,32.307045,5.000000
2.753906,-0.089844,0.916016,0.000000,31.328999,5.000000
4.412109,-0.142578,1.062500,0.000000,28.247765,5.000000
4.412109,-0.142578,1.228516,0.000000,31.507565,5.000000
4.431641,-0.144531,1.308594,0.000000,30.927206,5.000000
4.875000,-0.308594,0.798828,0.000000,30.457140,5.000000
1.925781,-0.183594,-0.337891,-0.614669,27.307823,5.000000
1.962891,-0.187500,-0.363281,-0.614669,28.041395,5.000000
2.001953,-0.191406,-0.367188,-0.614669,26.020599,5.000000
0.011719,0.031250,0.025391,0.000000,29.405165,5.000000
0.041016,-0.033203,0.062500,0.000000,30.153597,5.000000
0.052734,-0.042969,0.103516,0.000000,29.030899,5.000000
0.011719,-0.039062,-0.007812,0.000000,30.766405,6.000000
0.017578,-0.080078,-0.009766,0.000000,31.994808,6.000000
0.029297,-0.119141,-0.005859,0.000000,30.257154,6.000000
0.056641,-0.154297,0.005859,0.000000,25.502283,6.000000
0.085938,-0.080078,1.261719,0.000000,23.180634,6.000000
0.082031,-0.082031,-1.304688,0.000000,24.623980,6.000000
0.542969,-0.042969,-1.236328,0.000000,22.988531,6.000000
0.572266,-0.042969,-1.267578,0.000000,21.643528,6.000000
2.613281,-0.175781,1.052734,0.000000,28.992731,6.000000
2.656250,-0.179688,1.054688,0.000000,32.258259,6.000000
2.748047,-0.089844,0.933594,0.000000,31.309767,6.000000
4.410156,-0.142578,1.072266,0.000000,28.182259,6.000000
4.408203,-0.142578,1.238281,0.000000,31.395643,6.000000
4.429688,-0.144531,1.314453,0.000000,30.831442,6.000000
4.875000,-0.154297,0.837891,0.000000,30.523090,6.000000
1.898438,-0.250000,-0.591797,-0.614669,28.438555,6.000000
0.011719,0.031250,0.025391,0.000000,29.400181,6.000000
0.041016,-0.033203,0.062500,0.000000,30.149403,6.000000
0.052734,-0.042969,0.103516,0.000000,29.020029,6.000000
0.011719,-0.039062,-0.007812,0.000000,30.766405,7.000000
0.017578,-0.080078,-0.009766,0.000000,31.994808,7.000000
0.029297,-0.119141,-0.005859,0.000000,30.261246,7.000000
0.056641,-0.154297,0.005859,0.000000,25.526682,7.000000
0.160156,-0.080078,1.255859,0.000000,23.138672,7.000000
0.427734,-0.083984,-1.277344,0.000000,23.031961,7.000000
0.556641,-0.042969,-1.273438,0.000000,21.702618,7.000000
2.599609,-0.175781,1.087891,0.000000,28.909796,7.000000
2.650391,-0.179688,1.070312,0.000000,32.221962,7.000000
2.746094,-0.089844,0.943359,0.000000,31.287222,7.000000
4.404297,-0.142578,1.091797,0.000000,28.318697,7.000000
4.408203,-0.142578,1.238281,0.000000,31.586639,7.000000
4.431641,-0.144531,1.306641,0.000000,31.048285,7.000000
4.884766,-0.154297,0.783203,0.000000,30.115704,7.000000
1.925781,-0.246094,-0.294922,-0.614669,27.759743,7.000000
1.962891,-0.250000,-0.324219,-0.614669,27.395723,7.000000
0.009766,0.031250,0.025391,0.000000,29.405165,7.000000
0.041016,-0.033203,0.062500,0.000000,30.153597,7.000000
0.050781,-0.042969,0.103516,0.000000,29.030899,7.000000
0.011719,-0.039062,-0.007812,0.000000,30.770042,8.000000
0.017578,-0.080078,-0.009766,0.000000,31.997551,8.000000
0.029297,-0.119141,-0.005859,0.000000,30.261246,8.000000
0.056641,-0.154297,0.005859,0.000000,25.526682,8.000000
0.117188,-0.080078,1.259766,0.000000,23.138672,8.000000
0.408203,-0.083984,-1.283203,0.000000,23.053514,8.000000
0.544922,-0.042969,-1.279297,0.000000,21.702618,8.000000
2.605469,-0.175781,1.070312,0.000000,29.030899,8.000000
2.656250,-0.179688,1.054688,0.000000,32.301933,8.000000
2.751953,-0.089844,0.923828,0.000000,31.328999,8.000000
4.406250,-0.142578,1.248047,0.000000,31.341770,8.000000
4.427734,-0.144531,1.320312,0.000000,30.715137,8.000000
4.896484,-0.154297,0.708984,0.000000,30.244856,8.000000
1.863281,-0.240234,-0.410156,-0.614669,27.489628,8.000000
1.927734,-0.183594,-0.326172,-0.614669,27.767012,8.000000
0.009766,0.031250,0.025391,0.000000,29.405165,8.000000
0.041016,-0.033203,0.062500,0.000000,30.153597,8.000000
0.052734,-0.042969,0.103516,0.000000,29.020029,8.000000
0.011719,-0.039062,-0.007812,0.000000,30.773680,9.000000
0.017578,-0.080078,-0.009766,0.000000,32.000294,9.000000
0.029297,-0.119141,-0.005859,0.000000,30.261246,9.000000
0.056641,-0.154297,0.005859,0.000000,25.514500,9.000000
0.119141,-0.080078,1.259766,0.000000,23.180634,9.000000
0.037109,-0.082031,-1.306641,0.000000,24.638929,9.000000
0.443359,-0.083984,-1.271484,0.000000,23.031961,9.000000
0.572266,-0.042969,-1.267578,0.000000,21.673174,9.000000
2.611328,-0.175781,1.058594,0.000000,29.201233,9.000000
2.658203,-0.179688,1.048828,0.000000,32.327419,9.000000
2.757812,-0.089844,0.904297,0.000000,31.338581,9.000000
4.400391,-0.142578,1.265625,0.000000,31.222158,9.000000
4.417969,-0.144531,1.351562,0.000000,30.606977,9.000000
4.890625,-0.154297,0.748047,0.000000,30.433622,9.000000
1.857422,-0.294922,0.087891,-0.614669,27.803173,9.000000
1.894531,-0.300781,-0.130859,-0.614669,30.962147,9.000000
1.929688,-0.306641,-0.195312,-0.614669,30.591846,9.000000
1.976562,-0.250000,-0.222656,-0.614669,26.910814,9.000000
0.011719,0.031250,0.025391,0.000000,29.405165,9.000000
0.041016,-0.033203,0.062500,0.000000,30.149403,9.000000
0.052734,-0.042969,0.103516,0.000000,29.020029,9.000000
0.011719,-0.039062,-0.007812,0.000000,30.766405,10.000000
0.017578,-0.080078,-0.009766,0.000000,31.994808,10.000000
0.029297,-0.119141,-0.005859,0.000000,30.257154,10.000000
0.056641,-0.154297,0.005859,0.000000,25.514500,10.000000
0.126953,-0.080078,1.259766,0.000000,23.138672,10.000000
0.425781,-0.083984,-1.279297,0.000000,23.053514,10.000000
0.550781,-0.042969,-1.277344,0.000000,21.673174,10.000000
2.615234,-0.175781,1.044922,0.000000,29.090208,10.000000
2.656250,-0.179688,1.052734,0.000000,32.294258,10.000000
2.753906,-0.089844,0.919922,0.000000,31.354507,10.000000
4.406250,-0.142578,1.248047,0.000000,31.408222,10.000000
4.433594,-0.144531,1.300781,0.000000,30.916670,10.000000
4.886719,-0.154297,0.773438,0.000000,30.644581,10.000000
1.875000,-0.121094,-0.408203,-0.614669,26.646420,10.000000
1.898438,-0.060547,-0.498047,-0.614669,27.058638,10.000000
0.009766,0.031250,0.025391,0.000000,29.405165,10.000000
0.041016,-0.033203,0.062500,0.000000,30.153597,10.000000
0.052734,-0.042969,0.103516,0.000000,29.025467,10.000000
0.011719,-0.039062,-0.007812,0.000000,30.762762,11.000000
0.017578,-0.080078,-0.009766,0.000000,31.994808,11.000000
0.029297,-0.119141,-0.005859,0.000000,30.261246,11.000000
0.056641,-0.154297,0.005859,0.000000,25.538830,11.000000
0.095703,-0.080078,1.261719,0.000000,23.138672,11.000000
0.070312,-0.082031,-1.304688,0.000000,24.623980,11.000000
0.439453,-0.083984,-1.273438,0.000000,23.010300,11.000000
0.566406,-0.042969,-1.269531,0.000000,21.613680,11.000000
1.908203,-0.179688,-0.146484,0.000000,26.374897,11.000000
2.617188,-0.175781,1.041016,0.000000,29.074114,11.000000
2.658203,-0.179688,1.048828,0.000000,32.271152,11.000000
2.755859,-0.089844,0.914062,0.000000,31.287222,11.000000
4.412109,-0.142578,1.062500,0.000000,28.318697,11.000000
4.410156,-0.142578,1.234375,0.000000,31.571545,11.000000
4.431641,-0.144531,1.306641,0.000000,30.996807,11.000000
4.884766,-0.154297,0.789062,0.000000,30.766405,11.000000
1.830078,-0.171875,-0.107422,-0.614669,26.875290,11.000000
1.865234,-0.175781,-0.169922,-0.614669,28.444771,11.000000
0.011719,0.031250,0.025391,0.000000,29.405165,11.000000
0.041016,-0.033203,0.062500,0.000000,30.157787,11.000000
0.052734,-0.042969,0.103516,0.000000,29.030899,11.000000
0.011719,-0.039062,-0.007812,0.000000,30.762762,12.000000
0.017578,-0.080078,-0.009766,0.000000,31.992065,12.000000
0.029297,-0.119141,-0.005859,0.000000,30.253059,12.000000
0.056641,-0.154297,0.005859,0.000000,25.514500,12.000000
0.064453,-0.080078,1.263672,0.000000,23.180634,12.000000
0.097656,-0.082031,-1.302734,0.000000,24.623980,12.000000
0.447266,-0.083984,-1.271484,0.000000,23.031961,12.000000
0.574219,-0.042969,-1.265625,0.000000,21.673174,12.000000
2.609375,-0.175781,1.058594,0.000000,29.036325,12.000000
2.660156,-0.179688,1.046875,0.000000,32.265999,12.000000
2.753906,-0.089844,0.916016,0.000000,31.300119,12.000000
4.416016,-0.142578,1.050781,0.000000,28.426092,12.000000
4.410156,-0.142578,1.230469,0.000000,31.693806,12.000000
4.431641,-0.144531,1.306641,0.000000,31.159431,12.000000
4.878906,-0.154297,0.816406,0.000000,30.820669,12.000000
1.816406,-0.230469,-0.185547,-0.614669,29.415113,12.000000
1.843750,-0.234375,-0.296875,-0.614669,31.373541,12.000000
1.873047,-0.179688,-0.394531,-0.614669,30.715137,12.000000
1.892578,-0.060547,-0.521484,-0.614669,27.810369,12.000000
0.011719,0.031250,0.025391,0.000000,29.400181,12.000000
0.041016,-0.033203,0.062500,0.000000,30.153597,12.000000
0.052734,-0.042969,0.103516,0.000000,29.020029,12.000000
0.011719,-0.039062,-0.007812,0.000000,30.762762,13.000000
0.017578,-0.080078,-0.009766,0.000000,31.994808,13.000000
0.029297,-0.119141,-0.005859,0.000000,30.257154,13.000000
0.056641,-0.154297,0.005859,0.000000,25.514500,13.000000
0.107422,-0.080078,1.261719,0.000000,23.117538,13.000000
0.416016,-0.083984,-1.281250,0.000000,23.010300,13.000000
0.564453,-0.042969,-1.271484,0.000000,21.673174,13.000000
2.613281,-0.175781,1.048828,0.000000,29.041744,13.000000
2.660156,-0.179688,1.044922,0.000000,32.301933,13.000000
2.751953,-0.089844,0.923828,0.000000,31.364035,13.000000
4.419922,-0.142578,1.029297,0.000000,28.273693,13.000000
