4.451172,-0.000000,1.085938,0.000000,31.024338,0.000000
4.525391,-0.144531,0.933594,0.000000,30.748165,0.000000
4.658203,-0.000000,0.203125,0.000000,31.580608,0.000000
4.699219,-0.000000,0.199219,0.000000,32.981979,0.000000
4.744141,-0.000000,-0.109375,0.000000,32.296818,0.000000
4.761719,-0.150391,-0.451172,0.000000,33.651134,0.000000
4.804688,-0.150391,-0.449219,0.000000,34.240646,0.000000
4.833984,-0.000000,-0.568359,0.000000,31.451963,0.000000
4.810547,-0.154297,1.152344,0.000000,30.962147,0.000000
0.037109,-0.035156,0.064453,0.000000,30.153597,0.000000
0.046875,-0.046875,0.103516,0.000000,29.041744,0.000000
0.011719,-0.039062,-0.007812,0.000000,30.696680,1.000000
0.027344,-0.076172,-0.009766,0.000000,31.894903,1.000000
0.029297,-0.119141,-0.005859,0.000000,30.128372,1.000000
0.056641,-0.154297,0.007812,0.000000,25.453072,1.000000
0.505859,-0.000000,1.164062,0.000000,23.242825,1.000000
0.537109,-0.041016,1.193359,0.000000,24.281347,1.000000
0.560547,-0.000000,1.228516,0.000000,22.833012,1.000000
2.660156,-0.000000,0.943359,0.000000,28.733206,1.000000
2.693359,-0.000000,0.970703,0.000000,32.203697,1.000000
2.767578,0.089844,0.875000,0.000000,31.238516,1.000000
4.451172,-0.000000,1.083984,0.000000,31.017471,1.000000
4.521484,-0.144531,0.947266,0.000000,30.737183,1.000000
4.660156,-0.000000,0.195312,0.000000,31.556396,1.000000
4.699219,-0.000000,0.195312,0.000000,32.953472,1.000000
4.744141,-0.000000,-0.041016,0.000000,32.247921,1.000000
4.773438,-0.150391,-0.326172,0.000000,33.494717,1.000000
4.812500,-0.150391,-0.353516,0.000000,34.079006,1.000000
4.843750,-0.000000,-0.492188,0.000000,31.034616,1.000000
4.830078,-0.154297,1.072266,0.000000,31.448854,1.000000
0.037109,-0.035156,0.064453,0.000000,30.153597,1.000000
0.046875,-0.046875,0.103516,0.000000,29.047155,1.000000
0.007812,-0.056641,0.154297,0.000000,25.289167,1.000000
0.011719,-0.039062,-0.007812,0.000000,30.689276,2.000000
0.027344,-0.076172,-0.009766,0.000000,31.889284,2.000000
0.029297,-0.119141,-0.005859,0.000000,30.124153,2.000000
0.056641,-0.154297,0.007812,0.000000,25.453072,2.000000
0.498047,-0.000000,1.166016,0.000000,23.242825,2.000000
0.531250,-0.041016,1.195312,0.000000,24.265112,2.000000
0.537109,-0.000000,1.238281,0.000000,22.787537,2.000000
2.601562,-0.000000,1.095703,0.000000,28.920946,2.000000
2.671875,-0.000000,1.029297,0.000000,32.265999,2.000000
2.732422,-0.000000,0.986328,0.000000,31.439510,2.000000
4.453125,-0.000000,1.076172,0.000000,31.041456,2.000000
4.523438,-0.144531,0.943359,0.000000,30.770042,2.000000
4.660156,-0.000000,0.175781,0.000000,31.577589,2.000000
4.701172,-0.000000,0.156250,0.000000,32.988529,2.000000
4.742188,-0.000000,-0.152344,0.000000,32.367889,2.000000
4.763672,-0.150391,-0.437500,0.000000,33.718063,2.000000
4.808594,-0.150391,-0.390625,0.000000,34.312027,2.000000
4.851562,-0.000000,-0.394531,0.000000,31.510633,2.000000
4.812500,-0.154297,1.146484,0.000000,31.332195,2.000000
0.037109,-0.035156,0.064453,0.000000,30.157787,2.000000
0.046875,-0.046875,0.103516,0.000000,29.041744,2.000000
0.011719,-0.039062,-0.007812,0.000000,30.700378,3.000000
0.027344,-0.076172,-0.009766,0.000000,31.889284,3.000000
0.029297,-0.119141,-0.005859,0.000000,30.124153,3.000000
0.056641,-0.154297,0.007812,0.000000,25.453072,3.000000
0.501953,-0.000000,1.164062,0.000000,23.263359,3.000000
0.531250,-0.041016,1.195312,0.000000,24.281347,3.000000
0.542969,-0.000000,1.236328,0.000000,22.810333,3.000000
2.689453,-0.087891,0.853516,0.000000,28.621313,3.000000
2.705078,-0.000000,0.937500,0.000000,32.227165,3.000000
2.714844,-0.000000,1.033203,0.000000,31.464382,3.000000
4.449219,-0.000000,1.093750,0.000000,31.027765,3.000000
4.519531,-0.144531,0.955078,0.000000,30.762762,3.000000
4.660156,-0.000000,0.189453,0.000000,31.562462,3.000000
4.701172,-0.000000,0.154297,0.000000,33.016811,3.000000
4.742188,-0.000000,-0.162109,0.000000,32.591160,3.000000
4.767578,-0.150391,-0.390625,0.000000,33.958504,3.000000
4.810547,-0.150391,-0.367188,0.000000,34.398064,3.000000
4.843750,-0.000000,-0.488281,0.000000,31.405081,3.000000
4.814453,-0.154297,1.136719,0.000000,31.398790,3.000000
0.037109,-0.035156,0.064453,0.000000,30.149403,3.000000
0.046875,-0.046875,0.103516,0.000000,29.036325,3.000000
0.011719,-0.039062,-0.007812,0.000000,30.689276,4.000000
0.027344,-0.076172,-0.009766,0.000000,31.889284,4.000000
0.029297,-0.119141,-0.005859,0.000000,30.124153,4.000000
0.056641,-0.154297,0.007812,0.000000,25.453072,4.000000
0.486328,-0.000000,1.171875,0.000000,23.242825,4.000000
0.525391,-0.041016,1.199219,0.000000,24.297523,4.000000
0.548828,-0.000000,1.234375,0.000000,22.855574,4.000000
2.595703,-0.000000,1.109375,0.000000,28.864906,4.000000
2.662109,-0.000000,1.054688,0.000000,32.227165,4.000000
2.714844,0.089844,1.025391,0.000000,31.344959,4.000000
4.451172,-0.000000,1.082031,0.000000,31.020905,4.000000
4.521484,-0.144531,0.949219,0.000000,30.751818,4.000000
4.660156,-0.000000,0.181641,0.000000,31.568520,4.000000
4.701172,-0.000000,0.142578,0.000000,32.995071,4.000000
4.740234,-0.000000,-0.207031,0.000000,32.567177,4.000000
4.763672,-0.150391,-0.433594,0.000000,34.010559,4.000000
4.808594,-0.150391,-0.394531,0.000000,34.445133,4.000000
4.837891,-0.000000,-0.535156,0.000000,31.448854,4.000000
4.808594,-0.154297,1.160156,0.000000,31.241781,4.000000
0.037109,-0.035156,0.064453,0.000000,30.157787,4.000000
0.046875,-0.046875,0.103516,0.000000,29.036325,4.000000
0.003906,-0.056641,0.154297,0.000000,25.276299,4.000000
0.011719,-0.039062,-0.007812,0.000000,30.700378,5.000000
0.027344,-0.076172,-0.009766,0.000000,31.894903,5.000000
0.029297,-0.119141,-0.005859,0.000000,30.128372,5.000000
0.056641,-0.154297,0.007812,0.000000,25.453072,5.000000
0.488281,-0.000000,1.169922,0.000000,23.242825,5.000000
0.533203,-0.041016,1.195312,0.000000,24.281347,5.000000
0.548828,-0.000000,1.232422,0.000000,22.810333,5.000000
2.683594,-0.000000,0.876953,0.000000,28.651039,5.000000
2.714844,-0.000000,0.912109,0.000000,32.159019,5.000000
2.798828,0.089844,0.767578,0.000000,31.241781,5.000000
4.451172,-0.000000,1.082031,0.000000,31.031193,5.000000
4.521484,-0.144531,0.951172,0.000000,30.737183,5.000000
4.660156,-0.000000,0.195312,0.000000,31.580608,5.000000
4.701172,-0.000000,0.179688,0.000000,33.059959,5.000000
4.744141,-0.000000,-0.082031,0.000000,32.771507,5.000000
4.777344,-0.150391,-0.261719,0.000000,34.117882,5.000000
4.816406,-0.150391,-0.279297,0.000000,34.505569,5.000000
4.847656,-0.000000,-0.435547,0.000000,31.598679,5.000000
4.832031,-0.154297,1.058594,0.000000,31.065308,5.000000
0.037109,-0.035156,0.064453,0.000000,30.153597,5.000000
0.046875,-0.046875,0.103516,0.000000,29.041744,5.000000
0.011719,-0.039062,-0.007812,0.000000,30.700378,6.000000
0.027344,-0.076172,-0.009766,0.000000,31.892096,6.000000
0.029297,-0.119141,-0.005859,0.000000,30.124153,6.000000
0.056641,-0.154297,0.007812,0.000000,25.440680,6.000000
0.498047,-0.000000,1.166016,0.000000,23.263359,6.000000
0.539062,-0.041016,1.191406,0.000000,24.265112,6.000000
0.560547,-0.000000,1.228516,0.000000,22.810333,6.000000
2.650391,-0.000000,0.968750,0.000000,28.773714,6.000000
2.689453,-0.000000,0.984375,0.000000,32.221962,6.000000
2.726562,-0.000000,0.998047,0.000000,31.319393,6.000000
4.457031,-0.000000,1.058594,0.000000,31.038036,6.000000
4.529297,-0.144531,0.916016,0.000000,30.748165,6.000000
4.658203,-0.000000,0.205078,0.000000,31.574568,6.000000
4.699219,-0.000000,0.234375,0.000000,33.062103,6.000000
4.744141,-0.000000,0.097656,0.000000,32.629253,6.000000
4.783203,-0.000000,-0.140625,0.000000,33.839947,6.000000
4.818359,-0.150391,-0.242188,0.000000,34.350475,6.000000
4.849609,-0.000000,-0.419922,0.000000,31.528996,6.000000
4.824219,-0.154297,1.095703,0.000000,31.075491,6.000000
0.037109,-0.035156,0.064453,0.000000,30.153597,6.000000
0.044922,-0.046875,0.103516,0.000000,29.041744,6.000000
0.011719,-0.039062,-0.007812,0.000000,30.692980,7.000000
0.027344,-0.076172,-0.009766,0.000000,31.889284,7.000000
0.029297,-0.119141,-0.005859,0.000000,30.124153,7.000000
0.056641,-0.154297,0.007812,0.000000,25.440680,7.000000
0.470703,-0.000000,1.177734,0.000000,23.222193,7.000000
0.511719,-0.041016,1.205078,0.000000,24.265112,7.000000
0.515625,-0.000000,1.248047,0.000000,22.787537,7.000000
2.642578,-0.000000,0.992188,0.000000,28.692318,7.000000
2.695312,-0.000000,0.966797,0.000000,32.108532,7.000000
2.761719,0.089844,0.892578,0.000000,31.280760,7.000000
4.453125,-0.000000,1.080078,0.000000,31.048285,7.000000
4.527344,-0.144531,0.919922,0.000000,30.755470,7.000000
4.660156,-0.000000,0.187500,0.000000,31.574568,7.000000
4.701172,-0.000000,0.185547,0.000000,33.018978,7.000000
4.744141,-0.000000,-0.064453,0.000000,32.499317,7.000000
4.773438,-0.150391,-0.322266,0.000000,33.774883,7.000000
4.812500,-0.150391,-0.343750,0.000000,34.318459,7.000000
4.843750,-0.000000,-0.480469,0.000000,31.489109,7.000000
4.814453,-0.154297,1.134766,0.000000,31.189257,7.000000
0.037109,-0.035156,0.064453,0.000000,30.157787,7.000000
0.046875,-0.046875,0.103516,0.000000,29.036325,7.000000
0.011719,-0.039062,-0.007812,0.000000,30.685570,8.000000
0.027344,-0.076172,-0.009766,0.000000,31.889284,8.000000
0.029297,-0.119141,-0.005859,0.000000,30.128372,8.000000
0.056641,-0.154297,0.007812,0.000000,25.465427,8.000000
0.476562,-0.000000,1.175781,0.000000,23.263359,8.000000
0.519531,-0.041016,1.201172,0.000000,24.297523,8.000000
0.539062,-0.000000,1.238281,0.000000,22.833012,8.000000
2.597656,-0.000000,1.103516,0.000000,28.915375,8.000000
2.644531,-0.000000,1.097656,0.000000,32.357807,8.000000
2.669922,-0.000000,1.144531,0.000000,31.504494,8.000000
4.457031,-0.000000,1.062500,0.000000,31.024338,8.000000
4.531250,-0.144531,0.900391,0.000000,30.726175,8.000000
4.658203,-0.000000,0.201172,0.000000,31.598679,8.000000
4.699219,-0.000000,0.201172,0.000000,33.094173,8.000000
4.744141,-0.000000,-0.048828,0.000000,32.695129,8.000000
4.773438,-0.150391,-0.308594,0.000000,33.928726,8.000000
4.812500,-0.150391,-0.345703,0.000000,34.361626,8.000000
4.845703,-0.000000,-0.462891,0.000000,31.451963,8.000000
4.814453,-0.154297,1.140625,0.000000,31.179338,8.000000
0.037109,-0.035156,0.064453,0.000000,30.157787,8.000000
0.046875,-0.046875,0.103516,0.000000,29.041744,8.000000
0.011719,-0.039062,-0.007812,0.000000,30.696680,9.000000
0.027344,-0.076172,-0.009766,0.000000,31.892096,9.000000
0.029297,-0.119141,-0.005859,0.000000,30.124153,9.000000
0.056641,-0.154297,0.007812,0.000000,25.440680,9.000000
0.486328,-0.000000,1.171875,0.000000,23.222193,9.000000
0.517578,-0.041016,1.201172,0.000000,24.281347,9.000000
0.535156,-0.000000,1.238281,0.000000,22.810333,9.000000
2.640625,-0.000000,0.996094,0.000000,28.756399,9.000000
2.693359,-0.000000,0.970703,0.000000,32.187981,9.000000
2.751953,0.089844,0.921875,0.000000,31.332195,9.000000
4.453125,-0.000000,1.074219,0.000000,31.020905,9.000000
4.529297,-0.144531,0.912109,0.000000,30.722500,9.000000
4.660156,-0.000000,0.160156,0.000000,31.541195,9.000000
4.703125,-0.000000,0.121094,0.000000,32.922562,9.000000
4.736328,-0.148438,-0.263672,0.000000,32.335037,9.000000
4.763672,-0.150391,-0.431641,0.000000,33.812958,9.000000
4.810547,-0.150391,-0.361328,0.000000,34.355259,9.000000
4.849609,-0.000000,-0.414062,0.000000,31.589653,9.000000
4.818359,-0.154297,1.121094,0.000000,31.126051,9.000000
0.037109,-0.035156,0.064453,0.000000,30.153597,9.000000
0.046875,-0.046875,0.103516,0.000000,29.041744,9.000000
0.011719,-0.039062,-0.007812,0.000000,30.696680,10.000000
0.027344,-0.076172,-0.009766,0.000000,31.892096,10.000000
0.029297,-0.119141,-0.005859,0.000000,30.128372,10.000000
0.056641,-0.154297,0.007812,0.000000,25.465427,10.000000
0.484375,-0.000000,1.171875,0.000000,23.242825,10.000000
0.517578,-0.041016,1.201172,0.000000,24.265112,10.000000
0.533203,-0.000000,1.240234,0.000000,22.787537,10.000000
2.632812,-0.000000,1.017578,0.000000,28.785217,10.000000
2.681641,-0.000000,1.005859,0.000000,32.240147,10.000000
2.722656,-0.000000,1.013672,0.000000,31.383026,10.000000
4.457031,-0.000000,1.058594,0.000000,31.027765,10.000000
4.533203,-0.144531,0.894531,0.000000,30.729847,10.000000
4.660156,-0.000000,0.160156,0.000000,31.507565,10.000000
4.703125,-0.000000,0.093750,0.000000,32.723057,10.000000
4.724609,-0.148438,-0.423828,0.000000,31.746412,10.000000
4.744141,-0.150391,-0.609375,0.000000,33.475250,10.000000
4.804688,-0.150391,-0.433594,0.000000,34.260231,10.000000
4.847656,-0.000000,-0.449219,0.000000,31.568520,10.000000
4.814453,-0.154297,1.134766,0.000000,31.065308,10.000000
0.037109,-0.035156,0.064453,0.000000,30.153597,10.000000
0.046875,-0.046875,0.103516,0.000000,29.036325,10.000000
0.011719,-0.039062,-0.007812,0.000000,30.696680,11.000000
0.027344,-0.076172,-0.009766,0.000000,31.894903,11.000000
0.029297,-0.119141,-0.005859,0.000000,30.132587,11.000000
0.056641,-0.154297,0.007812,0.000000,25.465427,11.000000
0.486328,-0.000000,1.171875,0.000000,23.263359,11.000000
0.525391,-0.041016,1.199219,0.000000,24.281347,11.000000
0.537109,-0.000000,1.238281,0.000000,22.810333,11.000000
2.646484,-0.000000,0.984375,0.000000,28.796692,11.000000
2.691406,-0.000000,0.978516,0.000000,32.227165,11.000000
2.750000,0.089844,0.929688,0.000000,31.367207,11.000000
4.457031,-0.000000,1.060547,0.000000,31.024338,11.000000
4.529297,-0.144531,0.908203,0.000000,30.726175,11.000000
4.658203,-0.000000,0.197266,0.000000,31.565491,11.000000
4.695312,0.146484,0.240234,0.000000,32.962261,11.000000
4.742188,0.148438,0.001953,0.000000,32.092468,11.000000
4.755859,-0.150391,-0.507812,0.000000,33.338501,11.000000
4.804688,-0.150391,-0.427734,0.000000,34.179695,11.000000
4.843750,-0.000000,-0.486328,0.000000,31.461281,11.000000
4.818359,-0.154297,1.123047,0.000000,31.092409,11.000000
0.037109,-0.035156,0.064453,0.000000,30.157787,11.000000
0.046875,-0.046875,0.103516,0.000000,29.041744,11.000000
0.011719,-0.039062,-0.007812,0.000000,30.692980,12.000000
0.027344,-0.076172,-0.009766,0.000000,31.892096,12.000000
0.029297,-0.119141,-0.005859,0.000000,30.128372,12.000000
0.056641,-0.154297,0.007812,0.000000,25.465427,12.000000
0.498047,-0.000000,1.166016,0.000000,23.242825,12.000000
0.531250,-0.041016,1.195312,0.000000,24.281347,12.000000
0.541016,-0.000000,1.236328,0.000000,22.833012,12.000000
2.642578,-0.000000,0.990234,0.000000,28.808136,12.000000
2.691406,-0.000000,0.978516,0.000000,32.234959,12.000000
2.763672,0.089844,0.888672,0.000000,31.392492,12.000000
4.453125,-0.000000,1.076172,0.000000,31.014034,12.000000
4.527344,-0.144531,0.917969,0.000000,30.718821,12.000000
