2.666016,0.599609,0.222656,0.614669,27.160034,0.000000
2.746094,0.435547,0.097656,0.614669,25.403296,0.000000
0.037109,-0.035156,0.064453,0.000000,30.153597,0.000000
0.046875,-0.046875,0.103516,0.000000,29.036325,0.000000
0.011719,-0.039062,-0.007812,0.000000,30.704073,1.000000
0.027344,-0.076172,-0.009766,0.000000,31.892096,1.000000
0.029297,-0.119141,-0.005859,0.000000,30.128372,1.000000
0.056641,-0.154297,0.007812,0.000000,25.440680,1.000000
0.490234,-0.000000,1.169922,0.000000,23.242825,1.000000
0.525391,-0.041016,1.199219,0.000000,24.281347,1.000000
0.535156,-0.000000,1.238281,0.000000,22.833012,1.000000
2.691406,0.087891,0.845703,0.000000,28.813847,1.000000
2.693359,-0.000000,0.972656,0.000000,32.263420,1.000000
2.740234,0.089844,0.960938,0.000000,31.408222,1.000000
4.449219,-0.000000,1.089844,0.000000,31.000257,1.000000
4.527344,-0.144531,0.925781,0.000000,30.718821,1.000000
4.658203,-0.000000,0.210938,0.000000,31.792645,1.000000
4.699219,-0.000000,0.228516,0.000000,33.465485,1.000000
4.742188,0.148438,-0.005859,0.000000,32.971035,1.000000
4.773438,-0.000000,-0.343750,0.000000,33.882790,1.000000
4.810547,-0.150391,-0.357422,0.000000,34.352070,1.000000
4.847656,-0.000000,-0.439453,0.000000,31.439510,1.000000
4.824219,-0.154297,1.099609,0.000000,31.102530,1.000000
2.613281,0.675781,0.039062,0.614669,25.276299,1.000000
0.037109,-0.035156,0.064453,0.000000,30.145205,1.000000
0.046875,-0.046875,0.103516,0.000000,29.036325,1.000000
0.011719,-0.039062,-0.007812,0.000000,30.700378,2.000000
0.027344,-0.076172,-0.009766,0.000000,31.892096,2.000000
0.029297,-0.119141,-0.005859,0.000000,30.128372,2.000000
0.056641,-0.154297,0.007812,0.000000,25.465427,2.000000
0.462891,-0.000000,1.181641,0.000000,23.263359,2.000000
0.513672,-0.041016,1.203125,0.000000,24.313637,2.000000
0.521484,-0.000000,1.244141,0.000000,22.900347,2.000000
2.718750,0.087891,0.751953,0.000000,29.036325,2.000000
2.714844,-0.000000,0.910156,0.000000,32.317245,2.000000
2.755859,0.089844,0.912109,0.000000,31.442627,2.000000
4.451172,-0.000000,1.082031,0.000000,30.972572,2.000000
4.529297,-0.144531,0.910156,0.000000,30.685570,2.000000
4.658203,-0.000000,0.210938,0.000000,31.670218,2.000000
4.699219,-0.000000,0.207031,0.000000,33.238705,2.000000
4.744141,-0.000000,-0.054688,0.000000,32.812607,2.000000
4.773438,-0.150391,-0.322266,0.000000,33.937508,2.000000
4.812500,-0.150391,-0.335938,0.000000,34.375919,2.000000
4.849609,-0.000000,-0.431641,0.000000,31.535099,2.000000
4.816406,-0.154297,1.128906,0.000000,31.065308,2.000000
2.609375,0.675781,-0.166016,0.614669,25.976952,2.000000
2.671875,0.599609,-0.117188,0.614669,28.401060,2.000000
2.714844,0.609375,0.011719,0.614669,28.375885,2.000000
6.548828,0.412109,-0.572266,-1.229337,21.105898,2.000000
6.607422,0.207031,-0.460938,-1.229337,20.934217,2.000000
0.037109,-0.035156,0.064453,0.000000,30.145205,2.000000
0.046875,-0.046875,0.103516,0.000000,29.030899,2.000000
0.011719,-0.039062,-0.007812,0.000000,30.692980,3.000000
0.027344,-0.076172,-0.009766,0.000000,31.889284,3.000000
0.029297,-0.119141,-0.005859,0.000000,30.124153,3.000000
0.056641,-0.154297,0.007812,0.000000,25.453072,3.000000
0.484375,-0.000000,1.171875,0.000000,23.263359,3.000000
0.525391,-0.041016,1.199219,0.000000,24.281347,3.000000
0.542969,-0.000000,1.236328,0.000000,22.810333,3.000000
2.605469,-0.087891,1.082031,0.000000,28.836615,3.000000
2.685547,-0.000000,0.996094,0.000000,32.195847,3.000000
2.722656,-0.000000,1.011719,0.000000,31.306553,3.000000
4.455078,-0.000000,1.070312,0.000000,31.000257,3.000000
4.529297,-0.144531,0.912109,0.000000,30.692980,3.000000
4.660156,-0.000000,0.175781,0.000000,31.467480,3.000000
4.703125,-0.000000,0.123047,0.000000,32.798950,3.000000
4.734375,-0.148438,-0.294922,0.000000,32.208923,3.000000
4.763672,-0.150391,-0.441406,0.000000,33.791241,3.000000
4.812500,-0.150391,-0.349609,0.000000,34.331295,3.000000
4.851562,-0.000000,-0.404297,0.000000,31.464382,3.000000
4.816406,-0.154297,1.126953,0.000000,31.136091,3.000000
2.646484,0.685547,-0.197266,1.229337,23.636120,3.000000
0.037109,-0.035156,0.064453,0.000000,30.153597,3.000000
0.046875,-0.046875,0.103516,0.000000,29.036325,3.000000
0.011719,-0.039062,-0.007812,0.000000,30.707766,4.000000
0.027344,-0.076172,-0.009766,0.000000,31.892096,4.000000
0.029297,-0.119141,-0.005859,0.000000,30.124153,4.000000
0.056641,-0.154297,0.007812,0.000000,25.453072,4.000000
0.480469,-0.000000,1.173828,0.000000,23.222193,4.000000
0.523438,-0.041016,1.199219,0.000000,24.281347,4.000000
0.544922,-0.000000,1.234375,0.000000,22.855574,4.000000
2.626953,-0.000000,1.035156,0.000000,28.744818,4.000000
2.666016,-0.000000,1.042969,0.000000,32.229763,4.000000
2.703125,-0.000000,1.060547,0.000000,31.364035,4.000000
4.457031,-0.000000,1.064453,0.000000,31.007151,4.000000
4.531250,-0.144531,0.900391,0.000000,30.692980,4.000000
4.660156,-0.000000,0.154297,0.000000,31.364035,4.000000
4.701172,-0.000000,0.144531,0.000000,32.655254,4.000000
4.736328,-0.148438,-0.240234,0.000000,31.956230,4.000000
4.767578,-0.150391,-0.404297,0.000000,33.706982,4.000000
4.812500,-0.150391,-0.349609,0.000000,34.321674,4.000000
4.849609,-0.000000,-0.419922,0.000000,31.445742,4.000000
4.824219,-0.154297,1.093750,0.000000,31.225435,4.000000
0.037109,-0.035156,0.064453,0.000000,30.149403,4.000000
0.046875,-0.046875,0.103516,0.000000,29.036325,4.000000
0.011719,-0.039062,-0.007812,0.000000,30.696680,5.000000
0.027344,-0.076172,-0.009766,0.000000,31.889284,5.000000
0.029297,-0.119141,-0.005859,0.000000,30.124153,5.000000
0.056641,-0.154297,0.007812,0.000000,25.453072,5.000000
0.496094,-0.000000,1.167969,0.000000,23.263359,5.000000
0.525391,-0.041016,1.199219,0.000000,24.313637,5.000000
0.542969,-0.000000,1.236328,0.000000,22.833012,5.000000
2.630859,-0.000000,1.021484,0.000000,28.926510,5.000000
2.693359,-0.000000,0.970703,0.000000,32.263420,5.000000
2.742188,0.089844,0.953125,0.000000,31.430147,5.000000
4.453125,-0.000000,1.080078,0.000000,31.027765,5.000000
4.529297,-0.144531,0.912109,0.000000,30.700378,5.000000
4.662109,-0.000000,0.144531,0.000000,31.420765,5.000000
4.701172,-0.000000,0.142578,0.000000,32.769211,5.000000
4.742188,-0.000000,-0.166016,0.000000,32.041199,5.000000
4.763672,-0.150391,-0.427734,0.000000,33.638000,5.000000
4.808594,-0.150391,-0.384766,0.000000,34.253712,5.000000
4.845703,-0.000000,-0.464844,0.000000,31.386185,5.000000
4.839844,-0.154297,1.027344,0.000000,31.139433,5.000000
2.628906,0.771484,0.097656,0.614669,26.211763,5.000000
0.037109,-0.035156,0.064453,0.000000,30.149403,5.000000
0.046875,-0.046875,0.103516,0.000000,29.036325,5.000000
0.011719,-0.039062,-0.007812,0.000000,30.692980,6.000000
0.027344,-0.076172,-0.009766,0.000000,31.886473,6.000000
0.029297,-0.119141,-0.005859,0.000000,30.124153,6.000000
0.056641,-0.154297,0.007812,0.000000,25.465427,6.000000
0.474609,-0.000000,1.175781,0.000000,23.304138,6.000000
0.517578,-0.041016,1.201172,0.000000,24.313637,6.000000
0.541016,-0.000000,1.236328,0.000000,22.855574,6.000000
2.519531,-0.087891,1.267578,0.000000,28.976271,6.000000
2.654297,-0.000000,1.072266,0.000000,32.227165,6.000000
2.695312,-0.000000,1.083984,0.000000,31.357685,6.000000
4.455078,-0.000000,1.070312,0.000000,31.024338,6.000000
4.531250,-0.144531,0.902344,0.000000,30.715137,6.000000
4.660156,-0.000000,0.158203,0.000000,31.427023,6.000000
4.703125,-0.000000,0.128906,0.000000,32.713768,6.000000
4.734375,-0.148438,-0.292969,0.000000,31.964525,6.000000
4.763672,-0.150391,-0.427734,0.000000,33.686588,6.000000
4.812500,-0.150391,-0.351562,0.000000,34.292675,6.000000
4.849609,-0.152344,-0.392578,0.000000,31.411362,6.000000
4.818359,-0.154297,1.121094,0.000000,31.041456,6.000000
2.642578,0.869141,0.052734,0.614669,25.854607,6.000000
0.037109,-0.035156,0.064453,0.000000,30.157787,6.000000
0.046875,-0.046875,0.103516,0.000000,29.030899,6.000000
0.011719,-0.039062,-0.007812,0.000000,30.700378,7.000000
0.027344,-0.076172,-0.009766,0.000000,31.892096,7.000000
0.029297,-0.119141,-0.005859,0.000000,30.124153,7.000000
0.056641,-0.154297,0.007812,0.000000,25.453072,7.000000
0.492188,-0.000000,1.167969,0.000000,23.283796,7.000000
0.527344,-0.041016,1.197266,0.000000,24.313637,7.000000
0.548828,-0.000000,1.234375,0.000000,22.855574,7.000000
2.664062,-0.000000,0.933594,0.000000,28.790958,7.000000
2.695312,-0.000000,0.966797,0.000000,32.229763,7.000000
2.726562,0.089844,0.996094,0.000000,31.376705,7.000000
4.455078,-0.000000,1.072266,0.000000,31.007151,7.000000
4.527344,-0.144531,0.919922,0.000000,30.704073,7.000000
4.658203,-0.000000,0.207031,0.000000,31.501421,7.000000
4.699219,-0.000000,0.197266,0.000000,32.891430,7.000000
4.744141,-0.000000,-0.101562,0.000000,32.372925,7.000000
4.771484,-0.150391,-0.351562,0.000000,33.847118,7.000000
4.810547,-0.150391,-0.359375,0.000000,34.367985,7.000000
4.845703,-0.000000,-0.464844,0.000000,31.568520,7.000000
4.826172,-0.154297,1.091797,0.000000,31.065308,7.000000
2.906250,0.652344,0.197266,1.229337,22.528530,7.000000
0.037109,-0.035156,0.064453,0.000000,30.149403,7.000000
0.046875,-0.046875,0.103516,0.000000,29.036325,7.000000
0.011719,-0.039062,-0.007812,0.000000,30.696680,8.000000
0.027344,-0.076172,-0.009766,0.000000,31.889284,8.000000
0.029297,-0.119141,-0.005859,0.000000,30.119930,8.000000
0.056641,-0.154297,0.007812,0.000000,25.453072,8.000000
0.496094,-0.000000,1.167969,0.000000,23.263359,8.000000
0.535156,-0.041016,1.193359,0.000000,24.297523,8.000000
0.554688,-0.000000,1.230469,0.000000,22.833012,8.000000
2.587891,-0.087891,1.123047,0.000000,28.847954,8.000000
2.664062,-0.000000,1.050781,0.000000,32.268578,8.000000
2.707031,-0.000000,1.050781,0.000000,31.405081,8.000000
4.455078,-0.000000,1.064453,0.000000,31.007151,8.000000
4.527344,-0.144531,0.919922,0.000000,30.722500,8.000000
4.658203,-0.000000,0.212891,0.000000,31.595673,8.000000
4.699219,-0.000000,0.230469,0.000000,33.163898,8.000000
4.746094,-0.000000,0.000000,0.000000,32.755417,8.000000
4.777344,-0.000000,-0.289062,0.000000,33.877457,8.000000
4.812500,-0.150391,-0.333984,0.000000,34.312027,8.000000
4.847656,-0.000000,-0.443359,0.000000,31.489109,8.000000
4.814453,-0.154297,1.142578,0.000000,31.105898,8.000000
0.037109,-0.035156,0.064453,0.000000,30.153597,8.000000
0.046875,-0.046875,0.103516,0.000000,29.030899,8.000000
0.011719,-0.039062,-0.007812,0.000000,30.692980,9.000000
0.027344,-0.076172,-0.009766,0.000000,31.889284,9.000000
0.029297,-0.119141,-0.005859,0.000000,30.119930,9.000000
0.056641,-0.154297,0.007812,0.000000,25.440680,9.000000
0.476562,-0.000000,1.175781,0.000000,23.222193,9.000000
0.519531,-0.041016,1.201172,0.000000,24.248816,9.000000
0.539062,-0.000000,1.238281,0.000000,22.764618,9.000000
2.576172,-0.087891,1.150391,0.000000,28.943161,9.000000
2.677734,-0.000000,1.013672,0.000000,32.271152,9.000000
2.724609,-0.000000,1.007812,0.000000,31.370375,9.000000
4.455078,-0.000000,1.066406,0.000000,31.010593,9.000000
4.529297,-0.144531,0.914062,0.000000,30.729847,9.000000
4.660156,-0.000000,0.191406,0.000000,31.595673,9.000000
4.701172,-0.000000,0.183594,0.000000,33.079239,9.000000
4.744141,-0.000000,-0.105469,0.000000,32.543064,9.000000
4.767578,-0.150391,-0.386719,0.000000,33.807537,9.000000
4.810547,-0.150391,-0.380859,0.000000,34.307198,9.000000
4.845703,-0.000000,-0.474609,0.000000,31.417633,9.000000
4.820312,-0.154297,1.115234,0.000000,31.172712,9.000000
0.037109,-0.035156,0.064453,0.000000,30.149403,9.000000
0.046875,-0.046875,0.103516,0.000000,29.036325,9.000000
0.011719,-0.039062,-0.007812,0.000000,30.692980,10.000000
0.027344,-0.076172,-0.009766,0.000000,31.886473,10.000000
0.029297,-0.119141,-0.005859,0.000000,30.124153,10.000000
0.056641,-0.154297,0.007812,0.000000,25.453072,10.000000
0.484375,-0.000000,1.171875,0.000000,23.242825,10.000000
0.517578,-0.041016,1.201172,0.000000,24.281347,10.000000
0.523438,-0.000000,1.244141,0.000000,22.833012,10.000000
2.628906,-0.000000,1.029297,0.000000,28.779470,10.000000
2.664062,-0.000000,1.052734,0.000000,32.211533,10.000000
2.687500,-0.000000,1.101562,0.000000,31.376705,10.000000
4.457031,-0.000000,1.060547,0.000000,31.014034,10.000000
4.531250,-0.144531,0.898438,0.000000,30.707766,10.000000
4.660156,-0.000000,0.197266,0.000000,31.556396,10.000000
4.699219,-0.000000,0.208984,0.000000,33.018978,10.000000
4.744141,-0.000000,-0.023438,0.000000,32.603100,10.000000
4.775391,-0.150391,-0.285156,0.000000,33.884563,10.000000
4.812500,-0.150391,-0.330078,0.000000,34.358444,10.000000
4.847656,-0.000000,-0.447266,0.000000,31.559431,10.000000
4.820312,-0.154297,1.113281,0.000000,31.122698,10.000000
0.037109,-0.035156,0.064453,0.000000,30.153597,10.000000
0.046875,-0.046875,0.103516,0.000000,29.030899,10.000000
0.011719,-0.039062,-0.007812,0.000000,30.696680,11.000000
0.027344,-0.076172,-0.009766,0.000000,31.892096,11.000000
0.029297,-0.119141,-0.005859,0.000000,30.124153,11.000000
0.056641,-0.154297,0.007812,0.000000,25.453072,11.000000
0.484375,-0.000000,1.171875,0.000000,23.222193,11.000000
0.531250,-0.041016,1.195312,0.000000,24.265112,11.000000
0.552734,-0.000000,1.232422,0.000000,22.833012,11.000000
2.613281,-0.000000,1.064453,0.000000,28.876173,11.000000
2.673828,-0.000000,1.027344,0.000000,32.276295,11.000000
2.746094,0.089844,0.943359,0.000000,31.408222,11.000000
4.453125,-0.000000,1.074219,0.000000,31.017471,11.000000
4.527344,-0.144531,0.923828,0.000000,30.740847,11.000000
4.660156,-0.000000,0.187500,0.000000,31.544239,11.000000
4.701172,-0.000000,0.179688,0.000000,32.909245,11.000000
4.744141,-0.000000,-0.125000,0.000000,32.137833,11.000000
4.765625,-0.150391,-0.425781,0.000000,33.600250,11.000000
4.810547,-0.150391,-0.376953,0.000000,34.242279,11.000000
4.845703,-0.000000,-0.462891,0.000000,31.395643,11.000000
4.833984,-0.154297,1.048828,0.000000,31.132748,11.000000
0.037109,-0.035156,0.064453,0.000000,30.153597,11.000000
0.044922,-0.046875,0.103516,0.000000,29.036325,11.000000
0.011719,-0.039062,-0.007812,0.000000,30.689276,12.000000
0.027344,-0.076172,-0.009766,0.000000,31.883659,12.000000
0.029297,-0.119141,-0.005859,0.000000,30.119930,12.000000
0.056641,-0.154297,0.007812,0.000000,25.453072,12.000000
0.509766,-0.000000,1.162109,0.000000,23.283796,12.000000
0.537109,-0.041016,1.193359,0.000000,24.313637,12.000000
0.544922,-0.000000,1.234375,0.000000,22.833012,12.000000
2.716797,0.087891,0.759766,0.000000,28.615345,12.000000
2.724609,-0.000000,0.880859,0.000000,32.113876,12.000000
2.783203,0.089844,0.824219,0.000000,31.316187,12.000000
4.457031,-0.000000,1.064453,0.000000,31.020905,12.000000
