4.398438,-0.142578,1.119141,0.000000,28.041395,0.000000
4.392578,-0.142578,1.296875,0.000000,31.192558,0.000000
4.412109,-0.144531,1.371094,0.000000,30.542299,0.000000
2.068359,0.064453,-0.271484,-0.614669,26.512779,0.000000
2.105469,0.066406,-0.300781,-0.614669,30.293839,0.000000
2.146484,0.068359,-0.302734,-0.614669,29.912260,0.000000
0.041016,-0.033203,0.062500,0.000000,30.111473,0.000000
0.044922,-0.046875,0.103516,0.000000,29.025467,0.000000
0.011719,-0.039062,-0.007812,0.000000,30.666985,1.000000
0.017578,-0.080078,-0.007812,0.000000,31.925674,1.000000
0.029297,-0.119141,-0.005859,0.000000,30.149403,1.000000
0.056641,-0.154297,0.005859,0.000000,25.477747,1.000000
0.121094,-0.080078,1.259766,0.000000,23.096302,1.000000
0.443359,-0.083984,-1.271484,0.000000,23.031961,1.000000
2.669922,-0.087891,0.910156,0.000000,28.943161,1.000000
2.679688,-0.179688,0.992188,0.000000,32.224564,1.000000
2.771484,-0.089844,0.863281,0.000000,31.306553,1.000000
4.392578,-0.142578,1.292969,0.000000,31.231981,1.000000
4.417969,-0.144531,1.349609,0.000000,30.700378,1.000000
0.009766,0.031250,0.025391,0.000000,29.309490,1.000000
0.041016,-0.033203,0.062500,0.000000,30.119930,1.000000
0.044922,-0.046875,0.103516,0.000000,29.030899,1.000000
0.011719,-0.039062,-0.007812,0.000000,30.666985,2.000000
0.017578,-0.080078,-0.007812,0.000000,31.928461,2.000000
0.029297,-0.119141,-0.005859,0.000000,30.149403,2.000000
0.056641,-0.154297,0.005859,0.000000,25.490032,2.000000
0.185547,-0.080078,1.251953,0.000000,23.053514,2.000000
0.066406,-0.082031,1.304688,0.000000,24.623980,2.000000
0.417969,-0.083984,-1.281250,0.000000,23.074961,2.000000
2.638672,-0.175781,0.986328,0.000000,29.211660,2.000000
2.683594,-0.179688,0.980469,0.000000,32.304489,2.000000
2.777344,-0.089844,0.847656,0.000000,31.303337,2.000000
4.398438,-0.142578,1.275391,0.000000,31.218880,2.000000
4.421875,-0.144531,1.341797,0.000000,30.606977,2.000000
2.074219,-0.000000,-0.468750,-0.614669,25.575071,2.000000
2.107422,-0.000000,-0.511719,-0.614669,26.702459,2.000000
2.128906,-0.000000,-0.589844,-0.614669,25.563025,2.000000
0.041016,-0.033203,0.062500,0.000000,30.111473,2.000000
0.044922,-0.046875,0.103516,0.000000,29.025467,2.000000
0.939453,-2.646484,0.285156,0.000000,26.655809,2.000000
0.011719,-0.039062,-0.007812,0.000000,30.670708,3.000000
0.017578,-0.080078,-0.007812,0.000000,31.928461,3.000000
0.029297,-0.119141,-0.005859,0.000000,30.149403,3.000000
0.056641,-0.154297,0.005859,0.000000,25.477747,3.000000
0.070312,-0.080078,1.263672,0.000000,23.096302,3.000000
0.412109,-0.083984,-1.283203,0.000000,23.031961,3.000000
0.566406,-0.042969,-1.269531,0.000000,21.613680,3.000000
2.203125,-0.138672,0.103516,0.000000,26.263403,3.000000
2.611328,-0.175781,1.056641,0.000000,29.079485,3.000000
2.652344,-0.179688,1.062500,0.000000,32.137833,3.000000
2.751953,-0.089844,0.923828,0.000000,31.034616,3.000000
4.390625,-0.142578,1.148438,0.000000,28.082109,3.000000
4.392578,-0.142578,1.294922,0.000000,31.225435,3.000000
4.417969,-0.144531,1.349609,0.000000,30.659531,3.000000
0.041016,-0.033203,0.062500,0.000000,30.111473,3.000000
0.044922,-0.046875,0.103516,0.000000,29.025467,3.000000
0.011719,-0.039062,-0.007812,0.000000,30.670708,4.000000
0.017578,-0.080078,-0.007812,0.000000,31.928461,4.000000
0.029297,-0.119141,-0.005859,0.000000,30.149403,4.000000
0.056641,-0.154297,0.005859,0.000000,25.477747,4.000000
0.144531,-0.080078,1.257812,0.000000,23.117538,4.000000
0.417969,-0.083984,-1.281250,0.000000,23.053514,4.000000
2.681641,-0.087891,0.873047,0.000000,28.992731,4.000000
2.681641,-0.179688,0.988281,0.000000,32.195847,4.000000
2.773438,-0.089844,0.853516,0.000000,31.258064,4.000000
4.386719,-0.283203,1.134766,0.000000,28.142475,4.000000
4.396484,-0.142578,1.281250,0.000000,31.300119,4.000000
4.417969,-0.144531,1.349609,0.000000,30.689276,4.000000
0.041016,-0.033203,0.062500,0.000000,30.111473,4.000000
0.044922,-0.046875,0.103516,0.000000,29.025467,4.000000
0.011719,-0.039062,-0.007812,0.000000,30.670708,5.000000
0.017578,-0.080078,-0.007812,0.000000,31.928461,5.000000
0.029297,-0.119141,-0.005859,0.000000,30.153597,5.000000
0.056641,-0.154297,0.005859,0.000000,25.477747,5.000000
0.113281,-0.080078,1.259766,0.000000,23.053514,5.000000
0.044922,-0.082031,-1.306641,0.000000,24.593925,5.000000
0.449219,-0.083984,-1.269531,0.000000,22.988531,5.000000
2.560547,-0.175781,1.175781,0.000000,28.981766,5.000000
2.650391,-0.179688,1.068359,0.000000,32.195847,5.000000
2.753906,-0.089844,0.919922,0.000000,31.228710,5.000000
4.392578,-0.142578,1.144531,0.000000,28.273693,5.000000
4.396484,-0.142578,1.281250,0.000000,31.401937,5.000000
4.419922,-0.144531,1.343750,0.000000,30.777311,5.000000
0.041016,-0.033203,0.062500,0.000000,30.115704,5.000000
0.044922,-0.046875,0.103516,0.000000,29.030899,5.000000
0.011719,-0.039062,-0.007812,0.000000,30.674429,6.000000
0.017578,-0.080078,-0.007812,0.000000,31.931246,6.000000
0.029297,-0.119141,-0.005859,0.000000,30.153597,6.000000
0.056641,-0.154297,0.005859,0.000000,25.490032,6.000000
0.187500,-0.080078,1.251953,0.000000,23.096302,6.000000
0.109375,-0.082031,1.302734,0.000000,24.623980,6.000000
0.396484,-0.083984,-1.287109,0.000000,23.031961,6.000000
0.527344,-0.042969,-1.287109,0.000000,21.613680,6.000000
2.162109,-0.134766,-0.068359,0.000000,27.291647,6.000000
2.634766,-0.175781,0.994141,0.000000,29.063351,6.000000
2.669922,-0.179688,1.017578,0.000000,32.224564,6.000000
2.761719,-0.089844,0.892578,0.000000,31.222158,6.000000
4.371094,-0.142578,1.222656,0.000000,28.273693,6.000000
4.392578,-0.142578,1.292969,0.000000,31.476763,6.000000
4.421875,-0.144531,1.341797,0.000000,30.923697,6.000000
4.912109,-0.308594,0.529297,0.000000,29.464523,6.000000
2.156250,-0.134766,-0.179688,-0.614669,27.315887,6.000000
2.201172,-0.138672,-0.115234,-0.614669,26.170004,6.000000
0.041016,-0.033203,0.062500,0.000000,30.115704,6.000000
0.044922,-0.046875,0.103516,0.000000,29.030899,6.000000
0.011719,-0.039062,-0.007812,0.000000,30.666985,7.000000
0.017578,-0.080078,-0.007812,0.000000,31.928461,7.000000
0.029297,-0.119141,-0.005859,0.000000,30.153597,7.000000
0.056641,-0.154297,0.005859,0.000000,25.477747,7.000000
0.144531,-0.080078,1.257812,0.000000,23.074961,7.000000
0.425781,-0.083984,-1.277344,0.000000,23.096302,7.000000
0.568359,-0.042969,-1.269531,0.000000,21.702618,7.000000
2.082031,-0.064453,-0.099609,0.000000,28.061800,7.000000
2.623047,-0.175781,1.027344,0.000000,28.981766,7.000000
2.664062,-0.179688,1.033203,0.000000,32.265999,7.000000
2.759766,-0.089844,0.898438,0.000000,31.287222,7.000000
4.394531,-0.142578,1.289062,0.000000,31.528996,7.000000
4.423828,-0.144531,1.330078,0.000000,31.152777,7.000000
4.904297,-0.308594,0.601562,0.000000,30.744507,7.000000
4.968750,-0.468750,-0.056641,0.000000,29.726656,7.000000
2.039062,-0.064453,-0.142578,-0.614669,28.293037,7.000000
2.074219,-0.064453,-0.216797,-0.614669,28.169039,7.000000
2.099609,-0.066406,-0.335938,-0.614669,26.138418,7.000000
0.041016,-0.033203,0.062500,0.000000,30.111473,7.000000
0.044922,-0.046875,0.103516,0.000000,29.025467,7.000000
0.011719,-0.039062,-0.007812,0.000000,30.670708,8.000000
0.017578,-0.080078,-0.007812,0.000000,31.928461,8.000000
0.029297,-0.119141,-0.005859,0.000000,30.153597,8.000000
0.056641,-0.154297,0.005859,0.000000,25.477747,8.000000
0.101562,-0.080078,1.261719,0.000000,23.117538,8.000000
0.412109,-0.083984,-1.283203,0.000000,23.053514,8.000000
2.593750,-0.175781,1.099609,0.000000,29.227255,8.000000
2.656250,-0.179688,1.054688,0.000000,32.198463,8.000000
2.751953,-0.089844,0.925781,0.000000,31.152777,8.000000
4.388672,-0.142578,1.310547,0.000000,31.364035,8.000000
4.425781,-0.144531,1.324219,0.000000,31.105898,8.000000
4.814453,-0.154297,0.947266,0.000000,29.867718,8.000000
4.896484,-0.308594,0.658203,0.000000,31.664301,8.000000
4.951172,-0.623047,0.109375,0.000000,30.191162,8.000000
2.039062,-0.126953,-0.101562,-0.614669,27.075703,8.000000
2.076172,-0.195312,-0.025391,-0.614669,27.176704,8.000000
0.009766,0.031250,0.025391,0.000000,29.309490,8.000000
0.041016,-0.033203,0.062500,0.000000,30.115704,8.000000
0.044922,-0.046875,0.103516,0.000000,29.030899,8.000000
0.011719,-0.039062,-0.007812,0.000000,30.659531,9.000000
0.017578,-0.080078,-0.007812,0.000000,31.928461,9.000000
0.029297,-0.119141,-0.005859,0.000000,30.153597,9.000000
0.056641,-0.154297,0.007812,0.000000,25.477747,9.000000
0.117188,-0.080078,1.259766,0.000000,23.096302,9.000000
0.429688,-0.083984,-1.277344,0.000000,23.074961,9.000000
0.556641,-0.042969,-1.273438,0.000000,21.643528,9.000000
2.632812,-0.175781,1.003906,0.000000,29.143431,9.000000
2.664062,-0.179688,1.033203,0.000000,32.271152,9.000000
2.759766,-0.089844,0.900391,0.000000,31.258064,9.000000
4.396484,-0.142578,1.279297,0.000000,31.296900,9.000000
4.429688,-0.144531,1.316406,0.000000,30.962147,9.000000
4.902344,-0.308594,0.607422,0.000000,31.215599,9.000000
4.951172,-0.623047,-0.042969,0.000000,30.090258,9.000000
0.041016,-0.033203,0.062500,0.000000,30.107239,9.000000
0.044922,-0.046875,0.103516,0.000000,29.020029,9.000000
0.011719,-0.039062,-0.007812,0.000000,30.674429,10.000000
0.017578,-0.080078,-0.007812,0.000000,31.928461,10.000000
0.029297,-0.119141,-0.005859,0.000000,30.153597,10.000000
0.056641,-0.154297,0.005859,0.000000,25.490032,10.000000
0.089844,-0.080078,1.261719,0.000000,23.074961,10.000000
0.423828,-0.083984,-1.279297,0.000000,23.031961,10.000000
0.562500,-0.042969,-1.271484,0.000000,21.613680,10.000000
2.621094,-0.175781,1.031250,0.000000,29.122221,10.000000
2.666016,-0.179688,1.027344,0.000000,32.301933,10.000000
2.759766,-0.089844,0.902344,0.000000,31.274288,10.000000
4.363281,-0.283203,1.226562,0.000000,27.824726,10.000000
4.402344,-0.142578,1.259766,0.000000,31.458178,10.000000
4.425781,-0.144531,1.328125,0.000000,31.024338,10.000000
4.908203,-0.308594,0.560547,0.000000,30.257154,10.000000
4.923828,-0.779297,-0.250000,0.000000,29.395193,10.000000
0.041016,-0.033203,0.062500,0.000000,30.111473,10.000000
0.044922,-0.046875,0.103516,0.000000,29.025467,10.000000
0.011719,-0.039062,-0.007812,0.000000,30.666985,11.000000
0.017578,-0.080078,-0.007812,0.000000,31.928461,11.000000
0.029297,-0.119141,-0.005859,0.000000,30.153597,11.000000
0.056641,-0.154297,0.005859,0.000000,25.477747,11.000000
0.111328,-0.080078,1.261719,0.000000,23.096302,11.000000
0.417969,-0.083984,-1.281250,0.000000,23.096302,11.000000
0.572266,-0.042969,-1.265625,0.000000,21.702618,11.000000
2.617188,-0.175781,1.041016,0.000000,29.180304,11.000000
2.658203,-0.179688,1.048828,0.000000,32.278866,11.000000
2.757812,-0.089844,0.904297,0.000000,31.312979,11.000000
4.392578,-0.142578,1.292969,0.000000,31.195858,11.000000
4.402344,-0.144531,1.400391,0.000000,30.737183,11.000000
4.898438,-0.308594,0.642578,0.000000,31.109262,11.000000
4.951172,-0.623047,-0.031250,0.000000,29.666109,11.000000
0.009766,0.031250,0.025391,0.000000,29.309490,11.000000
0.041016,-0.033203,0.062500,0.000000,30.115704,11.000000
0.044922,-0.046875,0.103516,0.000000,29.030899,11.000000
0.011719,-0.039062,-0.007812,0.000000,30.674429,12.000000
0.017578,-0.080078,-0.007812,0.000000,31.931246,12.000000
0.029297,-0.119141,-0.005859,0.000000,30.153597,12.000000
0.056641,-0.154297,0.005859,0.000000,25.477747,12.000000
0.162109,-0.080078,1.255859,0.000000,23.096302,12.000000
0.423828,-0.083984,-1.279297,0.000000,23.074961,12.000000
1.996094,-0.187500,-0.033203,0.000000,27.573959,12.000000
2.601562,-0.175781,1.082031,0.000000,28.976271,12.000000
2.654297,-0.179688,1.056641,0.000000,32.156376,12.000000
2.755859,-0.089844,0.916016,0.000000,31.192558,12.000000
4.402344,-0.142578,1.259766,0.000000,31.370375,12.000000
4.404297,-0.144531,1.396484,0.000000,30.979511,12.000000
4.839844,-0.154297,0.802734,0.000000,29.670797,12.000000
4.902344,-0.308594,0.605469,0.000000,31.136091,12.000000
4.968750,-0.468750,-0.017578,0.000000,29.731279,12.000000
2.029297,-0.255859,-0.046875,-0.614669,27.218105,12.000000
0.041016,-0.033203,0.062500,0.000000,30.115704,12.000000
0.044922,-0.046875,0.103516,0.000000,29.030899,12.000000
0.011719,-0.039062,-0.007812,0.000000,30.659531,13.000000
0.017578,-0.080078,-0.007812,0.000000,31.925674,13.000000
0.029297,-0.119141,-0.005859,0.000000,30.153597,13.000000
0.056641,-0.154297,0.005859,0.000000,25.477747,13.000000
0.167969,-0.080078,1.253906,0.000000,23.117538,13.000000
0.101562,-0.082031,1.302734,0.000000,24.653828,13.000000
0.386719,-0.083984,-1.291016,0.000000,23.074961,13.000000
0.541016,-0.042969,-1.281250,0.000000,21.613680,13.000000
1.955078,-0.183594,-0.005859,0.000000,27.774269,13.000000
1.996094,-0.187500,-0.027344,0.000000,28.733206,13.000000
2.611328,-0.175781,1.058594,0.000000,28.932068,13.000000
2.654297,-0.179688,1.060547,0.000000,32.119209,13.000000
2.751953,-0.089844,0.923828,0.000000,31.109262,13.000000
4.396484,-0.142578,1.283203,0.000000,31.238516,13.000000
4.382812,-0.144531,1.458984,0.000000,30.874264,13.000000
4.835938,-0.306641,0.783203,0.000000,29.813656,13.000000
4.908203,-0.308594,0.550781,0.000000,31.357685,13.000000
4.951172,-0.623047,0.017578,0.000000,29.925535,13.000000
0.041016,-0.033203,0.062500,0.000000,30.119930,13.000000
0.044922,-0.046875,0.103516,0.000000,29.036325,13.000000
0.011719,-0.039062,-0.007812,0.000000,30.666985,14.000000
0.017578,-0.080078,-0.007812,0.000000,31.928461,14.000000
0.029297,-0.119141,-0.005859,0.000000,30.149403,14.000000
0.056641,-0.154297,0.005859,0.000000,25.477747,14.000000
0.154297,-0.080078,1.255859,0.000000,23.117538,14.000000
0.441406,-0.083984,-1.273438,0.000000,23.053514,14.000000
2.621094,-0.175781,1.033203,0.000000,29.100906,14.000000
2.662109,-0.179688,1.039062,0.000000,32.206310,14.000000
2.748047,-0.089844,0.933594,0.000000,31.095785,14.000000
4.394531,-0.142578,1.289062,0.000000,31.231981,14.000000
4.371094,-0.144531,1.494141,0.000000,30.982975,14.000000
4.888672,-0.308594,0.707031,0.000000,30.835026,14.000000
4.929688,-0.779297,-0.005859,0.000000,29.890047,14.000000
0.041016,-0.033203,0.062500,0.000000,30.115704,14.000000
0.044922,-0.046875,0.103516,0.000000,29.030899,14.000000
4.968750,-0.468750,0.091797,0.000000,29.849771,14.000000
0.011719,-0.039062,-0.007812,0.000000,30.670708,15.000000
0.017578,-0.080078,-0.007812,0.000000,31.928461,15.000000
0.029297,-0.119141,-0.005859,0.000000,30.153597,15.000000
0.056641,-0.154297,0.005859,0.000000,25.477747,15.000000
0.154297,-0.080078,1.255859,0.000000,23.117538,15.000000
0.435547,-0.083984,-1.275391,0.000000,23.074961,15.000000
2.607422,-0.175781,1.064453,0.000000,29.009130,15.000000
2.656250,-0.179688,1.054688,0.000000,32.203697,15.000000
