1.119141,0.072266,0.230469,0.000000,28.627275,0.000000
1.160156,0.074219,0.232422,0.000000,26.201361,0.000000
2.542969,-0.263672,1.195312,0.000000,29.365137,0.000000
2.603516,-0.267578,1.164062,0.000000,32.667019,0.000000
2.658203,-0.181641,1.156250,0.000000,31.914511,0.000000
4.410156,-0.287109,1.207031,0.000000,31.348145,0.000000
4.455078,-0.289062,1.201172,0.000000,30.849337,0.000000
4.875000,-0.308594,0.800781,0.000000,30.934217,0.000000
0.041016,-0.033203,0.062500,0.000000,30.102999,0.000000
0.052734,-0.042969,0.101562,0.000000,28.992731,0.000000
0.011719,-0.039062,-0.007812,0.000000,30.726175,1.000000
0.017578,-0.080078,-0.007812,0.000000,31.961761,1.000000
0.029297,-0.119141,-0.005859,0.000000,30.224283,1.000000
0.056641,-0.154297,0.005859,0.000000,25.502283,1.000000
0.832031,-0.080078,-0.201172,0.000000,25.670263,1.000000
0.876953,-0.083984,-0.183594,0.000000,30.799046,1.000000
0.923828,-0.058594,-0.171875,0.000000,32.232361,1.000000
0.962891,-0.060547,-0.181641,0.000000,30.318123,1.000000
1.007812,-0.000000,-0.171875,0.000000,26.324574,1.000000
1.046875,0.033203,-0.187500,0.000000,22.624512,1.000000
2.564453,-0.263672,1.150391,0.000000,29.484129,1.000000
2.609375,-0.267578,1.150391,0.000000,32.789822,1.000000
2.664062,-0.181641,1.140625,0.000000,32.087101,1.000000
4.423828,-0.287109,1.154297,0.000000,31.195858,1.000000
4.482422,-0.289062,1.091797,0.000000,30.849337,1.000000
4.826172,-0.306641,0.845703,0.000000,30.338257,1.000000
4.878906,-0.308594,0.769531,0.000000,31.386185,1.000000
0.041016,-0.033203,0.062500,0.000000,30.098757,1.000000
0.052734,-0.042969,0.101562,0.000000,28.981766,1.000000
2.664062,-2.003906,-3.142578,0.000000,28.228216,1.000000
0.011719,-0.039062,-0.007812,0.000000,30.726175,2.000000
0.017578,-0.080078,-0.007812,0.000000,31.958996,2.000000
0.029297,-0.119141,-0.005859,0.000000,30.224283,2.000000
0.056641,-0.154297,0.005859,0.000000,25.502283,2.000000
0.851562,-0.052734,-0.091797,0.000000,23.873898,2.000000
0.890625,-0.027344,-0.119141,0.000000,30.358297,2.000000
0.931641,-0.029297,-0.128906,0.000000,32.352760,2.000000
0.972656,-0.031250,-0.136719,0.000000,30.856472,2.000000
1.011719,-0.000000,-0.146484,0.000000,26.127838,2.000000
1.076172,0.103516,0.226562,0.000000,27.355989,2.000000
1.117188,0.107422,0.226562,0.000000,28.518696,2.000000
2.539062,-0.263672,1.205078,0.000000,29.429996,2.000000
2.599609,-0.267578,1.169922,0.000000,32.798950,2.000000
2.660156,-0.181641,1.150391,0.000000,32.108532,2.000000
4.408203,-0.287109,1.210938,0.000000,30.648323,2.000000
4.460938,-0.289062,1.175781,0.000000,30.107239,2.000000
4.869141,-0.464844,0.757812,0.000000,30.178677,2.000000
0.041016,-0.033203,0.062500,0.000000,30.107239,2.000000
0.052734,-0.042969,0.101562,0.000000,28.987251,2.000000
0.011719,-0.039062,-0.007812,0.000000,30.726175,3.000000
0.017578,-0.080078,-0.007812,0.000000,31.961761,3.000000
0.029297,-0.119141,-0.005859,0.000000,30.224283,3.000000
0.056641,-0.154297,0.005859,0.000000,25.490032,3.000000
0.853516,-0.027344,-0.099609,0.000000,25.599066,3.000000
0.890625,-0.027344,-0.121094,0.000000,31.637575,3.000000
0.931641,-0.029297,-0.128906,0.000000,33.481102,3.000000
0.972656,-0.031250,-0.126953,0.000000,31.760912,3.000000
1.017578,-0.064453,-0.068359,0.000000,25.453072,3.000000
1.054688,0.132812,0.052734,0.000000,25.622929,3.000000
1.076172,0.138672,0.208984,0.000000,29.628428,3.000000
1.113281,0.142578,0.230469,0.000000,31.089031,3.000000
1.152344,0.148438,0.236328,0.000000,29.523081,3.000000
2.533203,-0.263672,1.216797,0.000000,29.355072,3.000000
2.597656,-0.267578,1.175781,0.000000,32.743889,3.000000
2.656250,-0.181641,1.160156,0.000000,32.041199,3.000000
4.412109,-0.287109,1.199219,0.000000,30.842186,3.000000
4.466797,-0.289062,1.154297,0.000000,30.480532,3.000000
4.876953,-0.308594,0.785156,0.000000,30.916670,3.000000
0.041016,-0.033203,0.062500,0.000000,30.098757,3.000000
0.052734,-0.042969,0.103516,0.000000,28.981766,3.000000
2.689453,-2.003906,-3.121094,0.000000,28.202015,3.000000
2.664062,-2.021484,-3.191406,0.000000,27.678976,3.000000
0.011719,-0.039062,-0.007812,0.000000,30.729847,4.000000
0.017578,-0.080078,-0.007812,0.000000,31.961761,4.000000
0.029297,-0.119141,-0.005859,0.000000,30.224283,4.000000
0.056641,-0.154297,0.005859,0.000000,25.502283,4.000000
0.847656,-0.052734,-0.125000,0.000000,21.238516,4.000000
0.878906,-0.027344,-0.187500,0.000000,26.211763,4.000000
0.923828,-0.058594,-0.167969,0.000000,27.435097,4.000000
0.974609,-0.060547,-0.099609,0.000000,26.095943,4.000000
1.021484,-0.031250,-0.037109,0.000000,23.692158,4.000000
1.076172,0.138672,0.205078,0.000000,27.895807,4.000000
1.111328,0.142578,0.232422,0.000000,30.178677,4.000000
1.154297,0.148438,0.232422,0.000000,28.686445,4.000000
2.541016,-0.263672,1.201172,0.000000,29.420080,4.000000
2.599609,-0.267578,1.169922,0.000000,32.746197,4.000000
2.662109,-0.181641,1.146484,0.000000,31.994808,4.000000
4.412109,-0.287109,1.199219,0.000000,31.061909,4.000000
4.460938,-0.289062,1.171875,0.000000,30.610754,4.000000
4.896484,-0.308594,0.650391,0.000000,30.421816,4.000000
0.041016,-0.033203,0.062500,0.000000,30.102999,4.000000
0.052734,-0.042969,0.101562,0.000000,28.987251,4.000000
0.011719,-0.039062,-0.007812,0.000000,30.722500,5.000000
0.017578,-0.080078,-0.007812,0.000000,31.956230,5.000000
0.029297,-0.119141,-0.005859,0.000000,30.220158,5.000000
0.056641,-0.154297,0.005859,0.000000,25.490032,5.000000
0.853516,-0.000000,-0.091797,0.000000,25.198280,5.000000
0.890625,-0.000000,-0.134766,0.000000,31.089031,5.000000
0.925781,0.029297,-0.169922,0.000000,32.655254,5.000000
0.962891,0.031250,-0.189453,0.000000,30.722500,5.000000
1.005859,0.031250,-0.181641,0.000000,25.877110,5.000000
1.054688,0.066406,-0.111328,0.000000,22.253094,5.000000
1.083984,0.138672,0.162109,0.000000,26.627579,5.000000
1.111328,0.179688,0.207031,0.000000,29.872192,5.000000
1.148438,0.185547,0.230469,0.000000,29.360107,5.000000
2.541016,-0.263672,1.201172,0.000000,29.429996,5.000000
2.601562,-0.267578,1.167969,0.000000,32.706787,5.000000
2.660156,-0.181641,1.154297,0.000000,31.914511,5.000000
4.421875,-0.287109,1.164062,0.000000,30.799046,5.000000
4.468750,-0.289062,1.146484,0.000000,30.236639,5.000000
4.890625,-0.308594,0.691406,0.000000,30.406023,5.000000
0.041016,-0.033203,0.062500,0.000000,30.102999,5.000000
0.052734,-0.042969,0.101562,0.000000,28.987251,5.000000
0.011719,-0.039062,-0.007812,0.000000,30.729847,6.000000
0.017578,-0.080078,-0.007812,0.000000,31.958996,6.000000
0.029297,-0.119141,-0.005859,0.000000,30.220158,6.000000
0.056641,-0.154297,0.005859,0.000000,25.490032,6.000000
0.847656,0.027344,-0.138672,0.000000,24.533184,6.000000
0.886719,0.027344,-0.146484,0.000000,31.078880,6.000000
0.927734,0.029297,-0.154297,0.000000,33.106934,6.000000
0.966797,0.031250,-0.169922,0.000000,31.341770,6.000000
1.001953,0.064453,-0.195312,0.000000,23.944517,6.000000
1.074219,0.207031,0.150391,0.000000,25.440680,6.000000
1.105469,0.214844,0.207031,0.000000,29.863237,6.000000
1.150391,0.185547,0.222656,0.000000,30.496056,6.000000
2.544922,-0.263672,1.193359,0.000000,29.365137,6.000000
2.603516,-0.267578,1.162109,0.000000,32.720737,6.000000
2.662109,-0.181641,1.148438,0.000000,31.961761,6.000000
4.437500,-0.287109,1.099609,0.000000,30.503798,6.000000
4.498047,-0.289062,1.029297,0.000000,29.991306,6.000000
4.734375,-0.449219,-0.537109,0.000000,30.663260,6.000000
4.785156,-0.453125,-0.453125,0.000000,31.228710,6.000000
4.882812,-0.308594,0.744141,0.000000,30.784569,6.000000
0.041016,-0.033203,0.062500,0.000000,30.098757,6.000000
0.052734,-0.042969,0.101562,0.000000,28.981766,6.000000
0.414062,0.478516,0.802734,0.000000,21.238516,6.000000
2.693359,-2.003906,-3.117188,0.000000,27.958799,6.000000
2.607422,-2.021484,-3.238281,0.000000,27.512791,6.000000
0.011719,-0.039062,-0.007812,0.000000,30.722500,7.000000
0.017578,-0.080078,-0.007812,0.000000,31.958996,7.000000
0.029297,-0.119141,-0.005859,0.000000,30.220158,7.000000
0.056641,-0.154297,0.005859,0.000000,25.490032,7.000000
0.826172,0.052734,-0.230469,0.000000,23.710678,7.000000
0.867188,0.056641,-0.232422,0.000000,30.051805,7.000000
0.910156,0.029297,-0.236328,0.000000,32.148438,7.000000
0.958984,0.031250,-0.210938,0.000000,30.530785,7.000000
1.021484,0.031250,-0.019531,0.000000,24.712917,7.000000
1.105469,0.250000,0.160156,0.000000,25.705429,7.000000
1.144531,0.259766,0.167969,0.000000,26.739420,7.000000
2.554688,-0.263672,1.171875,0.000000,29.405165,7.000000
2.603516,-0.267578,1.160156,0.000000,32.750809,7.000000
2.656250,-0.181641,1.160156,0.000000,32.073650,7.000000
4.408203,-0.287109,1.212891,0.000000,30.766405,7.000000
4.466797,-0.289062,1.152344,0.000000,30.390173,7.000000
4.732422,-0.449219,-0.552734,0.000000,33.226326,7.000000
4.769531,-0.603516,-0.443359,0.000000,33.823772,7.000000
4.839844,-0.457031,-0.240234,0.000000,30.729847,7.000000
4.892578,-0.308594,0.689453,0.000000,30.429691,7.000000
0.041016,-0.033203,0.062500,0.000000,30.094509,7.000000
0.052734,-0.042969,0.101562,0.000000,28.981766,7.000000
2.710938,-2.003906,-3.103516,0.000000,28.055008,7.000000
2.689453,-2.021484,-3.169922,0.000000,27.619278,7.000000
4.796875,-0.300781,-0.445312,0.000000,33.820171,7.000000
0.011719,-0.039062,-0.007812,0.000000,30.718821,8.000000
0.017578,-0.080078,-0.007812,0.000000,31.956230,8.000000
0.029297,-0.119141,-0.005859,0.000000,30.220158,8.000000
0.056641,-0.154297,0.005859,0.000000,25.490032,8.000000
0.849609,0.052734,-0.109375,0.000000,22.624512,8.000000
0.894531,0.027344,-0.087891,0.000000,29.898945,8.000000
0.933594,0.058594,-0.097656,0.000000,32.828487,8.000000
0.974609,0.060547,-0.101562,0.000000,32.340107,8.000000
1.011719,0.095703,-0.117188,0.000000,28.267225,8.000000
2.533203,-0.263672,1.214844,0.000000,29.479237,8.000000
2.603516,-0.267578,1.162109,0.000000,32.746197,8.000000
2.667969,-0.181641,1.132812,0.000000,31.914511,8.000000
4.412109,-0.287109,1.197266,0.000000,30.791813,8.000000
4.490234,-0.289062,1.060547,0.000000,30.678144,8.000000
4.701172,-0.296875,-0.572266,0.000000,29.666109,8.000000
4.738281,-0.449219,-0.505859,0.000000,33.624825,8.000000
4.789062,-0.453125,-0.412109,0.000000,34.116196,8.000000
4.855469,-0.304688,-0.146484,0.000000,30.715137,8.000000
4.828125,-0.460938,0.751953,0.000000,30.086002,8.000000
4.871094,-0.308594,0.824219,0.000000,30.979511,8.000000
0.041016,-0.033203,0.062500,0.000000,30.098757,8.000000
0.052734,-0.042969,0.101562,0.000000,28.981766,8.000000
2.662109,-2.003906,-3.144531,0.000000,28.182259,8.000000
2.441406,-2.021484,-3.363281,0.000000,27.930916,8.000000
0.011719,-0.039062,-0.007812,0.000000,30.729847,9.000000
0.017578,-0.080078,-0.007812,0.000000,31.961761,9.000000
0.029297,-0.119141,-0.005859,0.000000,30.220158,9.000000
0.056641,-0.154297,0.005859,0.000000,25.502283,9.000000
0.855469,-0.000000,-0.072266,0.000000,20.170334,9.000000
0.890625,0.056641,-0.109375,0.000000,28.692318,9.000000
0.931641,0.058594,-0.113281,0.000000,32.169571,9.000000
0.968750,0.091797,-0.130859,0.000000,31.900515,9.000000
0.998047,0.126953,-0.181641,0.000000,28.744818,9.000000
1.005859,0.232422,-0.251953,0.000000,25.646660,9.000000
1.074219,0.242188,-0.074219,0.000000,24.297523,9.000000
1.107422,0.214844,0.203125,0.000000,27.259117,9.000000
1.136719,0.259766,0.216797,0.000000,29.698816,9.000000
1.177734,0.267578,0.218750,0.000000,28.305887,9.000000
2.533203,-0.263672,1.214844,0.000000,29.537598,9.000000
2.597656,-0.267578,1.175781,0.000000,32.821690,9.000000
2.658203,-0.181641,1.156250,0.000000,32.132519,9.000000
4.394531,-0.287109,1.261719,0.000000,30.820669,9.000000
4.466797,-0.289062,1.150391,0.000000,30.813473,9.000000
4.683594,-0.445312,-0.621094,0.000000,29.459606,9.000000
4.738281,-0.449219,-0.509766,0.000000,33.062103,9.000000
4.787109,-0.453125,-0.414062,0.000000,33.712524,9.000000
4.841797,-0.457031,-0.205078,0.000000,30.240749,9.000000
4.869141,-0.308594,0.830078,0.000000,30.614525,9.000000
0.041016,-0.033203,0.062500,0.000000,30.098757,9.000000
0.052734,-0.042969,0.101562,0.000000,28.981766,9.000000
2.830078,-2.003906,-2.994141,0.000000,27.909885,9.000000
0.011719,-0.039062,-0.007812,0.000000,30.726175,10.000000
0.017578,-0.080078,-0.007812,0.000000,31.958996,10.000000
0.029297,-0.119141,-0.005859,0.000000,30.220158,10.000000
0.056641,-0.154297,0.005859,0.000000,25.490032,10.000000
0.841797,0.080078,-0.148438,0.000000,21.398790,10.000000
0.888672,0.083984,-0.109375,0.000000,29.143431,10.000000
0.931641,0.087891,-0.099609,0.000000,32.576786,10.000000
0.972656,0.091797,-0.091797,0.000000,32.474823,10.000000
1.015625,0.095703,-0.068359,0.000000,28.926510,10.000000
2.541016,-0.263672,1.197266,0.000000,29.420080,10.000000
2.595703,-0.267578,1.179688,0.000000,32.757717,10.000000
2.646484,-0.181641,1.183594,0.000000,32.057457,10.000000
4.396484,-0.287109,1.257812,0.000000,30.726175,10.000000
4.410156,-0.433594,1.312500,0.000000,30.390173,10.000000
4.734375,-0.449219,-0.535156,0.000000,33.348557,10.000000
4.783203,-0.453125,-0.462891,0.000000,34.153072,10.000000
4.849609,-0.304688,-0.285156,0.000000,31.408222,10.000000
4.855469,-0.306641,0.650391,0.000000,29.717396,10.000000
4.880859,-0.308594,0.759766,0.000000,30.740847,10.000000
0.041016,-0.033203,0.062500,0.000000,30.098757,10.000000
0.052734,-0.042969,0.101562,0.000000,28.981766,10.000000
2.810547,-2.003906,-3.011719,0.000000,27.895807,10.000000
2.953125,-2.021484,-2.925781,0.000000,27.403627,10.000000
0.011719,-0.039062,-0.007812,0.000000,30.729847,11.000000
0.017578,-0.080078,-0.007812,0.000000,31.961761,11.000000
0.029297,-0.119141,-0.005859,0.000000,30.228407,11.000000
0.056641,-0.154297,0.005859,0.000000,25.502283,11.000000
0.830078,0.107422,-0.189453,0.000000,20.334238,11.000000
0.886719,0.083984,-0.128906,0.000000,27.701153,11.000000
0.929688,0.087891,-0.117188,0.000000,30.704073,11.000000
0.970703,0.091797,-0.109375,0.000000,29.717396,11.000000
1.019531,0.064453,-0.052734,0.000000,23.521826,11.000000
1.128906,0.259766,0.257812,0.000000,26.414742,11.000000
2.535156,-0.263672,1.212891,0.000000,29.400181,11.000000
2.593750,-0.267578,1.181641,0.000000,32.704460,11.000000
2.642578,-0.181641,1.191406,0.000000,31.939590,11.000000
4.390625,-0.287109,1.277344,0.000000,30.827854,11.000000
4.361328,-0.433594,1.470703,0.000000,30.398106,11.000000
4.736328,-0.449219,-0.521484,0.000000,33.023308,11.000000
4.783203,-0.453125,-0.457031,0.000000,33.600250,11.000000
4.853516,-0.304688,-0.199219,0.000000,30.330214,11.000000
4.828125,-0.460938,0.759766,0.000000,29.777237,11.000000
