0.017578,-0.080078,-0.009766,0.000000,31.967287,0.000000
0.029297,-0.119141,-0.005859,0.000000,30.228407,0.000000
0.056641,-0.154297,0.005859,0.000000,25.490032,0.000000
0.087891,-0.080078,1.261719,0.000000,23.138672,0.000000
0.056641,-0.082031,-1.304688,0.000000,24.608978,0.000000
0.423828,-0.083984,-1.279297,0.000000,22.988531,0.000000
0.541016,-0.042969,-1.281250,0.000000,21.613680,0.000000
2.658203,-0.179688,1.048828,0.000000,32.237553,0.000000
2.755859,-0.089844,0.914062,0.000000,31.271048,0.000000
4.410156,-0.142578,1.236328,0.000000,31.411362,0.000000
4.431641,-0.144531,1.308594,0.000000,31.290451,0.000000
4.738281,-0.298828,-0.611328,0.000000,33.354580,0.000000
4.775391,-0.300781,-0.640625,0.000000,34.001926,0.000000
4.808594,-0.152344,-0.748047,0.000000,30.606977,0.000000
4.900391,-0.308594,0.628906,0.000000,31.119343,0.000000
4.951172,-0.623047,0.039062,0.000000,29.827234,0.000000
0.011719,0.031250,0.025391,0.000000,29.375179,0.000000
0.041016,-0.033203,0.062500,0.000000,30.128372,0.000000
0.052734,-0.042969,0.101562,0.000000,28.998205,0.000000
0.011719,-0.039062,-0.007812,0.000000,30.729847,1.000000
0.017578,-0.080078,-0.007812,0.000000,31.964525,1.000000
0.029297,-0.119141,-0.005859,0.000000,30.228407,1.000000
0.056641,-0.154297,0.005859,0.000000,25.502283,1.000000
0.144531,-0.080078,1.257812,0.000000,23.117538,1.000000
0.041016,-0.082031,1.306641,0.000000,24.593925,1.000000
0.410156,-0.083984,-1.283203,0.000000,22.988531,1.000000
0.539062,-0.042969,-1.281250,0.000000,21.553360,1.000000
2.085938,1.207031,-0.123047,0.000000,27.218105,1.000000
2.062500,1.304688,-0.259766,0.000000,25.820633,1.000000
2.615234,-0.175781,1.048828,0.000000,28.992731,1.000000
2.658203,-0.179688,1.050781,0.000000,32.260841,1.000000
2.751953,-0.089844,0.921875,0.000000,31.312979,1.000000
4.412109,-0.142578,1.226562,0.000000,31.383026,1.000000
4.437500,-0.144531,1.287109,0.000000,31.271048,1.000000
4.736328,-0.298828,-0.615234,0.000000,33.334473,1.000000
4.773438,-0.300781,-0.648438,0.000000,33.974186,1.000000
4.806641,-0.152344,-0.750000,0.000000,30.523090,1.000000
4.896484,-0.308594,0.652344,0.000000,31.136091,1.000000
4.951172,-0.623047,0.087891,0.000000,29.849771,1.000000
0.011719,0.031250,0.025391,0.000000,29.385197,1.000000
0.041016,-0.033203,0.062500,0.000000,30.132587,1.000000
0.052734,-0.042969,0.103516,0.000000,29.003672,1.000000
2.154297,1.150391,-0.234375,0.000000,25.797836,1.000000
0.011719,-0.039062,-0.007812,0.000000,30.733517,2.000000
0.017578,-0.080078,-0.009766,0.000000,31.967287,2.000000
0.029297,-0.119141,-0.005859,0.000000,30.228407,2.000000
0.056641,-0.154297,0.005859,0.000000,25.490032,2.000000
0.169922,-0.080078,1.253906,0.000000,23.117538,2.000000
0.080078,-0.082031,1.304688,0.000000,24.593925,2.000000
0.400391,-0.083984,-1.285156,0.000000,22.988531,2.000000
0.535156,-0.042969,-1.283203,0.000000,21.613680,2.000000
2.613281,-0.175781,1.052734,0.000000,28.981766,2.000000
2.660156,-0.179688,1.046875,0.000000,32.245331,2.000000
2.753906,-0.089844,0.917969,0.000000,31.274288,2.000000
4.408203,-0.142578,1.238281,0.000000,31.414497,2.000000
4.431641,-0.144531,1.304688,0.000000,31.296900,2.000000
4.736328,-0.298828,-0.617188,0.000000,33.342525,2.000000
4.771484,-0.300781,-0.660156,0.000000,34.000195,2.000000
4.796875,-0.152344,-0.808594,0.000000,30.670708,2.000000
4.900391,-0.308594,0.623047,0.000000,30.944712,2.000000
4.951172,-0.623047,0.048828,0.000000,29.845274,2.000000
0.011719,0.031250,0.025391,0.000000,29.385197,2.000000
0.041016,-0.033203,0.062500,0.000000,30.132587,2.000000
0.052734,-0.042969,0.103516,0.000000,28.998205,2.000000
0.011719,-0.039062,-0.007812,0.000000,30.737183,3.000000
0.017578,-0.080078,-0.007812,0.000000,31.967287,3.000000
0.029297,-0.119141,-0.005859,0.000000,30.228407,3.000000
0.056641,-0.154297,0.005859,0.000000,25.490032,3.000000
0.130859,-0.080078,1.259766,0.000000,23.096302,3.000000
0.425781,-0.083984,-1.279297,0.000000,22.966652,3.000000
0.548828,-0.042969,-1.277344,0.000000,21.583626,3.000000
2.160156,1.150391,-0.191406,0.000000,27.084209,3.000000
2.660156,-0.179688,1.044922,0.000000,32.250507,3.000000
2.755859,-0.089844,0.912109,0.000000,31.287222,3.000000
4.414062,-0.142578,1.222656,0.000000,31.383026,3.000000
4.435547,-0.144531,1.292969,0.000000,31.274288,3.000000
4.734375,-0.298828,-0.628906,0.000000,33.336487,3.000000
4.769531,-0.300781,-0.675781,0.000000,33.989811,3.000000
4.798828,-0.152344,-0.804688,0.000000,30.584261,3.000000
4.898438,-0.308594,0.640625,0.000000,31.109262,3.000000
4.951172,-0.623047,0.058594,0.000000,29.881128,3.000000
2.066406,1.111328,-0.355469,-0.614669,24.548449,3.000000
2.068359,1.207031,-0.300781,-0.614669,27.032913,3.000000
0.011719,0.031250,0.025391,0.000000,29.375179,3.000000
0.041016,-0.033203,0.062500,0.000000,30.132587,3.000000
0.052734,-0.042969,0.103516,0.000000,28.998205,3.000000
0.011719,-0.039062,-0.007812,0.000000,30.737183,4.000000
0.017578,-0.080078,-0.007812,0.000000,31.967287,4.000000
0.029297,-0.119141,-0.005859,0.000000,30.228407,4.000000
0.056641,-0.154297,0.005859,0.000000,25.490032,4.000000
0.089844,-0.080078,1.261719,0.000000,23.096302,4.000000
0.029297,-0.082031,-1.306641,0.000000,24.563660,4.000000
0.414062,-0.083984,-1.281250,0.000000,22.944662,4.000000
0.548828,-0.042969,-1.277344,0.000000,21.583626,4.000000
2.166016,1.074219,-0.425781,0.000000,25.965971,4.000000
2.658203,-0.179688,1.046875,0.000000,32.255676,4.000000
2.755859,-0.089844,0.914062,0.000000,31.283993,4.000000
4.412109,-0.142578,1.226562,0.000000,31.401937,4.000000
4.433594,-0.144531,1.298828,0.000000,31.283993,4.000000
4.736328,-0.298828,-0.621094,0.000000,33.324383,4.000000
4.773438,-0.300781,-0.654297,0.000000,33.974186,4.000000
4.806641,-0.152344,-0.751953,0.000000,30.622059,4.000000
4.896484,-0.308594,0.650391,0.000000,31.027765,4.000000
4.951172,-0.623047,0.107422,0.000000,29.840771,4.000000
2.101562,1.130859,-0.353516,-0.614669,25.682016,4.000000
0.009766,0.031250,0.025391,0.000000,29.380192,4.000000
0.041016,-0.033203,0.062500,0.000000,30.128372,4.000000
0.052734,-0.042969,0.103516,0.000000,28.992731,4.000000
0.011719,-0.039062,-0.007812,0.000000,30.740847,5.000000
0.017578,-0.080078,-0.007812,0.000000,31.964525,5.000000
0.029297,-0.119141,-0.005859,0.000000,30.224283,5.000000
0.056641,-0.154297,0.005859,0.000000,25.490032,5.000000
0.111328,-0.080078,1.261719,0.000000,23.117538,5.000000
0.431641,-0.083984,-1.275391,0.000000,23.010300,5.000000
2.658203,-0.179688,1.048828,0.000000,32.255676,5.000000
2.753906,-0.089844,0.916016,0.000000,31.290451,5.000000
4.416016,-0.142578,1.210938,0.000000,31.401937,5.000000
4.437500,-0.144531,1.289062,0.000000,31.280760,5.000000
4.736328,-0.298828,-0.626953,0.000000,33.346546,5.000000
4.769531,-0.300781,-0.671875,0.000000,33.988079,5.000000
4.798828,-0.152344,-0.800781,0.000000,30.511526,5.000000
4.880859,-0.308594,0.759766,0.000000,31.095785,5.000000
4.949219,-0.623047,0.132812,0.000000,29.790930,5.000000
2.048828,1.185547,-0.156250,-0.614669,24.440449,5.000000
2.119141,1.130859,-0.224609,-0.614669,26.364880,5.000000
2.136719,1.150391,-0.367188,-0.614669,26.063814,5.000000
0.011719,0.031250,0.025391,0.000000,29.380192,5.000000
0.041016,-0.033203,0.062500,0.000000,30.128372,5.000000
0.052734,-0.042969,0.103516,0.000000,28.992731,5.000000
0.011719,-0.039062,-0.007812,0.000000,30.737183,6.000000
0.017578,-0.080078,-0.009766,0.000000,31.967287,6.000000
0.029297,-0.119141,-0.005859,0.000000,30.228407,6.000000
0.056641,-0.154297,0.005859,0.000000,25.490032,6.000000
0.146484,-0.080078,1.257812,0.000000,23.117538,6.000000
0.427734,-0.083984,-1.277344,0.000000,23.010300,6.000000
0.548828,-0.042969,-1.277344,0.000000,21.613680,6.000000
2.658203,-0.179688,1.050781,0.000000,32.255676,6.000000
2.755859,-0.089844,0.910156,0.000000,31.287222,6.000000
4.408203,-0.142578,1.236328,0.000000,31.389339,6.000000
4.433594,-0.144531,1.298828,0.000000,31.283993,6.000000
4.736328,-0.298828,-0.617188,0.000000,33.352573,6.000000
4.771484,-0.300781,-0.660156,0.000000,34.000195,6.000000
4.798828,-0.152344,-0.806641,0.000000,30.637085,6.000000
4.894531,-0.308594,0.675781,0.000000,31.041456,6.000000
4.949219,-0.623047,0.142578,0.000000,29.881128,6.000000
2.015625,1.166016,-0.109375,-0.614669,24.623980,6.000000
2.187500,1.074219,-0.292969,-0.614669,24.771212,6.000000
0.011719,0.031250,0.025391,0.000000,29.380192,6.000000
0.041016,-0.033203,0.062500,0.000000,30.128372,6.000000
0.052734,-0.042969,0.103516,0.000000,28.998205,6.000000
0.011719,-0.039062,-0.007812,0.000000,30.737183,7.000000
0.017578,-0.080078,-0.007812,0.000000,31.964525,7.000000
0.029297,-0.119141,-0.005859,0.000000,30.228407,7.000000
0.056641,-0.154297,0.005859,0.000000,25.490032,7.000000
0.173828,-0.080078,1.253906,0.000000,23.138672,7.000000
0.427734,-0.083984,-1.277344,0.000000,23.031961,7.000000
0.546875,-0.042969,-1.277344,0.000000,21.643528,7.000000
2.658203,-0.179688,1.050781,0.000000,32.253094,7.000000
2.751953,-0.089844,0.921875,0.000000,31.300119,7.000000
4.408203,-0.142578,1.238281,0.000000,31.398790,7.000000
4.433594,-0.144531,1.296875,0.000000,31.283993,7.000000
4.734375,-0.298828,-0.640625,0.000000,33.312248,7.000000
4.769531,-0.300781,-0.681641,0.000000,33.942764,7.000000
4.798828,-0.152344,-0.802734,0.000000,30.453230,7.000000
4.890625,-0.308594,0.693359,0.000000,31.051695,7.000000
4.951172,-0.623047,0.056641,0.000000,29.813656,7.000000
1.974609,1.144531,-0.189453,-0.614669,24.814426,7.000000
2.046875,1.093750,-0.230469,-0.614669,27.323938,7.000000
2.031250,1.185547,-0.314453,-0.614669,26.674530,7.000000
0.011719,0.031250,0.025391,0.000000,29.380192,7.000000
0.041016,-0.033203,0.062500,0.000000,30.132587,7.000000
0.052734,-0.042969,0.103516,0.000000,28.998205,7.000000
0.011719,-0.039062,-0.007812,0.000000,30.737183,8.000000
0.017578,-0.080078,-0.009766,0.000000,31.967287,8.000000
0.029297,-0.119141,-0.005859,0.000000,30.228407,8.000000
0.056641,-0.154297,0.005859,0.000000,25.490032,8.000000
0.130859,-0.080078,1.259766,0.000000,23.053514,8.000000
0.419922,-0.083984,-1.279297,0.000000,22.966652,8.000000
2.617188,-0.175781,1.044922,0.000000,28.987251,8.000000
2.660156,-0.179688,1.044922,0.000000,32.245331,8.000000
2.755859,-0.089844,0.914062,0.000000,31.277525,8.000000
4.410156,-0.142578,1.232422,0.000000,31.398790,8.000000
4.435547,-0.144531,1.294922,0.000000,31.274288,8.000000
4.742188,-0.298828,-0.576172,0.000000,33.306168,8.000000
4.779297,-0.300781,-0.603516,0.000000,33.939259,8.000000
4.812500,-0.152344,-0.710938,0.000000,30.618294,8.000000
4.898438,-0.308594,0.634766,0.000000,31.102530,8.000000
4.951172,-0.623047,0.105469,0.000000,29.956352,8.000000
2.013672,1.185547,-0.408203,-0.614669,25.237465,8.000000
2.083984,1.130859,-0.445312,-0.614669,25.453072,8.000000
0.011719,0.031250,0.025391,0.000000,29.380192,8.000000
0.041016,-0.033203,0.062500,0.000000,30.128372,8.000000
0.052734,-0.042969,0.103516,0.000000,28.992731,8.000000
1.382812,0.226562,1.964844,-0.614669,22.624512,8.000000
0.011719,-0.039062,-0.007812,0.000000,30.740847,9.000000
0.017578,-0.080078,-0.007812,0.000000,31.967287,9.000000
0.041016,-0.115234,-0.007812,0.000000,30.224283,9.000000
0.056641,-0.154297,0.005859,0.000000,25.490032,9.000000
0.109375,-0.080078,1.261719,0.000000,23.096302,9.000000
0.021484,-0.082031,-1.306641,0.000000,24.593925,9.000000
0.416016,-0.083984,-1.281250,0.000000,22.988531,9.000000
0.541016,-0.042969,-1.281250,0.000000,21.613680,9.000000
2.660156,-0.179688,1.046875,0.000000,32.245331,9.000000
2.753906,-0.089844,0.917969,0.000000,31.283993,9.000000
4.412109,-0.142578,1.228516,0.000000,31.376705,9.000000
4.437500,-0.144531,1.287109,0.000000,31.267805,9.000000
4.732422,-0.298828,-0.646484,0.000000,33.324383,9.000000
4.771484,-0.300781,-0.667969,0.000000,33.981136,9.000000
4.812500,-0.152344,-0.712891,0.000000,30.610754,9.000000
4.904297,-0.308594,0.589844,0.000000,31.044870,9.000000
4.968750,-0.468750,-0.029297,0.000000,29.777237,9.000000
2.046875,1.093750,-0.220703,-0.614669,24.727564,9.000000
2.119141,1.037109,-0.244141,-0.614669,25.453072,9.000000
2.142578,1.056641,-0.343750,-0.614669,25.250448,9.000000
0.011719,0.031250,0.023438,0.000000,29.380192,9.000000
0.041016,-0.033203,0.062500,0.000000,30.128372,9.000000
0.052734,-0.042969,0.103516,0.000000,28.998205,9.000000
0.011719,-0.039062,-0.007812,0.000000,30.737183,10.000000
0.017578,-0.080078,-0.009766,0.000000,31.961761,10.000000
0.029297,-0.119141,-0.005859,0.000000,30.220158,10.000000
0.056641,-0.154297,0.005859,0.000000,25.477747,10.000000
0.148438,-0.080078,1.257812,0.000000,23.138672,10.000000
0.419922,-0.083984,-1.281250,0.000000,22.988531,10.000000
0.541016,-0.042969,-1.281250,0.000000,21.613680,10.000000
2.615234,-0.175781,1.044922,0.000000,28.965261,10.000000
2.662109,-0.179688,1.039062,0.000000,32.240147,10.000000
2.757812,-0.089844,0.906250,0.000000,31.274288,10.000000
4.410156,-0.142578,1.234375,0.000000,31.411362,10.000000
4.433594,-0.144531,1.300781,0.000000,31.290451,10.000000
4.742188,-0.298828,-0.578125,0.000000,33.277676,10.000000
4.777344,-0.300781,-0.625000,0.000000,33.956757,10.000000
4.802734,-0.152344,-0.781250,0.000000,30.696680,10.000000
4.904297,-0.308594,0.595703,0.000000,31.038036,10.000000
4.968750,-0.468750,-0.029297,0.000000,29.836264,10.000000
1.980469,1.144531,-0.123047,-0.614669,25.224442,10.000000
0.011719,0.031250,0.025391,0.000000,29.380192,10.000000
0.041016,-0.033203,0.062500,0.000000,30.132587,10.000000
0.052734,-0.042969,0.103516,0.000000,28.998205,10.000000
0.011719,-0.039062,-0.007812,0.000000,30.737183,11.000000
0.017578,-0.080078,-0.009766,0.000000,31.967287,11.000000
0.029297,-0.119141,-0.005859,0.000000,30.228407,11.000000
0.056641,-0.154297,0.005859,0.000000,25.502283,11.000000
0.154297,-0.080078,1.255859,0.000000,23.159704,11.000000
0.425781,-0.083984,-1.279297,0.000000,23.010300,11.000000
2.613281,-0.175781,1.052734,0.000000,28.998205,11.000000
2.662109,-0.179688,1.041016,0.000000,32.265999,11.000000
2.759766,-0.089844,0.900391,0.000000,31.306553,11.000000
4.412109,-0.142578,1.224609,0.000000,31.392492,11.000000
4.435547,-0.144531,1.294922,0.000000,31.274288,11.000000
4.734375,-0.298828,-0.636719,0.000000,33.234585,11.000000
4.769531,-0.300781,-0.683594,0.000000,33.896976,11.000000
4.794922,-0.152344,-0.824219,0.000000,30.496056,11.000000
4.894531,-0.308594,0.662109,0.000000,31.027765,11.000000
4.951172,-0.623047,0.058594,0.000000,29.818186,11.000000
1.978516,1.054688,-0.187500,-0.614669,25.717089,11.000000
2.015625,1.074219,-0.177734,-0.614669,25.171959,11.000000
