4.701172,-0.000000,0.162109,0.000000,32.893658,0.000000
4.742188,-0.148438,-0.105469,0.000000,32.392994,0.000000
4.777344,-0.150391,-0.250000,0.000000,33.658623,0.000000
4.818359,-0.150391,-0.242188,0.000000,34.197906,0.000000
4.855469,-0.000000,-0.343750,0.000000,31.544239,0.000000
4.861328,-0.154297,0.921875,0.000000,31.099159,0.000000
1.589844,0.843750,0.042969,-0.614669,28.088860,0.000000
1.625000,0.863281,-0.031250,-0.614669,29.666109,0.000000
1.660156,0.882812,-0.074219,-0.614669,28.721563,0.000000
0.037109,-0.035156,0.064453,0.000000,30.115704,0.000000
0.046875,-0.046875,0.103516,0.000000,29.003672,0.000000
0.011719,-0.039062,-0.007812,0.000000,30.652061,1.000000
0.027344,-0.076172,-0.009766,0.000000,31.852587,1.000000
0.029297,-0.119141,-0.005859,0.000000,30.090258,1.000000
0.056641,-0.154297,0.007812,0.000000,25.415792,1.000000
0.490234,-0.000000,1.169922,0.000000,23.201464,1.000000
0.531250,-0.041016,1.195312,0.000000,24.248816,1.000000
0.550781,-0.000000,1.232422,0.000000,22.787537,1.000000
2.646484,-0.000000,0.984375,0.000000,28.847954,1.000000
2.685547,-0.000000,0.996094,0.000000,32.240147,1.000000
2.722656,-0.000000,1.011719,0.000000,31.351326,1.000000
4.458984,-0.000000,1.048828,0.000000,31.020905,1.000000
4.531250,-0.144531,0.906250,0.000000,30.744507,1.000000
4.660156,-0.000000,0.181641,0.000000,31.507565,1.000000
4.701172,-0.000000,0.183594,0.000000,32.871296,1.000000
4.742188,-0.148438,-0.111328,0.000000,32.397999,1.000000
4.775391,-0.150391,-0.292969,0.000000,33.796680,1.000000
4.816406,-0.150391,-0.279297,0.000000,34.380676,1.000000
4.847656,-0.000000,-0.441406,0.000000,31.571545,1.000000
4.818359,-0.154297,1.125000,0.000000,31.149445,1.000000
4.859375,-0.000000,1.136719,0.000000,29.903389,1.000000
1.583984,0.843750,0.132812,-0.614669,27.867514,1.000000
1.625000,0.863281,0.068359,-0.614669,27.846172,1.000000
0.037109,-0.035156,0.064453,0.000000,30.115704,1.000000
0.046875,-0.046875,0.103516,0.000000,29.003672,1.000000
0.011719,-0.039062,-0.007812,0.000000,30.655798,2.000000
0.027344,-0.076172,-0.009766,0.000000,31.855421,2.000000
0.029297,-0.119141,-0.005859,0.000000,30.094509,2.000000
0.056641,-0.154297,0.007812,0.000000,25.428255,2.000000
0.482422,-0.000000,1.173828,0.000000,23.242825,2.000000
0.523438,-0.041016,1.199219,0.000000,24.265112,2.000000
0.546875,-0.000000,1.234375,0.000000,22.810333,2.000000
2.634766,-0.000000,1.013672,0.000000,28.864906,2.000000
2.675781,-0.000000,1.017578,0.000000,32.232361,2.000000
2.712891,-0.000000,1.035156,0.000000,31.319393,2.000000
4.458984,-0.000000,1.050781,0.000000,30.982975,2.000000
4.525391,-0.144531,0.931641,0.000000,30.711452,2.000000
4.660156,-0.000000,0.193359,0.000000,31.525940,2.000000
4.701172,-0.000000,0.171875,0.000000,32.886963,2.000000
4.740234,-0.148438,-0.167969,0.000000,32.350231,2.000000
4.767578,-0.150391,-0.394531,0.000000,33.736473,2.000000
4.812500,-0.150391,-0.333984,0.000000,34.382259,2.000000
4.861328,-0.000000,-0.251953,0.000000,31.682028,2.000000
4.857422,-0.154297,0.933594,0.000000,31.248301,2.000000
1.541016,0.824219,0.199219,-0.614669,26.364880,2.000000
1.558594,0.900391,0.027344,-0.614669,28.555191,2.000000
1.593750,0.919922,-0.056641,-0.614669,27.881683,2.000000
0.037109,-0.035156,0.064453,0.000000,30.119930,2.000000
0.046875,-0.046875,0.103516,0.000000,29.003672,2.000000
0.005859,-0.056641,0.154297,0.000000,25.250448,2.000000
0.011719,-0.039062,-0.007812,0.000000,30.655798,3.000000
0.027344,-0.076172,-0.009766,0.000000,31.858253,3.000000
0.029297,-0.119141,-0.005859,0.000000,30.094509,3.000000
0.056641,-0.154297,0.007812,0.000000,25.428255,3.000000
0.515625,-0.000000,1.158203,0.000000,23.222193,3.000000
0.542969,-0.041016,1.189453,0.000000,24.265112,3.000000
0.539062,-0.000000,1.238281,0.000000,22.810333,3.000000
2.646484,-0.000000,0.980469,0.000000,28.819550,3.000000
2.683594,-0.000000,1.000000,0.000000,32.211533,3.000000
2.726562,0.089844,0.998047,0.000000,31.360861,3.000000
4.455078,-0.000000,1.066406,0.000000,31.024338,3.000000
4.523438,-0.144531,0.937500,0.000000,30.733517,3.000000
4.660156,-0.000000,0.183594,0.000000,31.528996,3.000000
4.701172,-0.000000,0.164062,0.000000,32.902573,3.000000
4.740234,-0.148438,-0.179688,0.000000,32.410480,3.000000
4.765625,-0.150391,-0.416016,0.000000,33.778522,3.000000
4.804688,-0.150391,-0.445312,0.000000,34.398064,3.000000
4.816406,-0.000000,-0.707031,0.000000,31.664301,3.000000
4.830078,-0.154297,1.070312,0.000000,31.095785,3.000000
0.037109,-0.035156,0.064453,0.000000,30.119930,3.000000
0.046875,-0.046875,0.103516,0.000000,28.998205,3.000000
0.005859,-0.056641,0.154297,0.000000,25.237465,3.000000
0.011719,-0.039062,-0.007812,0.000000,30.652061,4.000000
0.027344,-0.076172,-0.009766,0.000000,31.852587,4.000000
0.029297,-0.119141,-0.003906,0.000000,30.086002,4.000000
0.056641,-0.154297,0.007812,0.000000,25.415792,4.000000
0.496094,-0.000000,1.167969,0.000000,23.201464,4.000000
0.519531,-0.041016,1.201172,0.000000,24.248816,4.000000
0.503906,-0.000000,1.251953,0.000000,22.810333,4.000000
2.640625,-0.000000,0.996094,0.000000,28.876173,4.000000
2.679688,-0.000000,1.011719,0.000000,32.260841,4.000000
2.722656,0.089844,1.005859,0.000000,31.373541,4.000000
4.455078,-0.000000,1.066406,0.000000,30.993353,4.000000
4.523438,-0.144531,0.939453,0.000000,30.722500,4.000000
4.660156,-0.000000,0.189453,0.000000,31.519823,4.000000
4.701172,-0.000000,0.177734,0.000000,32.878017,4.000000
4.740234,-0.148438,-0.130859,0.000000,32.392994,4.000000
4.771484,-0.150391,-0.332031,0.000000,33.743816,4.000000
4.812500,-0.150391,-0.332031,0.000000,34.256973,4.000000
4.839844,-0.000000,-0.525391,0.000000,31.231981,4.000000
4.820312,-0.154297,1.109375,0.000000,31.172712,4.000000
4.873047,-0.000000,1.076172,0.000000,29.973864,4.000000
1.345703,0.919922,-0.853516,-1.229337,21.172712,4.000000
1.550781,0.824219,0.085938,-0.614669,27.481880,4.000000
0.037109,-0.035156,0.064453,0.000000,30.124153,4.000000
0.046875,-0.046875,0.103516,0.000000,29.009130,4.000000
0.005859,-0.056641,0.154297,0.000000,25.237465,4.000000
1.617188,-1.714844,-4.398438,0.000000,27.403627,4.000000
1.304688,0.230469,1.277344,-1.229337,18.450981,4.000000
0.011719,-0.039062,-0.007812,0.000000,30.655798,5.000000
0.027344,-0.076172,-0.009766,0.000000,31.855421,5.000000
0.029297,-0.119141,-0.005859,0.000000,30.090258,5.000000
0.056641,-0.154297,0.007812,0.000000,25.415792,5.000000
0.488281,-0.000000,1.169922,0.000000,23.222193,5.000000
0.521484,-0.041016,1.199219,0.000000,24.281347,5.000000
0.521484,-0.000000,1.244141,0.000000,22.833012,5.000000
2.646484,-0.000000,0.980469,0.000000,28.842287,5.000000
2.681641,-0.000000,1.003906,0.000000,32.242741,5.000000
2.726562,0.089844,0.998047,0.000000,31.357685,5.000000
4.457031,-0.000000,1.056641,0.000000,31.010593,5.000000
4.525391,-0.144531,0.929688,0.000000,30.737183,5.000000
4.660156,-0.000000,0.187500,0.000000,31.528996,5.000000
4.701172,-0.000000,0.169922,0.000000,32.882492,5.000000
4.740234,-0.148438,-0.160156,0.000000,32.329960,5.000000
4.767578,-0.150391,-0.384766,0.000000,33.619167,5.000000
4.812500,-0.150391,-0.349609,0.000000,34.183014,5.000000
4.857422,-0.000000,-0.326172,0.000000,31.319393,5.000000
4.855469,-0.154297,0.951172,0.000000,31.245043,5.000000
4.873047,-0.000000,1.074219,0.000000,30.008677,5.000000
1.515625,0.804688,0.056641,-0.614669,27.315887,5.000000
1.523438,0.878906,0.011719,-0.614669,26.304279,5.000000
0.037109,-0.035156,0.064453,0.000000,30.119930,5.000000
0.046875,-0.046875,0.103516,0.000000,29.003672,5.000000
0.011719,-0.039062,-0.007812,0.000000,30.655798,6.000000
0.027344,-0.076172,-0.009766,0.000000,31.855421,6.000000
0.029297,-0.119141,-0.005859,0.000000,30.090258,6.000000
0.056641,-0.154297,0.007812,0.000000,25.415792,6.000000
0.509766,-0.000000,1.160156,0.000000,23.222193,6.000000
0.521484,-0.041016,1.199219,0.000000,24.248816,6.000000
0.533203,-0.000000,1.240234,0.000000,22.787537,6.000000
2.644531,-0.000000,0.988281,0.000000,28.819550,6.000000
2.679688,-0.000000,1.007812,0.000000,32.232361,6.000000
2.720703,0.089844,1.011719,0.000000,31.348145,6.000000
4.455078,-0.000000,1.070312,0.000000,31.024338,6.000000
4.527344,-0.144531,0.925781,0.000000,30.737183,6.000000
4.660156,-0.000000,0.175781,0.000000,31.516762,6.000000
4.701172,-0.000000,0.167969,0.000000,32.891430,6.000000
4.740234,-0.148438,-0.167969,0.000000,32.382969,6.000000
4.765625,-0.150391,-0.417969,0.000000,33.769417,6.000000
4.802734,-0.150391,-0.457031,0.000000,34.394905,6.000000
4.810547,-0.000000,-0.742188,0.000000,31.568520,6.000000
4.822266,-0.154297,1.107422,0.000000,31.072100,6.000000
4.865234,-0.000000,1.111328,0.000000,29.894499,6.000000
1.419922,0.890625,0.058594,-0.614669,28.102325,6.000000
1.453125,0.912109,0.072266,-0.614669,29.464523,6.000000
1.517578,0.878906,-0.134766,-0.614669,27.176704,6.000000
1.513672,1.035156,0.148438,-0.614669,25.314789,6.000000
0.037109,-0.035156,0.064453,0.000000,30.119930,6.000000
0.046875,-0.046875,0.103516,0.000000,29.003672,6.000000
1.226562,-1.714844,-4.523438,0.000000,27.458551,6.000000
0.011719,-0.039062,-0.007812,0.000000,30.652061,7.000000
0.027344,-0.076172,-0.009766,0.000000,31.855421,7.000000
0.029297,-0.119141,-0.005859,0.000000,30.090258,7.000000
0.056641,-0.154297,0.007812,0.000000,25.415792,7.000000
0.480469,-0.000000,1.173828,0.000000,23.201464,7.000000
0.521484,-0.041016,1.199219,0.000000,24.248816,7.000000
0.548828,-0.000000,1.232422,0.000000,22.764618,7.000000
2.640625,-0.000000,0.996094,0.000000,28.836615,7.000000
2.681641,-0.000000,1.003906,0.000000,32.224564,7.000000
2.736328,0.089844,0.970703,0.000000,31.360861,7.000000
4.458984,-0.000000,1.052734,0.000000,31.027765,7.000000
4.525391,-0.144531,0.927734,0.000000,30.737183,7.000000
4.660156,-0.000000,0.181641,0.000000,31.532049,7.000000
4.701172,-0.000000,0.160156,0.000000,32.889194,7.000000
4.738281,-0.148438,-0.197266,0.000000,32.367889,7.000000
4.763672,-0.150391,-0.439453,0.000000,33.776703,7.000000
4.810547,-0.150391,-0.375000,0.000000,34.416950,7.000000
4.859375,-0.000000,-0.292969,0.000000,31.631615,7.000000
4.859375,-0.154297,0.927734,0.000000,31.112625,7.000000
4.906250,-0.000000,0.914062,0.000000,29.790930,7.000000
1.453125,0.837891,0.011719,-0.614669,29.623693,7.000000
1.486328,0.859375,0.050781,-0.614669,29.907827,7.000000
1.517578,0.878906,0.130859,-0.614669,26.830471,7.000000
1.451172,1.011719,0.330078,-0.614669,25.352942,7.000000
1.455078,1.093750,0.279297,-0.614669,25.976952,7.000000
0.037109,-0.035156,0.064453,0.000000,30.119930,7.000000
0.046875,-0.046875,0.103516,0.000000,28.998205,7.000000
0.824219,-1.714844,4.613281,0.000000,27.604225,7.000000
0.011719,-0.039062,-0.007812,0.000000,30.652061,8.000000
0.027344,-0.076172,-0.009766,0.000000,31.855421,8.000000
0.029297,-0.119141,-0.005859,0.000000,30.094509,8.000000
0.056641,-0.154297,0.007812,0.000000,25.440680,8.000000
0.482422,-0.000000,1.173828,0.000000,23.263359,8.000000
0.527344,-0.041016,1.197266,0.000000,24.297523,8.000000
0.537109,-0.000000,1.238281,0.000000,22.833012,8.000000
2.634766,-0.000000,1.013672,0.000000,28.853613,8.000000
2.679688,-0.000000,1.009766,0.000000,32.227165,8.000000
2.730469,0.089844,0.984375,0.000000,31.354507,8.000000
4.457031,-0.000000,1.064453,0.000000,31.014034,8.000000
4.527344,-0.144531,0.925781,0.000000,30.740847,8.000000
4.660156,-0.000000,0.177734,0.000000,31.516762,8.000000
4.701172,-0.000000,0.167969,0.000000,32.882492,8.000000
4.738281,-0.148438,-0.185547,0.000000,32.427898,8.000000
4.761719,-0.150391,-0.449219,0.000000,33.872120,8.000000
4.800781,-0.150391,-0.472656,0.000000,34.505569,8.000000
4.818359,-0.000000,-0.693359,0.000000,31.781132,8.000000
4.839844,-0.154297,1.023438,0.000000,31.034616,8.000000
4.890625,-0.000000,0.992188,0.000000,29.849771,8.000000
1.412109,0.890625,-0.164062,-0.614669,28.802418,8.000000
1.408203,0.966797,-0.191406,-0.614669,30.338257,8.000000
1.410156,1.044922,-0.126953,-0.614669,29.590414,8.000000
1.443359,1.068359,0.125000,-0.614669,27.774269,8.000000
1.437500,1.093750,0.359375,-0.614669,25.831987,8.000000
0.037109,-0.035156,0.064453,0.000000,30.119930,8.000000
0.046875,-0.046875,0.103516,0.000000,29.009130,8.000000
1.306641,-1.714844,4.500000,0.000000,27.512791,8.000000
0.011719,-0.039062,-0.007812,0.000000,30.652061,9.000000
0.027344,-0.076172,-0.009766,0.000000,31.855421,9.000000
0.029297,-0.119141,-0.005859,0.000000,30.090258,9.000000
0.056641,-0.154297,0.007812,0.000000,25.428255,9.000000
0.496094,-0.000000,1.166016,0.000000,23.180634,9.000000
0.527344,-0.041016,1.197266,0.000000,24.248816,9.000000
0.546875,-0.000000,1.234375,0.000000,22.810333,9.000000
2.638672,-0.000000,1.000000,0.000000,28.853613,9.000000
2.683594,-0.000000,1.001953,0.000000,32.224564,9.000000
2.730469,0.089844,0.988281,0.000000,31.351326,9.000000
4.453125,-0.000000,1.076172,0.000000,31.007151,9.000000
4.523438,-0.144531,0.939453,0.000000,30.744507,9.000000
4.660156,-0.000000,0.181641,0.000000,31.538149,9.000000
4.701172,-0.000000,0.166016,0.000000,32.913689,9.000000
4.738281,-0.148438,-0.205078,0.000000,32.437820,9.000000
4.759766,-0.150391,-0.476562,0.000000,33.884563,9.000000
4.804688,-0.150391,-0.433594,0.000000,34.516331,9.000000
4.853516,-0.000000,-0.378906,0.000000,31.601683,9.000000
4.845703,-0.154297,0.996094,0.000000,31.195858,9.000000
4.898438,-0.000000,0.957031,0.000000,29.845274,9.000000
1.416016,0.818359,-0.017578,-0.614669,28.579353,9.000000
1.480469,0.787109,0.054688,-0.614669,29.527924,9.000000
1.544922,0.697266,0.279297,-0.614669,25.250448,9.000000
1.416016,1.044922,-0.027344,-0.614669,27.972675,9.000000
1.429688,1.068359,0.234375,-0.614669,26.884199,9.000000
0.037109,-0.035156,0.064453,0.000000,30.124153,9.000000
0.046875,-0.046875,0.103516,0.000000,29.003672,9.000000
1.121094,1.126953,-0.650391,-0.614669,25.211380,9.000000
0.011719,-0.039062,-0.007812,0.000000,30.652061,10.000000
0.027344,-0.076172,-0.009766,0.000000,31.852587,10.000000
0.029297,-0.119141,-0.005859,0.000000,30.090258,10.000000
0.056641,-0.154297,0.007812,0.000000,25.428255,10.000000
0.492188,-0.000000,1.167969,0.000000,23.242825,10.000000
0.529297,-0.041016,1.197266,0.000000,24.265112,10.000000
0.535156,-0.000000,1.240234,0.000000,22.810333,10.000000
1.386719,0.869141,-0.017578,0.000000,27.902851,10.000000
2.642578,-0.000000,0.992188,0.000000,28.847954,10.000000
2.683594,-0.000000,1.000000,0.000000,32.234959,10.000000
2.728516,0.089844,0.990234,0.000000,31.354507,10.000000
4.453125,-0.000000,1.080078,0.000000,31.014034,10.000000
