0.011719,-0.039062,-0.007812,0.000000,30.655798,0.000000
0.027344,-0.076172,-0.009766,0.000000,31.858253,0.000000
0.029297,-0.119141,-0.005859,0.000000,30.094509,0.000000
0.056641,-0.154297,0.007812,0.000000,25.428255,0.000000
2.632812,-0.000000,1.019531,0.000000,28.842287,0.000000
2.679688,-0.000000,1.009766,0.000000,32.219357,0.000000
2.736328,0.089844,0.968750,0.000000,31.283993,0.000000
4.447266,-0.000000,1.099609,0.000000,31.000257,0.000000
4.517578,-0.144531,0.966797,0.000000,30.707766,0.000000
4.660156,-0.000000,0.189453,0.000000,31.550322,0.000000
4.699219,-0.000000,0.230469,0.000000,32.866810,0.000000
4.740234,-0.148438,0.158203,0.000000,32.268578,0.000000
4.783203,-0.150391,-0.054688,0.000000,33.422253,0.000000
4.820312,-0.150391,-0.212891,0.000000,34.031204,0.000000
4.849609,-0.000000,-0.412109,0.000000,31.267805,0.000000
4.857422,-0.154297,0.941406,0.000000,31.075491,0.000000
4.896484,-0.000000,0.968750,0.000000,29.827234,0.000000
0.796875,0.638672,0.052734,-0.614669,23.692158,0.000000
0.855469,0.630859,0.023438,-0.614669,29.299295,0.000000
0.861328,0.689453,0.013672,-0.614669,30.704073,0.000000
0.894531,0.716797,0.013672,-0.614669,28.853613,0.000000
0.894531,0.779297,0.035156,-0.614669,25.888317,0.000000
0.925781,0.804688,0.044922,-0.614669,24.313637,0.000000
1.142578,0.675781,-0.244141,-0.614669,26.570559,0.000000
1.207031,0.652344,-0.228516,-0.614669,27.581547,0.000000
0.037109,-0.035156,0.064453,0.000000,30.119930,0.000000
0.046875,-0.046875,0.103516,0.000000,28.998205,0.000000
0.011719,-0.039062,-0.007812,0.000000,30.659531,1.000000
0.027344,-0.076172,-0.009766,0.000000,31.855421,1.000000
0.029297,-0.119141,-0.005859,0.000000,30.090258,1.000000
0.056641,-0.154297,0.007812,0.000000,25.415792,1.000000
1.121094,0.115234,-0.486328,0.000000,22.013971,1.000000
2.638672,-0.000000,1.001953,0.000000,28.904211,1.000000
2.677734,-0.000000,1.015625,0.000000,32.234959,1.000000
2.689453,-0.000000,1.095703,0.000000,31.401937,1.000000
4.451172,-0.000000,1.083984,0.000000,31.058506,1.000000
4.521484,-0.144531,0.947266,0.000000,30.773680,1.000000
4.660156,-0.000000,0.148438,0.000000,31.547281,1.000000
4.703125,-0.000000,0.070312,0.000000,32.942455,1.000000
4.728516,-0.000000,-0.398438,0.000000,32.732327,1.000000
4.750000,-0.150391,-0.564453,0.000000,34.189640,1.000000
4.806641,-0.150391,-0.419922,0.000000,34.601460,1.000000
4.843750,-0.000000,-0.492188,0.000000,31.565491,1.000000
4.812500,-0.154297,1.148438,0.000000,31.248301,1.000000
4.847656,-0.000000,1.189453,0.000000,30.004341,1.000000
0.791016,0.638672,-0.101562,-0.614669,24.814426,1.000000
0.828125,0.664062,-0.066406,-0.614669,28.796692,1.000000
0.861328,0.689453,-0.044922,-0.614669,29.047155,1.000000
0.894531,0.716797,0.031250,-0.614669,27.846172,1.000000
0.998047,0.630859,0.117188,-0.614669,26.314438,1.000000
0.037109,-0.035156,0.064453,0.000000,30.128372,1.000000
0.046875,-0.046875,0.103516,0.000000,29.009130,1.000000
0.972656,0.613281,0.425781,0.000000,20.791813,1.000000
1.779297,0.464844,-7.214844,0.000000,23.617279,1.000000
2.417969,0.468750,7.070312,0.000000,23.729120,1.000000
0.011719,-0.039062,-0.007812,0.000000,30.644581,2.000000
0.027344,-0.076172,-0.009766,0.000000,31.852587,2.000000
0.029297,-0.119141,-0.005859,0.000000,30.090258,2.000000
0.056641,-0.154297,0.007812,0.000000,25.415792,2.000000
2.638672,-0.000000,1.001953,0.000000,28.864906,2.000000
2.681641,-0.000000,1.001953,0.000000,32.234959,2.000000
2.730469,-0.000000,0.988281,0.000000,31.398790,2.000000
4.455078,-0.000000,1.070312,0.000000,31.075491,2.000000
4.500000,-0.000000,1.056641,0.000000,30.791813,2.000000
4.658203,-0.000000,0.230469,0.000000,31.682028,2.000000
4.691406,0.146484,0.322266,0.000000,32.971035,2.000000
4.738281,-0.000000,0.269531,0.000000,32.289135,2.000000
4.783203,-0.150391,-0.113281,0.000000,33.358589,2.000000
4.816406,-0.150391,-0.277344,0.000000,34.112827,2.000000
4.839844,-0.000000,-0.523438,0.000000,31.556396,2.000000
4.886719,-0.154297,0.767578,0.000000,30.748165,2.000000
4.925781,-0.000000,0.796875,0.000000,29.749720,2.000000
0.796875,0.638672,-0.033203,-0.614669,27.168377,2.000000
0.830078,0.664062,-0.033203,-0.614669,30.161974,2.000000
0.888672,0.656250,0.035156,-0.614669,30.157787,2.000000
0.927734,0.609375,0.281250,-0.614669,27.619278,2.000000
0.873047,0.630859,0.498047,-0.614669,25.477747,2.000000
0.923828,0.804688,-0.052734,-0.614669,24.216040,2.000000
1.146484,0.572266,-0.265625,-0.614669,27.176704,2.000000
1.181641,0.589844,-0.279297,-0.614669,28.864906,2.000000
1.191406,0.652344,-0.298828,-0.614669,27.403627,2.000000
0.037109,-0.035156,0.064453,0.000000,30.124153,2.000000
0.046875,-0.046875,0.103516,0.000000,29.003672,2.000000
0.011719,-0.039062,-0.007812,0.000000,30.659531,3.000000
0.027344,-0.076172,-0.009766,0.000000,31.858253,3.000000
0.029297,-0.119141,-0.003906,0.000000,30.090258,3.000000
0.056641,-0.154297,0.007812,0.000000,25.415792,3.000000
0.779297,0.582031,0.130859,0.000000,22.013971,3.000000
0.818359,0.607422,-0.082031,0.000000,28.331470,3.000000
0.865234,0.597656,-0.160156,0.000000,30.417873,3.000000
0.880859,0.621094,-0.242188,0.000000,28.987251,3.000000
2.628906,-0.000000,1.025391,0.000000,28.926510,3.000000
2.673828,-0.000000,1.023438,0.000000,32.271152,3.000000
2.722656,-0.000000,1.013672,0.000000,31.395643,3.000000
4.462891,-0.000000,1.035156,0.000000,31.017471,3.000000
4.523438,-0.144531,0.941406,0.000000,30.707766,3.000000
4.658203,-0.000000,0.207031,0.000000,31.513699,3.000000
4.697266,-0.000000,0.244141,0.000000,33.016811,3.000000
4.740234,-0.148438,0.156250,0.000000,32.803509,3.000000
4.783203,-0.150391,-0.039062,0.000000,33.898746,3.000000
4.818359,-0.150391,-0.226562,0.000000,34.248817,3.000000
4.849609,-0.000000,-0.423828,0.000000,31.303337,3.000000
4.826172,-0.154297,1.089844,0.000000,31.319393,3.000000
4.876953,-0.000000,1.058594,0.000000,30.064661,3.000000
0.863281,0.751953,-0.031250,-0.614669,27.323938,3.000000
0.919922,0.742188,0.099609,-0.614669,25.428255,3.000000
0.037109,-0.035156,0.064453,0.000000,30.124153,3.000000
0.046875,-0.046875,0.103516,0.000000,29.009130,3.000000
1.304688,-1.714844,-4.501953,0.000000,27.512791,3.000000
0.664062,0.394531,-0.845703,-0.614669,24.424797,3.000000
0.011719,-0.039062,-0.007812,0.000000,30.652061,4.000000
0.027344,-0.076172,-0.009766,0.000000,31.852587,4.000000
0.029297,-0.119141,-0.005859,0.000000,30.086002,4.000000
0.056641,-0.154297,0.007812,0.000000,25.415792,4.000000
2.626953,-0.000000,1.029297,0.000000,28.898617,4.000000
2.667969,-0.000000,1.041016,0.000000,32.232361,4.000000
2.683594,-0.000000,1.109375,0.000000,31.344959,4.000000
4.457031,-0.000000,1.058594,0.000000,31.000257,4.000000
4.527344,-0.144531,0.919922,0.000000,30.685570,4.000000
4.660156,-0.000000,0.185547,0.000000,31.482941,4.000000
4.703125,-0.000000,0.082031,0.000000,32.787537,4.000000
4.722656,-0.148438,-0.445312,0.000000,32.164299,4.000000
4.746094,-0.150391,-0.605469,0.000000,33.679146,4.000000
4.804688,-0.150391,-0.431641,0.000000,34.252079,4.000000
4.849609,-0.000000,-0.416016,0.000000,31.367207,4.000000
4.830078,-0.154297,1.072266,0.000000,31.172712,4.000000
4.859375,-0.000000,1.138672,0.000000,29.929951,4.000000
0.789062,0.582031,0.052734,-0.614669,22.718416,4.000000
0.843750,0.576172,0.041016,-0.614669,26.522463,4.000000
0.828125,0.664062,0.044922,-0.614669,26.618126,4.000000
0.849609,0.689453,-0.144531,-0.614669,27.596678,4.000000
0.947266,0.644531,0.007812,-0.614669,28.419847,4.000000
0.978516,0.667969,0.064453,-0.614669,26.981005,4.000000
0.916016,0.804688,-0.140625,-0.614669,23.502480,4.000000
0.037109,-0.035156,0.064453,0.000000,30.119930,4.000000
0.046875,-0.046875,0.103516,0.000000,29.003672,4.000000
0.005859,-0.056641,0.154297,0.000000,25.250448,4.000000
1.599609,-1.714844,-4.404297,0.000000,27.489628,4.000000
0.498047,0.310547,0.935547,-0.614669,25.693739,4.000000
0.011719,-0.039062,-0.007812,0.000000,30.659531,5.000000
0.027344,-0.076172,-0.009766,0.000000,31.855421,5.000000
0.029297,-0.119141,-0.005859,0.000000,30.086002,5.000000
0.056641,-0.154297,0.007812,0.000000,25.428255,5.000000
2.636719,-0.000000,1.005859,0.000000,28.847954,5.000000
2.681641,-0.000000,1.001953,0.000000,32.206310,5.000000
2.736328,0.089844,0.968750,0.000000,31.398790,5.000000
4.457031,-0.000000,1.064453,0.000000,31.058506,5.000000
4.527344,-0.144531,0.919922,0.000000,30.770042,5.000000
4.662109,-0.000000,0.125000,0.000000,31.492191,5.000000
4.699219,0.146484,0.177734,0.000000,32.848816,5.000000
4.740234,0.148438,-0.148438,0.000000,32.242741,5.000000
4.759766,-0.000000,-0.498047,0.000000,33.609718,5.000000
4.806641,-0.150391,-0.412109,0.000000,34.310421,5.000000
4.853516,-0.000000,-0.376953,0.000000,31.476763,5.000000
4.808594,-0.154297,1.166016,0.000000,31.433271,5.000000
4.830078,-0.000000,1.253906,0.000000,30.030294,5.000000
0.757812,0.582031,-0.222656,-0.614669,25.786392,5.000000
0.818359,0.576172,-0.208984,-0.614669,30.877813,5.000000
0.873047,0.564453,-0.224609,-0.614669,31.312979,5.000000
0.810547,0.552734,-0.505859,-0.614669,26.946053,5.000000
0.917969,0.679688,0.087891,-0.614669,27.528164,5.000000
0.923828,0.742188,-0.052734,-0.614669,25.526682,5.000000
0.037109,-0.035156,0.064453,0.000000,30.124153,5.000000
0.046875,-0.046875,0.103516,0.000000,29.003672,5.000000
0.773438,-1.714844,-4.623047,0.000000,27.619278,5.000000
0.011719,-0.039062,-0.007812,0.000000,30.659531,6.000000
0.027344,-0.076172,-0.009766,0.000000,31.858253,6.000000
0.029297,-0.119141,-0.005859,0.000000,30.094509,6.000000
0.056641,-0.154297,0.007812,0.000000,25.428255,6.000000
2.648438,-0.000000,0.974609,0.000000,28.920946,6.000000
2.675781,-0.000000,1.019531,0.000000,32.203697,6.000000
2.689453,-0.000000,1.095703,0.000000,31.261314,6.000000
4.462891,-0.000000,1.033203,0.000000,30.972572,6.000000
4.527344,-0.144531,0.917969,0.000000,30.751818,6.000000
4.662109,-0.000000,0.070312,0.000000,31.580608,6.000000
4.703125,-0.000000,0.126953,0.000000,33.062103,6.000000
4.742188,-0.148438,-0.074219,0.000000,32.918125,6.000000
4.781250,-0.150391,-0.177734,0.000000,34.107773,6.000000
4.820312,-0.150391,-0.216797,0.000000,34.449810,6.000000
4.857422,-0.000000,-0.310547,0.000000,31.649473,6.000000
4.869141,-0.154297,0.871094,0.000000,31.139433,6.000000
0.763672,0.529297,0.150391,-0.614669,26.042261,6.000000
0.806641,0.552734,0.095703,-0.614669,31.804127,6.000000
0.843750,0.576172,0.054688,-0.614669,33.776703,6.000000
0.900391,0.564453,0.039062,-0.614669,32.880257,6.000000
0.953125,0.552734,0.089844,-0.614669,30.496056,6.000000
0.976562,0.572266,0.173828,-0.614669,28.469553,6.000000
1.025391,0.556641,0.218750,-0.614669,25.105450,6.000000
0.037109,-0.035156,0.064453,0.000000,30.124153,6.000000
0.046875,-0.046875,0.103516,0.000000,29.009130,6.000000
0.009766,-0.056641,0.152344,0.000000,25.250448,6.000000
0.992188,0.630859,0.160156,-0.614669,25.037907,6.000000
3.814453,0.230469,-6.341797,-0.614669,22.329962,6.000000
0.011719,-0.039062,-0.007812,0.000000,30.655798,7.000000
0.027344,-0.076172,-0.009766,0.000000,31.852587,7.000000
0.029297,-0.119141,-0.005859,0.000000,30.094509,7.000000
0.056641,-0.154297,0.007812,0.000000,25.428255,7.000000
2.642578,-0.000000,0.990234,0.000000,28.887409,7.000000
2.683594,-0.000000,1.001953,0.000000,32.247921,7.000000
2.724609,0.089844,1.003906,0.000000,31.411362,7.000000
4.457031,-0.000000,1.062500,0.000000,31.007151,7.000000
4.535156,-0.144531,0.880859,0.000000,30.762762,7.000000
4.662109,-0.000000,0.050781,0.000000,31.473671,7.000000
4.703125,-0.000000,-0.046875,0.000000,32.750809,7.000000
4.701172,-0.000000,-0.644531,0.000000,32.245331,7.000000
4.705078,-0.150391,-0.867188,0.000000,33.881012,7.000000
4.791016,-0.150391,-0.566406,0.000000,34.409092,7.000000
4.837891,-0.000000,-0.541016,0.000000,31.486027,7.000000
4.818359,-0.154297,1.119141,0.000000,31.287222,7.000000
4.875000,-0.000000,1.068359,0.000000,29.986952,7.000000
0.796875,0.500000,0.037109,-0.614669,28.920946,7.000000
0.812500,0.552734,0.009766,-0.614669,33.514099,7.000000
0.867188,0.542969,0.003906,-0.614669,34.340897,7.000000
0.900391,0.564453,0.027344,-0.614669,31.900515,7.000000
0.953125,0.552734,0.076172,-0.614669,26.757784,7.000000
0.863281,0.751953,-0.037109,-0.614669,22.695129,7.000000
0.037109,-0.035156,0.064453,0.000000,30.124153,7.000000
0.046875,-0.046875,0.103516,0.000000,29.009130,7.000000
1.062500,-1.714844,-4.564453,0.000000,27.528164,7.000000
0.783203,0.072266,-0.832031,-0.614669,20.644581,7.000000
0.011719,-0.039062,-0.007812,0.000000,30.655798,8.000000
0.027344,-0.076172,-0.009766,0.000000,31.855421,8.000000
0.029297,-0.119141,-0.003906,0.000000,30.086002,8.000000
0.056641,-0.154297,0.007812,0.000000,25.415792,8.000000
2.640625,-0.000000,0.998047,0.000000,28.847954,8.000000
2.683594,-0.000000,1.000000,0.000000,32.180099,8.000000
2.708984,0.089844,1.044922,0.000000,31.303337,8.000000
4.466797,-0.000000,1.023438,0.000000,30.969101,8.000000
4.525391,-0.000000,0.939453,0.000000,30.700378,8.000000
4.662109,-0.000000,0.140625,0.000000,31.525940,8.000000
4.699219,0.146484,0.150391,0.000000,32.977604,8.000000
4.740234,0.148438,-0.144531,0.000000,32.496876,8.000000
4.757812,-0.150391,-0.496094,0.000000,33.765770,8.000000
4.804688,-0.150391,-0.439453,0.000000,34.312027,8.000000
4.837891,-0.000000,-0.546875,0.000000,31.364035,8.000000
4.812500,-0.154297,1.150391,0.000000,31.325798,8.000000
4.865234,-0.000000,1.115234,0.000000,29.925535,8.000000
0.753906,0.478516,0.113281,-0.614669,23.926970,8.000000
0.796875,0.500000,0.042969,-0.614669,32.224564,8.000000
0.832031,0.521484,0.015625,-0.614669,35.573868,8.000000
0.867188,0.542969,0.003906,-0.614669,35.300716,8.000000
0.878906,0.597656,-0.025391,-0.614669,31.610683,8.000000
0.769531,0.759766,-0.224609,-0.614669,27.242758,8.000000
0.763672,0.787109,-0.332031,-0.614669,24.132998,8.000000
0.037109,-0.035156,0.064453,0.000000,30.124153,8.000000
0.046875,-0.046875,0.103516,0.000000,29.003672,8.000000
1.742188,-1.714844,-4.351562,0.000000,27.466343,8.000000
0.900391,0.429688,0.562500,-0.614669,24.116198,8.000000
0.011719,-0.039062,-0.007812,0.000000,30.659531,9.000000
0.027344,-0.076172,-0.009766,0.000000,31.855421,9.000000
0.029297,-0.119141,-0.005859,0.000000,30.090258,9.000000
0.056641,-0.154297,0.007812,0.000000,25.428255,9.000000
2.654297,-0.000000,0.960938,0.000000,28.767950,9.000000
2.675781,-0.000000,1.019531,0.000000,32.153732,9.000000
2.673828,-0.000000,1.132812,0.000000,31.209028,9.000000
4.457031,-0.000000,1.058594,0.000000,30.996807,9.000000
