0.847656,0.052734,-0.125000,0.000000,22.227165,0.000000
0.888672,0.056641,-0.126953,0.000000,28.876173,0.000000
0.929688,0.058594,-0.128906,0.000000,31.024338,0.000000
0.972656,0.031250,-0.125000,0.000000,28.881796,0.000000
0.986328,0.255859,-0.076172,0.000000,25.611013,0.000000
1.037109,0.232422,0.001953,0.000000,26.541765,0.000000
1.074219,0.207031,0.154297,0.000000,27.860413,0.000000
1.099609,0.214844,0.238281,0.000000,27.902851,0.000000
1.138672,0.185547,0.273438,0.000000,26.201361,0.000000
2.621094,-0.175781,1.031250,0.000000,29.100906,0.000000
2.664062,-0.179688,1.033203,0.000000,32.301933,0.000000
2.759766,-0.089844,0.902344,0.000000,31.383026,0.000000
4.394531,-0.283203,1.111328,0.000000,27.803173,0.000000
4.402344,-0.142578,1.259766,0.000000,31.341770,0.000000
4.447266,-0.144531,1.253906,0.000000,31.169397,0.000000
4.710938,-0.296875,-0.490234,0.000000,30.043213,0.000000
4.744141,-0.298828,-0.550781,0.000000,34.214394,0.000000
4.781250,-0.300781,-0.583984,0.000000,34.695274,0.000000
4.802734,-0.152344,-0.777344,0.000000,31.003706,0.000000
4.896484,-0.308594,0.654297,0.000000,31.031193,0.000000
4.951172,-0.623047,0.035156,0.000000,29.375179,0.000000
0.011719,0.031250,0.025391,0.000000,29.405165,0.000000
0.041016,-0.033203,0.062500,0.000000,30.153597,0.000000
0.052734,-0.042969,0.103516,0.000000,29.020029,0.000000
0.693359,-0.095703,0.746094,0.000000,22.855574,0.000000
0.011719,-0.039062,-0.007812,0.000000,30.766405,1.000000
0.017578,-0.080078,-0.009766,0.000000,31.994808,1.000000
0.029297,-0.119141,-0.005859,0.000000,30.261246,1.000000
0.056641,-0.154297,0.005859,0.000000,25.526682,1.000000
0.830078,0.107422,-0.197266,0.000000,22.504200,1.000000
0.882812,0.083984,-0.152344,0.000000,28.779470,1.000000
0.923828,0.087891,-0.150391,0.000000,30.737183,1.000000
0.960938,0.091797,-0.175781,0.000000,28.573324,1.000000
0.980469,0.287109,-0.009766,0.000000,23.692158,1.000000
1.019531,0.298828,0.029297,0.000000,25.314789,1.000000
1.056641,0.275391,0.166016,0.000000,28.926510,1.000000
1.095703,0.250000,0.216797,0.000000,29.609463,1.000000
1.132812,0.259766,0.240234,0.000000,27.379873,1.000000
2.611328,-0.175781,1.054688,0.000000,29.052561,1.000000
2.656250,-0.179688,1.054688,0.000000,32.255676,1.000000
2.748047,-0.089844,0.937500,0.000000,31.241781,1.000000
4.410156,-0.142578,1.232422,0.000000,31.351326,1.000000
4.458984,-0.144531,1.207031,0.000000,31.442627,1.000000
4.648438,-0.146484,0.330078,0.000000,29.965117,1.000000
4.744141,-0.298828,-0.558594,0.000000,33.182720,1.000000
4.779297,-0.300781,-0.605469,0.000000,33.686588,1.000000
4.800781,-0.152344,-0.785156,0.000000,29.890047,1.000000
4.888672,-0.308594,0.712891,0.000000,31.271048,1.000000
4.951172,-0.623047,0.027344,0.000000,30.174507,1.000000
0.009766,0.031250,0.025391,0.000000,29.410143,1.000000
0.041016,-0.033203,0.062500,0.000000,30.149403,1.000000
0.052734,-0.042969,0.103516,0.000000,29.020029,1.000000
0.818359,-0.031250,-0.611328,0.000000,21.760912,1.000000
0.011719,-0.039062,-0.007812,0.000000,30.762762,2.000000
0.017578,-0.080078,-0.009766,0.000000,31.994808,2.000000
0.029297,-0.119141,-0.005859,0.000000,30.257154,2.000000
0.056641,-0.154297,0.003906,0.000000,25.502283,2.000000
0.818359,0.107422,-0.238281,0.000000,19.956352,2.000000
0.873047,0.113281,-0.191406,0.000000,25.854607,2.000000
0.916016,0.087891,-0.195312,0.000000,27.168377,2.000000
0.902344,-0.000000,-0.386719,0.000000,24.082399,2.000000
0.988281,0.255859,-0.056641,0.000000,26.541765,2.000000
1.037109,0.232422,0.017578,0.000000,26.830471,2.000000
1.056641,0.275391,0.164062,0.000000,29.449759,2.000000
1.095703,0.250000,0.218750,0.000000,30.244856,2.000000
1.130859,0.259766,0.244141,0.000000,28.450981,2.000000
2.599609,-0.175781,1.087891,0.000000,28.992731,2.000000
2.656250,-0.179688,1.054688,0.000000,32.240147,2.000000
2.761719,-0.089844,0.894531,0.000000,31.277525,2.000000
4.400391,-0.142578,1.265625,0.000000,31.231981,2.000000
4.384766,-0.144531,1.457031,0.000000,30.909630,2.000000
4.740234,-0.298828,-0.591797,0.000000,33.575539,2.000000
4.777344,-0.300781,-0.619141,0.000000,34.201210,2.000000
4.810547,-0.152344,-0.732422,0.000000,30.920185,2.000000
4.832031,-0.306641,0.804688,0.000000,29.159271,2.000000
4.882812,-0.308594,0.750000,0.000000,31.264561,2.000000
4.949219,-0.623047,0.150391,0.000000,29.938768,2.000000
0.011719,0.031250,0.025391,0.000000,29.405165,2.000000
0.041016,-0.033203,0.062500,0.000000,30.149403,2.000000
0.052734,-0.042969,0.103516,0.000000,29.014584,2.000000
0.888672,0.337891,0.244141,0.000000,23.802113,2.000000
0.011719,-0.039062,-0.007812,0.000000,30.770042,3.000000
0.017578,-0.080078,-0.009766,0.000000,31.994808,3.000000
0.041016,-0.115234,-0.007812,0.000000,30.257154,3.000000
0.056641,-0.154297,0.005859,0.000000,25.514500,3.000000
0.917969,0.117188,0.166016,0.000000,21.789770,3.000000
0.943359,0.246094,-0.111328,0.000000,26.354837,3.000000
0.986328,0.255859,-0.080078,0.000000,27.611757,3.000000
1.029297,0.265625,-0.011719,0.000000,27.143297,3.000000
1.048828,0.310547,0.148438,0.000000,28.615345,3.000000
1.087891,0.287109,0.216797,0.000000,29.637878,3.000000
1.105469,0.333984,0.269531,0.000000,27.824726,3.000000
2.611328,-0.175781,1.058594,0.000000,29.063351,3.000000
2.656250,-0.179688,1.054688,0.000000,32.319790,3.000000
2.748047,-0.089844,0.937500,0.000000,31.376705,3.000000
4.414062,-0.142578,1.218750,0.000000,31.351326,3.000000
4.464844,-0.144531,1.183594,0.000000,31.251558,3.000000
4.740234,-0.298828,-0.589844,0.000000,33.281757,3.000000
4.775391,-0.300781,-0.636719,0.000000,33.914642,3.000000
4.802734,-0.152344,-0.781250,0.000000,30.417873,3.000000
4.902344,-0.308594,0.609375,0.000000,31.105898,3.000000
4.951172,-0.623047,-0.001953,0.000000,30.000000,3.000000
0.011719,0.031250,0.025391,0.000000,29.400181,3.000000
0.041016,-0.033203,0.062500,0.000000,30.153597,3.000000
0.052734,-0.042969,0.103516,0.000000,29.025467,3.000000
0.220703,-0.263672,-0.875000,0.000000,18.920946,3.000000
0.011719,-0.039062,-0.007812,0.000000,30.770042,4.000000
0.017578,-0.080078,-0.009766,0.000000,31.997551,4.000000
0.029297,-0.119141,-0.005859,0.000000,30.261246,4.000000
0.056641,-0.154297,0.005859,0.000000,25.502283,4.000000
0.910156,0.234375,-0.044922,0.000000,24.913616,4.000000
0.947266,0.246094,-0.072266,0.000000,28.088860,4.000000
0.978516,0.287109,-0.083984,0.000000,27.881683,4.000000
1.000000,0.332031,-0.138672,0.000000,22.718416,4.000000
1.048828,0.310547,0.148438,0.000000,26.532125,4.000000
1.078125,0.322266,0.208984,0.000000,28.481892,4.000000
1.119141,0.333984,0.212891,0.000000,26.812412,4.000000
2.615234,-0.175781,1.048828,0.000000,29.074114,4.000000
2.660156,-0.179688,1.046875,0.000000,32.268578,4.000000
2.753906,-0.089844,0.916016,0.000000,31.271048,4.000000
4.433594,-0.142578,1.148438,0.000000,31.479853,4.000000
4.462891,-0.144531,1.193359,0.000000,31.267805,4.000000
4.740234,-0.298828,-0.583984,0.000000,33.279716,4.000000
4.773438,-0.300781,-0.646484,0.000000,33.911118,4.000000
4.796875,-0.152344,-0.816406,0.000000,30.588055,4.000000
4.878906,-0.308594,0.775391,0.000000,31.126051,4.000000
4.949219,-0.623047,0.142578,0.000000,29.969492,4.000000
0.011719,0.031250,0.025391,0.000000,29.400181,4.000000
0.041016,-0.033203,0.062500,0.000000,30.153597,4.000000
0.052734,-0.042969,0.103516,0.000000,29.030899,4.000000
0.705078,-0.066406,0.792969,0.000000,22.174839,4.000000
0.011719,-0.039062,-0.007812,0.000000,30.770042,5.000000
0.017578,-0.080078,-0.009766,0.000000,31.997551,5.000000
0.029297,-0.119141,-0.005859,0.000000,30.261246,5.000000
0.056641,-0.154297,0.005859,0.000000,25.514500,5.000000
0.792969,0.224609,-0.363281,0.000000,22.174839,5.000000
0.775391,0.263672,-0.462891,0.000000,17.075703,5.000000
0.941406,0.275391,-0.009766,0.000000,25.634811,5.000000
0.988281,0.255859,-0.060547,0.000000,27.535831,5.000000
1.021484,0.298828,-0.005859,0.000000,25.693739,5.000000
1.035156,0.310547,0.232422,0.000000,27.589119,5.000000
1.087891,0.287109,0.218750,0.000000,30.802656,5.000000
1.126953,0.296875,0.216797,0.000000,31.082266,5.000000
1.167969,0.306641,0.218750,0.000000,28.488047,5.000000
2.605469,-0.175781,1.070312,0.000000,29.084850,5.000000
2.660156,-0.179688,1.044922,0.000000,32.307045,5.000000
2.755859,-0.089844,0.912109,0.000000,31.408222,5.000000
4.429688,-0.142578,1.160156,0.000000,31.589653,5.000000
4.486328,-0.144531,1.101562,0.000000,31.613680,5.000000
4.660156,-0.000000,0.187500,0.000000,30.056095,5.000000
4.742188,-0.298828,-0.570312,0.000000,33.370598,5.000000
4.777344,-0.300781,-0.615234,0.000000,34.001926,5.000000
4.806641,-0.152344,-0.755859,0.000000,30.737183,5.000000
4.880859,-0.308594,0.761719,0.000000,31.152777,5.000000
4.949219,-0.623047,0.138672,0.000000,29.876663,5.000000
0.011719,0.031250,0.025391,0.000000,29.400181,5.000000
0.041016,-0.033203,0.062500,0.000000,30.149403,5.000000
0.052734,-0.042969,0.103516,0.000000,29.020029,5.000000
0.869141,-0.146484,0.328125,0.000000,16.989700,5.000000
0.011719,-0.039062,-0.007812,0.000000,30.762762,6.000000
0.017578,-0.080078,-0.009766,0.000000,31.992065,6.000000
0.029297,-0.119141,-0.005859,0.000000,30.257154,6.000000
0.056641,-0.154297,0.005859,0.000000,25.514500,6.000000
0.783203,0.214844,-0.279297,0.000000,22.988531,6.000000
0.839844,0.224609,-0.234375,0.000000,27.143297,6.000000
0.892578,0.234375,-0.181641,0.000000,28.432327,6.000000
0.935547,0.275391,-0.111328,0.000000,27.745171,6.000000
0.980469,0.287109,-0.050781,0.000000,26.404814,6.000000
1.007812,0.332031,0.074219,0.000000,24.899586,6.000000
1.044922,0.310547,0.183594,0.000000,28.034571,6.000000
1.083984,0.322266,0.187500,0.000000,30.119930,6.000000
1.132812,0.296875,0.189453,0.000000,29.294189,6.000000
2.605469,-0.175781,1.072266,0.000000,29.090208,6.000000
2.650391,-0.179688,1.068359,0.000000,32.258259,6.000000
2.734375,-0.089844,0.976562,0.000000,31.142773,6.000000
4.394531,-0.142578,1.285156,0.000000,31.386185,6.000000
4.412109,-0.144531,1.369141,0.000000,31.215599,6.000000
4.742188,-0.298828,-0.570312,0.000000,33.310223,6.000000
4.779297,-0.300781,-0.605469,0.000000,33.975925,6.000000
4.812500,-0.152344,-0.720703,0.000000,30.729847,6.000000
4.888672,-0.308594,0.712891,0.000000,31.102530,6.000000
4.951172,-0.623047,0.097656,0.000000,29.916691,6.000000
0.011719,0.031250,0.025391,0.000000,29.400181,6.000000
0.041016,-0.033203,0.062500,0.000000,30.149403,6.000000
0.052734,-0.042969,0.103516,0.000000,29.014584,6.000000
0.011719,-0.039062,-0.007812,0.000000,30.766405,7.000000
0.017578,-0.080078,-0.009766,0.000000,31.994808,7.000000
0.029297,-0.119141,-0.005859,0.000000,30.257154,7.000000
0.056641,-0.154297,0.005859,0.000000,25.526682,7.000000
0.751953,0.242188,-0.337891,0.000000,22.741579,7.000000
0.802734,0.224609,-0.337891,0.000000,25.670263,7.000000
0.888672,0.234375,-0.201172,0.000000,25.538830,7.000000
0.945312,0.183594,-0.189453,0.000000,21.238516,7.000000
0.957031,0.351562,-0.087891,0.000000,21.335388,7.000000
1.015625,0.298828,-0.099609,0.000000,22.068258,7.000000
1.080078,0.357422,0.132812,0.000000,26.989700,7.000000
1.130859,0.333984,0.136719,0.000000,28.007172,7.000000
2.611328,-0.175781,1.054688,0.000000,29.063351,7.000000
2.660156,-0.179688,1.044922,0.000000,32.301933,7.000000
2.767578,-0.089844,0.876953,0.000000,31.389339,7.000000
4.408203,-0.142578,1.240234,0.000000,31.423895,7.000000
4.421875,-0.144531,1.339844,0.000000,31.192558,7.000000
4.738281,-0.298828,-0.607422,0.000000,33.388546,7.000000
4.773438,-0.300781,-0.644531,0.000000,34.029488,7.000000
4.796875,-0.152344,-0.808594,0.000000,30.755470,7.000000
4.880859,-0.308594,0.755859,0.000000,31.162756,7.000000
4.951172,-0.623047,0.101562,0.000000,30.013010,7.000000
0.011719,0.031250,0.025391,0.000000,29.400181,7.000000
0.041016,-0.033203,0.062500,0.000000,30.149403,7.000000
0.052734,-0.042969,0.103516,0.000000,29.025467,7.000000
0.273438,-0.154297,0.929688,0.000000,19.822712,7.000000
0.011719,-0.039062,-0.007812,0.000000,30.762762,8.000000
0.017578,-0.080078,-0.009766,0.000000,31.997551,8.000000
0.029297,-0.119141,-0.005859,0.000000,30.261246,8.000000
0.056641,-0.154297,0.005859,0.000000,25.526682,8.000000
0.783203,0.242188,-0.255859,0.000000,23.783979,8.000000
0.830078,0.253906,-0.240234,0.000000,27.481880,8.000000
0.875000,0.263672,-0.224609,0.000000,27.505083,8.000000
0.910156,0.246094,-0.271484,0.000000,22.201080,8.000000
0.970703,0.320312,0.015625,0.000000,21.702618,8.000000
2.609375,-0.175781,1.060547,0.000000,29.068735,8.000000
2.660156,-0.179688,1.044922,0.000000,32.289135,8.000000
2.759766,-0.089844,0.902344,0.000000,31.325798,8.000000
4.421875,-0.142578,1.187500,0.000000,31.486027,8.000000
4.462891,-0.144531,1.191406,0.000000,31.344959,8.000000
4.740234,-0.298828,-0.585938,0.000000,33.374592,8.000000
4.777344,-0.300781,-0.623047,0.000000,34.005379,8.000000
4.806641,-0.152344,-0.750000,0.000000,30.700378,8.000000
4.855469,-0.154297,0.703125,0.000000,29.030899,8.000000
4.886719,-0.308594,0.722656,0.000000,31.095785,8.000000
4.949219,-0.623047,0.173828,0.000000,29.745117,8.000000
0.011719,0.031250,0.025391,0.000000,29.405165,8.000000
0.041016,-0.033203,0.062500,0.000000,30.149403,8.000000
0.052734,-0.042969,0.103516,0.000000,29.020029,8.000000
0.662109,-0.091797,0.718750,0.000000,20.827854,8.000000
0.011719,-0.039062,-0.007812,0.000000,30.766405,9.000000
0.017578,-0.080078,-0.007812,0.000000,31.994808,9.000000
0.029297,-0.119141,-0.005859,0.000000,30.257154,9.000000
0.056641,-0.154297,0.005859,0.000000,25.502283,9.000000
0.804688,0.242188,-0.179688,0.000000,20.969101,9.000000
0.837891,0.253906,-0.207031,0.000000,24.548449,9.000000
0.863281,0.294922,-0.234375,0.000000,24.409090,9.000000
0.884766,0.367188,-0.212891,0.000000,21.673174,9.000000
0.929688,0.416016,-0.095703,0.000000,21.335388,9.000000
1.015625,0.414062,0.130859,0.000000,23.263359,9.000000
1.044922,0.394531,0.253906,0.000000,26.180481,9.000000
1.095703,0.371094,0.261719,0.000000,27.185017,9.000000
1.142578,0.382812,0.234375,0.000000,26.138418,9.000000
2.605469,-0.175781,1.072266,0.000000,29.084850,9.000000
2.654297,-0.179688,1.060547,0.000000,32.309597,9.000000
2.750000,-0.089844,0.929688,0.000000,31.373541,9.000000
4.402344,-0.142578,1.263672,0.000000,31.370375,9.000000
4.416016,-0.144531,1.355469,0.000000,31.172712,9.000000
4.738281,-0.298828,-0.605469,0.000000,33.418301,9.000000
4.775391,-0.300781,-0.632812,0.000000,34.032921,9.000000
4.810547,-0.152344,-0.734375,0.000000,30.831442,9.000000
