0.488281,0.042969,1.257812,0.000000,22.600714,0.000000
2.626953,-0.175781,1.015625,0.000000,29.439888,0.000000
2.705078,-0.089844,0.935547,0.000000,32.746197,0.000000
2.767578,-0.089844,0.873047,0.000000,32.011238,0.000000
4.302734,-0.000000,1.449219,0.000000,27.958799,0.000000
4.394531,-0.142578,1.287109,0.000000,31.538149,0.000000
4.472656,-0.144531,1.160156,0.000000,31.129400,0.000000
4.644531,-0.000000,0.419922,0.000000,30.098757,0.000000
4.689453,-0.000000,0.373047,0.000000,30.820669,0.000000
4.740234,-0.148438,-0.160156,0.000000,29.489017,0.000000
4.742188,-0.298828,-0.574219,0.000000,33.275631,0.000000
4.789062,-0.150391,-0.591797,0.000000,34.456043,0.000000
4.802734,-0.152344,-0.775391,0.000000,31.992065,0.000000
4.839844,-0.464844,0.929688,0.000000,30.561422,0.000000
4.935547,-0.623047,0.386719,0.000000,29.503649,0.000000
0.041016,-0.033203,0.062500,0.000000,30.178677,0.000000
0.044922,-0.046875,0.105469,0.000000,29.116901,0.000000
1.179688,-0.449219,0.347656,0.000000,21.522884,0.000000
1.238281,-0.464844,0.269531,0.000000,19.731279,0.000000
0.011719,-0.039062,-0.007812,0.000000,30.824263,1.000000
0.025391,-0.076172,-0.011719,0.000000,32.019432,1.000000
0.029297,-0.119141,-0.005859,0.000000,30.228407,1.000000
0.056641,-0.154297,0.005859,0.000000,25.514500,1.000000
0.253906,0.039062,-1.242188,0.000000,23.636120,1.000000
0.166016,-0.000000,1.298828,0.000000,24.440449,1.000000
0.472656,0.042969,1.263672,0.000000,22.648178,1.000000
2.626953,-0.175781,1.015625,0.000000,29.444826,1.000000
2.703125,-0.089844,0.941406,0.000000,32.746197,1.000000
2.763672,-0.089844,0.886719,0.000000,31.997551,1.000000
4.308594,-0.000000,1.431641,0.000000,27.930916,1.000000
4.394531,-0.142578,1.285156,0.000000,31.519823,1.000000
4.472656,-0.144531,1.158203,0.000000,31.142773,1.000000
4.644531,-0.000000,0.421875,0.000000,30.124153,1.000000
4.689453,-0.000000,0.367188,0.000000,30.817072,1.000000
4.740234,-0.148438,-0.160156,0.000000,29.508514,1.000000
4.744141,-0.298828,-0.564453,0.000000,33.269501,1.000000
4.791016,-0.150391,-0.564453,0.000000,34.369572,1.000000
4.830078,-0.152344,-0.585938,0.000000,31.613680,1.000000
4.857422,-0.308594,0.900391,0.000000,30.881361,1.000000
4.945312,-0.623047,0.259766,0.000000,29.571281,1.000000
0.041016,-0.033203,0.062500,0.000000,30.182842,1.000000
0.044922,-0.046875,0.105469,0.000000,29.122221,1.000000
1.177734,-0.449219,0.349609,0.000000,21.553360,1.000000
1.234375,-0.464844,0.285156,0.000000,19.777237,1.000000
0.011719,-0.039062,-0.007812,0.000000,30.820669,2.000000
0.025391,-0.076172,-0.011719,0.000000,32.013969,2.000000
0.029297,-0.119141,-0.005859,0.000000,30.224283,2.000000
0.056641,-0.154297,0.005859,0.000000,25.490032,2.000000
0.228516,0.039062,-1.246094,0.000000,23.636120,2.000000
0.179688,-0.000000,1.296875,0.000000,24.456041,2.000000
0.474609,0.042969,1.263672,0.000000,22.671717,2.000000
1.587891,1.103516,0.339844,0.000000,27.143297,2.000000
2.625000,-0.175781,1.019531,0.000000,29.425041,2.000000
2.701172,-0.089844,0.945312,0.000000,32.739269,2.000000
2.763672,-0.089844,0.890625,0.000000,31.997551,2.000000
4.310547,-0.000000,1.427734,0.000000,27.937904,2.000000
4.396484,-0.142578,1.281250,0.000000,31.528996,2.000000
4.472656,-0.144531,1.156250,0.000000,31.109262,2.000000
4.642578,-0.000000,0.433594,0.000000,30.090258,2.000000
4.689453,-0.000000,0.378906,0.000000,30.820669,2.000000
4.740234,-0.148438,-0.150391,0.000000,29.474337,2.000000
4.744141,-0.298828,-0.556641,0.000000,33.242825,2.000000
4.794922,-0.150391,-0.539062,0.000000,34.347286,2.000000
4.830078,-0.152344,-0.587891,0.000000,31.723110,2.000000
4.843750,-0.308594,0.968750,0.000000,30.678144,2.000000
4.931641,-0.623047,0.445312,0.000000,29.454685,2.000000
0.041016,-0.033203,0.062500,0.000000,30.178677,2.000000
0.044922,-0.046875,0.105469,0.000000,29.116901,2.000000
1.175781,-0.449219,0.359375,0.000000,21.583626,2.000000
1.232422,-0.464844,0.292969,0.000000,19.777237,2.000000
0.011719,-0.039062,-0.007812,0.000000,30.820669,3.000000
0.025391,-0.076172,-0.011719,0.000000,32.016701,3.000000
0.029297,-0.119141,-0.005859,0.000000,30.228407,3.000000
0.056641,-0.154297,0.007812,0.000000,25.502283,3.000000
0.253906,0.039062,-1.242188,0.000000,23.636120,3.000000
0.175781,-0.000000,1.296875,0.000000,24.440449,3.000000
0.484375,0.042969,1.259766,0.000000,22.624512,3.000000
1.498047,1.117188,-0.216797,0.000000,25.693739,3.000000
2.626953,-0.175781,1.019531,0.000000,29.454685,3.000000
2.703125,-0.089844,0.941406,0.000000,32.750809,3.000000
2.765625,-0.089844,0.878906,0.000000,32.005768,3.000000
4.310547,-0.000000,1.425781,0.000000,27.916906,3.000000
4.396484,-0.142578,1.283203,0.000000,31.528996,3.000000
4.470703,-0.144531,1.166016,0.000000,31.109262,3.000000
4.642578,-0.000000,0.441406,0.000000,30.102999,3.000000
4.689453,-0.000000,0.375000,0.000000,30.838608,3.000000
4.740234,-0.148438,-0.166016,0.000000,29.498777,3.000000
4.742188,-0.298828,-0.578125,0.000000,33.259258,3.000000
4.781250,-0.300781,-0.593750,0.000000,34.326488,3.000000
4.814453,-0.152344,-0.697266,0.000000,31.528996,3.000000
4.853516,-0.308594,0.919922,0.000000,30.644581,3.000000
4.943359,-0.623047,0.279297,0.000000,29.532763,3.000000
0.035156,-0.035156,0.064453,0.000000,30.182842,3.000000
0.044922,-0.046875,0.105469,0.000000,29.116901,3.000000
1.179688,-0.449219,0.343750,0.000000,21.613680,3.000000
1.238281,-0.464844,0.267578,0.000000,19.956352,3.000000
0.011719,-0.039062,-0.007812,0.000000,30.831442,4.000000
0.025391,-0.076172,-0.011719,0.000000,32.019432,4.000000
0.029297,-0.119141,-0.005859,0.000000,30.224283,4.000000
0.056641,-0.154297,0.007812,0.000000,25.502283,4.000000
0.253906,0.039062,-1.242188,0.000000,23.636120,4.000000
0.166016,-0.000000,1.298828,0.000000,24.471581,4.000000
0.474609,0.042969,1.263672,0.000000,22.671717,4.000000
2.625000,-0.175781,1.023438,0.000000,29.454685,4.000000
2.705078,-0.089844,0.935547,0.000000,32.743889,4.000000
2.769531,-0.089844,0.873047,0.000000,31.992065,4.000000
4.304688,-0.000000,1.447266,0.000000,27.993406,4.000000
4.394531,-0.142578,1.289062,0.000000,31.550322,4.000000
4.474609,-0.144531,1.152344,0.000000,31.146111,4.000000
4.642578,-0.000000,0.441406,0.000000,30.102999,4.000000
4.687500,-0.000000,0.388672,0.000000,30.806265,4.000000
4.740234,-0.148438,-0.158203,0.000000,29.454685,4.000000
4.738281,-0.298828,-0.601562,0.000000,33.277676,4.000000
4.779297,-0.150391,-0.654297,0.000000,34.482426,4.000000
4.789062,-0.152344,-0.863281,0.000000,32.038486,4.000000
4.863281,-0.308594,0.867188,0.000000,30.704073,4.000000
4.939453,-0.623047,0.341797,0.000000,29.527924,4.000000
0.039062,-0.033203,0.062500,0.000000,30.182842,4.000000
0.042969,-0.046875,0.105469,0.000000,29.122221,4.000000
1.175781,-0.449219,0.359375,0.000000,21.583626,4.000000
1.236328,-0.464844,0.275391,0.000000,19.822712,4.000000
0.011719,-0.039062,-0.007812,0.000000,30.831442,5.000000
0.025391,-0.076172,-0.011719,0.000000,32.019432,5.000000
0.029297,-0.119141,-0.005859,0.000000,30.228407,5.000000
0.056641,-0.154297,0.005859,0.000000,25.514500,5.000000
0.224609,0.039062,-1.248047,0.000000,23.598354,5.000000
0.195312,-0.000000,1.294922,0.000000,24.424797,5.000000
0.496094,0.042969,1.255859,0.000000,22.624512,5.000000
1.511719,1.117188,-0.070312,0.000000,25.899496,5.000000
1.582031,1.082031,0.160156,0.000000,27.916906,5.000000
1.599609,1.103516,0.277344,0.000000,27.291647,5.000000
2.626953,-0.175781,1.015625,0.000000,29.444826,5.000000
2.703125,-0.089844,0.937500,0.000000,32.746197,5.000000
2.765625,-0.089844,0.880859,0.000000,32.003033,5.000000
4.306641,-0.000000,1.437500,0.000000,27.937904,5.000000
4.394531,-0.142578,1.285156,0.000000,31.532049,5.000000
4.472656,-0.144531,1.162109,0.000000,31.129400,5.000000
4.642578,-0.000000,0.441406,0.000000,30.124153,5.000000
4.689453,-0.000000,0.380859,0.000000,30.827854,5.000000
4.740234,-0.148438,-0.146484,0.000000,29.444826,5.000000
4.746094,-0.298828,-0.535156,0.000000,33.234585,5.000000
4.802734,-0.150391,-0.457031,0.000000,34.355259,5.000000
4.847656,-0.152344,-0.406250,0.000000,31.869564,5.000000
4.857422,-0.308594,0.902344,0.000000,30.722500,5.000000
4.939453,-0.623047,0.349609,0.000000,29.479237,5.000000
0.035156,-0.035156,0.064453,0.000000,30.178677,5.000000
0.044922,-0.046875,0.105469,0.000000,29.111576,5.000000
1.179688,-0.449219,0.345703,0.000000,21.522884,5.000000
1.244141,-0.464844,0.238281,0.000000,19.822712,5.000000
0.011719,-0.039062,-0.007812,0.000000,30.831442,6.000000
0.027344,-0.076172,-0.009766,0.000000,32.019432,6.000000
0.029297,-0.119141,-0.005859,0.000000,30.228407,6.000000
0.056641,-0.154297,0.005859,0.000000,25.502283,6.000000
0.212891,0.039062,-1.250000,0.000000,23.636120,6.000000
0.208984,-0.000000,1.292969,0.000000,24.440449,6.000000
0.482422,0.042969,1.259766,0.000000,22.648178,6.000000
2.632812,-0.175781,1.003906,0.000000,29.410143,6.000000
2.705078,-0.089844,0.933594,0.000000,32.730011,6.000000
2.767578,-0.089844,0.875000,0.000000,31.975563,6.000000
4.298828,-0.000000,1.464844,0.000000,27.951845,6.000000
4.392578,-0.142578,1.294922,0.000000,31.538149,6.000000
4.478516,-0.000000,1.144531,0.000000,31.119343,6.000000
4.644531,-0.000000,0.427734,0.000000,30.094509,6.000000
4.689453,-0.000000,0.375000,0.000000,30.845762,6.000000
4.740234,-0.148438,-0.173828,0.000000,29.498777,6.000000
4.740234,-0.298828,-0.589844,0.000000,33.330441,6.000000
4.785156,-0.150391,-0.621094,0.000000,34.608978,6.000000
4.794922,-0.152344,-0.820312,0.000000,32.304489,6.000000
4.857422,-0.308594,0.898438,0.000000,30.689276,6.000000
4.937500,-0.623047,0.384766,0.000000,29.518230,6.000000
0.041016,-0.033203,0.062500,0.000000,30.174507,6.000000
0.044922,-0.046875,0.105469,0.000000,29.116901,6.000000
1.173828,-0.449219,0.363281,0.000000,21.553360,6.000000
1.232422,-0.464844,0.298828,0.000000,19.777237,6.000000
0.011719,-0.039062,-0.007812,0.000000,30.831442,7.000000
0.027344,-0.076172,-0.009766,0.000000,32.019432,7.000000
0.029297,-0.119141,-0.005859,0.000000,30.228407,7.000000
0.056641,-0.154297,0.007812,0.000000,25.514500,7.000000
0.224609,0.039062,-1.248047,0.000000,23.598354,7.000000
0.177734,-0.000000,1.296875,0.000000,24.456041,7.000000
0.476562,0.042969,1.261719,0.000000,22.648178,7.000000
2.625000,-0.175781,1.021484,0.000000,29.420080,7.000000
2.703125,-0.089844,0.941406,0.000000,32.736958,7.000000
2.763672,-0.089844,0.886719,0.000000,32.011238,7.000000
4.302734,-0.000000,1.449219,0.000000,27.972675,7.000000
4.392578,-0.142578,1.294922,0.000000,31.538149,7.000000
4.468750,-0.144531,1.169922,0.000000,31.139433,7.000000
4.642578,-0.000000,0.429688,0.000000,30.128372,7.000000
4.689453,-0.000000,0.376953,0.000000,30.835026,7.000000
4.740234,-0.148438,-0.169922,0.000000,29.489017,7.000000
4.742188,-0.298828,-0.580078,0.000000,33.209766,7.000000
4.783203,-0.300781,-0.578125,0.000000,34.189640,7.000000
4.828125,-0.152344,-0.595703,0.000000,31.241781,7.000000
4.843750,-0.308594,0.966797,0.000000,30.788193,7.000000
4.933594,-0.623047,0.425781,0.000000,29.556877,7.000000
0.037109,-0.035156,0.064453,0.000000,30.178677,7.000000
0.044922,-0.046875,0.105469,0.000000,29.116901,7.000000
1.179688,-0.449219,0.345703,0.000000,21.583626,7.000000
1.240234,-0.464844,0.261719,0.000000,19.822712,7.000000
0.011719,-0.039062,-0.007812,0.000000,30.831442,8.000000
0.027344,-0.076172,-0.009766,0.000000,32.019432,8.000000
0.029297,-0.119141,-0.005859,0.000000,30.232525,8.000000
0.056641,-0.154297,0.007812,0.000000,25.514500,8.000000
0.222656,0.039062,-1.248047,0.000000,23.654881,8.000000
0.158203,-0.000000,1.298828,0.000000,24.471581,8.000000
0.474609,0.042969,1.263672,0.000000,22.671717,8.000000
2.625000,-0.175781,1.023438,0.000000,29.410143,8.000000
2.703125,-0.089844,0.939453,0.000000,32.730011,8.000000
2.767578,-0.089844,0.878906,0.000000,32.003033,8.000000
4.312500,-0.000000,1.421875,0.000000,27.923918,8.000000
4.396484,-0.142578,1.281250,0.000000,31.538149,8.000000
4.474609,-0.144531,1.152344,0.000000,31.126051,8.000000
4.642578,-0.000000,0.443359,0.000000,30.111473,8.000000
4.689453,-0.000000,0.382812,0.000000,30.835026,8.000000
4.740234,-0.148438,-0.142578,0.000000,29.503649,8.000000
4.748047,-0.298828,-0.527344,0.000000,33.273590,8.000000
4.802734,-0.150391,-0.462891,0.000000,34.471581,8.000000
4.839844,-0.152344,-0.492188,0.000000,32.156376,8.000000
4.875000,-0.308594,0.792969,0.000000,30.588055,8.000000
4.943359,-0.623047,0.279297,0.000000,29.469433,8.000000
0.041016,-0.033203,0.062500,0.000000,30.182842,8.000000
0.044922,-0.046875,0.105469,0.000000,29.122221,8.000000
1.181641,-0.449219,0.339844,0.000000,21.583626,8.000000
1.242188,-0.464844,0.255859,0.000000,19.822712,8.000000
0.011719,-0.039062,-0.007812,0.000000,30.842186,9.000000
0.027344,-0.076172,-0.009766,0.000000,32.024883,9.000000
0.029297,-0.119141,-0.005859,0.000000,30.232525,9.000000
0.056641,-0.154297,0.005859,0.000000,25.514500,9.000000
0.259766,0.039062,-1.240234,0.000000,23.636120,9.000000
0.154297,-0.000000,1.300781,0.000000,24.456041,9.000000
0.466797,0.042969,1.265625,0.000000,22.624512,9.000000
2.626953,-0.175781,1.015625,0.000000,29.405165,9.000000
2.703125,-0.089844,0.937500,0.000000,32.750809,9.000000
2.765625,-0.089844,0.878906,0.000000,32.013969,9.000000
4.296875,-0.000000,1.468750,0.000000,27.937904,9.000000
4.392578,-0.142578,1.294922,0.000000,31.541195,9.000000
4.474609,-0.000000,1.158203,0.000000,31.132748,9.000000
4.644531,-0.000000,0.427734,0.000000,30.111473,9.000000
4.689453,-0.000000,0.378906,0.000000,30.838608,9.000000
4.740234,-0.148438,-0.173828,0.000000,29.508514,9.000000
4.742188,-0.298828,-0.578125,0.000000,33.350567,9.000000
4.791016,-0.150391,-0.570312,0.000000,34.604469,9.000000
4.816406,-0.152344,-0.691406,0.000000,32.234959,9.000000
4.857422,-0.308594,0.904297,0.000000,30.704073,9.000000
4.937500,-0.623047,0.361328,0.000000,29.484129,9.000000
0.041016,-0.033203,0.062500,0.000000,30.178677,9.000000
0.044922,-0.046875,0.105469,0.000000,29.116901,9.000000
1.179688,-0.449219,0.345703,0.000000,21.553360,9.000000
1.238281,-0.464844,0.267578,0.000000,19.822712,9.000000
0.011719,-0.039062,-0.007812,0.000000,30.835026,10.000000
0.025391,-0.076172,-0.011719,0.000000,32.019432,10.000000
0.029297,-0.119141,-0.005859,0.000000,30.228407,10.000000
0.056641,-0.154297,0.005859,0.000000,25.502283,10.000000
0.166016,0.039062,-1.255859,0.000000,23.636120,10.000000
0.197266,-0.000000,1.294922,0.000000,24.471581,10.000000
0.462891,0.042969,1.267578,0.000000,22.648178,10.000000
