0.037109,-0.035156,0.064453,0.000000,30.161974,0.000000
0.044922,-0.046875,0.105469,0.000000,29.095560,0.000000
1.181641,-0.449219,0.341797,0.000000,21.461281,0.000000
1.240234,-0.464844,0.259766,0.000000,19.777237,0.000000
0.011719,-0.039062,-0.007812,0.000000,30.817072,1.000000
0.025391,-0.076172,-0.011719,0.000000,31.997551,1.000000
0.029297,-0.119141,-0.005859,0.000000,30.203613,1.000000
0.056641,-0.154297,0.005859,0.000000,25.490032,1.000000
0.207031,0.039062,-1.250000,0.000000,23.579348,1.000000
0.191406,-0.000000,1.294922,0.000000,24.409090,1.000000
0.478516,0.042969,1.261719,0.000000,22.648178,1.000000
2.619141,-0.175781,1.037109,0.000000,29.474337,1.000000
2.667969,-0.179688,1.023438,0.000000,32.720737,1.000000
2.763672,-0.089844,0.888672,0.000000,31.953461,1.000000
4.300781,-0.142578,1.449219,0.000000,27.881683,1.000000
4.388672,-0.142578,1.310547,0.000000,31.489109,1.000000
4.460938,-0.144531,1.201172,0.000000,31.146111,1.000000
4.644531,-0.000000,0.417969,0.000000,30.043213,1.000000
4.691406,-0.000000,0.349609,0.000000,30.884905,1.000000
4.744141,-0.000000,-0.091797,0.000000,29.425041,1.000000
4.740234,-0.298828,-0.585938,0.000000,33.287872,1.000000
4.781250,-0.300781,-0.591797,0.000000,34.470028,1.000000
4.816406,-0.152344,-0.695312,0.000000,32.164299,1.000000
4.867188,-0.308594,0.841797,0.000000,30.696680,1.000000
4.921875,-0.779297,0.255859,0.000000,29.599949,1.000000
1.541016,1.140625,-0.132812,0.614669,26.954817,1.000000
1.527344,1.226562,-0.121094,0.614669,28.413595,1.000000
1.556641,1.251953,-0.150391,0.614669,28.524799,1.000000
1.582031,1.279297,-0.210938,0.614669,26.522463,1.000000
0.037109,-0.035156,0.064453,0.000000,30.166155,1.000000
0.044922,-0.046875,0.105469,0.000000,29.100906,1.000000
1.183594,-0.449219,0.333984,0.000000,21.553360,1.000000
1.240234,-0.464844,0.261719,0.000000,19.867718,1.000000
0.011719,-0.039062,-0.007812,0.000000,30.809870,2.000000
0.027344,-0.076172,-0.009766,0.000000,31.994808,2.000000
0.029297,-0.119141,-0.005859,0.000000,30.199467,2.000000
0.056641,-0.154297,0.007812,0.000000,25.477747,2.000000
0.208984,0.039062,-1.250000,0.000000,23.579348,2.000000
0.205078,-0.000000,1.292969,0.000000,24.424797,2.000000
0.498047,0.042969,1.253906,0.000000,22.648178,2.000000
2.625000,-0.175781,1.021484,0.000000,29.474337,2.000000
2.667969,-0.179688,1.023438,0.000000,32.711445,2.000000
2.765625,-0.089844,0.882812,0.000000,31.950689,2.000000
4.314453,-0.142578,1.408203,0.000000,27.930916,2.000000
4.394531,-0.142578,1.287109,0.000000,31.501421,2.000000
4.466797,-0.144531,1.179688,0.000000,31.142773,2.000000
4.642578,-0.000000,0.439453,0.000000,30.043213,2.000000
4.689453,-0.000000,0.361328,0.000000,30.891983,2.000000
4.744141,-0.000000,-0.082031,0.000000,29.420080,2.000000
4.740234,-0.298828,-0.583984,0.000000,33.261311,2.000000
4.775391,-0.300781,-0.630859,0.000000,34.432629,2.000000
4.783203,-0.152344,-0.894531,0.000000,32.177471,2.000000
4.863281,-0.464844,0.798828,0.000000,30.464952,2.000000
4.923828,-0.779297,0.236328,0.000000,29.585638,2.000000
1.574219,1.166016,-0.128906,0.614669,26.344772,2.000000
1.562500,1.251953,-0.087891,0.614669,26.981005,2.000000
0.037109,-0.035156,0.064453,0.000000,30.161974,2.000000
0.044922,-0.046875,0.105469,0.000000,29.100906,2.000000
1.173828,-0.449219,0.365234,0.000000,21.553360,2.000000
1.234375,-0.464844,0.291016,0.000000,19.822712,2.000000
0.011719,-0.039062,-0.007812,0.000000,30.817072,3.000000
0.027344,-0.076172,-0.009766,0.000000,31.994808,3.000000
0.029297,-0.119141,-0.005859,0.000000,30.203613,3.000000
0.056641,-0.154297,0.005859,0.000000,25.490032,3.000000
0.248047,0.039062,-1.242188,0.000000,23.579348,3.000000
0.148438,-0.000000,1.300781,0.000000,24.409090,3.000000
0.472656,0.042969,1.263672,0.000000,22.648178,3.000000
2.619141,-0.175781,1.039062,0.000000,29.434946,3.000000
2.666016,-0.179688,1.029297,0.000000,32.704460,3.000000
2.761719,-0.089844,0.894531,0.000000,31.956230,3.000000
4.304688,-0.142578,1.439453,0.000000,27.881683,3.000000
4.390625,-0.142578,1.300781,0.000000,31.473671,3.000000
4.466797,-0.144531,1.179688,0.000000,31.132748,3.000000
4.644531,-0.000000,0.421875,0.000000,30.038912,3.000000
4.689453,-0.000000,0.361328,0.000000,30.852905,3.000000
4.744141,-0.000000,-0.087891,0.000000,29.405165,3.000000
4.742188,-0.298828,-0.578125,0.000000,33.246941,3.000000
4.779297,-0.300781,-0.605469,0.000000,34.371162,3.000000
4.810547,-0.152344,-0.732422,0.000000,31.878027,3.000000
4.859375,-0.308594,0.884766,0.000000,30.909630,3.000000
4.925781,-0.779297,0.207031,0.000000,29.656719,3.000000
0.037109,-0.035156,0.064453,0.000000,30.161974,3.000000
0.044922,-0.046875,0.105469,0.000000,29.095560,3.000000
1.177734,-0.449219,0.351562,0.000000,21.461281,3.000000
1.238281,-0.464844,0.269531,0.000000,19.731279,3.000000
0.011719,-0.039062,-0.007812,0.000000,30.806265,4.000000
0.027344,-0.076172,-0.009766,0.000000,31.992065,4.000000
0.029297,-0.119141,-0.005859,0.000000,30.199467,4.000000
0.056641,-0.154297,0.005859,0.000000,25.477747,4.000000
0.222656,0.039062,-1.248047,0.000000,23.560259,4.000000
0.203125,-0.000000,1.292969,0.000000,24.440449,4.000000
0.488281,0.042969,1.257812,0.000000,22.695129,4.000000
2.619141,-0.175781,1.037109,0.000000,29.444826,4.000000
2.667969,-0.179688,1.025391,0.000000,32.699799,4.000000
2.763672,-0.089844,0.886719,0.000000,31.939590,4.000000
4.292969,-0.142578,1.468750,0.000000,27.895807,4.000000
4.382812,-0.142578,1.326172,0.000000,31.489109,4.000000
4.458984,-0.144531,1.212891,0.000000,31.149445,4.000000
4.644531,-0.000000,0.408203,0.000000,30.043213,4.000000
4.689453,-0.000000,0.365234,0.000000,30.874264,4.000000
4.744141,-0.000000,-0.072266,0.000000,29.380192,4.000000
4.740234,-0.298828,-0.582031,0.000000,33.246941,4.000000
4.777344,-0.300781,-0.621094,0.000000,34.379089,4.000000
4.791016,-0.152344,-0.849609,0.000000,31.992065,4.000000
4.861328,-0.308594,0.876953,0.000000,30.511526,4.000000
4.925781,-0.779297,0.166016,0.000000,29.489017,4.000000
1.640625,1.042969,-0.271484,0.614669,26.599161,4.000000
1.634766,1.126953,-0.277344,0.614669,26.404814,4.000000
0.037109,-0.035156,0.064453,0.000000,30.161974,4.000000
0.044922,-0.046875,0.105469,0.000000,29.100906,4.000000
1.177734,-0.449219,0.353516,0.000000,21.492191,4.000000
1.244141,-0.464844,0.246094,0.000000,19.731279,4.000000
0.011719,-0.039062,-0.007812,0.000000,30.813473,5.000000
0.027344,-0.076172,-0.009766,0.000000,31.994808,5.000000
0.029297,-0.119141,-0.005859,0.000000,30.199467,5.000000
0.056641,-0.154297,0.005859,0.000000,25.477747,5.000000
0.265625,0.039062,-1.240234,0.000000,23.560259,5.000000
0.158203,-0.000000,1.298828,0.000000,24.393328,5.000000
0.468750,0.042969,1.265625,0.000000,22.624512,5.000000
2.615234,-0.175781,1.044922,0.000000,29.464523,5.000000
2.664062,-0.179688,1.035156,0.000000,32.723057,5.000000
2.763672,-0.089844,0.888672,0.000000,31.967287,5.000000
4.310547,-0.142578,1.419922,0.000000,27.902851,5.000000
4.392578,-0.142578,1.291016,0.000000,31.486027,5.000000
4.466797,-0.144531,1.179688,0.000000,31.136091,5.000000
4.642578,-0.000000,0.439453,0.000000,30.030294,5.000000
4.691406,-0.000000,0.359375,0.000000,30.884905,5.000000
4.744141,-0.000000,-0.095703,0.000000,29.449759,5.000000
4.740234,-0.298828,-0.585938,0.000000,33.287872,5.000000
4.781250,-0.300781,-0.595703,0.000000,34.420090,5.000000
4.822266,-0.152344,-0.654297,0.000000,31.934029,5.000000
4.869141,-0.308594,0.837891,0.000000,30.895519,5.000000
4.943359,-0.623047,0.296875,0.000000,29.590414,5.000000
1.648438,1.042969,-0.222656,0.614669,27.101173,5.000000
1.638672,1.126953,-0.248047,0.614669,28.088860,5.000000
1.673828,1.150391,-0.242188,0.614669,26.981005,5.000000
1.806641,1.152344,0.332031,0.614669,26.748611,5.000000
0.041016,-0.033203,0.062500,0.000000,30.161974,5.000000
0.044922,-0.046875,0.105469,0.000000,29.100906,5.000000
1.179688,-0.449219,0.345703,0.000000,21.461281,5.000000
1.238281,-0.464844,0.269531,0.000000,19.684830,5.000000
0.011719,-0.039062,-0.007812,0.000000,30.806265,6.000000
0.027344,-0.076172,-0.009766,0.000000,31.992065,6.000000
0.029297,-0.119141,-0.005859,0.000000,30.203613,6.000000
0.056641,-0.154297,0.005859,0.000000,25.490032,6.000000
0.216797,0.039062,-1.248047,0.000000,23.598354,6.000000
0.142578,-0.000000,1.300781,0.000000,24.456041,6.000000
0.423828,0.042969,1.281250,0.000000,22.695129,6.000000
2.625000,-0.175781,1.019531,0.000000,29.434946,6.000000
2.669922,-0.179688,1.021484,0.000000,32.706787,6.000000
2.765625,-0.089844,0.882812,0.000000,31.953461,6.000000
4.310547,-0.142578,1.421875,0.000000,27.902851,6.000000
4.392578,-0.142578,1.294922,0.000000,31.492191,6.000000
4.466797,-0.144531,1.181641,0.000000,31.146111,6.000000
4.644531,-0.000000,0.412109,0.000000,30.013010,6.000000
4.691406,-0.000000,0.351562,0.000000,30.842186,6.000000
4.744141,-0.000000,-0.111328,0.000000,29.400181,6.000000
4.740234,-0.298828,-0.589844,0.000000,33.269501,6.000000
4.779297,-0.300781,-0.597656,0.000000,34.405941,6.000000
4.808594,-0.152344,-0.746094,0.000000,32.033051,6.000000
4.863281,-0.308594,0.867188,0.000000,30.546131,6.000000
4.925781,-0.779297,0.179688,0.000000,29.489017,6.000000
1.621094,1.214844,-0.281250,0.614669,26.242821,6.000000
0.037109,-0.035156,0.064453,0.000000,30.157787,6.000000
0.044922,-0.046875,0.105469,0.000000,29.095560,6.000000
1.179688,-0.449219,0.345703,0.000000,21.553360,6.000000
1.232422,-0.464844,0.300781,0.000000,19.867718,6.000000
0.011719,-0.039062,-0.007812,0.000000,30.813473,7.000000
0.025391,-0.076172,-0.009766,0.000000,31.994808,7.000000
0.029297,-0.119141,-0.005859,0.000000,30.199467,7.000000
0.056641,-0.154297,0.007812,0.000000,25.465427,7.000000
0.160156,0.039062,-1.257812,0.000000,23.541084,7.000000
0.185547,-0.000000,1.296875,0.000000,24.393328,7.000000
0.453125,0.042969,1.271484,0.000000,22.671717,7.000000
2.625000,-0.175781,1.021484,0.000000,29.444826,7.000000
2.667969,-0.179688,1.025391,0.000000,32.716091,7.000000
2.761719,-0.089844,0.892578,0.000000,31.967287,7.000000
4.300781,-0.142578,1.449219,0.000000,27.902851,7.000000
4.388672,-0.142578,1.306641,0.000000,31.486027,7.000000
4.462891,-0.144531,1.193359,0.000000,31.132748,7.000000
4.642578,-0.000000,0.429688,0.000000,30.017338,7.000000
4.689453,-0.000000,0.361328,0.000000,30.852905,7.000000
4.744141,-0.000000,-0.111328,0.000000,29.395193,7.000000
4.740234,-0.298828,-0.591797,0.000000,33.259258,7.000000
4.781250,-0.300781,-0.582031,0.000000,34.336098,7.000000
4.830078,-0.152344,-0.587891,0.000000,31.610683,7.000000
4.839844,-0.308594,0.988281,0.000000,30.874264,7.000000
4.923828,-0.779297,0.244141,0.000000,29.518230,7.000000
1.683594,1.064453,-0.216797,0.614669,26.981005,7.000000
1.679688,1.150391,-0.203125,0.614669,26.839472,7.000000
0.041016,-0.033203,0.062500,0.000000,30.161974,7.000000
0.042969,-0.046875,0.105469,0.000000,29.095560,7.000000
1.175781,-0.449219,0.361328,0.000000,21.522884,7.000000
1.238281,-0.464844,0.275391,0.000000,19.822712,7.000000
0.011719,-0.039062,-0.007812,0.000000,30.813473,8.000000
0.027344,-0.076172,-0.009766,0.000000,31.994808,8.000000
0.029297,-0.119141,-0.005859,0.000000,30.203613,8.000000
0.056641,-0.154297,0.007812,0.000000,25.477747,8.000000
0.218750,0.039062,-1.248047,0.000000,23.598354,8.000000
0.205078,-0.000000,1.292969,0.000000,24.424797,8.000000
0.490234,0.042969,1.255859,0.000000,22.671717,8.000000
2.621094,-0.175781,1.033203,0.000000,29.434946,8.000000
2.666016,-0.179688,1.031250,0.000000,32.716091,8.000000
2.761719,-0.089844,0.894531,0.000000,31.961761,8.000000
4.306641,-0.142578,1.433594,0.000000,27.867514,8.000000
4.390625,-0.142578,1.302734,0.000000,31.482941,8.000000
4.464844,-0.144531,1.191406,0.000000,31.142773,8.000000
4.644531,-0.000000,0.427734,0.000000,30.043213,8.000000
4.689453,-0.000000,0.369141,0.000000,30.860037,8.000000
4.744141,-0.000000,-0.087891,0.000000,29.400181,8.000000
4.740234,-0.298828,-0.589844,0.000000,33.267452,8.000000
4.777344,-0.300781,-0.625000,0.000000,34.405941,8.000000
4.794922,-0.152344,-0.820312,0.000000,32.027607,8.000000
4.882812,-0.308594,0.755859,0.000000,30.606977,8.000000
4.943359,-0.623047,0.291016,0.000000,29.489017,8.000000
0.041016,-0.033203,0.062500,0.000000,30.161974,8.000000
0.044922,-0.046875,0.105469,0.000000,29.095560,8.000000
1.179688,-0.449219,0.347656,0.000000,21.522884,8.000000
1.244141,-0.464844,0.248047,0.000000,19.867718,8.000000
0.011719,-0.039062,-0.007812,0.000000,30.813473,9.000000
0.027344,-0.076172,-0.009766,0.000000,31.994808,9.000000
0.029297,-0.119141,-0.005859,0.000000,30.203613,9.000000
0.056641,-0.154297,0.007812,0.000000,25.490032,9.000000
0.248047,0.039062,-1.242188,0.000000,23.560259,9.000000
0.183594,-0.000000,1.296875,0.000000,24.409090,9.000000
0.494141,0.042969,1.255859,0.000000,22.648178,9.000000
2.625000,-0.175781,1.021484,0.000000,29.420080,9.000000
2.667969,-0.179688,1.027344,0.000000,32.697464,9.000000
2.761719,-0.089844,0.894531,0.000000,31.953461,9.000000
4.302734,-0.142578,1.443359,0.000000,27.874605,9.000000
4.388672,-0.142578,1.308594,0.000000,31.479853,9.000000
4.460938,-0.144531,1.203125,0.000000,31.142773,9.000000
4.644531,-0.000000,0.427734,0.000000,30.038912,9.000000
4.691406,-0.000000,0.359375,0.000000,30.863598,9.000000
4.744141,-0.000000,-0.076172,0.000000,29.390198,9.000000
4.744141,-0.298828,-0.564453,0.000000,33.240765,9.000000
4.781250,-0.300781,-0.585938,0.000000,34.416950,9.000000
4.802734,-0.152344,-0.781250,0.000000,32.087101,9.000000
4.845703,-0.308594,0.957031,0.000000,30.595634,9.000000
4.921875,-0.779297,0.253906,0.000000,29.537598,9.000000
0.039062,-0.033203,0.062500,0.000000,30.157787,9.000000
0.044922,-0.046875,0.105469,0.000000,29.095560,9.000000
1.179688,-0.449219,0.345703,0.000000,21.553360,9.000000
1.240234,-0.464844,0.259766,0.000000,19.731279,9.000000
0.011719,-0.039062,-0.007812,0.000000,30.809870,10.000000
0.027344,-0.076172,-0.009766,0.000000,31.994808,10.000000
0.029297,-0.119141,-0.005859,0.000000,30.203613,10.000000
0.056641,-0.154297,0.007812,0.000000,25.477747,10.000000
0.238281,0.039062,-1.244141,0.000000,23.598354,10.000000
0.158203,-0.000000,1.298828,0.000000,24.440449,10.000000
0.488281,0.042969,1.257812,0.000000,22.695129,10.000000
2.623047,-0.175781,1.029297,0.000000,29.425041,10.000000
2.669922,-0.179688,1.021484,0.000000,32.699799,10.000000
2.765625,-0.089844,0.882812,0.000000,31.953461,10.000000
4.304688,-0.142578,1.435547,0.000000,27.867514,10.000000
4.390625,-0.142578,1.302734,0.000000,31.476763,10.000000
