1.095703,-0.138672,-0.007812,-0.614669,29.314579,0.000000
1.140625,-0.107422,0.013672,-0.614669,32.151085,0.000000
1.183594,-0.074219,0.005859,-0.614669,31.746412,0.000000
1.226562,-0.000000,-0.052734,-0.614669,26.599161,0.000000
1.222656,-0.119141,0.310547,-0.614669,22.227165,0.000000
0.041016,-0.033203,0.062500,0.000000,30.094509,0.000000
0.044922,-0.046875,0.103516,0.000000,29.003672,0.000000
1.263672,0.287109,-0.185547,0.000000,23.617279,0.000000
1.187500,-0.998047,2.455078,0.000000,25.477747,0.000000
0.011719,-0.039062,-0.007812,0.000000,30.644581,1.000000
0.017578,-0.080078,-0.007812,0.000000,31.908916,1.000000
0.029297,-0.119141,-0.005859,0.000000,30.136797,1.000000
0.056641,-0.154297,0.005859,0.000000,25.465427,1.000000
1.046875,-0.099609,-0.160156,-0.614669,25.774918,1.000000
1.087891,-0.103516,-0.160156,-0.614669,30.496056,1.000000
1.125000,-0.107422,-0.181641,-0.614669,31.734776,1.000000
1.160156,-0.074219,-0.234375,-0.614669,29.749720,1.000000
1.046875,-0.191406,-0.609375,-0.614669,23.283796,1.000000
0.851562,0.080078,0.935547,-0.614669,26.551384,1.000000
1.171875,0.123047,-0.572266,-0.614669,27.371927,1.000000
0.009766,0.031250,0.025391,0.000000,29.299295,1.000000
0.041016,-0.033203,0.062500,0.000000,30.090258,1.000000
0.044922,-0.046875,0.103516,0.000000,29.003672,1.000000
0.263672,0.460938,-1.107422,-0.614669,20.644581,1.000000
1.187500,-0.357422,-0.265625,-0.614669,25.185139,1.000000
1.255859,-0.367188,-0.052734,-0.614669,25.118834,1.000000
0.011719,-0.039062,-0.007812,0.000000,30.644581,2.000000
0.017578,-0.080078,-0.007812,0.000000,31.908916,2.000000
0.029297,-0.119141,-0.005859,0.000000,30.136797,2.000000
0.056641,-0.154297,0.005859,0.000000,25.453072,2.000000
1.009766,-0.421875,-0.556641,-1.229337,25.998831,2.000000
1.015625,-0.064453,-0.101562,-0.614669,22.878017,2.000000
1.052734,-0.099609,-0.111328,-0.614669,26.294096,2.000000
1.076172,-0.207031,0.138672,-0.614669,26.159500,2.000000
1.115234,-0.107422,0.238281,-0.614669,29.122221,2.000000
1.160156,-0.037109,0.250000,-0.614669,28.524799,2.000000
0.943359,-0.421875,-0.662109,-0.614669,26.283890,2.000000
1.251953,0.158203,-0.117188,-0.614669,27.267273,2.000000
1.291016,0.164062,-0.144531,-0.614669,27.218105,2.000000
0.009766,0.031250,0.025391,0.000000,29.294189,2.000000
0.041016,-0.033203,0.062500,0.000000,30.098757,2.000000
0.044922,-0.046875,0.103516,0.000000,29.003672,2.000000
1.154297,0.039062,0.414062,-1.229337,23.838154,2.000000
0.832031,-0.519531,-0.667969,-0.614669,25.987906,2.000000
1.207031,0.039062,0.218750,-0.614669,25.786392,2.000000
0.656250,-0.357422,-1.023438,-0.614669,26.148972,2.000000
0.457031,-0.287109,1.193359,-0.614669,25.171959,2.000000
0.011719,-0.039062,-0.007812,0.000000,30.652061,3.000000
0.017578,-0.080078,-0.007812,0.000000,31.911715,3.000000
0.029297,-0.119141,-0.005859,0.000000,30.145205,3.000000
0.056641,-0.154297,0.007812,0.000000,25.477747,3.000000
0.689453,-0.205078,1.093750,0.000000,23.820171,3.000000
1.021484,-0.064453,-0.007812,-0.614669,25.415792,3.000000
1.060547,-0.066406,0.035156,-0.614669,30.770042,3.000000
1.101562,-0.068359,0.037109,-0.614669,32.631626,3.000000
1.144531,-0.035156,0.011719,-0.614669,30.777311,3.000000
1.001953,-0.482422,0.412109,-0.614669,21.613680,3.000000
1.226562,0.039062,0.009766,-0.614669,25.831987,3.000000
1.253906,0.119141,-0.148438,-0.614669,25.820633,3.000000
0.041016,-0.033203,0.062500,0.000000,30.102999,3.000000
0.044922,-0.046875,0.103516,0.000000,29.009130,3.000000
1.271484,0.287109,-0.121094,0.000000,23.443922,3.000000
1.111328,-0.074219,-0.408203,-0.614669,20.413927,3.000000
0.011719,-0.039062,-0.007812,0.000000,30.659531,4.000000
0.017578,-0.080078,-0.007812,0.000000,31.914511,4.000000
0.029297,-0.119141,-0.005859,0.000000,30.141003,4.000000
0.056641,-0.154297,0.007812,0.000000,25.465427,4.000000
0.750000,-0.039062,1.021484,0.000000,24.456041,4.000000
1.138672,-0.333984,0.000000,-1.229337,24.265112,4.000000
1.013672,-0.126953,-0.013672,-0.614669,28.426092,4.000000
1.058594,-0.099609,-0.017578,-0.614669,31.601683,4.000000
1.101562,-0.068359,-0.025391,-0.614669,31.293676,4.000000
1.144531,-0.000000,0.023438,-0.614669,26.954817,4.000000
1.171875,-0.191406,0.306641,-0.614669,24.424797,4.000000
0.041016,-0.033203,0.062500,0.000000,30.102999,4.000000
0.044922,-0.046875,0.103516,0.000000,29.009130,4.000000
0.957031,-0.357422,-0.517578,-0.614669,25.237465,4.000000
0.011719,-0.039062,-0.007812,0.000000,30.648323,5.000000
0.017578,-0.080078,-0.007812,0.000000,31.908916,5.000000
0.029297,-0.119141,-0.005859,0.000000,30.141003,5.000000
0.056641,-0.154297,0.005859,0.000000,25.465427,5.000000
1.205078,0.154297,-0.167969,0.000000,25.453072,5.000000
1.232422,0.197266,-0.224609,0.000000,26.599161,5.000000
0.923828,0.031250,-0.328125,-0.614669,25.774918,5.000000
0.878906,0.031250,-0.521484,-0.614669,26.910814,5.000000
0.669922,-0.033203,0.826172,-0.614669,25.932861,5.000000
0.962891,-0.068359,0.535156,-0.614669,28.573324,5.000000
1.054688,-0.072266,0.441406,-0.614669,27.379873,5.000000
1.171875,-0.074219,0.167969,-0.614669,25.751879,5.000000
0.041016,-0.033203,0.062500,0.000000,30.102999,5.000000
0.044922,-0.046875,0.103516,0.000000,29.009130,5.000000
0.824219,-0.306641,0.437500,-0.614669,23.324385,5.000000
0.917969,-0.287109,0.349609,-0.614669,24.248816,5.000000
0.794922,-0.464844,-0.679688,-0.614669,24.638929,5.000000
0.011719,-0.039062,-0.007812,0.000000,30.652061,6.000000
0.017578,-0.080078,-0.007812,0.000000,31.911715,6.000000
0.029297,-0.119141,-0.005859,0.000000,30.136797,6.000000
0.056641,-0.154297,0.005859,0.000000,25.453072,6.000000
1.013672,0.126953,0.021484,0.000000,21.038036,6.000000
1.158203,0.230469,-0.337891,0.000000,24.409090,6.000000
1.255859,0.158203,-0.082031,0.000000,25.390760,6.000000
1.054688,-0.033203,0.130859,-0.614669,24.727564,6.000000
1.091797,-0.138672,0.087891,-0.614669,27.474117,6.000000
1.134766,-0.142578,0.054688,-0.614669,26.972294,6.000000
1.181641,-0.111328,0.007812,-0.614669,23.729120,6.000000
0.009766,0.031250,0.025391,0.000000,29.299295,6.000000
0.041016,-0.033203,0.062500,0.000000,30.102999,6.000000
0.044922,-0.046875,0.103516,0.000000,29.014584,6.000000
0.238281,-0.224609,-0.968750,0.000000,20.718821,6.000000
0.492188,-0.230469,1.099609,0.000000,21.643528,6.000000
0.011719,-0.039062,-0.007812,0.000000,30.659531,7.000000
0.017578,-0.080078,-0.007812,0.000000,31.914511,7.000000
0.029297,-0.119141,-0.005859,0.000000,30.136797,7.000000
0.056641,-0.154297,0.005859,0.000000,25.453072,7.000000
1.164062,0.119141,-0.488281,0.000000,26.608654,7.000000
0.890625,-0.000000,-0.130859,-0.614669,18.920946,7.000000
0.921875,-0.000000,-0.191406,-0.614669,26.618126,7.000000
0.933594,-0.000000,-0.300781,-0.614669,28.733206,7.000000
0.986328,-0.255859,0.078125,-0.614669,27.466343,7.000000
1.035156,-0.099609,0.218750,-0.614669,31.261314,7.000000
1.085938,-0.068359,0.193359,-0.614669,31.156105,7.000000
1.130859,-0.107422,0.146484,-0.614669,27.810369,7.000000
0.041016,-0.033203,0.062500,0.000000,30.098757,7.000000
0.044922,-0.046875,0.103516,0.000000,29.003672,7.000000
0.884766,-0.275391,0.326172,-0.614669,25.877110,7.000000
0.511719,0.095703,-0.878906,-0.614669,25.740313,7.000000
0.011719,-0.039062,-0.007812,0.000000,30.648323,8.000000
0.017578,-0.080078,-0.007812,0.000000,31.908916,8.000000
0.029297,-0.119141,-0.005859,0.000000,30.132587,8.000000
0.056641,-0.154297,0.005859,0.000000,25.440680,8.000000
1.228516,0.197266,-0.248047,0.000000,27.193314,8.000000
2.597656,-0.447266,1.117188,0.000000,28.579353,8.000000
2.683594,-0.453125,1.013672,0.000000,28.981766,8.000000
0.880859,-0.027344,-0.177734,-0.614669,25.105450,8.000000
0.914062,-0.000000,-0.222656,-0.614669,30.488300,8.000000
0.943359,-0.000000,-0.269531,-0.614669,31.684975,8.000000
0.982422,-0.000000,-0.281250,-0.614669,29.947569,8.000000
1.041016,-0.099609,-0.197266,-0.614669,27.242758,8.000000
1.085938,-0.138672,-0.146484,-0.614669,23.364597,8.000000
0.041016,-0.033203,0.062500,0.000000,30.102999,8.000000
0.044922,-0.046875,0.103516,0.000000,29.009130,8.000000
0.656250,-0.238281,1.058594,0.000000,24.785666,8.000000
0.011719,-0.039062,-0.007812,0.000000,30.644581,9.000000
0.017578,-0.080078,-0.007812,0.000000,31.908916,9.000000
0.029297,-0.119141,-0.005859,0.000000,30.136797,9.000000
0.056641,-0.154297,0.005859,0.000000,25.453072,9.000000
0.951172,-0.033203,0.472656,0.000000,26.928469,9.000000
2.593750,-0.537109,1.089844,0.000000,29.237619,9.000000
2.693359,-0.453125,0.986328,0.000000,29.595184,9.000000
0.982422,-0.255859,-0.128906,-1.229337,27.339993,9.000000
0.837891,-0.134766,0.138672,-0.614669,20.043213,9.000000
0.886719,-0.140625,0.060547,-0.614669,29.047155,9.000000
0.929688,-0.146484,0.031250,-0.614669,32.530956,9.000000
0.968750,-0.154297,-0.003906,-0.614669,31.970047,9.000000
0.982422,-0.255859,-0.128906,-0.614669,26.493349,9.000000
0.970703,-0.103516,0.515625,-0.614669,24.329693,9.000000
0.041016,-0.033203,0.062500,0.000000,30.098757,9.000000
0.044922,-0.046875,0.103516,0.000000,29.009130,9.000000
0.011719,-0.039062,-0.007812,0.000000,30.652061,10.000000
0.017578,-0.080078,-0.007812,0.000000,31.911715,10.000000
0.029297,-0.119141,-0.005859,0.000000,30.141003,10.000000
0.056641,-0.154297,0.005859,0.000000,25.453072,10.000000
0.853516,-0.052734,0.083984,0.000000,26.580114,10.000000
2.621094,-0.537109,1.021484,0.000000,27.641762,10.000000
2.689453,-0.544922,0.953125,0.000000,28.142475,10.000000
0.898438,-0.000000,-0.058594,-0.614669,32.108532,10.000000
0.939453,-0.000000,-0.052734,-0.614669,33.119656,10.000000
0.982422,-0.000000,-0.009766,-0.614669,31.743505,10.000000
1.019531,-0.031250,0.076172,-0.614669,30.572857,10.000000
1.050781,-0.066406,0.146484,-0.614669,28.518696,10.000000
0.041016,-0.033203,0.062500,0.000000,30.107239,10.000000
0.046875,-0.046875,0.103516,0.000000,29.014584,10.000000
0.638672,-0.337891,0.537109,-0.614669,30.073210,10.000000
0.546875,-0.353516,0.679688,-0.614669,31.142773,10.000000
0.011719,-0.039062,-0.007812,0.000000,30.652061,11.000000
0.017578,-0.080078,-0.007812,0.000000,31.914511,11.000000
0.029297,-0.119141,-0.005859,0.000000,30.141003,11.000000
0.056641,-0.154297,0.005859,0.000000,25.453072,11.000000
0.878906,-0.064453,0.519531,0.000000,28.215136,11.000000
1.013672,-0.066406,0.312500,0.000000,29.227255,11.000000
1.044922,-0.068359,0.351562,0.000000,26.384893,11.000000
2.613281,-0.447266,1.080078,0.000000,27.566360,11.000000
2.693359,-0.453125,0.988281,0.000000,27.993406,11.000000
0.802734,-0.154297,0.003906,-0.614669,26.674530,11.000000
0.847656,-0.134766,0.041016,-0.614669,33.492775,11.000000
0.888672,-0.140625,0.035156,-0.614669,35.947239,11.000000
0.933594,-0.117188,-0.023438,-0.614669,35.543678,11.000000
0.968750,-0.060547,-0.152344,-0.614669,32.629253,11.000000
0.041016,-0.033203,0.062500,0.000000,30.098757,11.000000
0.044922,-0.046875,0.103516,0.000000,29.009130,11.000000
0.011719,-0.039062,-0.007812,0.000000,30.655798,12.000000
0.017578,-0.080078,-0.007812,0.000000,31.914511,12.000000
0.029297,-0.119141,-0.005859,0.000000,30.145205,12.000000
0.056641,-0.154297,0.005859,0.000000,25.453072,12.000000
0.970703,-0.000000,0.320312,0.000000,28.773714,12.000000
1.033203,-0.000000,0.253906,0.000000,27.803173,12.000000
2.601562,-0.447266,1.109375,0.000000,28.965261,12.000000
2.675781,-0.453125,1.035156,0.000000,29.047155,12.000000
0.435547,-0.193359,-0.613281,-1.229337,19.777237,12.000000
0.789062,-0.101562,0.193359,-0.614669,26.884199,12.000000
0.847656,-0.107422,0.091797,-0.614669,31.760912,12.000000
0.880859,-0.083984,-0.160156,-0.614669,33.891663,12.000000
0.916016,-0.029297,-0.210938,-0.614669,34.328091,12.000000
0.945312,-0.031250,-0.265625,-0.614669,30.358297,12.000000
0.041016,-0.033203,0.062500,0.000000,30.102999,12.000000
0.044922,-0.046875,0.103516,0.000000,29.009130,12.000000
0.695312,0.023438,0.345703,-1.229337,18.920946,12.000000
0.011719,-0.039062,-0.007812,0.000000,30.648323,13.000000
0.017578,-0.080078,-0.007812,0.000000,31.911715,13.000000
0.029297,-0.119141,-0.005859,0.000000,30.141003,13.000000
0.056641,-0.154297,0.005859,0.000000,25.477747,13.000000
0.853516,-0.052734,0.083984,0.000000,28.518696,13.000000
0.939453,-0.029297,-0.041016,0.000000,30.232525,13.000000
0.980469,0.031250,0.017578,0.000000,28.463371,13.000000
0.966797,0.031250,0.332031,0.000000,25.634811,13.000000
2.582031,-0.447266,1.156250,0.000000,28.102325,13.000000
2.664062,-0.544922,1.023438,0.000000,28.014036,13.000000
0.205078,-0.138672,-0.693359,-1.229337,19.395193,13.000000
0.625000,-0.169922,-0.429688,-1.229337,24.871384,13.000000
0.689453,-0.154297,-0.414062,-1.229337,27.543484,13.000000
0.898438,-0.056641,-0.023438,-0.614669,30.652061,13.000000
0.041016,-0.033203,0.062500,0.000000,30.102999,13.000000
0.044922,-0.046875,0.103516,0.000000,29.009130,13.000000
0.011719,-0.039062,-0.007812,0.000000,30.644581,14.000000
0.017578,-0.080078,-0.007812,0.000000,31.911715,14.000000
0.029297,-0.119141,-0.005859,0.000000,30.141003,14.000000
0.056641,-0.154297,0.007812,0.000000,25.465427,14.000000
0.783203,-0.000000,-0.351562,0.000000,24.857214,14.000000
0.882812,-0.027344,-0.169922,0.000000,30.569048,14.000000
0.937500,-0.000000,-0.074219,0.000000,31.755117,14.000000
0.976562,0.031250,0.101562,0.000000,31.264561,14.000000
0.990234,0.031250,0.251953,0.000000,29.523081,14.000000
0.617188,-0.115234,-0.384766,-0.614669,24.183012,14.000000
0.707031,-0.097656,-0.306641,-0.614669,27.916906,14.000000
0.779297,-0.101562,-0.228516,-0.614669,28.543060,14.000000
0.041016,-0.033203,0.062500,0.000000,30.102999,14.000000
0.044922,-0.046875,0.103516,0.000000,29.009130,14.000000
0.011719,-0.039062,-0.007812,0.000000,30.652061,15.000000
0.017578,-0.080078,-0.007812,0.000000,31.911715,15.000000
0.029297,-0.119141,-0.005859,0.000000,30.141003,15.000000
0.056641,-0.154297,0.005859,0.000000,25.465427,15.000000
0.816406,-0.050781,-0.011719,0.000000,29.637878,15.000000
0.857422,-0.027344,-0.039062,0.000000,31.908916,15.000000
0.888672,-0.027344,-0.138672,0.000000,32.255676,15.000000
0.906250,-0.000000,-0.253906,0.000000,29.585638,15.000000
0.933594,0.091797,0.291016,0.000000,26.464037,15.000000
0.970703,0.064453,0.316406,0.000000,29.074114,15.000000
0.601562,-0.021484,-0.349609,-0.614669,20.569048,15.000000
0.652344,-0.046875,-0.337891,-0.614669,24.440449,15.000000
0.734375,-0.072266,-0.246094,-0.614669,27.075703,15.000000
0.041016,-0.033203,0.062500,0.000000,30.102999,15.000000
0.044922,-0.046875,0.103516,0.000000,29.014584,15.000000
0.011719,-0.039062,-0.007812,0.000000,30.652061,16.000000
0.017578,-0.080078,-0.007812,0.000000,31.914511,16.000000
0.029297,-0.119141,-0.005859,0.000000,30.141003,16.000000
0.056641,-0.154297,0.005859,0.000000,25.477747,16.000000
