4.767578,-0.453125,-0.601562,0.000000,33.909351,0.000000
4.832031,-0.457031,-0.380859,0.000000,30.591846,0.000000
4.826172,-0.460938,0.773438,0.000000,29.642597,0.000000
4.859375,-0.308594,0.890625,0.000000,30.499929,0.000000
0.041016,-0.033203,0.062500,0.000000,30.166155,0.000000
0.044922,-0.046875,0.103516,0.000000,29.057959,0.000000
1.210938,0.357422,0.126953,0.000000,19.030899,0.000000
2.753906,-2.021484,-3.113281,0.000000,27.466343,0.000000
0.011719,-0.039062,-0.007812,0.000000,30.762762,1.000000
0.017578,-0.080078,-0.007812,0.000000,32.003033,1.000000
0.029297,-0.119141,-0.005859,0.000000,30.248960,1.000000
0.056641,-0.154297,0.005859,0.000000,25.526682,1.000000
0.375000,-0.080078,-1.208984,0.000000,21.903316,1.000000
0.281250,-0.041016,1.277344,0.000000,23.283796,1.000000
0.460938,-0.042969,1.267578,0.000000,21.931246,1.000000
2.544922,-0.263672,1.191406,0.000000,29.474337,1.000000
2.601562,-0.267578,1.167969,0.000000,32.828487,1.000000
2.654297,-0.271484,1.144531,0.000000,32.049335,1.000000
4.410156,-0.287109,1.207031,0.000000,30.813473,1.000000
4.460938,-0.289062,1.173828,0.000000,30.472748,1.000000
4.753906,-0.449219,-0.324219,0.000000,33.352573,1.000000
4.798828,-0.453125,-0.265625,0.000000,33.864990,1.000000
4.845703,-0.457031,-0.126953,0.000000,30.692980,1.000000
4.835938,-0.460938,0.707031,0.000000,29.907827,1.000000
4.865234,-0.308594,0.859375,0.000000,30.696680,1.000000
0.041016,-0.033203,0.062500,0.000000,30.166155,1.000000
0.044922,-0.046875,0.103516,0.000000,29.063351,1.000000
1.119141,-0.474609,0.359375,0.000000,19.030899,1.000000
2.820312,-2.021484,-3.052734,0.000000,27.528164,1.000000
0.011719,-0.039062,-0.007812,0.000000,30.762762,2.000000
0.017578,-0.080078,-0.007812,0.000000,32.003033,2.000000
0.029297,-0.119141,-0.005859,0.000000,30.248960,2.000000
0.056641,-0.154297,0.005859,0.000000,25.526682,2.000000
0.367188,-0.080078,-1.210938,0.000000,21.903316,2.000000
0.259766,-0.041016,1.281250,0.000000,23.201464,2.000000
0.373047,-0.000000,1.296875,0.000000,21.818436,2.000000
2.302734,0.843750,-0.103516,0.000000,26.720978,2.000000
2.333984,0.857422,-0.212891,0.000000,27.951845,2.000000
2.337891,0.951172,-0.246094,0.000000,27.846172,2.000000
2.548828,-0.263672,1.183594,0.000000,29.464523,2.000000
2.603516,-0.267578,1.160156,0.000000,32.808060,2.000000
2.660156,-0.271484,1.132812,0.000000,32.024883,2.000000
4.412109,-0.287109,1.199219,0.000000,30.799046,2.000000
4.462891,-0.289062,1.169922,0.000000,30.464952,2.000000
4.751953,-0.449219,-0.353516,0.000000,33.059959,2.000000
4.796875,-0.453125,-0.279297,0.000000,33.562172,2.000000
4.845703,-0.457031,-0.083984,0.000000,30.305998,2.000000
4.828125,-0.460938,0.751953,0.000000,29.604708,2.000000
4.878906,-0.308594,0.771484,0.000000,30.421816,2.000000
0.041016,-0.033203,0.062500,0.000000,30.166155,2.000000
0.044922,-0.046875,0.103516,0.000000,29.052561,2.000000
1.205078,0.357422,0.164062,0.000000,19.084850,2.000000
2.820312,-2.021484,-3.052734,0.000000,27.489628,2.000000
0.011719,-0.039062,-0.007812,0.000000,30.759117,3.000000
0.017578,-0.080078,-0.007812,0.000000,32.005768,3.000000
0.029297,-0.119141,-0.005859,0.000000,30.253059,3.000000
0.056641,-0.154297,0.005859,0.000000,25.538830,3.000000
0.345703,-0.080078,-1.216797,0.000000,21.931246,3.000000
0.310547,-0.041016,1.271484,0.000000,23.222193,3.000000
0.480469,-0.042969,1.259766,0.000000,21.875208,3.000000
2.546875,-0.263672,1.185547,0.000000,29.469433,3.000000
2.603516,-0.267578,1.162109,0.000000,32.810333,3.000000
2.660156,-0.271484,1.134766,0.000000,32.019432,3.000000
4.412109,-0.287109,1.205078,0.000000,30.806265,3.000000
4.457031,-0.289062,1.187500,0.000000,30.464952,3.000000
4.730469,-0.449219,-0.578125,0.000000,33.136562,3.000000
4.785156,-0.453125,-0.453125,0.000000,33.581253,3.000000
4.843750,-0.457031,-0.185547,0.000000,30.277573,3.000000
4.828125,-0.460938,0.753906,0.000000,29.740509,3.000000
4.876953,-0.308594,0.783203,0.000000,30.599419,3.000000
0.041016,-0.033203,0.062500,0.000000,30.170334,3.000000
0.044922,-0.046875,0.103516,0.000000,29.063351,3.000000
1.113281,-0.515625,0.318359,0.000000,18.976271,3.000000
2.832031,-2.021484,-3.042969,0.000000,27.512791,3.000000
0.011719,-0.039062,-0.007812,0.000000,30.759117,4.000000
0.017578,-0.080078,-0.007812,0.000000,32.003033,4.000000
0.029297,-0.119141,-0.005859,0.000000,30.248960,4.000000
0.056641,-0.154297,0.005859,0.000000,25.526682,4.000000
0.343750,-0.080078,-1.218750,0.000000,21.903316,4.000000
0.279297,-0.041016,1.277344,0.000000,23.242825,4.000000
0.464844,-0.042969,1.267578,0.000000,21.903316,4.000000
2.546875,-0.263672,1.189453,0.000000,29.464523,4.000000
2.601562,-0.267578,1.164062,0.000000,32.805782,4.000000
2.660156,-0.181641,1.152344,0.000000,32.005768,4.000000
4.414062,-0.287109,1.193359,0.000000,30.809870,4.000000
4.462891,-0.289062,1.169922,0.000000,30.461048,4.000000
4.736328,-0.449219,-0.523438,0.000000,33.057812,4.000000
4.787109,-0.453125,-0.421875,0.000000,33.571724,4.000000
4.843750,-0.457031,-0.154297,0.000000,30.338257,4.000000
4.830078,-0.460938,0.748047,0.000000,29.951963,4.000000
4.853516,-0.464844,0.851562,0.000000,30.842186,4.000000
0.041016,-0.033203,0.062500,0.000000,30.166155,4.000000
0.044922,-0.046875,0.103516,0.000000,29.057959,4.000000
1.119141,-0.515625,0.302734,0.000000,19.084850,4.000000
2.810547,-2.021484,-3.062500,0.000000,27.528164,4.000000
0.011719,-0.039062,-0.007812,0.000000,30.770042,5.000000
0.017578,-0.080078,-0.007812,0.000000,32.008507,5.000000
0.029297,-0.119141,-0.005859,0.000000,30.253059,5.000000
0.056641,-0.154297,0.005859,0.000000,25.538830,5.000000
0.357422,-0.080078,-1.214844,0.000000,21.903316,5.000000
0.269531,-0.041016,1.281250,0.000000,23.242825,5.000000
0.449219,-0.042969,1.271484,0.000000,21.875208,5.000000
2.552734,-0.263672,1.173828,0.000000,29.449759,5.000000
2.607422,-0.267578,1.154297,0.000000,32.798950,5.000000
2.662109,-0.271484,1.126953,0.000000,32.005768,5.000000
4.410156,-0.287109,1.207031,0.000000,30.817072,5.000000
4.464844,-0.289062,1.162109,0.000000,30.472748,5.000000
4.744141,-0.449219,-0.455078,0.000000,33.255157,5.000000
4.791016,-0.453125,-0.376953,0.000000,33.719910,5.000000
4.843750,-0.457031,-0.167969,0.000000,30.457140,5.000000
4.837891,-0.460938,0.697266,0.000000,29.813656,5.000000
4.890625,-0.308594,0.699219,0.000000,30.707766,5.000000
0.041016,-0.033203,0.062500,0.000000,30.161974,5.000000
0.044922,-0.046875,0.103516,0.000000,29.057959,5.000000
1.207031,0.357422,0.148438,0.000000,19.084850,5.000000
2.796875,-2.021484,-3.074219,0.000000,27.505083,5.000000
0.011719,-0.039062,-0.007812,0.000000,30.762762,6.000000
0.017578,-0.080078,-0.007812,0.000000,32.005768,6.000000
0.041016,-0.115234,-0.007812,0.000000,30.248960,6.000000
0.056641,-0.154297,0.005859,0.000000,25.538830,6.000000
0.378906,-0.080078,-1.207031,0.000000,21.875208,6.000000
0.267578,-0.041016,1.281250,0.000000,23.242825,6.000000
0.462891,-0.042969,1.267578,0.000000,21.903316,6.000000
2.550781,-0.263672,1.179688,0.000000,29.484129,6.000000
2.601562,-0.267578,1.164062,0.000000,32.835274,6.000000
2.658203,-0.271484,1.136719,0.000000,32.027607,6.000000
4.408203,-0.287109,1.214844,0.000000,30.820669,6.000000
4.455078,-0.289062,1.199219,0.000000,30.445398,6.000000
4.738281,-0.449219,-0.507812,0.000000,33.151302,6.000000
4.787109,-0.453125,-0.417969,0.000000,33.664230,6.000000
4.843750,-0.457031,-0.144531,0.000000,30.314085,6.000000
4.804688,-0.460938,0.898438,0.000000,29.809120,6.000000
4.855469,-0.308594,0.914062,0.000000,30.685570,6.000000
0.041016,-0.033203,0.062500,0.000000,30.166155,6.000000
0.044922,-0.046875,0.103516,0.000000,29.057959,6.000000
1.113281,-0.515625,0.322266,0.000000,19.084850,6.000000
2.820312,-2.021484,-3.052734,0.000000,27.543484,6.000000
0.011719,-0.039062,-0.007812,0.000000,30.766405,7.000000
0.017578,-0.080078,-0.007812,0.000000,32.005768,7.000000
0.029297,-0.119141,-0.005859,0.000000,30.253059,7.000000
0.056641,-0.154297,0.005859,0.000000,25.538830,7.000000
0.382812,-0.080078,-1.207031,0.000000,21.931246,7.000000
0.230469,-0.041016,1.287109,0.000000,23.263359,7.000000
0.310547,-0.000000,1.314453,0.000000,21.846914,7.000000
2.441406,0.804688,0.179688,0.000000,26.253124,7.000000
2.550781,-0.263672,1.177734,0.000000,29.449759,7.000000
2.603516,-0.267578,1.162109,0.000000,32.808060,7.000000
2.656250,-0.271484,1.142578,0.000000,32.008507,7.000000
4.410156,-0.287109,1.207031,0.000000,30.824263,7.000000
4.457031,-0.289062,1.191406,0.000000,30.476643,7.000000
4.652344,-0.445312,-0.822266,0.000000,29.595184,7.000000
4.728516,-0.449219,-0.585938,0.000000,33.362595,7.000000
4.785156,-0.453125,-0.443359,0.000000,33.767593,7.000000
4.843750,-0.457031,-0.166016,0.000000,30.425755,7.000000
4.816406,-0.460938,0.830078,0.000000,29.916691,7.000000
4.863281,-0.308594,0.871094,0.000000,30.795429,7.000000
0.041016,-0.033203,0.062500,0.000000,30.170334,7.000000
0.044922,-0.046875,0.103516,0.000000,29.063351,7.000000
1.113281,-0.515625,0.322266,0.000000,19.084850,7.000000
2.855469,-2.021484,-3.021484,0.000000,27.474117,7.000000
0.011719,-0.039062,-0.007812,0.000000,30.766405,8.000000
0.017578,-0.080078,-0.007812,0.000000,32.005768,8.000000
0.041016,-0.115234,-0.007812,0.000000,30.253059,8.000000
0.056641,-0.154297,0.005859,0.000000,25.526682,8.000000
0.384766,-0.080078,-1.205078,0.000000,21.986570,8.000000
0.255859,-0.041016,1.283203,0.000000,23.283796,8.000000
0.345703,-0.000000,1.304688,0.000000,21.903316,8.000000
2.296875,0.843750,-0.191406,0.000000,26.483601,8.000000
2.369141,0.779297,-0.072266,0.000000,26.910814,8.000000
2.548828,-0.263672,1.183594,0.000000,29.444826,8.000000
2.605469,-0.267578,1.158203,0.000000,32.796669,8.000000
2.660156,-0.271484,1.134766,0.000000,32.027607,8.000000
4.412109,-0.287109,1.201172,0.000000,30.820669,8.000000
4.460938,-0.289062,1.171875,0.000000,30.496056,8.000000
4.671875,-0.445312,-0.699219,0.000000,29.698816,8.000000
4.738281,-0.449219,-0.498047,0.000000,33.370598,8.000000
4.789062,-0.453125,-0.398438,0.000000,33.762119,8.000000
4.841797,-0.457031,-0.191406,0.000000,30.519239,8.000000
4.841797,-0.460938,0.669922,0.000000,29.712759,8.000000
4.855469,-0.464844,0.839844,0.000000,30.606977,8.000000
0.041016,-0.033203,0.062500,0.000000,30.161974,8.000000
0.044922,-0.046875,0.103516,0.000000,29.057959,8.000000
1.207031,0.357422,0.156250,0.000000,19.138138,8.000000
0.011719,-0.039062,-0.007812,0.000000,30.762762,9.000000
0.017578,-0.080078,-0.007812,0.000000,32.003033,9.000000
0.041016,-0.115234,-0.007812,0.000000,30.248960,9.000000
0.056641,-0.154297,0.005859,0.000000,25.538830,9.000000
0.357422,-0.080078,-1.214844,0.000000,21.931246,9.000000
0.285156,-0.041016,1.277344,0.000000,23.242825,9.000000
0.398438,-0.000000,1.289062,0.000000,21.903316,9.000000
2.332031,0.767578,0.015625,0.000000,28.109043,9.000000
2.371094,0.779297,-0.005859,0.000000,27.701153,9.000000
2.552734,-0.263672,1.175781,0.000000,29.459606,9.000000
2.603516,-0.267578,1.160156,0.000000,32.801228,9.000000
2.662109,-0.271484,1.128906,0.000000,31.997551,9.000000
4.410156,-0.287109,1.205078,0.000000,30.806265,9.000000
4.466797,-0.289062,1.154297,0.000000,30.499929,9.000000
4.740234,-0.449219,-0.480469,0.000000,33.308193,9.000000
4.789062,-0.453125,-0.400391,0.000000,33.718063,9.000000
4.843750,-0.457031,-0.138672,0.000000,30.330214,9.000000
4.816406,-0.460938,0.824219,0.000000,29.863237,9.000000
4.869141,-0.308594,0.832031,0.000000,30.744507,9.000000
0.041016,-0.033203,0.062500,0.000000,30.166155,9.000000
0.044922,-0.046875,0.103516,0.000000,29.057959,9.000000
1.111328,-0.474609,0.384766,0.000000,18.976271,9.000000
0.011719,-0.039062,-0.007812,0.000000,30.759117,10.000000
0.017578,-0.080078,-0.007812,0.000000,32.003033,10.000000
0.029297,-0.119141,-0.005859,0.000000,30.248960,10.000000
0.056641,-0.154297,0.005859,0.000000,25.538830,10.000000
0.378906,-0.080078,-1.207031,0.000000,21.903316,10.000000
0.269531,-0.041016,1.281250,0.000000,23.242825,10.000000
0.468750,-0.042969,1.265625,0.000000,21.903316,10.000000
2.410156,0.623047,0.162109,0.000000,26.839472,10.000000
2.455078,0.634766,0.060547,0.000000,27.916906,10.000000
2.535156,-0.263672,1.210938,0.000000,29.498777,10.000000
2.593750,-0.267578,1.181641,0.000000,32.846561,10.000000
2.648438,-0.271484,1.160156,0.000000,32.052044,10.000000
4.414062,-0.287109,1.195312,0.000000,30.802656,10.000000
4.470703,-0.289062,1.136719,0.000000,30.441477,10.000000
4.675781,-0.445312,-0.671875,0.000000,29.513374,10.000000
4.738281,-0.449219,-0.500000,0.000000,33.316296,10.000000
4.787109,-0.453125,-0.412109,0.000000,33.719910,10.000000
4.841797,-0.457031,-0.212891,0.000000,30.398106,10.000000
4.833984,-0.460938,0.718750,0.000000,29.708117,10.000000
4.849609,-0.464844,0.873047,0.000000,30.659531,10.000000
2.355469,0.689453,0.015625,-0.614669,25.301996,10.000000
0.041016,-0.033203,0.062500,0.000000,30.174507,10.000000
0.044922,-0.046875,0.103516,0.000000,29.068735,10.000000
1.109375,-0.515625,0.335938,0.000000,19.084850,10.000000
2.816406,-2.021484,-3.056641,0.000000,27.489628,10.000000
0.011719,-0.039062,-0.007812,0.000000,30.770042,11.000000
0.017578,-0.080078,-0.007812,0.000000,32.005768,11.000000
0.029297,-0.119141,-0.003906,0.000000,30.253059,11.000000
0.056641,-0.154297,0.005859,0.000000,25.538830,11.000000
0.371094,-0.080078,-1.210938,0.000000,21.986570,11.000000
0.226562,-0.041016,1.289062,0.000000,23.304138,11.000000
0.326172,-0.000000,1.310547,0.000000,21.903316,11.000000
2.355469,0.689453,0.013672,0.000000,30.406023,11.000000
2.394531,0.701172,-0.003906,0.000000,29.036325,11.000000
2.541016,-0.263672,1.201172,0.000000,29.484129,11.000000
2.597656,-0.267578,1.173828,0.000000,32.826221,11.000000
2.652344,-0.271484,1.152344,0.000000,32.030331,11.000000
4.412109,-0.287109,1.201172,0.000000,30.780941,11.000000
4.458984,-0.289062,1.181641,0.000000,30.421816,11.000000
4.683594,-0.445312,-0.623047,0.000000,29.754318,11.000000
4.740234,-0.449219,-0.480469,0.000000,33.392525,11.000000
4.789062,-0.453125,-0.400391,0.000000,33.763943,11.000000
4.843750,-0.457031,-0.185547,0.000000,30.472748,11.000000
4.826172,-0.460938,0.771484,0.000000,29.863237,11.000000
4.861328,-0.308594,0.880859,0.000000,30.813473,11.000000
2.310547,0.679688,-0.158203,-0.614669,28.444771,11.000000
0.041016,-0.033203,0.062500,0.000000,30.166155,11.000000
0.044922,-0.046875,0.103516,0.000000,29.057959,11.000000
1.205078,0.357422,0.169922,0.000000,19.138138,11.000000
2.843750,-2.003906,-2.980469,0.000000,27.810369,11.000000
2.832031,-2.021484,-3.042969,0.000000,27.528164,11.000000
