0.044922,-0.046875,0.103516,0.000000,29.030899,0.000000
0.011719,-0.039062,-0.007812,0.000000,30.681858,1.000000
0.017578,-0.080078,-0.007812,0.000000,31.934029,1.000000
0.029297,-0.119141,-0.005859,0.000000,30.153597,1.000000
0.056641,-0.154297,0.005859,0.000000,25.477747,1.000000
0.160156,-0.080078,1.255859,0.000000,23.138672,1.000000
0.060547,-0.082031,1.304688,0.000000,24.653828,1.000000
0.744141,-0.126953,1.119141,0.000000,23.404442,1.000000
2.626953,-0.175781,1.015625,0.000000,29.211660,1.000000
2.666016,-0.179688,1.027344,0.000000,32.299377,1.000000
2.753906,-0.089844,0.916016,0.000000,31.303337,1.000000
4.406250,-0.142578,1.246094,0.000000,30.909630,1.000000
4.433594,-0.144531,1.298828,0.000000,30.293839,1.000000
4.894531,-0.154297,0.724609,0.000000,30.733517,1.000000
1.386719,-0.087891,0.080078,-0.614669,28.898617,1.000000
1.429688,-0.089844,-0.011719,-0.614669,31.920095,1.000000
1.460938,-0.091797,-0.154297,-0.614669,31.528996,1.000000
1.501953,0.046875,-0.181641,-0.614669,28.293037,1.000000
1.505859,0.146484,-0.357422,-0.614669,26.674530,1.000000
0.041016,-0.033203,0.062500,0.000000,30.111473,1.000000
0.044922,-0.046875,0.103516,0.000000,29.025467,1.000000
1.033203,-0.388672,1.095703,-0.614669,24.424797,1.000000
0.011719,-0.039062,-0.007812,0.000000,30.666985,2.000000
0.017578,-0.080078,-0.007812,0.000000,31.931246,2.000000
0.029297,-0.119141,-0.005859,0.000000,30.153597,2.000000
0.056641,-0.154297,0.005859,0.000000,25.477747,2.000000
0.136719,-0.080078,1.257812,0.000000,23.096302,2.000000
0.203125,-0.082031,-1.291016,0.000000,24.623980,2.000000
0.865234,-0.083984,-1.033203,0.000000,21.271048,2.000000
2.609375,-0.175781,1.060547,0.000000,29.020029,2.000000
2.656250,-0.179688,1.052734,0.000000,32.193226,2.000000
2.750000,-0.089844,0.927734,0.000000,31.159431,2.000000
4.400391,-0.142578,1.113281,0.000000,28.432327,2.000000
4.416016,-0.142578,1.214844,0.000000,31.728947,2.000000
4.443359,-0.144531,1.265625,0.000000,31.248301,2.000000
4.839844,-0.154297,0.804688,0.000000,29.995655,2.000000
4.888672,-0.154297,0.763672,0.000000,31.162756,2.000000
1.386719,-0.087891,0.044922,-0.614669,27.619278,2.000000
1.423828,-0.134766,0.078125,-0.614669,30.094509,2.000000
1.464844,-0.138672,0.060547,-0.614669,29.390198,2.000000
1.505859,-0.000000,-0.150391,-0.614669,26.857418,2.000000
0.041016,-0.033203,0.062500,0.000000,30.115704,2.000000
0.044922,-0.046875,0.103516,0.000000,29.030899,2.000000
1.164062,0.464844,0.501953,0.000000,18.512583,2.000000
0.011719,-0.039062,-0.007812,0.000000,30.674429,3.000000
0.017578,-0.080078,-0.007812,0.000000,31.934029,3.000000
0.029297,-0.119141,-0.005859,0.000000,30.153597,3.000000
0.056641,-0.154297,0.005859,0.000000,25.490032,3.000000
0.171875,-0.080078,1.253906,0.000000,23.096302,3.000000
0.216797,-0.082031,1.289062,0.000000,25.158739,3.000000
2.619141,-0.175781,1.037109,0.000000,28.970770,3.000000
2.660156,-0.179688,1.044922,0.000000,32.198463,3.000000
2.753906,-0.089844,0.916016,0.000000,31.212315,3.000000
4.400391,-0.142578,1.109375,0.000000,28.506462,3.000000
4.412109,-0.142578,1.228516,0.000000,31.798389,3.000000
4.433594,-0.144531,1.298828,0.000000,31.445742,3.000000
4.798828,-0.154297,1.021484,0.000000,29.907827,3.000000
4.861328,-0.154297,0.916016,0.000000,31.058506,3.000000
1.316406,-0.210938,-0.216797,-0.614669,28.000294,3.000000
1.365234,-0.173828,-0.203125,-0.614669,30.659531,3.000000
1.410156,-0.179688,-0.167969,-0.614669,30.378248,3.000000
1.455078,-0.230469,-0.003906,-0.614669,29.268568,3.000000
1.494141,-0.236328,-0.019531,-0.614669,27.041506,3.000000
0.009766,0.031250,0.025391,0.000000,29.314579,3.000000
0.041016,-0.033203,0.062500,0.000000,30.119930,3.000000
0.044922,-0.046875,0.103516,0.000000,29.036325,3.000000
0.011719,-0.039062,-0.007812,0.000000,30.666985,4.000000
0.017578,-0.080078,-0.007812,0.000000,31.928461,4.000000
0.029297,-0.119141,-0.005859,0.000000,30.149403,4.000000
0.056641,-0.154297,0.005859,0.000000,25.477747,4.000000
0.255859,-0.080078,-1.240234,0.000000,23.424227,4.000000
2.628906,-0.175781,1.013672,0.000000,29.068735,4.000000
2.667969,-0.179688,1.025391,0.000000,32.245331,4.000000
2.763672,-0.089844,0.886719,0.000000,31.306553,4.000000
4.382812,-0.142578,1.179688,0.000000,28.061800,4.000000
4.400391,-0.142578,1.263672,0.000000,31.341770,4.000000
4.435547,-0.144531,1.294922,0.000000,31.048285,4.000000
4.839844,-0.154297,1.025391,0.000000,30.670708,4.000000
1.271484,-0.164062,-0.265625,-0.614669,27.656685,4.000000
1.330078,-0.210938,-0.083984,-0.614669,31.908916,4.000000
1.373047,-0.216797,-0.039062,-0.614669,33.005955,4.000000
1.406250,-0.267578,0.011719,-0.614669,31.357685,4.000000
1.439453,-0.275391,0.150391,-0.614669,28.267225,4.000000
0.041016,-0.033203,0.062500,0.000000,30.107239,4.000000
0.044922,-0.046875,0.103516,0.000000,29.025467,4.000000
0.011719,-0.039062,-0.007812,0.000000,30.659531,5.000000
0.017578,-0.080078,-0.007812,0.000000,31.925674,5.000000
0.029297,-0.119141,-0.005859,0.000000,30.149403,5.000000
0.056641,-0.154297,0.005859,0.000000,25.477747,5.000000
0.410156,-0.080078,-1.197266,0.000000,23.053514,5.000000
0.820312,-0.082031,-1.017578,0.000000,24.517864,5.000000
2.617188,-0.175781,1.041016,0.000000,29.003672,5.000000
2.660156,-0.179688,1.042969,0.000000,32.148438,5.000000
2.755859,-0.089844,0.910156,0.000000,31.105898,5.000000
4.402344,-0.283203,1.072266,0.000000,27.867514,5.000000
4.423828,-0.142578,1.179688,0.000000,31.126051,5.000000
4.457031,-0.144531,1.214844,0.000000,30.674429,5.000000
4.810547,-0.154297,1.150391,0.000000,30.281645,5.000000
1.314453,-0.253906,-0.167969,-0.614669,26.532125,5.000000
1.332031,-0.390625,0.068359,-0.614669,25.453072,5.000000
1.382812,-0.357422,0.105469,-0.614669,26.785183,5.000000
1.437500,-0.275391,0.164062,-0.614669,26.730209,5.000000
0.041016,-0.033203,0.062500,0.000000,30.115704,5.000000
0.044922,-0.046875,0.103516,0.000000,29.030899,5.000000
0.011719,-0.039062,-0.007812,0.000000,30.666985,6.000000
0.017578,-0.080078,-0.007812,0.000000,31.931246,6.000000
0.029297,-0.119141,-0.005859,0.000000,30.153597,6.000000
0.056641,-0.154297,0.005859,0.000000,25.477747,6.000000
2.626953,-0.175781,1.019531,0.000000,29.196011,6.000000
2.664062,-0.179688,1.033203,0.000000,32.417953,6.000000
2.755859,-0.089844,0.910156,0.000000,31.445742,6.000000
4.388672,-0.142578,1.152344,0.000000,28.142475,6.000000
4.404297,-0.142578,1.251953,0.000000,31.423895,6.000000
4.421875,-0.144531,1.339844,0.000000,30.835026,6.000000
4.841797,-0.154297,1.013672,0.000000,30.464952,6.000000
1.228516,-0.197266,0.240234,-0.614669,22.504200,6.000000
1.285156,-0.246094,0.039062,-0.614669,28.169039,6.000000
1.326172,-0.253906,0.000000,-0.614669,29.722029,6.000000
1.353516,-0.304688,0.103516,-0.614669,28.579353,6.000000
1.378906,-0.312500,0.218750,-0.614669,28.061800,6.000000
1.398438,-0.275391,0.367188,-0.614669,25.171959,6.000000
1.408203,-0.519531,-0.195312,-0.614669,23.598354,6.000000
1.468750,-0.486328,-0.150391,-0.614669,27.007038,6.000000
0.041016,-0.033203,0.062500,0.000000,30.115704,6.000000
0.044922,-0.046875,0.103516,0.000000,29.030899,6.000000
0.935547,1.134766,-0.353516,-0.614669,21.335388,6.000000
0.011719,-0.039062,-0.007812,0.000000,30.674429,7.000000
0.017578,-0.080078,-0.007812,0.000000,31.931246,7.000000
0.029297,-0.119141,-0.005859,0.000000,30.149403,7.000000
0.056641,-0.154297,0.005859,0.000000,25.477747,7.000000
2.615234,-0.175781,1.048828,0.000000,29.116901,7.000000
2.652344,-0.179688,1.062500,0.000000,32.135178,7.000000
2.738281,-0.089844,0.964844,0.000000,31.105898,7.000000
4.328125,-0.283203,1.345703,0.000000,27.723217,7.000000
4.396484,-0.142578,1.283203,0.000000,31.376705,7.000000
4.421875,-0.144531,1.339844,0.000000,30.944712,7.000000
4.845703,-0.154297,0.994141,0.000000,30.759117,7.000000
1.160156,-0.230469,-0.326172,-0.614669,22.174839,7.000000
1.218750,-0.197266,-0.287109,-0.614669,26.937269,7.000000
1.275391,-0.205078,-0.212891,-0.614669,27.951845,7.000000
1.298828,-0.337891,0.146484,-0.614669,27.435097,7.000000
1.306641,-0.390625,0.275391,-0.614669,27.656685,7.000000
1.380859,-0.312500,0.207031,-0.614669,26.020599,7.000000
1.400391,-0.414062,-0.195312,-0.614669,23.909351,7.000000
1.443359,-0.425781,-0.160156,-0.614669,27.371927,7.000000
1.474609,-0.437500,-0.222656,-0.614669,27.185017,7.000000
0.009766,0.031250,0.025391,0.000000,29.309490,7.000000
0.041016,-0.033203,0.062500,0.000000,30.111473,7.000000
0.044922,-0.046875,0.103516,0.000000,29.025467,7.000000
0.917969,0.130859,-1.037109,-0.614669,24.771212,7.000000
0.011719,-0.039062,-0.007812,0.000000,30.670708,8.000000
0.017578,-0.080078,-0.007812,0.000000,31.925674,8.000000
0.029297,-0.119141,-0.005859,0.000000,30.145205,8.000000
0.056641,-0.154297,0.005859,0.000000,25.465427,8.000000
2.619141,-0.175781,1.037109,0.000000,28.904211,8.000000
2.658203,-0.179688,1.048828,0.000000,32.024883,8.000000
2.757812,-0.089844,0.908203,0.000000,31.014034,8.000000
4.302734,-0.283203,1.419922,0.000000,27.234556,8.000000
4.384766,-0.142578,1.322266,0.000000,31.044870,8.000000
4.406250,-0.144531,1.386719,0.000000,30.648323,8.000000
4.851562,-0.154297,0.968750,0.000000,30.700378,8.000000
1.205078,-0.230469,0.019531,-0.614669,23.010300,8.000000
1.234375,-0.238281,-0.169922,-0.614669,27.450748,8.000000
1.230469,-0.287109,0.343750,-0.614669,29.211660,8.000000
1.283203,-0.253906,0.332031,-0.614669,29.881128,8.000000
1.361328,-0.173828,0.228516,-0.614669,28.836615,8.000000
1.375000,-0.179688,0.353516,-0.614669,25.237465,8.000000
1.376953,-0.505859,-0.130859,-0.614669,26.702459,8.000000
1.410156,-0.519531,-0.175781,-0.614669,27.611757,8.000000
0.041016,-0.033203,0.062500,0.000000,30.111473,8.000000
0.044922,-0.046875,0.103516,0.000000,29.025467,8.000000
1.384766,-0.312500,0.187500,-0.614669,25.092026,8.000000
0.011719,-0.039062,-0.007812,0.000000,30.681858,9.000000
0.017578,-0.080078,-0.007812,0.000000,31.934029,9.000000
0.029297,-0.119141,-0.005859,0.000000,30.153597,9.000000
0.056641,-0.154297,0.005859,0.000000,25.477747,9.000000
0.601562,-0.082031,-1.160156,0.000000,25.843311,9.000000
2.609375,-0.175781,1.060547,0.000000,28.847954,9.000000
2.654297,-0.179688,1.056641,0.000000,32.103184,9.000000
2.748047,-0.089844,0.937500,0.000000,31.146111,9.000000
4.371094,-0.142578,1.367188,0.000000,30.884905,9.000000
4.365234,-0.144531,1.515625,0.000000,30.409977,9.000000
4.841797,-0.154297,1.013672,0.000000,30.666985,9.000000
1.169922,-0.230469,-0.289062,-0.614669,25.211380,9.000000
1.179688,-0.238281,-0.398438,-0.614669,25.171959,9.000000
1.142578,-0.042969,-0.716797,-0.614669,27.267273,9.000000
1.177734,-0.478516,0.562500,-0.614669,25.728716,9.000000
1.044922,0.134766,-0.968750,-0.614669,21.553360,9.000000
0.009766,0.031250,0.025391,0.000000,29.314579,9.000000
0.041016,-0.033203,0.062500,0.000000,30.115704,9.000000
0.044922,-0.046875,0.103516,0.000000,29.030899,9.000000
1.031250,-0.464844,0.736328,-0.614669,25.502283,9.000000
1.113281,-0.000000,-0.832031,-0.614669,25.428255,9.000000
1.144531,-0.402344,0.761719,-0.614669,21.105898,9.000000
0.011719,-0.039062,-0.007812,0.000000,30.663260,10.000000
0.017578,-0.080078,-0.007812,0.000000,31.928461,10.000000
0.029297,-0.119141,-0.005859,0.000000,30.149403,10.000000
0.056641,-0.154297,0.005859,0.000000,25.477747,10.000000
2.646484,-0.087891,0.974609,0.000000,28.779470,10.000000
2.685547,-0.089844,0.990234,0.000000,31.964525,10.000000
2.769531,-0.000000,0.876953,0.000000,30.923697,10.000000
4.335938,-0.283203,1.320312,0.000000,27.299744,10.000000
4.386719,-0.142578,1.314453,0.000000,31.225435,10.000000
4.386719,-0.144531,1.447266,0.000000,30.888445,10.000000
4.855469,-0.154297,0.947266,0.000000,30.930714,10.000000
1.148438,-0.296875,0.015625,-0.614669,21.238516,10.000000
1.195312,-0.267578,-0.070312,-0.614669,25.797836,10.000000
1.251953,-0.197266,-0.044922,-0.614669,27.951845,10.000000
1.242188,-0.205078,-0.359375,-0.614669,27.986506,10.000000
1.296875,-0.253906,-0.273438,-0.614669,27.283537,10.000000
1.353516,-0.304688,-0.095703,-0.614669,24.727564,10.000000
0.041016,-0.033203,0.062500,0.000000,30.115704,10.000000
0.044922,-0.046875,0.103516,0.000000,29.030899,10.000000
0.011719,-0.039062,-0.007812,0.000000,30.678144,11.000000
0.017578,-0.080078,-0.007812,0.000000,31.931246,11.000000
0.029297,-0.119141,-0.005859,0.000000,30.153597,11.000000
0.056641,-0.154297,0.007812,0.000000,25.465427,11.000000
2.613281,-0.175781,1.052734,0.000000,28.870544,11.000000
2.648438,-0.179688,1.072266,0.000000,32.076344,11.000000
2.771484,-0.000000,0.869141,0.000000,31.159431,11.000000
4.332031,-0.283203,1.328125,0.000000,27.535831,11.000000
4.390625,-0.142578,1.298828,0.000000,31.360861,11.000000
4.410156,-0.144531,1.375000,0.000000,31.139433,11.000000
4.843750,-0.154297,1.007812,0.000000,31.082266,11.000000
1.146484,-0.296875,-0.080078,-0.614669,24.913616,11.000000
1.171875,-0.345703,-0.119141,-0.614669,28.609365,11.000000
1.224609,-0.316406,0.097656,-0.614669,30.378248,11.000000
1.224609,-0.328125,0.326172,-0.614669,30.228407,11.000000
1.289062,-0.253906,0.308594,-0.614669,27.403627,11.000000
0.041016,-0.033203,0.062500,0.000000,30.119930,11.000000
0.044922,-0.046875,0.103516,0.000000,29.030899,11.000000
1.271484,-0.337891,0.306641,-0.614669,27.403627,11.000000
0.011719,-0.039062,-0.007812,0.000000,30.663260,12.000000
0.017578,-0.080078,-0.007812,0.000000,31.925674,12.000000
0.029297,-0.119141,-0.005859,0.000000,30.149403,12.000000
0.056641,-0.154297,0.007812,0.000000,25.477747,12.000000
0.802734,-0.130859,1.128906,0.000000,23.710678,12.000000
2.611328,-0.175781,1.056641,0.000000,28.898617,12.000000
2.652344,-0.179688,1.064453,0.000000,32.166935,12.000000
2.722656,-0.181641,0.992188,0.000000,31.287222,12.000000
4.351562,-0.283203,1.261719,0.000000,27.860413,12.000000
4.410156,-0.142578,1.232422,0.000000,31.538149,12.000000
4.427734,-0.144531,1.322266,0.000000,31.280760,12.000000
4.861328,-0.154297,0.916016,0.000000,31.085649,12.000000
1.164062,-0.222656,0.062500,-0.614669,26.031445,12.000000
1.179688,-0.267578,0.210938,-0.614669,28.388491,12.000000
1.189453,-0.357422,0.257812,-0.614669,29.314579,12.000000
1.232422,-0.367188,0.246094,-0.614669,29.498777,12.000000
1.261719,-0.421875,0.230469,-0.614669,26.424644,12.000000
0.041016,-0.033203,0.062500,0.000000,30.115704,12.000000
0.044922,-0.046875,0.103516,0.000000,29.025467,12.000000
0.242188,0.042969,-1.328125,-0.614669,23.873898,12.000000
0.011719,-0.039062,-0.007812,0.000000,30.670708,13.000000
0.017578,-0.080078,-0.007812,0.000000,31.931246,13.000000
0.029297,-0.119141,-0.005859,0.000000,30.153597,13.000000
0.056641,-0.154297,0.005859,0.000000,25.490032,13.000000
