4.412109,-0.142578,1.226562,0.000000,31.383026,0.000000
4.435547,-0.144531,1.291016,0.000000,31.258064,0.000000
4.738281,-0.298828,-0.597656,0.000000,33.314274,0.000000
4.783203,-0.300781,-0.576172,0.000000,33.982872,0.000000
4.828125,-0.152344,-0.607422,0.000000,30.655798,0.000000
4.921875,-0.308594,0.414062,0.000000,31.068705,0.000000
4.955078,-0.468750,-0.361328,0.000000,29.978231,0.000000
0.011719,0.031250,0.025391,0.000000,29.360107,0.000000
0.041016,-0.033203,0.062500,0.000000,30.111473,0.000000
0.052734,-0.042969,0.103516,0.000000,28.976271,0.000000
0.011719,-0.039062,-0.007812,0.000000,30.711452,1.000000
0.017578,-0.080078,-0.007812,0.000000,31.942368,1.000000
0.029297,-0.119141,-0.005859,0.000000,30.199467,1.000000
0.056641,-0.154297,0.005859,0.000000,25.453072,1.000000
0.164062,-0.080078,1.253906,0.000000,23.053514,1.000000
0.431641,-0.083984,-1.275391,0.000000,22.966652,1.000000
0.560547,-0.042969,-1.271484,0.000000,21.583626,1.000000
2.615234,-0.175781,1.046875,0.000000,28.970770,1.000000
2.662109,-0.179688,1.041016,0.000000,32.206310,1.000000
2.755859,-0.089844,0.910156,0.000000,31.238516,1.000000
4.414062,-0.142578,1.222656,0.000000,31.344959,1.000000
4.437500,-0.144531,1.289062,0.000000,31.228710,1.000000
4.742188,-0.298828,-0.578125,0.000000,33.360592,1.000000
4.777344,-0.300781,-0.617188,0.000000,34.065403,1.000000
4.798828,-0.152344,-0.796875,0.000000,30.842186,1.000000
4.921875,-0.308594,0.425781,0.000000,30.962147,1.000000
4.962891,-0.468750,-0.222656,0.000000,29.735897,1.000000
0.011719,0.031250,0.025391,0.000000,29.355072,1.000000
0.041016,-0.033203,0.062500,0.000000,30.111473,1.000000
0.052734,-0.042969,0.101562,0.000000,28.976271,1.000000
0.011719,-0.039062,-0.007812,0.000000,30.700378,2.000000
0.017578,-0.080078,-0.007812,0.000000,31.942368,2.000000
0.029297,-0.119141,-0.005859,0.000000,30.203613,2.000000
0.056641,-0.154297,0.005859,0.000000,25.465427,2.000000
0.152344,-0.080078,1.255859,0.000000,23.096302,2.000000
0.042969,-0.082031,-1.306641,0.000000,24.593925,2.000000
0.449219,-0.083984,-1.269531,0.000000,22.966652,2.000000
0.568359,-0.042969,-1.269531,0.000000,21.553360,2.000000
2.167969,0.962891,0.044922,0.000000,28.286598,2.000000
2.203125,0.980469,0.082031,0.000000,28.561245,2.000000
2.199219,1.074219,0.181641,0.000000,26.646420,2.000000
2.658203,-0.179688,1.050781,0.000000,32.211533,2.000000
2.750000,-0.089844,0.927734,0.000000,31.271048,2.000000
4.412109,-0.142578,1.228516,0.000000,31.367207,2.000000
4.431641,-0.144531,1.302734,0.000000,31.241781,2.000000
4.740234,-0.298828,-0.595703,0.000000,33.328423,2.000000
4.779297,-0.300781,-0.605469,0.000000,33.998466,2.000000
4.810547,-0.152344,-0.730469,0.000000,30.685570,2.000000
4.912109,-0.308594,0.517578,0.000000,30.759117,2.000000
4.964844,-0.468750,-0.181641,0.000000,29.425041,2.000000
0.011719,0.031250,0.025391,0.000000,29.355072,2.000000
0.041016,-0.033203,0.062500,0.000000,30.107239,2.000000
0.052734,-0.042969,0.101562,0.000000,28.976271,2.000000
0.011719,-0.039062,-0.007812,0.000000,30.711452,3.000000
0.017578,-0.080078,-0.007812,0.000000,31.945143,3.000000
0.029297,-0.119141,-0.005859,0.000000,30.203613,3.000000
0.056641,-0.154297,0.005859,0.000000,25.477747,3.000000
0.117188,-0.080078,1.259766,0.000000,23.074961,3.000000
0.007812,-0.082031,-1.306641,0.000000,24.578819,3.000000
0.433594,-0.083984,-1.275391,0.000000,22.988531,3.000000
0.558594,-0.042969,-1.273438,0.000000,21.583626,3.000000
2.660156,-0.179688,1.042969,0.000000,32.232361,3.000000
2.755859,-0.089844,0.912109,0.000000,31.296900,3.000000
4.410156,-0.142578,1.234375,0.000000,31.354507,3.000000
4.433594,-0.144531,1.296875,0.000000,31.245043,3.000000
4.740234,-0.298828,-0.595703,0.000000,33.346546,3.000000
4.773438,-0.300781,-0.654297,0.000000,34.077309,3.000000
4.777344,-0.152344,-0.921875,0.000000,30.923697,3.000000
4.914062,-0.308594,0.511719,0.000000,30.874264,3.000000
4.966797,-0.468750,-0.107422,0.000000,29.642597,3.000000
0.011719,0.031250,0.025391,0.000000,29.355072,3.000000
0.041016,-0.033203,0.062500,0.000000,30.111473,3.000000
0.052734,-0.042969,0.101562,0.000000,28.976271,3.000000
0.011719,-0.039062,-0.007812,0.000000,30.711452,4.000000
0.017578,-0.080078,-0.007812,0.000000,31.945143,4.000000
0.029297,-0.119141,-0.005859,0.000000,30.203613,4.000000
0.056641,-0.154297,0.005859,0.000000,25.465427,4.000000
0.109375,-0.080078,1.261719,0.000000,23.096302,4.000000
0.101562,-0.082031,-1.302734,0.000000,24.593925,4.000000
0.458984,-0.083984,-1.265625,0.000000,22.988531,4.000000
0.582031,-0.042969,-1.263672,0.000000,21.553360,4.000000
2.128906,0.947266,-0.097656,0.000000,27.874605,4.000000
2.167969,0.962891,-0.015625,0.000000,27.543484,4.000000
2.658203,-0.179688,1.050781,0.000000,32.227165,4.000000
2.753906,-0.089844,0.917969,0.000000,31.258064,4.000000
4.408203,-0.142578,1.238281,0.000000,31.335388,4.000000
4.429688,-0.144531,1.314453,0.000000,31.231981,4.000000
4.744141,-0.298828,-0.550781,0.000000,33.328423,4.000000
4.787109,-0.300781,-0.541016,0.000000,33.944515,4.000000
4.843750,-0.152344,-0.470703,0.000000,30.488300,4.000000
4.894531,-0.308594,0.667969,0.000000,31.159431,4.000000
4.968750,-0.468750,-0.072266,0.000000,29.894499,4.000000
0.011719,0.031250,0.025391,0.000000,29.360107,4.000000
0.041016,-0.033203,0.062500,0.000000,30.115704,4.000000
0.052734,-0.042969,0.101562,0.000000,28.976271,4.000000
0.011719,-0.039062,-0.007812,0.000000,30.711452,5.000000
0.017578,-0.080078,-0.007812,0.000000,31.945143,5.000000
0.029297,-0.119141,-0.005859,0.000000,30.203613,5.000000
0.056641,-0.154297,0.005859,0.000000,25.477747,5.000000
0.080078,-0.080078,1.263672,0.000000,23.074961,5.000000
0.437500,-0.083984,-1.273438,0.000000,22.966652,5.000000
0.560547,-0.042969,-1.271484,0.000000,21.613680,5.000000
2.128906,0.947266,-0.062500,0.000000,25.340261,5.000000
2.662109,-0.179688,1.039062,0.000000,32.206310,5.000000
2.755859,-0.089844,0.910156,0.000000,31.254812,5.000000
4.410156,-0.142578,1.232422,0.000000,31.360861,5.000000
4.429688,-0.144531,1.310547,0.000000,31.254812,5.000000
4.738281,-0.298828,-0.603516,0.000000,33.354580,5.000000
4.779297,-0.300781,-0.601562,0.000000,34.003654,5.000000
4.824219,-0.152344,-0.628906,0.000000,30.655798,5.000000
4.904297,-0.308594,0.593750,0.000000,31.055101,5.000000
4.968750,-0.468750,0.021484,0.000000,29.881128,5.000000
0.011719,0.031250,0.025391,0.000000,29.360107,5.000000
0.041016,-0.033203,0.062500,0.000000,30.111473,5.000000
0.052734,-0.042969,0.103516,0.000000,28.981766,5.000000
0.011719,-0.039062,-0.007812,0.000000,30.700378,6.000000
0.017578,-0.080078,-0.009766,0.000000,31.939590,6.000000
0.029297,-0.119141,-0.005859,0.000000,30.199467,6.000000
0.056641,-0.154297,0.005859,0.000000,25.477747,6.000000
0.119141,-0.080078,1.259766,0.000000,23.074961,6.000000
0.433594,-0.083984,-1.275391,0.000000,22.988531,6.000000
0.576172,-0.042969,-1.265625,0.000000,21.583626,6.000000
2.089844,0.929688,-0.107422,0.000000,25.965971,6.000000
2.128906,0.947266,-0.099609,0.000000,29.180304,6.000000
2.167969,0.962891,-0.058594,0.000000,28.744818,6.000000
2.619141,-0.175781,1.037109,0.000000,28.992731,6.000000
2.662109,-0.179688,1.041016,0.000000,32.224564,6.000000
2.753906,-0.089844,0.916016,0.000000,31.287222,6.000000
4.410156,-0.142578,1.236328,0.000000,31.383026,6.000000
4.431641,-0.144531,1.308594,0.000000,31.267805,6.000000
4.746094,-0.298828,-0.533203,0.000000,33.320343,6.000000
4.781250,-0.300781,-0.595703,0.000000,34.017452,6.000000
4.798828,-0.152344,-0.802734,0.000000,30.809870,6.000000
4.904297,-0.308594,0.595703,0.000000,30.958664,6.000000
4.968750,-0.468750,0.011719,0.000000,29.708117,6.000000
0.009766,0.031250,0.025391,0.000000,29.365137,6.000000
0.041016,-0.033203,0.062500,0.000000,30.115704,6.000000
0.052734,-0.042969,0.101562,0.000000,28.976271,6.000000
0.011719,-0.039062,-0.007812,0.000000,30.700378,7.000000
0.017578,-0.080078,-0.007812,0.000000,31.942368,7.000000
0.029297,-0.119141,-0.005859,0.000000,30.203613,7.000000
0.056641,-0.154297,0.005859,0.000000,25.465427,7.000000
0.136719,-0.080078,1.257812,0.000000,23.074961,7.000000
0.431641,-0.083984,-1.275391,0.000000,22.966652,7.000000
2.658203,-0.179688,1.046875,0.000000,32.240147,7.000000
2.757812,-0.089844,0.908203,0.000000,31.287222,7.000000
4.410156,-0.142578,1.234375,0.000000,31.398790,7.000000
4.429688,-0.144531,1.310547,0.000000,31.264561,7.000000
4.740234,-0.298828,-0.589844,0.000000,33.273590,7.000000
4.779297,-0.300781,-0.603516,0.000000,33.937508,7.000000
4.830078,-0.152344,-0.589844,0.000000,30.526939,7.000000
4.890625,-0.308594,0.693359,0.000000,31.051695,7.000000
4.949219,-0.623047,0.132812,0.000000,29.652018,7.000000
0.009766,0.031250,0.025391,0.000000,29.360107,7.000000
0.041016,-0.033203,0.062500,0.000000,30.115704,7.000000
0.052734,-0.042969,0.101562,0.000000,28.981766,7.000000
0.011719,-0.039062,-0.007812,0.000000,30.700378,8.000000
0.017578,-0.080078,-0.009766,0.000000,31.942368,8.000000
0.029297,-0.119141,-0.005859,0.000000,30.203613,8.000000
0.056641,-0.154297,0.005859,0.000000,25.465427,8.000000
0.105469,-0.080078,1.261719,0.000000,23.031961,8.000000
0.425781,-0.083984,-1.279297,0.000000,22.966652,8.000000
2.076172,0.929688,-0.259766,0.000000,26.170004,8.000000
2.119141,0.947266,-0.214844,0.000000,28.656961,8.000000
2.156250,0.962891,-0.218750,0.000000,28.142475,8.000000
2.160156,1.056641,-0.212891,0.000000,27.339993,8.000000
2.207031,1.074219,-0.011719,0.000000,26.522463,8.000000
2.658203,-0.179688,1.052734,0.000000,32.234959,8.000000
2.748047,-0.089844,0.933594,0.000000,31.293676,8.000000
4.410156,-0.142578,1.234375,0.000000,31.351326,8.000000
4.429688,-0.144531,1.314453,0.000000,31.258064,8.000000
4.736328,-0.298828,-0.613281,0.000000,33.283794,8.000000
4.775391,-0.300781,-0.628906,0.000000,33.958504,8.000000
4.822266,-0.152344,-0.650391,0.000000,30.572857,8.000000
4.886719,-0.308594,0.724609,0.000000,31.041456,8.000000
4.947266,-0.623047,0.193359,0.000000,29.666109,8.000000
0.009766,0.031250,0.025391,0.000000,29.360107,8.000000
0.041016,-0.033203,0.062500,0.000000,30.119930,8.000000
0.052734,-0.042969,0.101562,0.000000,28.987251,8.000000
1.371094,0.226562,1.972656,0.000000,24.800070,8.000000
1.351562,0.230469,2.035156,0.000000,23.729120,8.000000
0.011719,-0.039062,-0.007812,0.000000,30.704073,9.000000
0.017578,-0.080078,-0.007812,0.000000,31.945143,9.000000
0.029297,-0.119141,-0.005859,0.000000,30.203613,9.000000
0.056641,-0.154297,0.005859,0.000000,25.465427,9.000000
0.171875,-0.080078,1.253906,0.000000,23.096302,9.000000
0.443359,-0.083984,-1.271484,0.000000,22.988531,9.000000
0.576172,-0.042969,-1.265625,0.000000,21.583626,9.000000
2.160156,0.875000,-0.041016,0.000000,27.347998,9.000000
2.166016,0.962891,0.072266,0.000000,27.745171,9.000000
2.162109,1.056641,0.177734,0.000000,27.283537,9.000000
2.658203,-0.179688,1.050781,0.000000,32.224564,9.000000
2.751953,-0.089844,0.923828,0.000000,31.274288,9.000000
4.410156,-0.142578,1.232422,0.000000,31.392492,9.000000
4.433594,-0.144531,1.298828,0.000000,31.264561,9.000000
4.736328,-0.298828,-0.615234,0.000000,33.302109,9.000000
4.771484,-0.300781,-0.662109,0.000000,34.020893,9.000000
4.789062,-0.152344,-0.859375,0.000000,30.806265,9.000000
4.894531,-0.308594,0.664062,0.000000,30.965624,9.000000
4.949219,-0.623047,0.177734,0.000000,29.872192,9.000000
0.011719,0.031250,0.025391,0.000000,29.355072,9.000000
0.041016,-0.033203,0.062500,0.000000,30.119930,9.000000
0.052734,-0.042969,0.101562,0.000000,28.981766,9.000000
0.011719,-0.039062,-0.007812,0.000000,30.711452,10.000000
0.017578,-0.080078,-0.009766,0.000000,31.942368,10.000000
0.029297,-0.119141,-0.005859,0.000000,30.199467,10.000000
0.056641,-0.154297,0.005859,0.000000,25.465427,10.000000
0.080078,-0.080078,1.263672,0.000000,23.096302,10.000000
0.070312,-0.082031,-1.304688,0.000000,24.593925,10.000000
0.455078,-0.083984,-1.267578,0.000000,22.988531,10.000000
0.578125,-0.042969,-1.263672,0.000000,21.583626,10.000000
2.160156,0.875000,-0.070312,0.000000,26.454224,10.000000
2.662109,-0.179688,1.037109,0.000000,32.187981,10.000000
2.755859,-0.089844,0.914062,0.000000,31.261314,10.000000
4.410156,-0.142578,1.234375,0.000000,31.376705,10.000000
4.431641,-0.144531,1.304688,0.000000,31.254812,10.000000
4.738281,-0.298828,-0.605469,0.000000,33.287872,10.000000
4.777344,-0.300781,-0.625000,0.000000,33.941013,10.000000
4.826172,-0.152344,-0.615234,0.000000,30.425755,10.000000
4.896484,-0.308594,0.658203,0.000000,31.115986,10.000000
4.968750,-0.468750,-0.019531,0.000000,29.813656,10.000000
0.011719,0.031250,0.025391,0.000000,29.360107,10.000000
0.041016,-0.033203,0.062500,0.000000,30.115704,10.000000
0.052734,-0.042969,0.101562,0.000000,28.981766,10.000000
0.011719,-0.039062,-0.007812,0.000000,30.711452,11.000000
0.017578,-0.080078,-0.007812,0.000000,31.942368,11.000000
0.029297,-0.119141,-0.005859,0.000000,30.203613,11.000000
0.056641,-0.154297,0.005859,0.000000,25.465427,11.000000
0.105469,-0.080078,1.261719,0.000000,23.074961,11.000000
0.441406,-0.083984,-1.273438,0.000000,22.944662,11.000000
0.550781,-0.042969,-1.277344,0.000000,21.522884,11.000000
2.087891,0.929688,-0.146484,0.000000,26.222139,11.000000
2.125000,0.947266,-0.154297,0.000000,27.275414,11.000000
2.660156,-0.179688,1.044922,0.000000,32.216751,11.000000
2.751953,-0.089844,0.925781,0.000000,31.287222,11.000000
4.408203,-0.142578,1.240234,0.000000,31.386185,11.000000
4.431641,-0.144531,1.306641,0.000000,31.280760,11.000000
4.740234,-0.298828,-0.583984,0.000000,33.314274,11.000000
4.775391,-0.300781,-0.636719,0.000000,33.982872,11.000000
4.798828,-0.152344,-0.802734,0.000000,30.488300,11.000000
4.886719,-0.308594,0.722656,0.000000,30.986437,11.000000
4.949219,-0.623047,0.148438,0.000000,29.694159,11.000000
0.011719,0.031250,0.025391,0.000000,29.365137,11.000000
0.041016,-0.033203,0.062500,0.000000,30.111473,11.000000
0.052734,-0.042969,0.101562,0.000000,28.976271,11.000000
0.011719,-0.039062,-0.007812,0.000000,30.704073,12.000000
0.017578,-0.080078,-0.009766,0.000000,31.939590,12.000000
0.029297,-0.119141,-0.005859,0.000000,30.203613,12.000000
0.056641,-0.154297,0.005859,0.000000,25.465427,12.000000
0.146484,-0.080078,1.257812,0.000000,23.074961,12.000000
0.414062,-0.083984,-1.281250,0.000000,22.966652,12.000000
0.535156,-0.042969,-1.283203,0.000000,21.583626,12.000000
2.017578,1.074219,-0.146484,0.000000,25.786392,12.000000
2.052734,1.093750,-0.169922,0.000000,26.785183,12.000000
2.093750,1.111328,-0.099609,0.000000,26.042261,12.000000
2.658203,-0.179688,1.048828,0.000000,32.221962,12.000000
