4.740234,-0.449219,-0.486328,0.000000,33.051365,0.000000
4.789062,-0.453125,-0.410156,0.000000,33.677284,0.000000
4.841797,-0.457031,-0.197266,0.000000,30.382227,0.000000
4.886719,-0.308594,0.724609,0.000000,30.888445,0.000000
0.041016,-0.033203,0.062500,0.000000,30.098757,0.000000
0.052734,-0.042969,0.103516,0.000000,28.981766,0.000000
1.121094,-0.515625,0.294922,0.000000,18.976271,0.000000
2.910156,-2.003906,-2.916016,0.000000,27.730547,0.000000
2.974609,-2.021484,-2.902344,0.000000,27.442930,0.000000
0.011719,-0.039062,-0.007812,0.000000,30.715137,1.000000
0.017578,-0.080078,-0.007812,0.000000,31.956230,1.000000
0.029297,-0.119141,-0.005859,0.000000,30.224283,1.000000
0.056641,-0.154297,0.005859,0.000000,25.502283,1.000000
0.337891,-0.080078,-1.220703,0.000000,21.818436,1.000000
0.316406,-0.041016,1.269531,0.000000,23.201464,1.000000
0.474609,-0.042969,1.263672,0.000000,21.875208,1.000000
2.255859,-0.509766,-0.291016,0.000000,27.015680,1.000000
2.277344,-0.593750,-0.296875,0.000000,27.589119,1.000000
2.294922,-0.679688,-0.314453,0.000000,28.280151,1.000000
2.367188,-0.613281,-0.216797,0.000000,27.589119,1.000000
2.541016,-0.263672,1.201172,0.000000,29.469433,1.000000
2.597656,-0.267578,1.175781,0.000000,32.785248,1.000000
2.662109,-0.181641,1.144531,0.000000,32.049335,1.000000
4.414062,-0.287109,1.193359,0.000000,30.718821,1.000000
4.453125,-0.289062,1.208984,0.000000,30.374266,1.000000
4.740234,-0.449219,-0.488281,0.000000,33.098431,1.000000
4.789062,-0.453125,-0.408203,0.000000,33.743816,1.000000
4.843750,-0.457031,-0.183594,0.000000,30.523090,1.000000
4.878906,-0.308594,0.777344,0.000000,30.909630,1.000000
0.041016,-0.033203,0.062500,0.000000,30.098757,1.000000
0.052734,-0.042969,0.101562,0.000000,28.987251,1.000000
1.119141,-0.515625,0.296875,0.000000,19.030899,1.000000
2.867188,-2.003906,-2.957031,0.000000,27.831886,1.000000
2.970703,-2.021484,-2.906250,0.000000,27.528164,1.000000
0.011719,-0.039062,-0.007812,0.000000,30.729847,2.000000
0.017578,-0.080078,-0.007812,0.000000,31.961761,2.000000
0.029297,-0.119141,-0.005859,0.000000,30.224283,2.000000
0.056641,-0.154297,0.005859,0.000000,25.490032,2.000000
0.314453,-0.080078,-1.226562,0.000000,21.818436,2.000000
0.324219,-0.041016,1.267578,0.000000,23.159704,2.000000
0.458984,-0.042969,1.269531,0.000000,21.818436,2.000000
2.257812,-0.593750,-0.429688,0.000000,25.185139,2.000000
2.292969,-0.603516,-0.455078,0.000000,26.201361,2.000000
2.570312,-0.263672,1.134766,0.000000,29.503649,2.000000
2.621094,-0.267578,1.121094,0.000000,32.762321,2.000000
2.675781,-0.181641,1.117188,0.000000,32.024883,2.000000
4.410156,-0.287109,1.207031,0.000000,30.740847,2.000000
4.455078,-0.289062,1.197266,0.000000,30.402067,2.000000
4.740234,-0.449219,-0.486328,0.000000,33.092041,2.000000
4.789062,-0.453125,-0.406250,0.000000,33.734638,2.000000
4.843750,-0.457031,-0.175781,0.000000,30.511526,2.000000
4.880859,-0.308594,0.759766,0.000000,31.003706,2.000000
0.041016,-0.033203,0.062500,0.000000,30.098757,2.000000
0.052734,-0.042969,0.101562,0.000000,28.987251,2.000000
1.115234,-0.515625,0.310547,0.000000,18.864906,2.000000
2.878906,-2.003906,-2.947266,0.000000,27.965744,2.000000
2.984375,-2.021484,-2.894531,0.000000,27.649229,2.000000
0.011719,-0.039062,-0.007812,0.000000,30.718821,3.000000
0.017578,-0.080078,-0.007812,0.000000,31.958996,3.000000
0.029297,-0.119141,-0.005859,0.000000,30.224283,3.000000
0.056641,-0.154297,0.005859,0.000000,25.477747,3.000000
0.337891,-0.080078,-1.220703,0.000000,21.846914,3.000000
0.304688,-0.041016,1.271484,0.000000,23.180634,3.000000
0.470703,-0.042969,1.263672,0.000000,21.846914,3.000000
2.318359,-0.603516,-0.291016,0.000000,26.946053,3.000000
2.582031,-0.263672,1.111328,0.000000,29.344984,3.000000
2.630859,-0.267578,1.097656,0.000000,32.681099,3.000000
2.677734,-0.181641,1.111328,0.000000,31.975563,3.000000
4.416016,-0.287109,1.187500,0.000000,30.715137,3.000000
4.458984,-0.289062,1.179688,0.000000,30.378248,3.000000
4.740234,-0.449219,-0.480469,0.000000,33.070679,3.000000
4.789062,-0.453125,-0.404297,0.000000,33.699577,3.000000
4.843750,-0.457031,-0.185547,0.000000,30.394140,3.000000
4.876953,-0.308594,0.787109,0.000000,30.884905,3.000000
0.041016,-0.033203,0.062500,0.000000,30.102999,3.000000
0.052734,-0.042969,0.101562,0.000000,28.981766,3.000000
1.117188,-0.515625,0.304688,0.000000,18.920946,3.000000
2.847656,-2.003906,-2.976562,0.000000,27.860413,3.000000
2.876953,-2.021484,-3.000000,0.000000,27.497364,3.000000
0.011719,-0.039062,-0.007812,0.000000,30.722500,4.000000
0.017578,-0.080078,-0.007812,0.000000,31.961761,4.000000
0.029297,-0.119141,-0.005859,0.000000,30.220158,4.000000
0.056641,-0.154297,0.005859,0.000000,25.490032,4.000000
0.316406,-0.080078,-1.224609,0.000000,21.818436,4.000000
0.312500,-0.041016,1.269531,0.000000,23.159704,4.000000
0.423828,-0.000000,1.281250,0.000000,21.789770,4.000000
2.515625,-0.263672,1.250000,0.000000,29.508514,4.000000
2.597656,-0.267578,1.173828,0.000000,32.755417,4.000000
2.660156,-0.181641,1.154297,0.000000,32.019432,4.000000
4.408203,-0.287109,1.214844,0.000000,30.704073,4.000000
4.445312,-0.289062,1.230469,0.000000,30.362295,4.000000
4.740234,-0.449219,-0.478516,0.000000,33.062103,4.000000
4.789062,-0.453125,-0.406250,0.000000,33.708832,4.000000
4.841797,-0.457031,-0.214844,0.000000,30.484419,4.000000
4.880859,-0.308594,0.765625,0.000000,30.902580,4.000000
0.041016,-0.033203,0.062500,0.000000,30.102999,4.000000
0.052734,-0.042969,0.101562,0.000000,28.987251,4.000000
1.121094,-0.515625,0.291016,0.000000,18.976271,4.000000
2.861328,-2.003906,-2.962891,0.000000,27.781513,4.000000
2.925781,-2.021484,-2.953125,0.000000,27.481880,4.000000
0.011719,-0.039062,-0.007812,0.000000,30.726175,5.000000
0.017578,-0.080078,-0.007812,0.000000,31.961761,5.000000
0.029297,-0.119141,-0.005859,0.000000,30.224283,5.000000
0.056641,-0.154297,0.005859,0.000000,25.502283,5.000000
0.328125,-0.080078,-1.222656,0.000000,21.818436,5.000000
0.320312,-0.041016,1.267578,0.000000,23.201464,5.000000
0.417969,-0.000000,1.283203,0.000000,21.846914,5.000000
2.546875,-0.263672,1.185547,0.000000,29.479237,5.000000
2.597656,-0.267578,1.173828,0.000000,32.753113,5.000000
2.652344,-0.181641,1.169922,0.000000,31.994808,5.000000
4.406250,-0.287109,1.220703,0.000000,30.718821,5.000000
4.447266,-0.289062,1.228516,0.000000,30.386202,5.000000
4.740234,-0.449219,-0.486328,0.000000,33.079239,5.000000
4.787109,-0.453125,-0.412109,0.000000,33.708832,5.000000
4.841797,-0.457031,-0.216797,0.000000,30.437551,5.000000
4.880859,-0.308594,0.757812,0.000000,30.934217,5.000000
0.041016,-0.033203,0.062500,0.000000,30.098757,5.000000
0.052734,-0.042969,0.101562,0.000000,28.987251,5.000000
1.123047,-0.515625,0.285156,0.000000,19.030899,5.000000
2.955078,-2.003906,-2.871094,0.000000,27.888752,5.000000
3.062500,-2.021484,-2.810547,0.000000,27.611757,5.000000
0.011719,-0.039062,-0.007812,0.000000,30.726175,6.000000
0.017578,-0.080078,-0.007812,0.000000,31.961761,6.000000
0.029297,-0.119141,-0.005859,0.000000,30.224283,6.000000
0.056641,-0.154297,0.005859,0.000000,25.490032,6.000000
0.328125,-0.080078,-1.222656,0.000000,21.789770,6.000000
0.308594,-0.041016,1.271484,0.000000,23.138672,6.000000
0.480469,-0.042969,1.261719,0.000000,21.789770,6.000000
2.562500,-0.263672,1.150391,0.000000,29.258276,6.000000
2.609375,-0.267578,1.148438,0.000000,32.706787,6.000000
2.658203,-0.181641,1.156250,0.000000,32.005768,6.000000
4.406250,-0.287109,1.224609,0.000000,30.718821,6.000000
4.445312,-0.289062,1.236328,0.000000,30.390173,6.000000
4.740234,-0.449219,-0.486328,0.000000,33.077099,6.000000
4.789062,-0.453125,-0.410156,0.000000,33.699577,6.000000
4.841797,-0.457031,-0.214844,0.000000,30.398106,6.000000
4.880859,-0.308594,0.767578,0.000000,30.877813,6.000000
0.041016,-0.033203,0.062500,0.000000,30.098757,6.000000
0.052734,-0.042969,0.101562,0.000000,28.987251,6.000000
1.121094,-0.515625,0.296875,0.000000,19.084850,6.000000
2.976562,-2.003906,-2.847656,0.000000,27.923918,6.000000
3.052734,-2.021484,-2.822266,0.000000,27.641762,6.000000
0.011719,-0.039062,-0.007812,0.000000,30.715137,7.000000
0.017578,-0.080078,-0.007812,0.000000,31.961761,7.000000
0.029297,-0.119141,-0.005859,0.000000,30.224283,7.000000
0.056641,-0.154297,0.005859,0.000000,25.490032,7.000000
0.361328,-0.080078,-1.212891,0.000000,21.818436,7.000000
0.289062,-0.041016,1.275391,0.000000,23.180634,7.000000
0.470703,-0.042969,1.263672,0.000000,21.875208,7.000000
2.287109,-0.593750,-0.222656,0.000000,26.757784,7.000000
2.300781,-0.679688,-0.271484,0.000000,27.611757,7.000000
2.373047,-0.613281,-0.142578,0.000000,26.730209,7.000000
2.546875,-0.263672,1.185547,0.000000,29.385197,7.000000
2.609375,-0.267578,1.150391,0.000000,32.730011,7.000000
2.662109,-0.181641,1.148438,0.000000,32.027607,7.000000
4.406250,-0.287109,1.220703,0.000000,30.711452,7.000000
4.447266,-0.289062,1.228516,0.000000,30.374266,7.000000
4.740234,-0.449219,-0.484375,0.000000,33.068539,7.000000
4.787109,-0.453125,-0.414062,0.000000,33.701427,7.000000
4.841797,-0.457031,-0.230469,0.000000,30.402067,7.000000
4.882812,-0.308594,0.755859,0.000000,30.913151,7.000000
0.041016,-0.033203,0.062500,0.000000,30.102999,7.000000
0.052734,-0.042969,0.101562,0.000000,28.987251,7.000000
1.119141,-0.474609,0.359375,0.000000,18.976271,7.000000
2.964844,-2.003906,-2.861328,0.000000,27.902851,7.000000
3.060547,-2.021484,-2.812500,0.000000,27.604225,7.000000
0.011719,-0.039062,-0.007812,0.000000,30.726175,8.000000
0.017578,-0.080078,-0.007812,0.000000,31.964525,8.000000
0.029297,-0.119141,-0.005859,0.000000,30.232525,8.000000
0.056641,-0.154297,0.005859,0.000000,25.514500,8.000000
0.349609,-0.080078,-1.216797,0.000000,21.818436,8.000000
0.285156,-0.041016,1.277344,0.000000,23.159704,8.000000
0.398438,-0.000000,1.289062,0.000000,21.789770,8.000000
2.279297,-0.593750,-0.279297,0.000000,27.084209,8.000000
2.310547,-0.679688,-0.148438,0.000000,28.555191,8.000000
2.351562,-0.689453,-0.148438,0.000000,27.193314,8.000000
2.546875,-0.263672,1.189453,0.000000,29.390198,8.000000
2.603516,-0.267578,1.164062,0.000000,32.753113,8.000000
2.658203,-0.181641,1.156250,0.000000,32.033051,8.000000
4.410156,-0.287109,1.210938,0.000000,30.729847,8.000000
4.453125,-0.289062,1.205078,0.000000,30.398106,8.000000
4.740234,-0.449219,-0.484375,0.000000,33.074959,8.000000
4.787109,-0.453125,-0.412109,0.000000,33.706982,8.000000
4.841797,-0.457031,-0.230469,0.000000,30.453230,8.000000
4.884766,-0.308594,0.736328,0.000000,30.909630,8.000000
0.041016,-0.033203,0.062500,0.000000,30.102999,8.000000
0.052734,-0.042969,0.101562,0.000000,28.992731,8.000000
1.119141,-0.515625,0.304688,0.000000,18.976271,8.000000
2.939453,-2.003906,-2.886719,0.000000,27.895807,8.000000
2.970703,-2.021484,-2.906250,0.000000,27.596678,8.000000
0.011719,-0.039062,-0.007812,0.000000,30.718821,9.000000
0.017578,-0.080078,-0.007812,0.000000,31.961761,9.000000
0.029297,-0.119141,-0.005859,0.000000,30.224283,9.000000
0.056641,-0.154297,0.005859,0.000000,25.502283,9.000000
0.357422,-0.080078,-1.214844,0.000000,21.789770,9.000000
0.289062,-0.041016,1.275391,0.000000,23.180634,9.000000
0.451172,-0.042969,1.271484,0.000000,21.846914,9.000000
2.554688,-0.263672,1.171875,0.000000,29.329807,9.000000
2.609375,-0.267578,1.148438,0.000000,32.688118,9.000000
2.666016,-0.181641,1.138672,0.000000,31.994808,9.000000
4.406250,-0.287109,1.222656,0.000000,30.733517,9.000000
4.447266,-0.289062,1.228516,0.000000,30.390173,9.000000
4.740234,-0.449219,-0.484375,0.000000,33.074959,9.000000
4.787109,-0.453125,-0.417969,0.000000,33.701427,9.000000
4.839844,-0.457031,-0.242188,0.000000,30.429691,9.000000
4.882812,-0.308594,0.753906,0.000000,30.863598,9.000000
0.041016,-0.033203,0.062500,0.000000,30.098757,9.000000
0.052734,-0.042969,0.101562,0.000000,28.987251,9.000000
1.115234,-0.515625,0.314453,0.000000,18.976271,9.000000
2.986328,-2.003906,-2.837891,0.000000,27.958799,9.000000
3.060547,-2.021484,-2.812500,0.000000,27.619278,9.000000
0.011719,-0.039062,-0.007812,0.000000,30.722500,10.000000
0.017578,-0.080078,-0.007812,0.000000,31.961761,10.000000
0.029297,-0.119141,-0.005859,0.000000,30.224283,10.000000
0.056641,-0.154297,0.005859,0.000000,25.490032,10.000000
0.333984,-0.080078,-1.220703,0.000000,21.818436,10.000000
0.318359,-0.041016,1.269531,0.000000,23.201464,10.000000
0.496094,-0.042969,1.253906,0.000000,21.846914,10.000000
2.267578,-0.519531,-0.464844,0.000000,27.937904,10.000000
2.318359,-0.527344,-0.408203,0.000000,28.444771,10.000000
2.542969,-0.263672,1.195312,0.000000,29.380192,10.000000
2.605469,-0.267578,1.156250,0.000000,32.709118,10.000000
2.667969,-0.181641,1.132812,0.000000,32.016701,10.000000
4.404297,-0.287109,1.226562,0.000000,30.729847,10.000000
4.445312,-0.289062,1.232422,0.000000,30.390173,10.000000
4.740234,-0.449219,-0.488281,0.000000,33.083511,10.000000
4.787109,-0.453125,-0.419922,0.000000,33.710678,10.000000
4.839844,-0.457031,-0.236328,0.000000,30.394140,10.000000
4.882812,-0.308594,0.753906,0.000000,30.867157,10.000000
0.041016,-0.033203,0.062500,0.000000,30.102999,10.000000
0.052734,-0.042969,0.101562,0.000000,28.987251,10.000000
1.117188,-0.515625,0.304688,0.000000,19.030899,10.000000
2.992188,-2.003906,-2.832031,0.000000,28.020893,10.000000
3.080078,-2.021484,-2.791016,0.000000,27.671558,10.000000
0.011719,-0.039062,-0.007812,0.000000,30.722500,11.000000
0.017578,-0.080078,-0.007812,0.000000,31.961761,11.000000
0.029297,-0.119141,-0.005859,0.000000,30.228407,11.000000
0.056641,-0.154297,0.005859,0.000000,25.502283,11.000000
0.328125,-0.080078,-1.222656,0.000000,21.818436,11.000000
0.308594,-0.041016,1.271484,0.000000,23.201464,11.000000
0.488281,-0.042969,1.257812,0.000000,21.875208,11.000000
2.552734,-0.263672,1.173828,0.000000,29.365137,11.000000
2.613281,-0.267578,1.140625,0.000000,32.676411,11.000000
2.671875,-0.181641,1.126953,0.000000,31.950689,11.000000
4.406250,-0.287109,1.220703,0.000000,30.729847,11.000000
4.451172,-0.289062,1.210938,0.000000,30.386202,11.000000
4.740234,-0.449219,-0.488281,0.000000,33.087776,11.000000
4.787109,-0.453125,-0.414062,0.000000,33.716221,11.000000
4.841797,-0.457031,-0.226562,0.000000,30.425755,11.000000
4.880859,-0.308594,0.767578,0.000000,30.874264,11.000000
0.041016,-0.033203,0.062500,0.000000,30.107239,11.000000
0.052734,-0.042969,0.101562,0.000000,28.992731,11.000000
1.119141,-0.515625,0.298828,0.000000,18.976271,11.000000
2.980469,-2.003906,-2.843750,0.000000,27.965744,11.000000
3.082031,-2.021484,-2.789062,0.000000,27.611757,11.000000
0.011719,-0.039062,-0.007812,0.000000,30.715137,12.000000
