4.839844,-0.457031,-0.253906,0.000000,30.413927,0.000000
4.837891,-0.460938,0.695312,0.000000,29.786369,0.000000
4.876953,-0.308594,0.791016,0.000000,30.652061,0.000000
0.710938,0.587891,-0.181641,-0.614669,24.313637,0.000000
0.748047,0.613281,-0.166016,-0.614669,27.558748,0.000000
0.785156,0.638672,-0.146484,-0.614669,27.411516,0.000000
0.041016,-0.033203,0.062500,0.000000,30.170334,0.000000
0.052734,-0.042969,0.101562,0.000000,29.063351,0.000000
2.814453,-2.021484,-3.058594,0.000000,27.474117,0.000000
0.011719,-0.039062,-0.007812,0.000000,30.770042,1.000000
0.017578,-0.080078,-0.007812,0.000000,32.003033,1.000000
0.029297,-0.119141,-0.003906,0.000000,30.248960,1.000000
0.056641,-0.154297,0.005859,0.000000,25.526682,1.000000
0.695312,0.617188,-0.144531,0.000000,24.313637,1.000000
0.732422,0.644531,-0.115234,0.000000,26.875290,1.000000
0.767578,0.671875,-0.085938,0.000000,25.943926,1.000000
0.800781,0.697266,0.046875,0.000000,22.718416,1.000000
0.828125,0.724609,0.093750,0.000000,22.504200,1.000000
2.546875,-0.263672,1.189453,0.000000,29.469433,1.000000
2.603516,-0.267578,1.164062,0.000000,32.810333,1.000000
2.660156,-0.271484,1.134766,0.000000,32.013969,1.000000
4.412109,-0.287109,1.199219,0.000000,30.806265,1.000000
4.462891,-0.289062,1.171875,0.000000,30.457140,1.000000
4.683594,-0.445312,-0.625000,0.000000,29.201233,1.000000
4.736328,-0.449219,-0.519531,0.000000,33.140781,1.000000
4.785156,-0.453125,-0.447266,0.000000,33.613499,1.000000
4.837891,-0.457031,-0.285156,0.000000,30.216026,1.000000
4.865234,-0.464844,0.783203,0.000000,30.640835,1.000000
0.041016,-0.033203,0.062500,0.000000,30.166155,1.000000
0.044922,-0.046875,0.103516,0.000000,29.057959,1.000000
2.843750,-2.003906,-2.980469,0.000000,27.817554,1.000000
2.794922,-2.021484,-3.076172,0.000000,27.489628,1.000000
0.011719,-0.039062,-0.007812,0.000000,30.770042,2.000000
0.017578,-0.080078,-0.007812,0.000000,32.005768,2.000000
0.041016,-0.115234,-0.007812,0.000000,30.248960,2.000000
0.056641,-0.154297,0.005859,0.000000,25.526682,2.000000
0.675781,0.646484,-0.103516,0.000000,24.471581,2.000000
0.736328,0.644531,-0.085938,0.000000,25.865873,2.000000
0.765625,0.671875,-0.087891,0.000000,23.579348,2.000000
2.548828,-0.263672,1.181641,0.000000,29.498777,2.000000
2.603516,-0.267578,1.162109,0.000000,32.826221,2.000000
2.658203,-0.271484,1.138672,0.000000,32.027607,2.000000
4.412109,-0.287109,1.203125,0.000000,30.817072,2.000000
4.458984,-0.289062,1.179688,0.000000,30.457140,2.000000
4.683594,-0.445312,-0.617188,0.000000,29.304396,2.000000
4.740234,-0.449219,-0.492188,0.000000,33.209766,2.000000
4.789062,-0.453125,-0.400391,0.000000,33.671696,2.000000
4.841797,-0.457031,-0.195312,0.000000,30.301949,2.000000
4.814453,-0.460938,0.835938,0.000000,29.703468,2.000000
4.869141,-0.308594,0.828125,0.000000,30.744507,2.000000
0.041016,-0.033203,0.062500,0.000000,30.170334,2.000000
0.044922,-0.046875,0.103516,0.000000,29.063351,2.000000
2.839844,-2.021484,-3.035156,0.000000,27.458551,2.000000
0.011719,-0.039062,-0.007812,0.000000,30.766405,3.000000
0.017578,-0.080078,-0.007812,0.000000,32.003033,3.000000
0.029297,-0.119141,-0.005859,0.000000,30.244856,3.000000
0.056641,-0.154297,0.005859,0.000000,25.514500,3.000000
0.589844,0.646484,-0.208984,0.000000,23.598354,3.000000
0.623047,0.675781,-0.201172,0.000000,28.413595,3.000000
0.677734,0.675781,-0.220703,0.000000,29.216866,3.000000
0.648438,0.734375,-0.291016,0.000000,25.843311,3.000000
2.558594,-0.263672,1.160156,0.000000,29.449759,3.000000
2.607422,-0.267578,1.152344,0.000000,32.801228,3.000000
2.664062,-0.271484,1.126953,0.000000,32.016701,3.000000
4.414062,-0.287109,1.195312,0.000000,30.809870,3.000000
4.464844,-0.289062,1.158203,0.000000,30.464952,3.000000
4.687500,-0.445312,-0.587891,0.000000,29.385197,3.000000
4.740234,-0.449219,-0.482422,0.000000,33.246941,3.000000
4.791016,-0.453125,-0.382812,0.000000,33.690304,3.000000
4.843750,-0.457031,-0.169922,0.000000,30.429691,3.000000
4.861328,-0.464844,0.810547,0.000000,30.580462,3.000000
0.041016,-0.033203,0.062500,0.000000,30.166155,3.000000
0.044922,-0.046875,0.103516,0.000000,29.057959,3.000000
2.869141,-2.021484,-3.005859,0.000000,27.505083,3.000000
0.011719,-0.039062,-0.007812,0.000000,30.766405,4.000000
0.017578,-0.080078,-0.007812,0.000000,32.003033,4.000000
0.041016,-0.115234,-0.007812,0.000000,30.244856,4.000000
0.056641,-0.154297,0.005859,0.000000,25.526682,4.000000
0.521484,0.705078,-0.339844,0.000000,22.600714,4.000000
0.650391,0.705078,-0.207031,0.000000,23.324385,4.000000
0.742188,0.703125,0.037109,0.000000,22.741579,4.000000
0.767578,0.697266,0.232422,0.000000,21.238516,4.000000
2.548828,-0.263672,1.183594,0.000000,29.484129,4.000000
2.603516,-0.267578,1.162109,0.000000,32.821690,4.000000
2.658203,-0.271484,1.136719,0.000000,32.024883,4.000000
4.412109,-0.287109,1.199219,0.000000,30.813473,4.000000
4.468750,-0.289062,1.148438,0.000000,30.461048,4.000000
4.685547,-0.294922,-0.302734,0.000000,27.874605,4.000000
4.691406,-0.445312,-0.552734,0.000000,29.289078,4.000000
4.742188,-0.449219,-0.470703,0.000000,33.155506,4.000000
4.791016,-0.453125,-0.369141,0.000000,33.590763,4.000000
4.845703,-0.457031,-0.062500,0.000000,30.425755,4.000000
4.857422,-0.306641,0.640625,0.000000,30.090258,4.000000
4.888672,-0.308594,0.707031,0.000000,30.802656,4.000000
0.041016,-0.033203,0.062500,0.000000,30.166155,4.000000
0.044922,-0.046875,0.103516,0.000000,29.057959,4.000000
2.835938,-2.021484,-3.039062,0.000000,27.466343,4.000000
0.011719,-0.039062,-0.007812,0.000000,30.770042,5.000000
0.017578,-0.080078,-0.007812,0.000000,32.005768,5.000000
0.029297,-0.119141,-0.005859,0.000000,30.248960,5.000000
0.056641,-0.154297,0.005859,0.000000,25.514500,5.000000
0.558594,0.675781,-0.205078,0.000000,23.560259,5.000000
0.587891,0.705078,-0.203125,0.000000,28.609365,5.000000
0.617188,0.736328,-0.203125,0.000000,29.675480,5.000000
0.642578,0.767578,-0.212891,0.000000,27.242758,5.000000
0.707031,0.763672,-0.216797,0.000000,21.461281,5.000000
0.802734,0.759766,0.019531,0.000000,20.827854,5.000000
2.558594,-0.263672,1.164062,0.000000,29.459606,5.000000
2.605469,-0.267578,1.156250,0.000000,32.817150,5.000000
2.660156,-0.271484,1.132812,0.000000,32.022160,5.000000
4.416016,-0.287109,1.187500,0.000000,30.838608,5.000000
4.468750,-0.289062,1.146484,0.000000,30.488300,5.000000
4.707031,-0.296875,-0.513672,0.000000,29.329807,5.000000
4.742188,-0.449219,-0.472656,0.000000,33.230457,5.000000
4.791016,-0.453125,-0.371094,0.000000,33.675423,5.000000
4.845703,-0.457031,-0.068359,0.000000,30.413927,5.000000
4.880859,-0.308594,0.763672,0.000000,30.711452,5.000000
0.041016,-0.033203,0.062500,0.000000,30.170334,5.000000
0.044922,-0.046875,0.103516,0.000000,29.057959,5.000000
0.011719,-0.039062,-0.007812,0.000000,30.770042,6.000000
0.017578,-0.080078,-0.007812,0.000000,32.005768,6.000000
0.029297,-0.119141,-0.005859,0.000000,30.248960,6.000000
0.056641,-0.154297,0.007812,0.000000,25.526682,6.000000
0.623047,0.705078,0.000000,0.000000,21.172712,6.000000
0.648438,0.736328,-0.033203,0.000000,25.132175,6.000000
0.634766,0.798828,-0.070312,0.000000,24.265112,6.000000
0.767578,0.730469,0.078125,0.000000,21.931246,6.000000
0.802734,0.759766,-0.013672,0.000000,23.117538,6.000000
0.820312,0.787109,-0.138672,0.000000,22.504200,6.000000
2.554688,-0.263672,1.167969,0.000000,29.444826,6.000000
2.605469,-0.267578,1.156250,0.000000,32.801228,6.000000
2.658203,-0.271484,1.138672,0.000000,32.008507,6.000000
4.414062,-0.287109,1.191406,0.000000,30.813473,6.000000
4.464844,-0.289062,1.164062,0.000000,30.457140,6.000000
4.693359,-0.445312,-0.539062,0.000000,29.278833,6.000000
4.744141,-0.449219,-0.445312,0.000000,33.211842,6.000000
4.792969,-0.453125,-0.361328,0.000000,33.729118,6.000000
4.855469,-0.304688,-0.148438,0.000000,30.584261,6.000000
4.843750,-0.464844,0.910156,0.000000,30.622059,6.000000
0.041016,-0.033203,0.062500,0.000000,30.170334,6.000000
0.044922,-0.046875,0.103516,0.000000,29.057959,6.000000
2.830078,-2.021484,-3.042969,0.000000,27.474117,6.000000
0.011719,-0.039062,-0.007812,0.000000,30.759117,7.000000
0.017578,-0.080078,-0.007812,0.000000,32.003033,7.000000
0.029297,-0.119141,-0.005859,0.000000,30.253059,7.000000
0.056641,-0.154297,0.005859,0.000000,25.538830,7.000000
0.716797,0.730469,0.289062,0.000000,23.617279,7.000000
0.744141,0.792969,-0.193359,0.000000,26.253124,7.000000
0.757812,0.824219,-0.244141,0.000000,25.171959,7.000000
2.550781,-0.263672,1.179688,0.000000,29.479237,7.000000
2.603516,-0.267578,1.160156,0.000000,32.814880,7.000000
2.656250,-0.271484,1.142578,0.000000,32.013969,7.000000
4.416016,-0.287109,1.183594,0.000000,30.817072,7.000000
4.464844,-0.289062,1.160156,0.000000,30.445398,7.000000
4.683594,-0.294922,-0.326172,0.000000,27.853298,7.000000
4.691406,-0.445312,-0.562500,0.000000,29.247959,7.000000
4.740234,-0.449219,-0.478516,0.000000,33.159702,7.000000
4.791016,-0.453125,-0.386719,0.000000,33.651134,7.000000
4.845703,-0.457031,-0.109375,0.000000,30.413927,7.000000
4.851562,-0.306641,0.683594,0.000000,29.947569,7.000000
4.878906,-0.308594,0.775391,0.000000,30.895519,7.000000
0.503906,0.792969,-0.011719,0.614669,21.271048,7.000000
0.525391,0.828125,-0.035156,0.614669,24.756712,7.000000
0.490234,0.894531,-0.076172,0.614669,23.502480,7.000000
0.041016,-0.033203,0.062500,0.000000,30.170334,7.000000
0.044922,-0.046875,0.103516,0.000000,29.063351,7.000000
2.828125,-2.021484,-3.044922,0.000000,27.481880,7.000000
0.011719,-0.039062,-0.007812,0.000000,30.766405,8.000000
0.017578,-0.080078,-0.007812,0.000000,32.005768,8.000000
0.029297,-0.119141,-0.005859,0.000000,30.253059,8.000000
0.056641,-0.154297,0.005859,0.000000,25.526682,8.000000
0.828125,0.724609,-0.093750,0.000000,23.222193,8.000000
0.816406,0.787109,-0.154297,0.000000,23.463530,8.000000
2.548828,-0.263672,1.185547,0.000000,29.474337,8.000000
2.603516,-0.267578,1.162109,0.000000,32.817150,8.000000
2.656250,-0.271484,1.140625,0.000000,32.027607,8.000000
4.417969,-0.287109,1.181641,0.000000,30.809870,8.000000
4.466797,-0.289062,1.154297,0.000000,30.449316,8.000000
4.681641,-0.294922,-0.341797,0.000000,27.853298,8.000000
4.687500,-0.445312,-0.585938,0.000000,29.324738,8.000000
4.740234,-0.449219,-0.486328,0.000000,33.232521,8.000000
4.791016,-0.453125,-0.386719,0.000000,33.699577,8.000000
4.845703,-0.457031,-0.123047,0.000000,30.480532,8.000000
4.832031,-0.460938,0.734375,0.000000,29.947569,8.000000
4.847656,-0.464844,0.886719,0.000000,30.629578,8.000000
0.458984,0.859375,-0.121094,0.614669,21.846914,8.000000
0.482422,0.894531,-0.113281,0.614669,22.922562,8.000000
0.607422,0.863281,-0.123047,0.614669,21.038036,8.000000
0.757812,0.890625,-0.201172,0.614669,21.931246,8.000000
0.041016,-0.033203,0.062500,0.000000,30.166155,8.000000
0.044922,-0.046875,0.103516,0.000000,29.057959,8.000000
2.812500,-2.021484,-3.060547,0.000000,27.489628,8.000000
0.011719,-0.039062,-0.007812,0.000000,30.766405,9.000000
0.017578,-0.080078,-0.007812,0.000000,32.005768,9.000000
0.029297,-0.119141,-0.005859,0.000000,30.248960,9.000000
0.056641,-0.154297,0.005859,0.000000,25.526682,9.000000
0.757812,0.792969,-0.125000,0.000000,25.622929,9.000000
0.773438,0.824219,-0.189453,0.000000,27.242758,9.000000
0.750000,0.890625,-0.228516,0.000000,25.705429,9.000000
2.548828,-0.263672,1.183594,0.000000,29.508514,9.000000
2.603516,-0.267578,1.160156,0.000000,32.828487,9.000000
2.660156,-0.271484,1.132812,0.000000,32.027607,9.000000
4.414062,-0.287109,1.197266,0.000000,30.820669,9.000000
4.457031,-0.289062,1.191406,0.000000,30.464952,9.000000
4.683594,-0.294922,-0.330078,0.000000,27.824726,9.000000
4.689453,-0.445312,-0.572266,0.000000,29.299295,9.000000
4.740234,-0.449219,-0.478516,0.000000,33.218056,9.000000
4.789062,-0.453125,-0.398438,0.000000,33.686588,9.000000
4.843750,-0.457031,-0.179688,0.000000,30.429691,9.000000
4.833984,-0.460938,0.716797,0.000000,29.960737,9.000000
4.882812,-0.308594,0.753906,0.000000,30.809870,9.000000
0.527344,0.828125,-0.009766,0.614669,19.731279,9.000000
0.593750,0.830078,0.042969,0.614669,22.576786,9.000000
0.650391,0.830078,0.134766,0.614669,22.718416,9.000000
0.041016,-0.033203,0.062500,0.000000,30.166155,9.000000
0.044922,-0.046875,0.103516,0.000000,29.052561,9.000000
2.810547,-2.021484,-3.062500,0.000000,27.528164,9.000000
0.011719,-0.039062,-0.007812,0.000000,30.770042,10.000000
0.017578,-0.080078,-0.007812,0.000000,32.005768,10.000000
0.041016,-0.115234,-0.007812,0.000000,30.248960,10.000000
0.056641,-0.154297,0.005859,0.000000,25.526682,10.000000
2.548828,-0.263672,1.181641,0.000000,29.479237,10.000000
2.603516,-0.267578,1.164062,0.000000,32.817150,10.000000
2.658203,-0.271484,1.140625,0.000000,32.019432,10.000000
4.412109,-0.287109,1.205078,0.000000,30.831442,10.000000
4.462891,-0.289062,1.171875,0.000000,30.476643,10.000000
4.683594,-0.294922,-0.318359,0.000000,27.846172,10.000000
4.691406,-0.445312,-0.552734,0.000000,29.283958,10.000000
4.742188,-0.449219,-0.462891,0.000000,33.203541,10.000000
4.791016,-0.453125,-0.369141,0.000000,33.692158,10.000000
4.845703,-0.457031,-0.117188,0.000000,30.519239,10.000000
4.826172,-0.460938,0.765625,0.000000,29.929951,10.000000
4.845703,-0.464844,0.894531,0.000000,30.689276,10.000000
0.519531,0.828125,-0.091797,0.614669,20.606977,10.000000
0.539062,0.863281,-0.101562,0.614669,23.579348,10.000000
0.376953,0.962891,-0.246094,0.614669,19.956352,10.000000
0.675781,0.863281,0.132812,0.614669,24.955442,10.000000
0.714844,0.894531,-0.013672,0.614669,27.701153,10.000000
0.736328,0.927734,-0.068359,0.614669,27.101173,10.000000
0.763672,0.958984,-0.066406,0.614669,23.873898,10.000000
0.041016,-0.033203,0.062500,0.000000,30.166155,10.000000
0.044922,-0.046875,0.103516,0.000000,29.052561,10.000000
2.818359,-2.021484,-3.054688,0.000000,27.497364,10.000000
0.236328,0.597656,0.847656,0.614669,17.634279,10.000000
0.011719,-0.039062,-0.007812,0.000000,30.766405,11.000000
0.017578,-0.080078,-0.007812,0.000000,32.000294,11.000000
0.029297,-0.119141,-0.003906,0.000000,30.248960,11.000000
0.056641,-0.154297,0.005859,0.000000,25.526682,11.000000
0.751953,0.824219,0.261719,0.000000,21.643528,11.000000
0.914062,0.871094,0.105469,0.000000,23.159704,11.000000
0.451172,-0.041016,1.228516,0.000000,23.502480,11.000000
2.544922,-0.263672,1.191406,0.000000,29.454685,11.000000
2.601562,-0.267578,1.166016,0.000000,32.808060,11.000000
2.656250,-0.271484,1.144531,0.000000,32.024883,11.000000
4.410156,-0.287109,1.207031,0.000000,30.827854,11.000000
4.460938,-0.289062,1.175781,0.000000,30.468851,11.000000
