0.029297,-0.119141,-0.005859,0.000000,30.157787,0.000000
0.056641,-0.154297,0.005859,0.000000,25.490032,0.000000
0.166016,-0.080078,1.253906,0.000000,23.117538,0.000000
0.056641,-0.082031,1.304688,0.000000,24.653828,0.000000
0.400391,-0.083984,-1.287109,0.000000,23.074961,0.000000
2.611328,-0.175781,1.058594,0.000000,29.020029,0.000000
2.658203,-0.179688,1.046875,0.000000,32.201080,0.000000
2.753906,-0.089844,0.916016,0.000000,31.199154,0.000000
4.396484,-0.142578,1.279297,0.000000,31.277525,0.000000
4.337891,-0.144531,1.591797,0.000000,30.770042,0.000000
4.740234,-0.298828,-0.587891,0.000000,33.382572,0.000000
4.777344,-0.300781,-0.621094,0.000000,34.005379,0.000000
4.808594,-0.152344,-0.736328,0.000000,30.534626,0.000000
4.900391,-0.154297,0.236328,0.000000,29.185545,0.000000
4.933594,-0.308594,0.257812,0.000000,31.267805,0.000000
4.947266,-0.623047,-0.193359,0.000000,29.726656,0.000000
0.009766,0.031250,0.025391,0.000000,29.309490,0.000000
0.041016,-0.033203,0.062500,0.000000,30.115704,0.000000
0.046875,-0.046875,0.103516,0.000000,29.025467,0.000000
0.011719,-0.039062,-0.007812,0.000000,30.674429,1.000000
0.017578,-0.080078,-0.007812,0.000000,31.934029,1.000000
0.029297,-0.119141,-0.005859,0.000000,30.157787,1.000000
0.056641,-0.154297,0.005859,0.000000,25.477747,1.000000
0.121094,-0.080078,1.259766,0.000000,23.031961,1.000000
0.056641,-0.082031,1.304688,0.000000,24.608978,1.000000
0.406250,-0.083984,-1.285156,0.000000,23.031961,1.000000
0.542969,-0.042969,-1.279297,0.000000,21.553360,1.000000
2.619141,-0.175781,1.037109,0.000000,29.057959,1.000000
2.658203,-0.179688,1.048828,0.000000,32.211533,1.000000
2.751953,-0.089844,0.925781,0.000000,31.209028,1.000000
4.394531,-0.142578,1.287109,0.000000,31.293676,1.000000
4.345703,-0.144531,1.570312,0.000000,30.773680,1.000000
4.734375,-0.298828,-0.628906,0.000000,33.398487,1.000000
4.769531,-0.300781,-0.677734,0.000000,34.026051,1.000000
4.792969,-0.152344,-0.839844,0.000000,30.472748,1.000000
4.892578,-0.308594,0.683594,0.000000,31.248301,1.000000
4.951172,-0.623047,0.070312,0.000000,29.849771,1.000000
0.041016,-0.033203,0.062500,0.000000,30.119930,1.000000
0.044922,-0.046875,0.103516,0.000000,29.036325,1.000000
0.011719,-0.039062,-0.007812,0.000000,30.678144,2.000000
0.017578,-0.080078,-0.007812,0.000000,31.936810,2.000000
0.029297,-0.119141,-0.005859,0.000000,30.157787,2.000000
0.056641,-0.154297,0.005859,0.000000,25.477747,2.000000
0.080078,-0.080078,1.263672,0.000000,23.117538,2.000000
0.060547,-0.082031,-1.304688,0.000000,24.638929,2.000000
0.441406,-0.083984,-1.273438,0.000000,23.031961,2.000000
0.552734,-0.042969,-1.275391,0.000000,21.583626,2.000000
1.449219,1.261719,0.080078,0.000000,26.919651,2.000000
1.560547,1.166016,-0.242188,0.000000,27.242758,2.000000
1.591797,1.189453,-0.265625,0.000000,27.972675,2.000000
2.617188,-0.175781,1.042969,0.000000,29.052561,2.000000
2.660156,-0.179688,1.042969,0.000000,32.211533,2.000000
2.753906,-0.089844,0.917969,0.000000,31.212315,2.000000
4.394531,-0.142578,1.287109,0.000000,31.290451,2.000000
4.333984,-0.144531,1.599609,0.000000,30.795429,2.000000
4.738281,-0.298828,-0.611328,0.000000,33.356583,2.000000
4.773438,-0.300781,-0.658203,0.000000,33.974186,2.000000
4.773438,-0.152344,-0.945312,0.000000,30.580462,2.000000
4.919922,-0.308594,0.447266,0.000000,30.831442,2.000000
4.951172,-0.623047,-0.072266,0.000000,29.552065,2.000000
0.041016,-0.033203,0.062500,0.000000,30.119930,2.000000
0.044922,-0.046875,0.103516,0.000000,29.036325,2.000000
0.011719,-0.039062,-0.007812,0.000000,30.678144,3.000000
0.017578,-0.080078,-0.007812,0.000000,31.934029,3.000000
0.029297,-0.119141,-0.005859,0.000000,30.153597,3.000000
0.056641,-0.154297,0.005859,0.000000,25.477747,3.000000
0.166016,-0.080078,1.253906,0.000000,23.138672,3.000000
0.431641,-0.083984,-1.275391,0.000000,23.096302,3.000000
1.457031,1.175781,0.193359,0.000000,26.785183,3.000000
1.494141,1.201172,0.144531,0.000000,29.464523,3.000000
1.533203,1.226562,0.025391,0.000000,28.943161,3.000000
2.615234,-0.175781,1.046875,0.000000,29.036325,3.000000
2.660156,-0.179688,1.044922,0.000000,32.208923,3.000000
2.755859,-0.089844,0.912109,0.000000,31.218880,3.000000
4.396484,-0.142578,1.283203,0.000000,31.271048,3.000000
4.335938,-0.144531,1.597656,0.000000,30.773680,3.000000
4.742188,-0.298828,-0.580078,0.000000,33.344536,3.000000
4.777344,-0.300781,-0.617188,0.000000,33.982872,3.000000
4.798828,-0.152344,-0.800781,0.000000,30.580462,3.000000
4.902344,-0.308594,0.613281,0.000000,30.989897,3.000000
4.951172,-0.623047,0.080078,0.000000,29.763500,3.000000
0.041016,-0.033203,0.062500,0.000000,30.115704,3.000000
0.044922,-0.046875,0.103516,0.000000,29.030899,3.000000
0.011719,-0.039062,-0.007812,0.000000,30.674429,4.000000
0.017578,-0.080078,-0.007812,0.000000,31.936810,4.000000
0.029297,-0.119141,-0.005859,0.000000,30.161974,4.000000
0.056641,-0.154297,0.005859,0.000000,25.490032,4.000000
0.167969,-0.080078,1.253906,0.000000,23.117538,4.000000
0.408203,-0.083984,-1.283203,0.000000,23.053514,4.000000
0.550781,-0.042969,-1.277344,0.000000,21.583626,4.000000
1.474609,1.201172,-0.275391,0.000000,29.479237,4.000000
1.560547,1.166016,-0.242188,0.000000,31.934029,4.000000
1.595703,1.189453,-0.228516,0.000000,30.640835,4.000000
2.619141,-0.175781,1.037109,0.000000,29.079485,4.000000
2.660156,-0.179688,1.042969,0.000000,32.216751,4.000000
2.755859,-0.089844,0.914062,0.000000,31.212315,4.000000
4.394531,-0.142578,1.287109,0.000000,31.303337,4.000000
4.335938,-0.144531,1.595703,0.000000,30.777311,4.000000
4.740234,-0.298828,-0.583984,0.000000,33.336487,4.000000
4.775391,-0.300781,-0.638672,0.000000,33.953262,4.000000
4.781250,-0.152344,-0.906250,0.000000,30.492180,4.000000
4.908203,-0.308594,0.562500,0.000000,30.895519,4.000000
4.951172,-0.623047,-0.005859,0.000000,29.561684,4.000000
0.041016,-0.033203,0.062500,0.000000,30.115704,4.000000
0.044922,-0.046875,0.103516,0.000000,29.030899,4.000000
0.011719,-0.039062,-0.007812,0.000000,30.678144,5.000000
0.017578,-0.080078,-0.007812,0.000000,31.934029,5.000000
0.029297,-0.119141,-0.005859,0.000000,30.161974,5.000000
0.056641,-0.154297,0.007812,0.000000,25.502283,5.000000
0.121094,-0.080078,1.259766,0.000000,23.074961,5.000000
0.402344,-0.083984,-1.285156,0.000000,23.074961,5.000000
0.541016,-0.042969,-1.281250,0.000000,21.613680,5.000000
1.546875,1.140625,-0.050781,0.000000,28.344208,5.000000
1.574219,1.166016,-0.134766,0.000000,29.556877,5.000000
1.650391,1.126953,-0.144531,0.000000,27.979597,5.000000
2.617188,-0.175781,1.041016,0.000000,29.041744,5.000000
2.658203,-0.179688,1.046875,0.000000,32.214142,5.000000
2.751953,-0.089844,0.923828,0.000000,31.215599,5.000000
4.398438,-0.142578,1.277344,0.000000,31.300119,5.000000
4.341797,-0.144531,1.580078,0.000000,30.784569,5.000000
4.736328,-0.298828,-0.619141,0.000000,33.360592,5.000000
4.771484,-0.300781,-0.658203,0.000000,34.026051,5.000000
4.792969,-0.152344,-0.835938,0.000000,30.663260,5.000000
4.902344,-0.308594,0.615234,0.000000,31.105898,5.000000
4.949219,-0.623047,0.126953,0.000000,29.731279,5.000000
0.041016,-0.033203,0.062500,0.000000,30.115704,5.000000
0.046875,-0.046875,0.103516,0.000000,29.025467,5.000000
0.011719,-0.039062,-0.007812,0.000000,30.678144,6.000000
0.017578,-0.080078,-0.007812,0.000000,31.931246,6.000000
0.029297,-0.119141,-0.005859,0.000000,30.153597,6.000000
0.056641,-0.154297,0.005859,0.000000,25.477747,6.000000
0.158203,-0.080078,1.255859,0.000000,23.117538,6.000000
0.042969,-0.082031,1.306641,0.000000,24.653828,6.000000
0.419922,-0.083984,-1.279297,0.000000,23.053514,6.000000
0.552734,-0.042969,-1.275391,0.000000,21.613680,6.000000
1.546875,1.140625,0.025391,0.000000,26.404814,6.000000
1.619141,1.103516,-0.105469,0.000000,28.020893,6.000000
1.650391,1.126953,-0.140625,0.000000,27.701153,6.000000
2.615234,-0.175781,1.044922,0.000000,29.014584,6.000000
2.660156,-0.179688,1.046875,0.000000,32.195847,6.000000
2.753906,-0.089844,0.919922,0.000000,31.205740,6.000000
4.390625,-0.142578,1.302734,0.000000,31.309767,6.000000
4.328125,-0.144531,1.615234,0.000000,30.806265,6.000000
4.722656,-0.449219,-0.628906,0.000000,33.352573,6.000000
4.773438,-0.300781,-0.646484,0.000000,33.956757,6.000000
4.800781,-0.152344,-0.789062,0.000000,30.449316,6.000000
4.900391,-0.308594,0.625000,0.000000,31.000257,6.000000
4.951172,-0.623047,0.060547,0.000000,29.595184,6.000000
0.041016,-0.033203,0.062500,0.000000,30.115704,6.000000
0.044922,-0.046875,0.103516,0.000000,29.030899,6.000000
0.011719,-0.039062,-0.007812,0.000000,30.674429,7.000000
0.017578,-0.080078,-0.007812,0.000000,31.934029,7.000000
0.029297,-0.119141,-0.005859,0.000000,30.161974,7.000000
0.056641,-0.154297,0.005859,0.000000,25.490032,7.000000
0.156250,-0.080078,1.255859,0.000000,23.117538,7.000000
0.429688,-0.083984,-1.277344,0.000000,23.074961,7.000000
0.562500,-0.042969,-1.271484,0.000000,21.583626,7.000000
1.544922,1.140625,-0.062500,0.000000,28.286598,7.000000
1.552734,1.166016,-0.292969,0.000000,29.258276,7.000000
1.539062,1.189453,-0.482422,0.000000,27.218105,7.000000
2.613281,-0.175781,1.052734,0.000000,29.079485,7.000000
2.658203,-0.179688,1.048828,0.000000,32.216751,7.000000
2.751953,-0.089844,0.925781,0.000000,31.235250,7.000000
4.392578,-0.142578,1.291016,0.000000,31.287222,7.000000
4.324219,-0.144531,1.625000,0.000000,30.799046,7.000000
4.736328,-0.298828,-0.615234,0.000000,33.408405,7.000000
4.775391,-0.300781,-0.636719,0.000000,33.979401,7.000000
4.810547,-0.152344,-0.724609,0.000000,30.220158,7.000000
4.894531,-0.308594,0.667969,0.000000,31.041456,7.000000
4.951172,-0.623047,0.017578,0.000000,29.604708,7.000000
0.041016,-0.033203,0.062500,0.000000,30.115704,7.000000
0.044922,-0.046875,0.103516,0.000000,29.036325,7.000000
0.011719,-0.039062,-0.007812,0.000000,30.681858,8.000000
0.017578,-0.080078,-0.007812,0.000000,31.934029,8.000000
0.029297,-0.119141,-0.005859,0.000000,30.153597,8.000000
0.056641,-0.154297,0.005859,0.000000,25.477747,8.000000
0.062500,-0.080078,1.263672,0.000000,23.159704,8.000000
0.083984,-0.082031,-1.304688,0.000000,24.668676,8.000000
0.451172,-0.083984,-1.269531,0.000000,23.074961,8.000000
0.564453,-0.042969,-1.271484,0.000000,21.613680,8.000000
1.576172,1.082031,0.208984,0.000000,28.965261,8.000000
1.599609,1.103516,0.281250,0.000000,28.228216,8.000000
2.621094,-0.175781,1.031250,0.000000,29.041744,8.000000
2.664062,-0.179688,1.037109,0.000000,32.206310,8.000000
2.755859,-0.089844,0.910156,0.000000,31.205740,8.000000
4.398438,-0.142578,1.271484,0.000000,31.300119,8.000000
4.339844,-0.144531,1.585938,0.000000,30.806265,8.000000
4.736328,-0.298828,-0.613281,0.000000,33.376591,8.000000
4.769531,-0.300781,-0.677734,0.000000,34.029488,8.000000
4.773438,-0.152344,-0.945312,0.000000,30.618294,8.000000
4.892578,-0.308594,0.681641,0.000000,30.982975,8.000000
4.951172,-0.623047,0.089844,0.000000,29.652018,8.000000
0.041016,-0.033203,0.062500,0.000000,30.115704,8.000000
0.044922,-0.046875,0.103516,0.000000,29.036325,8.000000
0.011719,-0.039062,-0.007812,0.000000,30.670708,9.000000
0.017578,-0.080078,-0.007812,0.000000,31.931246,9.000000
0.029297,-0.119141,-0.005859,0.000000,30.153597,9.000000
0.056641,-0.154297,0.005859,0.000000,25.477747,9.000000
0.130859,-0.080078,1.259766,0.000000,23.117538,9.000000
0.412109,-0.083984,-1.283203,0.000000,23.074961,9.000000
1.560547,1.082031,-0.298828,0.000000,28.836615,9.000000
1.519531,1.166016,-0.431641,0.000000,28.915375,9.000000
2.615234,-0.175781,1.046875,0.000000,29.036325,9.000000
2.660156,-0.179688,1.044922,0.000000,32.208923,9.000000
2.755859,-0.089844,0.914062,0.000000,31.205740,9.000000
4.388672,-0.142578,1.306641,0.000000,31.261314,9.000000
4.328125,-0.144531,1.615234,0.000000,30.777311,9.000000
4.738281,-0.298828,-0.605469,0.000000,33.374592,9.000000
4.773438,-0.300781,-0.642578,0.000000,34.044918,9.000000
4.787109,-0.152344,-0.865234,0.000000,30.670708,9.000000
4.894531,-0.308594,0.675781,0.000000,30.951693,9.000000
4.951172,-0.623047,0.101562,0.000000,29.609463,9.000000
0.041016,-0.033203,0.062500,0.000000,30.111473,9.000000
0.044922,-0.046875,0.103516,0.000000,29.030899,9.000000
0.011719,-0.039062,-0.007812,0.000000,30.666985,10.000000
0.017578,-0.080078,-0.007812,0.000000,31.934029,10.000000
0.029297,-0.119141,-0.005859,0.000000,30.157787,10.000000
0.056641,-0.154297,0.005859,0.000000,25.477747,10.000000
0.128906,-0.080078,1.259766,0.000000,23.096302,10.000000
0.109375,-0.082031,1.302734,0.000000,24.638929,10.000000
0.386719,-0.083984,-1.291016,0.000000,23.074961,10.000000
2.613281,-0.175781,1.050781,0.000000,29.090208,10.000000
2.658203,-0.179688,1.050781,0.000000,32.232361,10.000000
2.753906,-0.089844,0.919922,0.000000,31.245043,10.000000
4.388672,-0.142578,1.306641,0.000000,31.290451,10.000000
4.326172,-0.144531,1.619141,0.000000,30.791813,10.000000
4.740234,-0.298828,-0.589844,0.000000,33.424229,10.000000
4.773438,-0.300781,-0.646484,0.000000,34.067104,10.000000
4.783203,-0.152344,-0.886719,0.000000,30.569048,10.000000
4.892578,-0.308594,0.689453,0.000000,31.051695,10.000000
4.968750,-0.468750,0.037109,0.000000,29.694159,10.000000
0.041016,-0.033203,0.062500,0.000000,30.115704,10.000000
0.044922,-0.046875,0.103516,0.000000,29.030899,10.000000
0.011719,-0.039062,-0.007812,0.000000,30.670708,11.000000
0.017578,-0.080078,-0.007812,0.000000,31.931246,11.000000
0.029297,-0.119141,-0.005859,0.000000,30.153597,11.000000
0.056641,-0.154297,0.005859,0.000000,25.477747,11.000000
0.146484,-0.080078,1.257812,0.000000,23.117538,11.000000
0.423828,-0.083984,-1.279297,0.000000,23.096302,11.000000
2.615234,-0.175781,1.048828,0.000000,29.036325,11.000000
2.660156,-0.179688,1.046875,0.000000,32.208923,11.000000
2.755859,-0.089844,0.912109,0.000000,31.225435,11.000000
4.392578,-0.142578,1.291016,0.000000,31.287222,11.000000
4.335938,-0.144531,1.597656,0.000000,30.788193,11.000000
4.744141,-0.298828,-0.564453,0.000000,33.354580,11.000000
4.781250,-0.300781,-0.582031,0.000000,33.981136,11.000000
4.816406,-0.152344,-0.695312,0.000000,30.406023,11.000000
4.896484,-0.308594,0.656250,0.000000,31.072100,11.000000
4.951172,-0.623047,-0.013672,0.000000,29.703468,11.000000
0.041016,-0.033203,0.062500,0.000000,30.111473,11.000000
0.044922,-0.046875,0.103516,0.000000,29.030899,11.000000
0.011719,-0.039062,-0.007812,0.000000,30.674429,12.000000
0.017578,-0.080078,-0.007812,0.000000,31.934029,12.000000
0.029297,-0.119141,-0.005859,0.000000,30.153597,12.000000
0.056641,-0.154297,0.005859,0.000000,25.477747,12.000000
0.121094,-0.080078,1.259766,0.000000,23.074961,12.000000
