1.359375,0.662109,0.074219,0.614669,26.599161,0.000000
1.451172,0.437500,0.345703,0.614669,25.490032,0.000000
0.041016,-0.033203,0.062500,0.000000,30.102999,0.000000
0.046875,-0.046875,0.103516,0.000000,29.009130,0.000000
1.250000,-0.097656,-0.919922,0.614669,23.180634,0.000000
0.011719,-0.039062,-0.007812,0.000000,30.663260,1.000000
0.017578,-0.080078,-0.007812,0.000000,31.917303,1.000000
0.029297,-0.119141,-0.005859,0.000000,30.136797,1.000000
0.056641,-0.154297,0.005859,0.000000,25.465427,1.000000
0.105469,-0.080078,1.261719,0.000000,23.074961,1.000000
0.410156,-0.083984,-1.283203,0.000000,22.988531,1.000000
2.615234,-0.175781,1.048828,0.000000,29.014584,1.000000
2.660156,-0.179688,1.044922,0.000000,32.195847,1.000000
2.753906,-0.089844,0.916016,0.000000,31.146111,1.000000
4.386719,-0.142578,1.314453,0.000000,31.277525,1.000000
4.351562,-0.144531,1.554688,0.000000,30.916670,1.000000
4.744141,-0.298828,-0.556641,0.000000,33.338501,1.000000
4.779297,-0.300781,-0.601562,0.000000,33.974186,1.000000
4.808594,-0.152344,-0.742188,0.000000,30.390173,1.000000
4.894531,-0.308594,0.671875,0.000000,31.115986,1.000000
4.951172,-0.623047,0.095703,0.000000,29.818186,1.000000
1.287109,0.521484,-0.062500,0.614669,27.795965,1.000000
1.324219,0.537109,-0.089844,0.614669,32.172207,1.000000
1.361328,0.552734,-0.107422,0.614669,32.893658,1.000000
1.398438,0.568359,-0.115234,0.614669,30.519239,1.000000
1.474609,0.437500,0.220703,0.614669,27.656685,1.000000
1.449219,0.398438,0.533203,0.614669,25.843311,1.000000
0.041016,-0.033203,0.062500,0.000000,30.102999,1.000000
0.044922,-0.046875,0.103516,0.000000,29.014584,1.000000
1.259766,-0.097656,-0.904297,0.614669,24.828735,1.000000
1.244141,-0.150391,-0.988281,0.614669,23.384565,1.000000
0.011719,-0.039062,-0.007812,0.000000,30.663260,2.000000
0.017578,-0.080078,-0.007812,0.000000,31.917303,2.000000
0.029297,-0.119141,-0.005859,0.000000,30.141003,2.000000
0.056641,-0.154297,0.005859,0.000000,25.465427,2.000000
0.195312,-0.080078,1.250000,0.000000,23.117538,2.000000
0.126953,-0.082031,1.300781,0.000000,24.638929,2.000000
0.396484,-0.083984,-1.287109,0.000000,23.074961,2.000000
0.529297,-0.087891,-1.283203,0.000000,21.398790,2.000000
2.613281,-0.175781,1.052734,0.000000,29.025467,2.000000
2.658203,-0.179688,1.050781,0.000000,32.185356,2.000000
2.750000,-0.089844,0.931641,0.000000,31.109262,2.000000
4.394531,-0.142578,1.289062,0.000000,31.316187,2.000000
4.361328,-0.144531,1.523438,0.000000,30.958664,2.000000
4.744141,-0.298828,-0.556641,0.000000,33.380577,2.000000
4.779297,-0.300781,-0.611328,0.000000,33.998466,2.000000
4.806641,-0.152344,-0.750000,0.000000,30.374266,2.000000
4.876953,-0.308594,0.783203,0.000000,31.112625,2.000000
4.949219,-0.623047,0.177734,0.000000,29.781805,2.000000
1.328125,0.537109,0.011719,0.614669,27.874605,2.000000
1.345703,0.597656,-0.021484,0.614669,30.670708,2.000000
1.382812,0.615234,0.007812,0.614669,30.402067,2.000000
1.417969,0.582031,0.251953,0.614669,27.693773,2.000000
1.380859,0.498047,0.625000,0.614669,26.866364,2.000000
0.041016,-0.033203,0.062500,0.000000,30.102999,2.000000
0.044922,-0.046875,0.103516,0.000000,29.014584,2.000000
0.011719,-0.039062,-0.007812,0.000000,30.663260,3.000000
0.017578,-0.080078,-0.007812,0.000000,31.917303,3.000000
0.029297,-0.119141,-0.005859,0.000000,30.141003,3.000000
0.056641,-0.154297,0.005859,0.000000,25.465427,3.000000
0.169922,-0.080078,1.253906,0.000000,23.138672,3.000000
0.076172,-0.082031,1.304688,0.000000,24.653828,3.000000
0.396484,-0.083984,-1.287109,0.000000,23.117538,3.000000
0.519531,-0.042969,-1.289062,0.000000,21.875208,3.000000
2.609375,-0.175781,1.062500,0.000000,28.992731,3.000000
2.654297,-0.179688,1.056641,0.000000,32.129864,3.000000
2.748047,-0.089844,0.937500,0.000000,31.119343,3.000000
4.396484,-0.142578,1.283203,0.000000,31.348145,3.000000
4.375000,-0.144531,1.486328,0.000000,30.920185,3.000000
4.730469,-0.449219,-0.566406,0.000000,33.354580,3.000000
4.787109,-0.150391,-0.603516,0.000000,33.986343,3.000000
4.792969,-0.152344,-0.835938,0.000000,30.610754,3.000000
4.892578,-0.308594,0.677734,0.000000,31.041456,3.000000
4.949219,-0.623047,0.156250,0.000000,29.698816,3.000000
1.359375,0.447266,0.007812,0.614669,26.324574,3.000000
1.378906,0.505859,-0.113281,0.614669,30.480532,3.000000
1.406250,0.519531,-0.201172,0.614669,31.261314,3.000000
1.429688,0.486328,-0.371094,0.614669,29.116901,3.000000
1.541016,0.398438,-0.101562,0.614669,27.604225,3.000000
0.041016,-0.033203,0.062500,0.000000,30.102999,3.000000
0.044922,-0.046875,0.103516,0.000000,29.014584,3.000000
0.011719,-0.039062,-0.007812,0.000000,30.659531,4.000000
0.017578,-0.080078,-0.007812,0.000000,31.920095,4.000000
0.029297,-0.119141,-0.005859,0.000000,30.145205,4.000000
0.056641,-0.154297,0.005859,0.000000,25.465427,4.000000
0.148438,-0.080078,1.257812,0.000000,23.096302,4.000000
0.435547,-0.083984,-1.275391,0.000000,23.074961,4.000000
0.591797,-0.042969,-1.257812,0.000000,21.702618,4.000000
2.605469,-0.175781,1.070312,0.000000,29.052561,4.000000
2.658203,-0.179688,1.050781,0.000000,32.198463,4.000000
2.753906,-0.089844,0.917969,0.000000,31.209028,4.000000
4.400391,-0.142578,1.269531,0.000000,31.319393,4.000000
4.378906,-0.144531,1.470703,0.000000,30.923697,4.000000
4.742188,-0.298828,-0.570312,0.000000,33.408405,4.000000
4.779297,-0.300781,-0.609375,0.000000,34.032921,4.000000
4.802734,-0.152344,-0.783203,0.000000,30.569048,4.000000
4.898438,-0.308594,0.640625,0.000000,31.212315,4.000000
4.949219,-0.623047,0.132812,0.000000,29.813656,4.000000
1.382812,0.505859,-0.031250,0.614669,27.944880,4.000000
1.433594,0.472656,-0.115234,0.614669,31.445742,4.000000
1.449219,0.535156,-0.171875,0.614669,31.702618,4.000000
1.500000,0.498047,-0.214844,0.614669,28.561245,4.000000
0.009766,0.031250,0.025391,0.000000,29.309490,4.000000
0.041016,-0.033203,0.062500,0.000000,30.107239,4.000000
0.044922,-0.046875,0.103516,0.000000,29.014584,4.000000
0.255859,-0.099609,1.572266,0.614669,25.877110,4.000000
0.011719,-0.039062,-0.007812,0.000000,30.659531,5.000000
0.017578,-0.080078,-0.007812,0.000000,31.914511,5.000000
0.029297,-0.119141,-0.005859,0.000000,30.136797,5.000000
0.056641,-0.154297,0.005859,0.000000,25.453072,5.000000
0.144531,-0.080078,1.257812,0.000000,23.053514,5.000000
0.025391,-0.082031,1.306641,0.000000,24.623980,5.000000
0.412109,-0.083984,-1.283203,0.000000,23.074961,5.000000
0.550781,-0.042969,-1.275391,0.000000,21.673174,5.000000
2.617188,-0.175781,1.044922,0.000000,29.025467,5.000000
2.658203,-0.179688,1.048828,0.000000,32.206310,5.000000
2.753906,-0.089844,0.921875,0.000000,31.146111,5.000000
4.400391,-0.142578,1.263672,0.000000,31.261314,5.000000
4.369141,-0.144531,1.501953,0.000000,30.902580,5.000000
4.738281,-0.298828,-0.611328,0.000000,33.508293,5.000000
4.777344,-0.300781,-0.626953,0.000000,34.094257,5.000000
4.787109,-0.304688,-0.833984,0.000000,30.461048,5.000000
4.900391,-0.308594,0.619141,0.000000,31.205740,5.000000
4.951172,-0.623047,0.101562,0.000000,29.854265,5.000000
1.412109,0.414062,-0.066406,0.614669,23.222193,5.000000
1.443359,0.425781,-0.154297,0.614669,28.909796,5.000000
1.451172,0.535156,-0.150391,0.614669,30.916670,5.000000
1.472656,0.597656,-0.138672,0.614669,30.338257,5.000000
1.445312,0.767578,-0.033203,0.614669,27.075703,5.000000
0.041016,-0.033203,0.062500,0.000000,30.098757,5.000000
0.044922,-0.046875,0.103516,0.000000,29.003672,5.000000
1.160156,0.255859,-1.125000,0.614669,25.037907,5.000000
0.011719,-0.039062,-0.007812,0.000000,30.663260,6.000000
0.017578,-0.080078,-0.007812,0.000000,31.920095,6.000000
0.029297,-0.119141,-0.005859,0.000000,30.145205,6.000000
0.056641,-0.154297,0.005859,0.000000,25.465427,6.000000
0.181641,-0.080078,1.251953,0.000000,23.138672,6.000000
0.058594,-0.082031,1.304688,0.000000,24.653828,6.000000
0.390625,-0.083984,-1.289062,0.000000,23.117538,6.000000
0.533203,-0.042969,-1.283203,0.000000,21.731863,6.000000
2.619141,-0.175781,1.039062,0.000000,28.970770,6.000000
2.660156,-0.179688,1.042969,0.000000,32.159019,6.000000
2.753906,-0.089844,0.919922,0.000000,31.156105,6.000000
4.394531,-0.142578,1.285156,0.000000,31.316187,6.000000
4.369141,-0.144531,1.501953,0.000000,30.909630,6.000000
4.736328,-0.298828,-0.623047,0.000000,33.436054,6.000000
4.777344,-0.300781,-0.617188,0.000000,34.022614,6.000000
4.810547,-0.152344,-0.732422,0.000000,30.441477,6.000000
4.894531,-0.308594,0.675781,0.000000,31.202448,6.000000
4.949219,-0.623047,0.144531,0.000000,29.795485,6.000000
1.435547,0.472656,-0.072266,0.614669,30.413927,6.000000
1.470703,0.486328,-0.121094,0.614669,34.845844,6.000000
1.494141,0.548828,-0.119141,0.614669,35.951653,6.000000
1.533203,0.562500,-0.093750,0.614669,33.832767,6.000000
1.541016,0.628906,0.212891,0.614669,28.987251,6.000000
0.041016,-0.033203,0.062500,0.000000,30.098757,6.000000
0.044922,-0.046875,0.103516,0.000000,29.009130,6.000000
0.011719,-0.039062,-0.007812,0.000000,30.666985,7.000000
0.017578,-0.080078,-0.007812,0.000000,31.920095,7.000000
0.029297,-0.119141,-0.005859,0.000000,30.145205,7.000000
0.056641,-0.154297,0.005859,0.000000,25.465427,7.000000
0.148438,-0.080078,1.255859,0.000000,23.096302,7.000000
0.027344,-0.082031,1.306641,0.000000,24.653828,7.000000
0.404297,-0.083984,-1.285156,0.000000,23.138672,7.000000
0.562500,-0.042969,-1.271484,0.000000,21.731863,7.000000
2.611328,-0.175781,1.056641,0.000000,29.063351,7.000000
2.656250,-0.179688,1.054688,0.000000,32.177471,7.000000
2.750000,-0.089844,0.929688,0.000000,31.192558,7.000000
4.396484,-0.142578,1.283203,0.000000,31.351326,7.000000
4.369141,-0.144531,1.503906,0.000000,30.941216,7.000000
4.728516,-0.449219,-0.591797,0.000000,33.390537,7.000000
4.789062,-0.150391,-0.585938,0.000000,34.019173,7.000000
4.798828,-0.152344,-0.800781,0.000000,30.633333,7.000000
4.886719,-0.308594,0.724609,0.000000,31.132748,7.000000
4.947266,-0.623047,0.205078,0.000000,29.768084,7.000000
1.431641,0.472656,0.125000,0.614669,25.263393,7.000000
1.458984,0.535156,-0.007812,0.614669,31.950689,7.000000
1.498047,0.548828,-0.054688,0.614669,34.363216,7.000000
1.513672,0.613281,-0.082031,0.614669,33.293980,7.000000
1.574219,0.576172,-0.035156,0.614669,28.796692,7.000000
0.009766,0.031250,0.025391,0.000000,29.304396,7.000000
0.041016,-0.033203,0.062500,0.000000,30.102999,7.000000
0.044922,-0.046875,0.103516,0.000000,29.009130,7.000000
0.750000,-0.052734,1.500000,0.614669,25.854607,7.000000
0.011719,-0.039062,-0.007812,0.000000,30.659531,8.000000
0.017578,-0.080078,-0.007812,0.000000,31.920095,8.000000
0.029297,-0.119141,-0.005859,0.000000,30.145205,8.000000
0.056641,-0.154297,0.005859,0.000000,25.465427,8.000000
0.103516,-0.080078,1.261719,0.000000,23.074961,8.000000
0.437500,-0.083984,-1.273438,0.000000,23.031961,8.000000
0.570312,-0.042969,-1.267578,0.000000,21.643528,8.000000
2.613281,-0.175781,1.052734,0.000000,29.014584,8.000000
2.658203,-0.179688,1.048828,0.000000,32.211533,8.000000
2.748047,-0.089844,0.933594,0.000000,31.169397,8.000000
4.400391,-0.142578,1.265625,0.000000,31.300119,8.000000
4.386719,-0.144531,1.447266,0.000000,30.965624,8.000000
4.736328,-0.298828,-0.625000,0.000000,33.471348,8.000000
4.773438,-0.300781,-0.656250,0.000000,34.090874,8.000000
4.796875,-0.152344,-0.816406,0.000000,30.511526,8.000000
4.884766,-0.308594,0.738281,0.000000,31.122698,8.000000
4.949219,-0.623047,0.162109,0.000000,29.731279,8.000000
1.447266,0.535156,-0.185547,0.614669,28.068581,8.000000
1.478516,0.548828,-0.244141,0.614669,34.087486,8.000000
1.501953,0.613281,-0.212891,0.614669,36.171051,8.000000
1.544922,0.628906,-0.175781,0.614669,34.905205,8.000000
1.562500,0.697266,-0.154297,0.614669,29.991306,8.000000
0.041016,-0.033203,0.062500,0.000000,30.107239,8.000000
0.044922,-0.046875,0.103516,0.000000,29.014584,8.000000
0.011719,-0.039062,-0.007812,0.000000,30.648323,9.000000
0.017578,-0.080078,-0.007812,0.000000,31.917303,9.000000
0.029297,-0.119141,-0.005859,0.000000,30.145205,9.000000
0.056641,-0.154297,0.005859,0.000000,25.477747,9.000000
0.177734,-0.080078,1.253906,0.000000,23.117538,9.000000
0.078125,-0.082031,1.304688,0.000000,24.638929,9.000000
0.386719,-0.083984,-1.291016,0.000000,23.053514,9.000000
0.535156,-0.042969,-1.283203,0.000000,21.673174,9.000000
2.619141,-0.175781,1.035156,0.000000,28.965261,9.000000
2.658203,-0.179688,1.048828,0.000000,32.187981,9.000000
2.753906,-0.089844,0.919922,0.000000,31.139433,9.000000
4.404297,-0.142578,1.255859,0.000000,31.287222,9.000000
4.384766,-0.144531,1.457031,0.000000,30.979511,9.000000
4.740234,-0.298828,-0.587891,0.000000,33.438023,9.000000
4.775391,-0.300781,-0.638672,0.000000,34.090874,9.000000
4.791016,-0.152344,-0.851562,0.000000,30.565237,9.000000
4.898438,-0.308594,0.634766,0.000000,31.034616,9.000000
4.951172,-0.623047,0.048828,0.000000,29.754318,9.000000
1.476562,0.597656,-0.091797,0.614669,31.798389,9.000000
1.511719,0.613281,-0.115234,0.614669,35.433228,9.000000
1.550781,0.628906,-0.105469,0.614669,35.243961,9.000000
1.591797,0.644531,-0.064453,0.614669,31.328999,9.000000
0.041016,-0.033203,0.062500,0.000000,30.111473,9.000000
0.046875,-0.046875,0.103516,0.000000,29.020029,9.000000
0.533203,-0.000000,1.632812,0.614669,28.500332,9.000000
0.011719,-0.039062,-0.007812,0.000000,30.652061,10.000000
0.017578,-0.080078,-0.007812,0.000000,31.914511,10.000000
0.029297,-0.119141,-0.005859,0.000000,30.141003,10.000000
0.056641,-0.154297,0.005859,0.000000,25.453072,10.000000
0.121094,-0.080078,1.259766,0.000000,23.138672,10.000000
0.408203,-0.083984,-1.283203,0.000000,23.138672,10.000000
0.546875,-0.042969,-1.277344,0.000000,21.731863,10.000000
2.609375,-0.175781,1.062500,0.000000,29.052561,10.000000
2.656250,-0.179688,1.052734,0.000000,32.153732,10.000000
2.748047,-0.089844,0.935547,0.000000,31.146111,10.000000
4.392578,-0.142578,1.294922,0.000000,31.328999,10.000000
4.355469,-0.144531,1.541016,0.000000,30.916670,10.000000
4.730469,-0.449219,-0.576172,0.000000,33.332458,10.000000
4.789062,-0.150391,-0.583984,0.000000,34.029488,10.000000
4.800781,-0.152344,-0.789062,0.000000,30.526939,10.000000
4.892578,-0.308594,0.677734,0.000000,31.169397,10.000000
4.947266,-0.623047,0.181641,0.000000,29.822712,10.000000
1.542969,0.511719,-0.185547,0.614669,31.332195,10.000000
1.605469,0.472656,-0.119141,0.614669,32.281437,10.000000
1.642578,0.482422,0.142578,0.614669,30.086002,10.000000
1.615234,0.494141,0.488281,0.614669,26.560982,10.000000
0.009766,0.031250,0.025391,0.000000,29.304396,10.000000
0.041016,-0.033203,0.062500,0.000000,30.107239,10.000000
