0.029297,-0.119141,-0.005859,0.000000,30.174507,0.000000
0.056641,-0.154297,0.005859,0.000000,25.440680,0.000000
0.222656,0.039062,-1.248047,0.000000,23.598354,0.000000
0.201172,-0.000000,1.292969,0.000000,24.409090,0.000000
0.490234,0.042969,1.255859,0.000000,22.576786,0.000000
2.601562,-0.175781,1.080078,0.000000,29.561684,0.000000
2.669922,-0.179688,1.017578,0.000000,32.662315,0.000000
2.767578,-0.089844,0.876953,0.000000,31.928461,0.000000
4.289062,-0.142578,1.480469,0.000000,27.888752,0.000000
4.384766,-0.142578,1.320312,0.000000,31.458178,0.000000
4.462891,-0.144531,1.197266,0.000000,31.085649,0.000000
4.642578,-0.000000,0.429688,0.000000,29.921114,0.000000
4.691406,-0.000000,0.335938,0.000000,30.681858,0.000000
4.734375,-0.148438,-0.271484,0.000000,29.169800,0.000000
4.738281,-0.298828,-0.605469,0.000000,33.220123,0.000000
4.792969,-0.150391,-0.560547,0.000000,34.379089,0.000000
4.824219,-0.152344,-0.636719,0.000000,31.978317,0.000000
4.878906,-0.308594,0.771484,0.000000,30.648323,0.000000
4.949219,-0.623047,0.136719,0.000000,29.618956,0.000000
0.037109,-0.035156,0.064453,0.000000,30.145205,0.000000
0.044922,-0.046875,0.105469,0.000000,29.079485,0.000000
1.179688,-0.449219,0.347656,0.000000,21.522884,0.000000
1.236328,-0.464844,0.277344,0.000000,19.777237,0.000000
0.011719,-0.039062,-0.007812,0.000000,30.770042,1.000000
0.027344,-0.076172,-0.009766,0.000000,31.967287,1.000000
0.029297,-0.119141,-0.005859,0.000000,30.178677,1.000000
0.056641,-0.154297,0.007812,0.000000,25.453072,1.000000
0.248047,0.039062,-1.242188,0.000000,23.579348,1.000000
0.132812,-0.000000,1.302734,0.000000,24.393328,1.000000
0.476562,0.042969,1.261719,0.000000,22.576786,1.000000
2.548828,-0.175781,1.201172,0.000000,29.464523,1.000000
2.662109,-0.179688,1.041016,0.000000,32.643456,1.000000
2.765625,-0.089844,0.884766,0.000000,31.917303,1.000000
4.296875,-0.142578,1.460938,0.000000,27.958799,1.000000
4.386719,-0.142578,1.316406,0.000000,31.482941,1.000000
4.458984,-0.144531,1.208984,0.000000,31.095785,1.000000
4.644531,-0.000000,0.417969,0.000000,29.907827,1.000000
4.691406,-0.000000,0.337891,0.000000,30.856472,1.000000
4.744141,-0.000000,-0.087891,0.000000,29.395193,1.000000
4.742188,-0.298828,-0.578125,0.000000,33.188976,1.000000
4.787109,-0.150391,-0.593750,0.000000,34.302364,1.000000
4.814453,-0.152344,-0.699219,0.000000,31.841234,1.000000
4.869141,-0.308594,0.833984,0.000000,30.733517,1.000000
4.945312,-0.623047,0.230469,0.000000,29.599949,1.000000
0.037109,-0.035156,0.064453,0.000000,30.149403,1.000000
0.044922,-0.046875,0.105469,0.000000,29.084850,1.000000
1.175781,-0.449219,0.357422,0.000000,21.461281,1.000000
1.234375,-0.464844,0.287109,0.000000,19.731279,1.000000
0.011719,-0.039062,-0.007812,0.000000,30.773680,2.000000
0.027344,-0.076172,-0.009766,0.000000,31.964525,2.000000
0.029297,-0.119141,-0.005859,0.000000,30.174507,2.000000
0.056641,-0.154297,0.005859,0.000000,25.453072,2.000000
0.257812,0.039062,-1.240234,0.000000,23.617279,2.000000
0.136719,-0.000000,1.300781,0.000000,24.409090,2.000000
0.457031,0.042969,1.269531,0.000000,22.600714,2.000000
2.562500,-0.175781,1.169922,0.000000,29.537598,2.000000
2.662109,-0.179688,1.039062,0.000000,32.662315,2.000000
2.765625,-0.089844,0.884766,0.000000,31.936810,2.000000
4.291016,-0.142578,1.476562,0.000000,27.937904,2.000000
4.382812,-0.142578,1.326172,0.000000,31.479853,2.000000
4.455078,-0.144531,1.222656,0.000000,31.112625,2.000000
4.634766,-0.000000,0.511719,0.000000,30.060379,2.000000
4.677734,-0.000000,0.498047,0.000000,31.017471,2.000000
4.738281,-0.000000,0.257812,0.000000,29.916691,2.000000
4.759766,-0.298828,-0.406250,0.000000,33.184807,2.000000
4.792969,-0.150391,-0.548828,0.000000,34.324883,2.000000
4.814453,-0.152344,-0.703125,0.000000,31.869564,2.000000
4.867188,-0.308594,0.839844,0.000000,30.595634,2.000000
4.947266,-0.623047,0.185547,0.000000,29.415113,2.000000
0.037109,-0.035156,0.064453,0.000000,30.149403,2.000000
0.044922,-0.046875,0.105469,0.000000,29.079485,2.000000
1.179688,-0.449219,0.347656,0.000000,21.522884,2.000000
1.242188,-0.464844,0.250000,0.000000,19.684830,2.000000
0.011719,-0.039062,-0.007812,0.000000,30.766405,3.000000
0.027344,-0.076172,-0.009766,0.000000,31.961761,3.000000
0.029297,-0.119141,-0.005859,0.000000,30.174507,3.000000
0.056641,-0.154297,0.005859,0.000000,25.453072,3.000000
0.263672,0.039062,-1.240234,0.000000,23.541084,3.000000
0.136719,-0.000000,1.302734,0.000000,24.361626,3.000000
0.480469,0.042969,1.261719,0.000000,22.552725,3.000000
2.689453,-0.175781,0.835938,0.000000,29.247959,3.000000
2.677734,-0.179688,0.998047,0.000000,32.626884,3.000000
2.765625,-0.089844,0.880859,0.000000,31.928461,3.000000
4.298828,-0.142578,1.453125,0.000000,27.867514,3.000000
4.386719,-0.142578,1.312500,0.000000,31.455072,3.000000
4.460938,-0.144531,1.201172,0.000000,31.095785,3.000000
4.640625,-0.000000,0.455078,0.000000,29.934362,3.000000
4.679688,-0.000000,0.480469,0.000000,31.109262,3.000000
4.740234,-0.000000,0.210938,0.000000,29.138138,3.000000
4.732422,-0.298828,-0.642578,0.000000,32.875778,3.000000
4.787109,-0.150391,-0.599609,0.000000,34.281349,3.000000
4.816406,-0.152344,-0.685547,0.000000,31.897709,3.000000
4.882812,-0.308594,0.753906,0.000000,30.726175,3.000000
4.949219,-0.623047,0.177734,0.000000,29.661417,3.000000
2.673828,0.599609,0.060547,-0.614669,26.794279,3.000000
0.037109,-0.035156,0.064453,0.000000,30.145205,3.000000
0.044922,-0.046875,0.105469,0.000000,29.074114,3.000000
1.177734,-0.449219,0.355469,0.000000,21.492191,3.000000
1.230469,-0.464844,0.300781,0.000000,19.731279,3.000000
0.011719,-0.039062,-0.007812,0.000000,30.773680,4.000000
0.027344,-0.076172,-0.009766,0.000000,31.964525,4.000000
0.029297,-0.119141,-0.005859,0.000000,30.170334,4.000000
0.056641,-0.154297,0.007812,0.000000,25.428255,4.000000
0.257812,0.039062,-1.240234,0.000000,23.541084,4.000000
0.169922,-0.000000,1.298828,0.000000,24.377506,4.000000
0.482422,0.042969,1.259766,0.000000,22.576786,4.000000
2.630859,-0.175781,1.005859,0.000000,29.355072,4.000000
2.671875,-0.179688,1.013672,0.000000,32.631626,4.000000
2.767578,-0.089844,0.878906,0.000000,31.920095,4.000000
4.298828,-0.142578,1.455078,0.000000,27.895807,4.000000
4.386719,-0.142578,1.312500,0.000000,31.464382,4.000000
4.458984,-0.144531,1.210938,0.000000,31.092409,4.000000
4.636719,-0.000000,0.496094,0.000000,29.925535,4.000000
4.683594,-0.000000,0.429688,0.000000,30.603201,4.000000
4.744141,-0.000000,0.037109,0.000000,29.175055,4.000000
4.748047,-0.298828,-0.529297,0.000000,33.079239,4.000000
4.791016,-0.150391,-0.568359,0.000000,34.287827,4.000000
4.820312,-0.152344,-0.656250,0.000000,31.863913,4.000000
4.871094,-0.308594,0.820312,0.000000,30.762762,4.000000
4.945312,-0.623047,0.226562,0.000000,29.585638,4.000000
0.037109,-0.035156,0.064453,0.000000,30.149403,4.000000
0.044922,-0.046875,0.105469,0.000000,29.074114,4.000000
1.177734,-0.449219,0.353516,0.000000,21.461281,4.000000
1.238281,-0.464844,0.271484,0.000000,19.731279,4.000000
0.011719,-0.039062,-0.007812,0.000000,30.766405,5.000000
0.027344,-0.076172,-0.009766,0.000000,31.961761,5.000000
0.029297,-0.119141,-0.005859,0.000000,30.170334,5.000000
0.056641,-0.154297,0.007812,0.000000,25.440680,5.000000
0.250000,0.039062,-1.242188,0.000000,23.579348,5.000000
0.138672,-0.000000,1.300781,0.000000,24.393328,5.000000
0.455078,0.042969,1.269531,0.000000,22.576786,5.000000
2.386719,0.623047,-0.375000,0.000000,26.972294,5.000000
2.425781,0.634766,-0.388672,0.000000,26.683859,5.000000
2.621094,-0.175781,1.031250,0.000000,29.425041,5.000000
2.669922,-0.179688,1.017578,0.000000,32.641090,5.000000
2.767578,-0.089844,0.876953,0.000000,31.911715,5.000000
4.294922,-0.142578,1.466797,0.000000,27.902851,5.000000
4.386719,-0.142578,1.314453,0.000000,31.467480,5.000000
4.460938,-0.144531,1.207031,0.000000,31.085649,5.000000
4.646484,-0.000000,0.402344,0.000000,29.840771,5.000000
4.689453,-0.000000,0.380859,0.000000,30.902580,5.000000
4.736328,-0.298828,-0.615234,0.000000,33.031960,5.000000
4.791016,-0.150391,-0.576172,0.000000,34.316853,5.000000
4.816406,-0.152344,-0.687500,0.000000,31.914511,5.000000
4.869141,-0.308594,0.830078,0.000000,30.663260,5.000000
4.945312,-0.623047,0.240234,0.000000,29.503649,5.000000
2.642578,0.505859,0.226562,-0.614669,27.497364,5.000000
0.037109,-0.035156,0.064453,0.000000,30.141003,5.000000
0.044922,-0.046875,0.105469,0.000000,29.074114,5.000000
1.177734,-0.449219,0.353516,0.000000,21.522884,5.000000
1.234375,-0.464844,0.291016,0.000000,19.777237,5.000000
1.099609,-0.316406,2.263672,0.000000,23.961994,5.000000
0.011719,-0.039062,-0.007812,0.000000,30.773680,6.000000
0.027344,-0.076172,-0.009766,0.000000,31.964525,6.000000
0.029297,-0.119141,-0.005859,0.000000,30.174507,6.000000
0.056641,-0.154297,0.007812,0.000000,25.440680,6.000000
0.265625,0.039062,-1.240234,0.000000,23.560259,6.000000
0.140625,-0.000000,1.300781,0.000000,24.377506,6.000000
0.474609,0.042969,1.263672,0.000000,22.552725,6.000000
2.441406,0.468750,-0.224609,0.000000,27.528164,6.000000
2.484375,0.474609,-0.179688,0.000000,27.126497,6.000000
2.621094,-0.175781,1.033203,0.000000,29.405165,6.000000
2.669922,-0.179688,1.019531,0.000000,32.643456,6.000000
2.767578,-0.089844,0.878906,0.000000,31.925674,6.000000
4.296875,-0.142578,1.460938,0.000000,27.958799,6.000000
4.384766,-0.142578,1.320312,0.000000,31.482941,6.000000
4.457031,-0.144531,1.216797,0.000000,31.122698,6.000000
4.638672,-0.000000,0.480469,0.000000,30.145205,6.000000
4.687500,-0.000000,0.406250,0.000000,30.927206,6.000000
4.744141,-0.000000,-0.031250,0.000000,29.637878,6.000000
4.746094,-0.298828,-0.546875,0.000000,33.255157,6.000000
4.789062,-0.150391,-0.585938,0.000000,34.356850,6.000000
4.814453,-0.152344,-0.703125,0.000000,31.897709,6.000000
4.873047,-0.308594,0.810547,0.000000,30.625820,6.000000
4.947266,-0.623047,0.189453,0.000000,29.508514,6.000000
0.037109,-0.035156,0.064453,0.000000,30.145205,6.000000
0.044922,-0.046875,0.105469,0.000000,29.079485,6.000000
1.177734,-0.449219,0.349609,0.000000,21.430147,6.000000
1.240234,-0.464844,0.267578,0.000000,19.637878,6.000000
2.447266,0.634766,-0.195312,0.000000,27.075703,6.000000
0.011719,-0.039062,-0.007812,0.000000,30.770042,7.000000
0.027344,-0.076172,-0.009766,0.000000,31.964525,7.000000
0.029297,-0.119141,-0.005859,0.000000,30.178677,7.000000
0.056641,-0.154297,0.005859,0.000000,25.453072,7.000000
0.255859,0.039062,-1.242188,0.000000,23.579348,7.000000
0.140625,-0.000000,1.300781,0.000000,24.377506,7.000000
0.453125,0.042969,1.271484,0.000000,22.552725,7.000000
2.632812,-0.175781,1.001953,0.000000,29.370161,7.000000
2.669922,-0.179688,1.017578,0.000000,32.636360,7.000000
2.765625,-0.089844,0.882812,0.000000,31.922886,7.000000
4.302734,-0.142578,1.443359,0.000000,27.944880,7.000000
4.390625,-0.142578,1.304688,0.000000,31.482941,7.000000
4.458984,-0.144531,1.210938,0.000000,31.109262,7.000000
4.630859,-0.000000,0.546875,0.000000,29.965117,7.000000
4.677734,-0.146484,0.484375,0.000000,30.569048,7.000000
4.742188,-0.148438,0.009766,0.000000,29.777237,7.000000
4.751953,-0.298828,-0.478516,0.000000,33.348557,7.000000
4.791016,-0.150391,-0.560547,0.000000,34.424797,7.000000
4.816406,-0.152344,-0.695312,0.000000,31.994808,7.000000
4.869141,-0.308594,0.833984,0.000000,30.655798,7.000000
4.947266,-0.623047,0.205078,0.000000,29.498777,7.000000
0.037109,-0.035156,0.064453,0.000000,30.141003,7.000000
0.044922,-0.046875,0.105469,0.000000,29.074114,7.000000
1.175781,-0.449219,0.359375,0.000000,21.492191,7.000000
1.236328,-0.464844,0.281250,0.000000,19.777237,7.000000
0.011719,-0.039062,-0.007812,0.000000,30.773680,8.000000
0.027344,-0.076172,-0.009766,0.000000,31.964525,8.000000
0.029297,-0.119141,-0.005859,0.000000,30.174507,8.000000
0.056641,-0.154297,0.007812,0.000000,25.440680,8.000000
0.216797,0.039062,-1.248047,0.000000,23.617279,8.000000
0.191406,-0.000000,1.294922,0.000000,24.409090,8.000000
0.492188,0.042969,1.255859,0.000000,22.576786,8.000000
2.625000,-0.175781,1.023438,0.000000,29.370161,8.000000
2.669922,-0.179688,1.019531,0.000000,32.643456,8.000000
2.765625,-0.089844,0.882812,0.000000,31.934029,8.000000
4.294922,-0.142578,1.466797,0.000000,27.923918,8.000000
4.386719,-0.142578,1.312500,0.000000,31.482941,8.000000
4.458984,-0.144531,1.212891,0.000000,31.115986,8.000000
4.640625,-0.000000,0.460938,0.000000,29.614210,8.000000
4.697266,-0.000000,0.246094,0.000000,30.056095,8.000000
4.732422,-0.298828,-0.648438,0.000000,33.134453,8.000000
4.785156,-0.150391,-0.609375,0.000000,34.312027,8.000000
4.810547,-0.152344,-0.732422,0.000000,31.883659,8.000000
4.880859,-0.308594,0.759766,0.000000,30.659531,8.000000
4.949219,-0.623047,0.146484,0.000000,29.571281,8.000000
0.037109,-0.035156,0.064453,0.000000,30.141003,8.000000
0.044922,-0.046875,0.105469,0.000000,29.074114,8.000000
1.179688,-0.449219,0.341797,0.000000,21.461281,8.000000
1.238281,-0.464844,0.269531,0.000000,19.684830,8.000000
0.011719,-0.039062,-0.007812,0.000000,30.773680,9.000000
0.027344,-0.076172,-0.009766,0.000000,31.964525,9.000000
0.029297,-0.119141,-0.005859,0.000000,30.178677,9.000000
0.056641,-0.154297,0.007812,0.000000,25.453072,9.000000
0.259766,0.039062,-1.240234,0.000000,23.560259,9.000000
0.146484,-0.000000,1.300781,0.000000,24.393328,9.000000
0.447266,0.042969,1.273438,0.000000,22.600714,9.000000
2.626953,-0.175781,1.015625,0.000000,29.390198,9.000000
2.669922,-0.179688,1.017578,0.000000,32.645817,9.000000
2.765625,-0.089844,0.884766,0.000000,31.931246,9.000000
4.298828,-0.142578,1.455078,0.000000,27.951845,9.000000
4.386719,-0.142578,1.312500,0.000000,31.482941,9.000000
4.458984,-0.144531,1.212891,0.000000,31.112625,9.000000
4.638672,-0.000000,0.486328,0.000000,29.831751,9.000000
4.689453,-0.000000,0.378906,0.000000,30.569048,9.000000
4.744141,-0.000000,-0.058594,0.000000,29.350031,9.000000
4.742188,-0.298828,-0.566406,0.000000,33.178543,9.000000
4.789062,-0.150391,-0.582031,0.000000,34.350475,9.000000
4.814453,-0.152344,-0.703125,0.000000,31.925674,9.000000
4.875000,-0.308594,0.800781,0.000000,30.637085,9.000000
4.945312,-0.623047,0.226562,0.000000,29.434946,9.000000
0.037109,-0.035156,0.064453,0.000000,30.145205,9.000000
0.044922,-0.046875,0.105469,0.000000,29.074114,9.000000
1.175781,-0.449219,0.357422,0.000000,21.461281,9.000000
1.228516,-0.464844,0.310547,0.000000,19.684830,9.000000
0.011719,-0.039062,-0.007812,0.000000,30.766405,10.000000
0.027344,-0.076172,-0.009766,0.000000,31.964525,10.000000
