0.052734,-0.042969,0.101562,0.000000,28.987251,0.000000
1.115234,-0.515625,0.312500,0.000000,18.976271,0.000000
2.779297,-2.003906,-3.041016,0.000000,27.759743,0.000000
0.011719,-0.039062,-0.007812,0.000000,30.722500,1.000000
0.017578,-0.080078,-0.007812,0.000000,31.958996,1.000000
0.041016,-0.115234,-0.007812,0.000000,30.224283,1.000000
0.056641,-0.154297,0.005859,0.000000,25.502283,1.000000
0.351562,-0.080078,-1.216797,0.000000,21.846914,1.000000
0.289062,-0.041016,1.275391,0.000000,23.201464,1.000000
0.455078,-0.042969,1.269531,0.000000,21.846914,1.000000
2.552734,-0.263672,1.175781,0.000000,29.469433,1.000000
2.605469,-0.267578,1.158203,0.000000,32.746197,1.000000
2.662109,-0.181641,1.146484,0.000000,32.011238,1.000000
4.416016,-0.287109,1.189453,0.000000,30.715137,1.000000
4.460938,-0.289062,1.175781,0.000000,30.354298,1.000000
4.738281,-0.449219,-0.501953,0.000000,33.100559,1.000000
4.787109,-0.453125,-0.431641,0.000000,33.741982,1.000000
4.837891,-0.457031,-0.277344,0.000000,30.546131,1.000000
4.902344,-0.308594,0.605469,0.000000,30.591846,1.000000
0.041016,-0.033203,0.062500,0.000000,30.098757,1.000000
0.052734,-0.042969,0.101562,0.000000,28.987251,1.000000
1.117188,-0.515625,0.306641,0.000000,18.976271,1.000000
2.771484,-2.003906,-3.046875,0.000000,27.788744,1.000000
0.011719,-0.039062,-0.007812,0.000000,30.726175,2.000000
0.017578,-0.080078,-0.007812,0.000000,31.961761,2.000000
0.041016,-0.115234,-0.007812,0.000000,30.220158,2.000000
0.056641,-0.154297,0.005859,0.000000,25.490032,2.000000
0.335938,-0.080078,-1.220703,0.000000,21.760912,2.000000
0.294922,-0.041016,1.275391,0.000000,23.117538,2.000000
0.404297,-0.000000,1.287109,0.000000,21.760912,2.000000
2.550781,-0.263672,1.179688,0.000000,29.459606,2.000000
2.605469,-0.267578,1.158203,0.000000,32.750809,2.000000
2.662109,-0.181641,1.146484,0.000000,32.024883,2.000000
4.414062,-0.287109,1.195312,0.000000,30.737183,2.000000
4.457031,-0.289062,1.189453,0.000000,30.358297,2.000000
4.738281,-0.449219,-0.501953,0.000000,33.104809,2.000000
4.785156,-0.453125,-0.435547,0.000000,33.745651,2.000000
4.839844,-0.457031,-0.263672,0.000000,30.507664,2.000000
4.857422,-0.308594,0.898438,0.000000,30.689276,2.000000
0.041016,-0.033203,0.062500,0.000000,30.098757,2.000000
0.052734,-0.042969,0.101562,0.000000,28.981766,2.000000
1.119141,-0.515625,0.298828,0.000000,18.864906,2.000000
2.773438,-2.003906,-3.044922,0.000000,27.759743,2.000000
0.011719,-0.039062,-0.007812,0.000000,30.729847,3.000000
0.017578,-0.080078,-0.007812,0.000000,31.964525,3.000000
0.029297,-0.119141,-0.005859,0.000000,30.224283,3.000000
0.056641,-0.154297,0.005859,0.000000,25.490032,3.000000
0.351562,-0.080078,-1.214844,0.000000,21.846914,3.000000
0.285156,-0.041016,1.277344,0.000000,23.159704,3.000000
0.464844,-0.042969,1.267578,0.000000,21.789770,3.000000
2.550781,-0.263672,1.179688,0.000000,29.434946,3.000000
2.605469,-0.267578,1.158203,0.000000,32.746197,3.000000
2.660156,-0.181641,1.150391,0.000000,32.013969,3.000000
4.414062,-0.287109,1.197266,0.000000,30.733517,3.000000
4.457031,-0.289062,1.187500,0.000000,30.366289,3.000000
4.738281,-0.449219,-0.498047,0.000000,33.113300,3.000000
4.787109,-0.453125,-0.417969,0.000000,33.730961,3.000000
4.841797,-0.457031,-0.218750,0.000000,30.457140,3.000000
4.890625,-0.308594,0.691406,0.000000,30.614525,3.000000
0.041016,-0.033203,0.062500,0.000000,30.098757,3.000000
0.052734,-0.042969,0.103516,0.000000,28.992731,3.000000
1.117188,-0.515625,0.310547,0.000000,19.030899,3.000000
2.787109,-2.003906,-3.033203,0.000000,27.774269,3.000000
0.011719,-0.039062,-0.007812,0.000000,30.722500,4.000000
0.017578,-0.080078,-0.007812,0.000000,31.956230,4.000000
0.029297,-0.119141,-0.005859,0.000000,30.220158,4.000000
0.056641,-0.154297,0.005859,0.000000,25.490032,4.000000
0.320312,-0.080078,-1.224609,0.000000,21.818436,4.000000
0.316406,-0.041016,1.269531,0.000000,23.180634,4.000000
0.451172,-0.042969,1.271484,0.000000,21.818436,4.000000
1.779297,1.130859,-0.292969,0.000000,26.085260,4.000000
2.552734,-0.263672,1.175781,0.000000,29.464523,4.000000
2.605469,-0.267578,1.158203,0.000000,32.736958,4.000000
2.660156,-0.181641,1.152344,0.000000,32.011238,4.000000
4.412109,-0.287109,1.199219,0.000000,30.740847,4.000000
4.451172,-0.289062,1.212891,0.000000,30.378248,4.000000
4.738281,-0.449219,-0.500000,0.000000,33.111179,4.000000
4.787109,-0.453125,-0.431641,0.000000,33.716221,4.000000
4.841797,-0.457031,-0.226562,0.000000,30.374266,4.000000
4.876953,-0.308594,0.783203,0.000000,30.737183,4.000000
0.041016,-0.033203,0.062500,0.000000,30.102999,4.000000
0.052734,-0.042969,0.101562,0.000000,28.981766,4.000000
1.121094,-0.515625,0.292969,0.000000,18.920946,4.000000
2.781250,-2.003906,-3.039062,0.000000,27.810369,4.000000
0.011719,-0.039062,-0.007812,0.000000,30.733517,5.000000
0.017578,-0.080078,-0.007812,0.000000,31.964525,5.000000
0.041016,-0.115234,-0.007812,0.000000,30.224283,5.000000
0.056641,-0.154297,0.005859,0.000000,25.490032,5.000000
0.341797,-0.080078,-1.218750,0.000000,21.846914,5.000000
0.302734,-0.041016,1.273438,0.000000,23.201464,5.000000
0.501953,-0.042969,1.251953,0.000000,21.875208,5.000000
1.607422,1.189453,-0.134766,0.000000,27.050079,5.000000
1.642578,1.214844,-0.109375,0.000000,27.234556,5.000000
2.548828,-0.263672,1.183594,0.000000,29.469433,5.000000
2.603516,-0.267578,1.160156,0.000000,32.760021,5.000000
2.660156,-0.181641,1.152344,0.000000,32.035767,5.000000
4.414062,-0.287109,1.195312,0.000000,30.740847,5.000000
4.455078,-0.289062,1.197266,0.000000,30.366289,5.000000
4.738281,-0.449219,-0.496094,0.000000,33.111179,5.000000
4.787109,-0.453125,-0.421875,0.000000,33.736473,5.000000
4.841797,-0.457031,-0.224609,0.000000,30.468851,5.000000
4.869141,-0.308594,0.828125,0.000000,30.700378,5.000000
0.041016,-0.033203,0.062500,0.000000,30.102999,5.000000
0.052734,-0.042969,0.101562,0.000000,28.981766,5.000000
2.791016,-2.003906,-3.031250,0.000000,27.795965,5.000000
0.011719,-0.039062,-0.007812,0.000000,30.726175,6.000000
0.017578,-0.080078,-0.007812,0.000000,31.961761,6.000000
0.029297,-0.119141,-0.005859,0.000000,30.228407,6.000000
0.056641,-0.154297,0.005859,0.000000,25.502283,6.000000
0.328125,-0.080078,-1.222656,0.000000,21.846914,6.000000
0.324219,-0.041016,1.267578,0.000000,23.180634,6.000000
0.435547,-0.000000,1.277344,0.000000,21.818436,6.000000
2.544922,-0.263672,1.191406,0.000000,29.474337,6.000000
2.605469,-0.267578,1.158203,0.000000,32.762321,6.000000
2.664062,-0.181641,1.142578,0.000000,32.016701,6.000000
4.414062,-0.287109,1.195312,0.000000,30.726175,6.000000
4.453125,-0.289062,1.203125,0.000000,30.346285,6.000000
4.738281,-0.449219,-0.501953,0.000000,33.106934,6.000000
4.787109,-0.453125,-0.423828,0.000000,33.732800,6.000000
4.839844,-0.457031,-0.234375,0.000000,30.476643,6.000000
4.878906,-0.308594,0.779297,0.000000,30.618294,6.000000
0.041016,-0.033203,0.062500,0.000000,30.098757,6.000000
0.052734,-0.042969,0.101562,0.000000,28.981766,6.000000
1.123047,-0.515625,0.289062,0.000000,18.920946,6.000000
2.767578,-2.003906,-3.052734,0.000000,27.745171,6.000000
0.011719,-0.039062,-0.007812,0.000000,30.726175,7.000000
0.017578,-0.080078,-0.007812,0.000000,31.958996,7.000000
0.029297,-0.119141,-0.005859,0.000000,30.220158,7.000000
0.056641,-0.154297,0.005859,0.000000,25.490032,7.000000
0.343750,-0.080078,-1.218750,0.000000,21.846914,7.000000
0.310547,-0.041016,1.271484,0.000000,23.159704,7.000000
0.421875,-0.000000,1.281250,0.000000,21.789770,7.000000
2.544922,-0.263672,1.191406,0.000000,29.459606,7.000000
2.605469,-0.267578,1.158203,0.000000,32.753113,7.000000
2.664062,-0.181641,1.140625,0.000000,32.011238,7.000000
4.416016,-0.287109,1.187500,0.000000,30.718821,7.000000
4.451172,-0.289062,1.210938,0.000000,30.358297,7.000000
4.738281,-0.449219,-0.496094,0.000000,33.100559,7.000000
4.787109,-0.453125,-0.429688,0.000000,33.718063,7.000000
4.839844,-0.457031,-0.246094,0.000000,30.409977,7.000000
4.873047,-0.308594,0.808594,0.000000,30.599419,7.000000
0.041016,-0.033203,0.062500,0.000000,30.098757,7.000000
0.052734,-0.042969,0.101562,0.000000,28.987251,7.000000
1.119141,-0.515625,0.296875,0.000000,18.976271,7.000000
2.750000,-2.003906,-3.068359,0.000000,27.774269,7.000000
0.011719,-0.039062,-0.007812,0.000000,30.729847,8.000000
0.017578,-0.080078,-0.007812,0.000000,31.961761,8.000000
0.029297,-0.119141,-0.005859,0.000000,30.224283,8.000000
0.056641,-0.154297,0.005859,0.000000,25.490032,8.000000
0.355469,-0.080078,-1.214844,0.000000,21.818436,8.000000
0.298828,-0.041016,1.273438,0.000000,23.159704,8.000000
0.468750,-0.042969,1.265625,0.000000,21.789770,8.000000
2.554688,-0.263672,1.167969,0.000000,29.434946,8.000000
2.609375,-0.267578,1.150391,0.000000,32.753113,8.000000
2.666016,-0.181641,1.136719,0.000000,32.022160,8.000000
4.416016,-0.287109,1.189453,0.000000,30.740847,8.000000
4.449219,-0.289062,1.218750,0.000000,30.374266,8.000000
4.738281,-0.449219,-0.500000,0.000000,33.102684,8.000000
4.787109,-0.453125,-0.433594,0.000000,33.718063,8.000000
4.837891,-0.457031,-0.273438,0.000000,30.421816,8.000000
4.894531,-0.308594,0.664062,0.000000,30.640835,8.000000
0.041016,-0.033203,0.062500,0.000000,30.098757,8.000000
0.052734,-0.042969,0.101562,0.000000,28.987251,8.000000
1.119141,-0.515625,0.298828,0.000000,19.030899,8.000000
2.783203,-2.003906,-3.037109,0.000000,27.752462,8.000000
0.011719,-0.039062,-0.007812,0.000000,30.722500,9.000000
0.017578,-0.080078,-0.007812,0.000000,31.958996,9.000000
0.029297,-0.119141,-0.005859,0.000000,30.224283,9.000000
0.056641,-0.154297,0.005859,0.000000,25.490032,9.000000
0.324219,-0.080078,-1.222656,0.000000,21.846914,9.000000
0.292969,-0.041016,1.275391,0.000000,23.180634,9.000000
0.390625,-0.000000,1.291016,0.000000,21.789770,9.000000
2.552734,-0.263672,1.175781,0.000000,29.459606,9.000000
2.605469,-0.267578,1.158203,0.000000,32.741577,9.000000
2.662109,-0.181641,1.148438,0.000000,32.016701,9.000000
4.412109,-0.287109,1.199219,0.000000,30.729847,9.000000
4.455078,-0.289062,1.197266,0.000000,30.358297,9.000000
4.738281,-0.449219,-0.501953,0.000000,33.100559,9.000000
4.787109,-0.453125,-0.421875,0.000000,33.719910,9.000000
4.841797,-0.457031,-0.205078,0.000000,30.468851,9.000000
4.896484,-0.308594,0.648438,0.000000,30.729847,9.000000
1.613281,1.189453,-0.001953,-0.614669,26.618126,9.000000
1.595703,1.279297,0.029297,-0.614669,26.063814,9.000000
0.041016,-0.033203,0.062500,0.000000,30.098757,9.000000
0.052734,-0.042969,0.101562,0.000000,28.981766,9.000000
1.117188,-0.515625,0.308594,0.000000,18.976271,9.000000
2.767578,-2.003906,-3.050781,0.000000,27.759743,9.000000
0.011719,-0.039062,-0.007812,0.000000,30.722500,10.000000
0.017578,-0.080078,-0.007812,0.000000,31.958996,10.000000
0.029297,-0.119141,-0.005859,0.000000,30.224283,10.000000
0.056641,-0.154297,0.005859,0.000000,25.490032,10.000000
0.335938,-0.080078,-1.220703,0.000000,21.846914,10.000000
0.320312,-0.041016,1.267578,0.000000,23.222193,10.000000
0.414062,-0.000000,1.285156,0.000000,21.875208,10.000000
2.544922,-0.263672,1.191406,0.000000,29.484129,10.000000
2.603516,-0.267578,1.162109,0.000000,32.757717,10.000000
2.662109,-0.181641,1.148438,0.000000,32.030331,10.000000
4.412109,-0.287109,1.199219,0.000000,30.722500,10.000000
4.458984,-0.289062,1.179688,0.000000,30.354298,10.000000
4.738281,-0.449219,-0.505859,0.000000,33.098431,10.000000
4.787109,-0.453125,-0.427734,0.000000,33.718063,10.000000
4.841797,-0.457031,-0.228516,0.000000,30.437551,10.000000
4.886719,-0.308594,0.720703,0.000000,30.678144,10.000000
1.576172,1.166016,-0.103516,-0.614669,26.972294,10.000000
1.560547,1.251953,-0.113281,-0.614669,27.951845,10.000000
1.587891,1.279297,-0.162109,-0.614669,26.464037,10.000000
0.041016,-0.033203,0.062500,0.000000,30.098757,10.000000
0.052734,-0.042969,0.101562,0.000000,28.981766,10.000000
1.117188,-0.515625,0.304688,0.000000,18.976271,10.000000
2.798828,-2.003906,-3.023438,0.000000,27.839035,10.000000
2.707031,-2.021484,-3.154297,0.000000,27.371927,10.000000
0.011719,-0.039062,-0.007812,0.000000,30.722500,11.000000
0.017578,-0.080078,-0.007812,0.000000,31.961761,11.000000
0.029297,-0.119141,-0.005859,0.000000,30.228407,11.000000
0.056641,-0.154297,0.005859,0.000000,25.502283,11.000000
0.333984,-0.080078,-1.220703,0.000000,21.818436,11.000000
0.302734,-0.041016,1.273438,0.000000,23.180634,11.000000
0.388672,-0.000000,1.292969,0.000000,21.846914,11.000000
2.548828,-0.263672,1.181641,0.000000,29.449759,11.000000
2.605469,-0.267578,1.158203,0.000000,32.739269,11.000000
2.662109,-0.181641,1.148438,0.000000,32.011238,11.000000
4.416016,-0.287109,1.183594,0.000000,30.748165,11.000000
4.458984,-0.289062,1.183594,0.000000,30.366289,11.000000
4.738281,-0.449219,-0.501953,0.000000,33.102684,11.000000
4.787109,-0.453125,-0.425781,0.000000,33.718063,11.000000
4.839844,-0.457031,-0.255859,0.000000,30.468851,11.000000
4.886719,-0.308594,0.720703,0.000000,30.681858,11.000000
1.541016,1.166016,-0.343750,-0.614669,26.821451,11.000000
1.576172,1.189453,-0.339844,-0.614669,26.483601,11.000000
0.041016,-0.033203,0.062500,0.000000,30.098757,11.000000
0.052734,-0.042969,0.103516,0.000000,28.987251,11.000000
1.119141,-0.515625,0.298828,0.000000,18.976271,11.000000
2.806641,-2.003906,-3.015625,0.000000,27.810369,11.000000
0.011719,-0.039062,-0.007812,0.000000,30.729847,12.000000
0.017578,-0.080078,-0.007812,0.000000,31.961761,12.000000
0.029297,-0.119141,-0.005859,0.000000,30.228407,12.000000
0.056641,-0.154297,0.005859,0.000000,25.490032,12.000000
0.330078,-0.080078,-1.222656,0.000000,21.760912,12.000000
0.300781,-0.041016,1.273438,0.000000,23.159704,12.000000
0.460938,-0.042969,1.267578,0.000000,21.846914,12.000000
2.548828,-0.263672,1.183594,0.000000,29.464523,12.000000
2.603516,-0.267578,1.162109,0.000000,32.755417,12.000000
2.660156,-0.181641,1.152344,0.000000,32.019432,12.000000
4.417969,-0.287109,1.177734,0.000000,30.726175,12.000000
4.464844,-0.289062,1.164062,0.000000,30.362295,12.000000
4.685547,-0.445312,-0.597656,0.000000,29.263424,12.000000
4.738281,-0.449219,-0.501953,0.000000,33.096302,12.000000
4.787109,-0.453125,-0.421875,0.000000,33.710678,12.000000
4.841797,-0.457031,-0.203125,0.000000,30.406023,12.000000
4.876953,-0.308594,0.791016,0.000000,30.674429,12.000000
1.513672,1.433594,0.056641,-0.614669,26.242821,12.000000
0.041016,-0.033203,0.062500,0.000000,30.107239,12.000000
0.052734,-0.042969,0.101562,0.000000,28.987251,12.000000
1.119141,-0.515625,0.300781,0.000000,18.976271,12.000000
2.785156,-2.003906,-3.035156,0.000000,27.774269,12.000000
0.011719,-0.039062,-0.007812,0.000000,30.733517,13.000000
