1.148438,-0.185547,0.230469,0.614669,28.356905,0.000000
0.011719,0.031250,0.025391,0.000000,29.415113,0.000000
0.041016,-0.033203,0.062500,0.000000,30.153597,0.000000
0.052734,-0.042969,0.103516,0.000000,29.020029,0.000000
0.011719,-0.039062,-0.007812,0.000000,30.777311,1.000000
0.017578,-0.080078,-0.009766,0.000000,32.000294,1.000000
0.029297,-0.119141,-0.005859,0.000000,30.265333,1.000000
0.056641,-0.154297,0.005859,0.000000,25.514500,1.000000
2.605469,-0.175781,1.068359,0.000000,28.932068,1.000000
2.650391,-0.179688,1.068359,0.000000,31.953461,1.000000
2.746094,-0.089844,0.939453,0.000000,30.835026,1.000000
0.839844,-0.134766,-0.113281,0.614669,24.361626,1.000000
0.880859,-0.140625,-0.121094,0.614669,27.505083,1.000000
0.923828,-0.146484,-0.107422,0.614669,27.218105,1.000000
0.929688,-0.154297,0.275391,0.614669,22.430380,1.000000
0.925781,-0.031250,-0.433594,0.614669,21.702618,1.000000
1.029297,-0.066406,-0.255859,0.614669,23.180634,1.000000
1.085938,-0.138672,0.150391,0.614669,26.954817,1.000000
1.113281,-0.142578,0.226562,0.614669,30.930714,1.000000
1.156250,-0.148438,0.224609,0.614669,31.504494,1.000000
1.207031,-0.154297,0.158203,0.614669,29.100906,1.000000
0.011719,0.031250,0.023438,0.000000,29.410143,1.000000
0.041016,-0.033203,0.062500,0.000000,30.153597,1.000000
0.052734,-0.042969,0.103516,0.000000,29.020029,1.000000
0.011719,-0.039062,-0.007812,0.000000,30.770042,2.000000
0.017578,-0.080078,-0.009766,0.000000,31.997551,2.000000
0.029297,-0.119141,-0.005859,0.000000,30.261246,2.000000
0.056641,-0.154297,0.005859,0.000000,25.514500,2.000000
2.613281,-0.175781,1.054688,0.000000,28.959747,2.000000
2.658203,-0.179688,1.052734,0.000000,32.322334,2.000000
2.755859,-0.089844,0.916016,0.000000,31.461281,2.000000
0.833984,-0.160156,-0.132812,0.614669,21.522884,2.000000
0.871094,-0.167969,-0.146484,0.614669,26.106602,2.000000
0.908203,-0.175781,-0.169922,0.614669,26.893089,2.000000
0.939453,-0.154297,-0.244141,0.614669,24.913616,2.000000
0.960938,-0.095703,-0.335938,0.614669,23.138672,2.000000
1.025391,-0.066406,-0.275391,0.614669,23.765770,2.000000
1.099609,-0.103516,-0.023438,0.614669,23.364597,2.000000
1.117188,-0.179688,0.183594,0.614669,25.877110,2.000000
1.152344,-0.185547,0.210938,0.614669,28.375885,2.000000
1.193359,-0.191406,0.210938,0.614669,28.721563,2.000000
0.011719,0.031250,0.025391,0.000000,29.405165,2.000000
0.041016,-0.033203,0.062500,0.000000,30.149403,2.000000
0.052734,-0.042969,0.103516,0.000000,29.014584,2.000000
0.011719,-0.039062,-0.007812,0.000000,30.773680,3.000000
0.017578,-0.080078,-0.009766,0.000000,32.000294,3.000000
0.029297,-0.119141,-0.005859,0.000000,30.269417,3.000000
0.056641,-0.154297,0.005859,0.000000,25.526682,3.000000
2.636719,-0.175781,0.994141,0.000000,29.175055,3.000000
2.662109,-0.179688,1.041016,0.000000,32.309597,3.000000
2.750000,-0.089844,0.931641,0.000000,31.238516,3.000000
4.410156,-0.142578,1.230469,0.000000,28.819550,3.000000
4.464844,-0.144531,1.187500,0.000000,28.651039,3.000000
0.871094,-0.167969,-0.152344,0.614669,24.456041,3.000000
0.906250,-0.175781,-0.183594,0.614669,26.334684,3.000000
0.931641,-0.154297,-0.265625,0.614669,26.020599,3.000000
0.949219,-0.160156,-0.347656,0.614669,25.403296,3.000000
0.958984,-0.166016,-0.431641,0.614669,23.384565,3.000000
0.011719,0.031250,0.025391,0.000000,29.405165,3.000000
0.041016,-0.033203,0.062500,0.000000,30.157787,3.000000
0.052734,-0.042969,0.103516,0.000000,29.025467,3.000000
0.011719,-0.039062,-0.007812,0.000000,30.777311,4.000000
0.017578,-0.080078,-0.009766,0.000000,32.000294,4.000000
0.029297,-0.119141,-0.005859,0.000000,30.261246,4.000000
0.056641,-0.154297,0.005859,0.000000,25.514500,4.000000
2.601562,-0.175781,1.080078,0.000000,28.887409,4.000000
2.654297,-0.179688,1.058594,0.000000,32.201080,4.000000
2.751953,-0.089844,0.921875,0.000000,31.293676,4.000000
4.394531,-0.142578,1.291016,0.000000,29.365137,4.000000
4.402344,-0.144531,1.404297,0.000000,28.847954,4.000000
0.871094,-0.167969,-0.148438,0.614669,23.138672,4.000000
0.900391,-0.205078,-0.175781,0.614669,26.522463,4.000000
0.919922,-0.214844,-0.265625,0.614669,25.658478,4.000000
0.728516,-0.160156,-0.699219,0.614669,23.502480,4.000000
0.328125,-0.166016,-0.998047,0.614669,22.227165,4.000000
0.011719,0.031250,0.025391,0.000000,29.405165,4.000000
0.041016,-0.033203,0.062500,0.000000,30.149403,4.000000
0.052734,-0.042969,0.103516,0.000000,29.020029,4.000000
0.011719,-0.039062,-0.007812,0.000000,30.780941,5.000000
0.017578,-0.080078,-0.009766,0.000000,32.000294,5.000000
0.029297,-0.119141,-0.005859,0.000000,30.269417,5.000000
0.056641,-0.154297,0.005859,0.000000,25.526682,5.000000
2.615234,-0.175781,1.046875,0.000000,29.079485,5.000000
2.656250,-0.179688,1.052734,0.000000,32.214142,5.000000
2.751953,-0.089844,0.921875,0.000000,31.132748,5.000000
4.375000,-0.142578,1.351562,0.000000,29.956352,5.000000
4.394531,-0.144531,1.429688,0.000000,29.385197,5.000000
0.906250,-0.205078,-0.146484,0.614669,24.800070,5.000000
0.953125,-0.183594,-0.146484,0.614669,26.683859,5.000000
1.000000,-0.191406,-0.085938,0.614669,25.078558,5.000000
1.011719,-0.138672,-0.419922,0.614669,22.041201,5.000000
0.011719,0.031250,0.023438,0.000000,29.410143,5.000000
0.041016,-0.033203,0.062500,0.000000,30.153597,5.000000
0.052734,-0.042969,0.103516,0.000000,29.020029,5.000000
0.011719,-0.039062,-0.007812,0.000000,30.773680,6.000000
0.017578,-0.080078,-0.009766,0.000000,31.997551,6.000000
0.029297,-0.119141,-0.005859,0.000000,30.261246,6.000000
0.056641,-0.154297,0.005859,0.000000,25.502283,6.000000
2.609375,-0.175781,1.062500,0.000000,29.047155,6.000000
2.654297,-0.179688,1.060547,0.000000,32.360332,6.000000
2.744141,-0.089844,0.945312,0.000000,31.473671,6.000000
4.396484,-0.142578,1.279297,0.000000,30.895519,6.000000
4.435547,-0.144531,1.289062,0.000000,30.322157,6.000000
0.912109,-0.175781,-0.152344,0.614669,23.560259,6.000000
0.951172,-0.183594,-0.156250,0.614669,27.234556,6.000000
0.996094,-0.160156,-0.164062,0.614669,27.781513,6.000000
1.035156,-0.166016,-0.177734,0.614669,25.490032,6.000000
1.175781,-0.230469,0.263672,0.614669,25.786392,6.000000
1.214844,-0.197266,0.306641,0.614669,28.450981,6.000000
1.240234,-0.246094,0.337891,0.614669,28.853613,6.000000
1.292969,-0.210938,0.322266,0.614669,27.032913,6.000000
0.011719,0.031250,0.023438,0.000000,29.410143,6.000000
0.041016,-0.033203,0.062500,0.000000,30.153597,6.000000
0.052734,-0.042969,0.103516,0.000000,29.014584,6.000000
1.197266,-0.277344,0.310547,0.614669,28.444771,6.000000
0.011719,-0.039062,-0.007812,0.000000,30.770042,7.000000
0.017578,-0.080078,-0.009766,0.000000,31.997551,7.000000
0.029297,-0.119141,-0.005859,0.000000,30.261246,7.000000
0.056641,-0.154297,0.005859,0.000000,25.514500,7.000000
2.609375,-0.175781,1.062500,0.000000,29.020029,7.000000
2.656250,-0.179688,1.052734,0.000000,32.203697,7.000000
2.750000,-0.089844,0.927734,0.000000,31.172712,7.000000
4.402344,-0.142578,1.099609,0.000000,28.567289,7.000000
4.410156,-0.287109,1.210938,0.000000,31.911715,7.000000
4.455078,-0.144531,1.224609,0.000000,31.495270,7.000000
4.853516,-0.154297,0.960938,0.000000,29.995655,7.000000
0.900391,-0.205078,-0.175781,0.614669,21.172712,7.000000
0.929688,-0.214844,-0.230469,0.614669,24.183012,7.000000
0.798828,-0.287109,-0.570312,0.614669,21.903316,7.000000
1.052734,-0.132812,-0.078125,0.614669,23.856062,7.000000
1.058594,-0.171875,-0.259766,0.614669,24.712917,7.000000
1.064453,-0.179688,-0.382812,0.614669,23.873898,7.000000
1.185547,-0.191406,0.251953,0.614669,24.082399,7.000000
1.214844,-0.238281,0.271484,0.614669,27.965744,7.000000
1.259766,-0.246094,0.261719,0.614669,28.567289,7.000000
1.306641,-0.253906,0.226562,0.614669,28.000294,7.000000
0.011719,0.031250,0.023438,0.000000,29.405165,7.000000
0.041016,-0.033203,0.062500,0.000000,30.149403,7.000000
0.052734,-0.042969,0.103516,0.000000,29.014584,7.000000
0.568359,-2.011719,4.486328,0.000000,27.134905,7.000000
0.660156,0.031250,-0.781250,0.614669,19.684830,7.000000
0.011719,-0.039062,-0.007812,0.000000,30.777311,8.000000
0.017578,-0.080078,-0.009766,0.000000,32.000294,8.000000
0.029297,-0.119141,-0.005859,0.000000,30.265333,8.000000
0.056641,-0.154297,0.005859,0.000000,25.514500,8.000000
2.623047,-0.175781,1.027344,0.000000,29.201233,8.000000
2.664062,-0.179688,1.035156,0.000000,32.307045,8.000000
2.757812,-0.089844,0.908203,0.000000,31.316187,8.000000
4.408203,-0.283203,1.050781,0.000000,29.164539,8.000000
4.419922,-0.287109,1.167969,0.000000,32.655254,8.000000
4.470703,-0.144531,1.166016,0.000000,32.307045,8.000000
4.859375,-0.154297,0.925781,0.000000,30.955181,8.000000
0.953125,-0.183594,-0.148438,0.614669,26.020599,8.000000
0.996094,-0.191406,-0.134766,0.614669,28.915375,8.000000
1.039062,-0.199219,-0.107422,0.614669,28.041395,8.000000
1.076172,-0.171875,-0.181641,0.614669,21.760912,8.000000
1.046875,-0.179688,-0.429688,0.614669,24.578819,8.000000
1.095703,-0.148438,-0.431641,0.614669,23.222193,8.000000
1.240234,-0.158203,0.214844,0.614669,27.355989,8.000000
1.269531,-0.164062,0.271484,0.614669,27.817554,8.000000
0.011719,0.031250,0.025391,0.000000,29.410143,8.000000
0.041016,-0.033203,0.062500,0.000000,30.149403,8.000000
0.052734,-0.042969,0.103516,0.000000,29.020029,8.000000
0.214844,0.275391,1.046875,0.614669,18.920946,8.000000
0.011719,-0.039062,-0.007812,0.000000,30.766405,9.000000
0.017578,-0.080078,-0.009766,0.000000,31.994808,9.000000
0.029297,-0.119141,-0.005859,0.000000,30.265333,9.000000
0.056641,-0.154297,0.005859,0.000000,25.526682,9.000000
2.615234,-0.175781,1.044922,0.000000,28.904211,9.000000
2.660156,-0.179688,1.046875,0.000000,32.260841,9.000000
2.751953,-0.089844,0.923828,0.000000,31.360861,9.000000
4.414062,-0.142578,1.056641,0.000000,29.344984,9.000000
4.423828,-0.142578,1.185547,0.000000,32.727695,9.000000
4.457031,-0.144531,1.218750,0.000000,32.281437,9.000000
4.794922,-0.154297,1.039062,0.000000,30.170334,9.000000
4.845703,-0.154297,0.994141,0.000000,31.507565,9.000000
0.947266,-0.214844,-0.148438,0.614669,24.014006,9.000000
0.990234,-0.224609,-0.128906,0.614669,28.444771,9.000000
1.033203,-0.232422,-0.103516,0.614669,29.390198,9.000000
1.083984,-0.207031,-0.027344,0.614669,26.884199,9.000000
0.998047,-0.214844,-0.519531,0.614669,24.996870,9.000000
1.107422,-0.185547,-0.382812,0.614669,24.345690,9.000000
1.212891,-0.238281,0.287109,0.614669,24.116198,9.000000
1.304688,-0.253906,0.240234,0.614669,27.923918,9.000000
1.351562,-0.216797,0.246094,0.614669,28.603380,9.000000
1.373047,-0.179688,0.361328,0.614669,26.674530,9.000000
0.011719,0.031250,0.025391,0.000000,29.410143,9.000000
0.041016,-0.033203,0.062500,0.000000,30.153597,9.000000
0.052734,-0.042969,0.103516,0.000000,29.025467,9.000000
0.011719,-0.039062,-0.007812,0.000000,30.777311,10.000000
0.017578,-0.080078,-0.009766,0.000000,32.000294,10.000000
0.029297,-0.119141,-0.005859,0.000000,30.265333,10.000000
0.056641,-0.154297,0.005859,0.000000,25.526682,10.000000
0.849609,-0.158203,0.927734,0.000000,25.465427,10.000000
2.625000,-0.175781,1.019531,0.000000,29.143431,10.000000
2.662109,-0.179688,1.041016,0.000000,32.284004,10.000000
2.744141,-0.089844,0.945312,0.000000,31.283993,10.000000
4.408203,-0.142578,1.078125,0.000000,28.680563,10.000000
4.416016,-0.142578,1.212891,0.000000,31.892096,10.000000
4.435547,-0.144531,1.291016,0.000000,31.436392,10.000000
4.775391,-0.306641,1.095703,0.000000,30.228407,10.000000
4.837891,-0.154297,1.037109,0.000000,31.577589,10.000000
0.939453,-0.214844,-0.191406,0.614669,20.293839,10.000000
0.968750,-0.255859,-0.208984,0.614669,23.926970,10.000000
1.015625,-0.265625,-0.164062,0.614669,24.116198,10.000000
1.091797,-0.171875,0.009766,0.614669,23.263359,10.000000
1.029297,-0.214844,-0.457031,0.614669,22.278868,10.000000
1.066406,-0.185547,-0.486328,0.614669,24.166405,10.000000
1.273438,-0.164062,0.259766,0.614669,27.275414,10.000000
1.335938,-0.167969,0.085938,0.614669,27.450748,10.000000
1.371094,-0.216797,0.083984,0.614669,27.505083,10.000000
1.417969,-0.179688,0.078125,0.614669,26.324574,10.000000
0.011719,0.031250,0.025391,0.000000,29.415113,10.000000
0.041016,-0.033203,0.062500,0.000000,30.153597,10.000000
0.052734,-0.042969,0.103516,0.000000,29.025467,10.000000
0.011719,-0.039062,-0.007812,0.000000,30.773680,11.000000
0.017578,-0.080078,-0.009766,0.000000,31.997551,11.000000
0.029297,-0.119141,-0.005859,0.000000,30.261246,11.000000
0.056641,-0.154297,0.005859,0.000000,25.526682,11.000000
2.609375,-0.175781,1.062500,0.000000,29.020029,11.000000
2.658203,-0.179688,1.050781,0.000000,32.273724,11.000000
2.761719,-0.089844,0.894531,0.000000,31.312979,11.000000
4.402344,-0.142578,1.263672,0.000000,30.663260,11.000000
4.408203,-0.144531,1.382812,0.000000,30.064661,11.000000
4.833984,-0.154297,1.056641,0.000000,31.014034,11.000000
0.968750,-0.255859,-0.207031,0.614669,24.132998,11.000000
1.000000,-0.298828,-0.208984,0.614669,26.117233,11.000000
1.015625,-0.310547,-0.306641,0.614669,24.955442,11.000000
1.001953,-0.287109,-0.476562,0.614669,23.802113,11.000000
1.085938,-0.222656,-0.419922,0.614669,25.211380,11.000000
1.121094,-0.230469,-0.443359,0.614669,23.424227,11.000000
1.267578,-0.287109,0.156250,0.614669,25.943926,11.000000
1.302734,-0.294922,0.197266,0.614669,27.209858,11.000000
0.011719,0.031250,0.025391,0.000000,29.405165,11.000000
0.041016,-0.033203,0.062500,0.000000,30.149403,11.000000
0.052734,-0.042969,0.103516,0.000000,29.014584,11.000000
0.011719,-0.039062,-0.007812,0.000000,30.770042,12.000000
0.017578,-0.080078,-0.009766,0.000000,31.997551,12.000000
0.029297,-0.119141,-0.005859,0.000000,30.265333,12.000000
0.056641,-0.154297,0.005859,0.000000,25.526682,12.000000
0.841797,-0.158203,0.933594,0.000000,24.183012,12.000000
2.613281,-0.175781,1.054688,0.000000,29.047155,12.000000
2.660156,-0.179688,1.046875,0.000000,32.278866,12.000000
2.753906,-0.089844,0.917969,0.000000,31.319393,12.000000
4.396484,-0.142578,1.281250,0.000000,30.842186,12.000000
4.425781,-0.144531,1.328125,0.000000,30.449316,12.000000
4.816406,-0.154297,1.132812,0.000000,29.903389,12.000000
0.968750,-0.255859,-0.207031,0.614669,22.278868,12.000000
1.003906,-0.298828,-0.187500,0.614669,26.294096,12.000000
1.044922,-0.310547,-0.179688,0.614669,26.665180,12.000000
1.115234,-0.250000,-0.058594,0.614669,23.598354,12.000000
1.148438,-0.296875,-0.025391,0.614669,21.731863,12.000000
1.271484,-0.205078,0.228516,0.614669,26.655809,12.000000
1.330078,-0.210938,0.087891,0.614669,27.986506,12.000000
1.357422,-0.261719,0.146484,0.614669,28.976271,12.000000
1.396484,-0.267578,0.169922,0.614669,28.859262,12.000000
