0.421875,-0.000000,1.283203,0.000000,21.931246,0.000000
2.550781,-0.263672,1.181641,0.000000,29.459606,0.000000
2.605469,-0.267578,1.156250,0.000000,32.801228,0.000000
2.662109,-0.271484,1.128906,0.000000,31.994808,0.000000
4.416016,-0.287109,1.189453,0.000000,30.780941,0.000000
4.466797,-0.289062,1.150391,0.000000,30.441477,0.000000
4.740234,-0.449219,-0.484375,0.000000,33.213913,0.000000
4.787109,-0.453125,-0.416016,0.000000,33.697723,0.000000
4.841797,-0.457031,-0.205078,0.000000,30.433622,0.000000
4.835938,-0.460938,0.701172,0.000000,29.717396,0.000000
4.873047,-0.308594,0.814453,0.000000,30.542299,0.000000
0.041016,-0.033203,0.062500,0.000000,30.149403,0.000000
0.044922,-0.046875,0.103516,0.000000,29.036325,0.000000
1.212891,0.357422,0.103516,0.000000,19.030899,0.000000
2.871094,-2.003906,-2.955078,0.000000,27.810369,0.000000
0.011719,-0.039062,-0.007812,0.000000,30.748165,1.000000
0.017578,-0.080078,-0.007812,0.000000,31.983822,1.000000
0.029297,-0.119141,-0.005859,0.000000,30.232525,1.000000
0.056641,-0.154297,0.005859,0.000000,25.514500,1.000000
0.339844,-0.080078,-1.218750,0.000000,21.931246,1.000000
0.320312,-0.041016,1.267578,0.000000,23.283796,1.000000
0.513672,-0.042969,1.248047,0.000000,21.986570,1.000000
1.875000,0.912109,-0.007812,0.000000,27.831886,1.000000
1.910156,0.929688,-0.107422,0.000000,28.573324,1.000000
1.937500,0.949219,-0.224609,0.000000,27.168377,1.000000
2.544922,-0.263672,1.193359,0.000000,29.464523,1.000000
2.603516,-0.267578,1.162109,0.000000,32.801228,1.000000
2.660156,-0.271484,1.134766,0.000000,32.000294,1.000000
4.416016,-0.287109,1.185547,0.000000,30.817072,1.000000
4.470703,-0.289062,1.136719,0.000000,30.464952,1.000000
4.742188,-0.449219,-0.470703,0.000000,33.279716,1.000000
4.787109,-0.453125,-0.431641,0.000000,33.791241,1.000000
4.837891,-0.457031,-0.271484,0.000000,30.530785,1.000000
4.853516,-0.308594,0.917969,0.000000,30.655798,1.000000
0.041016,-0.033203,0.062500,0.000000,30.153597,1.000000
0.044922,-0.046875,0.103516,0.000000,29.036325,1.000000
1.113281,-0.515625,0.320312,0.000000,19.030899,1.000000
2.875000,-2.003906,-2.949219,0.000000,27.853298,1.000000
2.796875,-2.021484,-3.074219,0.000000,27.528164,1.000000
0.011719,-0.039062,-0.007812,0.000000,30.748165,2.000000
0.017578,-0.080078,-0.007812,0.000000,31.983822,2.000000
0.041016,-0.115234,-0.007812,0.000000,30.232525,2.000000
0.056641,-0.154297,0.005859,0.000000,25.514500,2.000000
0.351562,-0.080078,-1.216797,0.000000,21.875208,2.000000
0.314453,-0.041016,1.269531,0.000000,23.222193,2.000000
0.416016,-0.000000,1.285156,0.000000,21.931246,2.000000
1.937500,0.863281,-0.146484,0.000000,26.170004,2.000000
1.980469,0.880859,-0.066406,0.000000,27.032913,2.000000
2.548828,-0.263672,1.183594,0.000000,29.489017,2.000000
2.601562,-0.267578,1.164062,0.000000,32.817150,2.000000
2.656250,-0.271484,1.140625,0.000000,32.011238,2.000000
4.410156,-0.287109,1.207031,0.000000,30.817072,2.000000
4.462891,-0.289062,1.169922,0.000000,30.441477,2.000000
4.734375,-0.449219,-0.533203,0.000000,33.362595,2.000000
4.781250,-0.453125,-0.480469,0.000000,33.861420,2.000000
4.837891,-0.457031,-0.294922,0.000000,30.588055,2.000000
4.833984,-0.460938,0.724609,0.000000,29.790930,2.000000
4.849609,-0.308594,0.939453,0.000000,30.519239,2.000000
0.041016,-0.033203,0.062500,0.000000,30.149403,2.000000
0.044922,-0.046875,0.103516,0.000000,29.030899,2.000000
1.115234,-0.515625,0.314453,0.000000,18.976271,2.000000
2.816406,-2.021484,-3.056641,0.000000,27.458551,2.000000
0.011719,-0.039062,-0.007812,0.000000,30.748165,3.000000
0.017578,-0.080078,-0.007812,0.000000,31.983822,3.000000
0.029297,-0.119141,-0.005859,0.000000,30.232525,3.000000
0.056641,-0.154297,0.005859,0.000000,25.502283,3.000000
0.359375,-0.080078,-1.212891,0.000000,21.931246,3.000000
0.283203,-0.041016,1.277344,0.000000,23.263359,3.000000
0.394531,-0.000000,1.291016,0.000000,21.931246,3.000000
2.550781,-0.263672,1.179688,0.000000,29.420080,3.000000
2.605469,-0.267578,1.156250,0.000000,32.787537,3.000000
2.660156,-0.271484,1.130859,0.000000,31.997551,3.000000
4.414062,-0.287109,1.191406,0.000000,30.791813,3.000000
4.468750,-0.289062,1.148438,0.000000,30.417873,3.000000
4.744141,-0.449219,-0.437500,0.000000,33.289909,3.000000
4.791016,-0.453125,-0.386719,0.000000,33.762119,3.000000
4.841797,-0.457031,-0.216797,0.000000,30.464952,3.000000
4.830078,-0.460938,0.748047,0.000000,29.813656,3.000000
4.849609,-0.308594,0.939453,0.000000,30.777311,3.000000
0.041016,-0.033203,0.062500,0.000000,30.153597,3.000000
0.044922,-0.046875,0.103516,0.000000,29.047155,3.000000
1.111328,-0.515625,0.328125,0.000000,19.084850,3.000000
2.751953,-2.021484,-3.115234,0.000000,27.427252,3.000000
0.011719,-0.039062,-0.007812,0.000000,30.748165,4.000000
0.017578,-0.080078,-0.007812,0.000000,31.983822,4.000000
0.029297,-0.119141,-0.005859,0.000000,30.232525,4.000000
0.056641,-0.154297,0.005859,0.000000,25.502283,4.000000
0.371094,-0.080078,-1.208984,0.000000,21.958996,4.000000
0.292969,-0.041016,1.275391,0.000000,23.283796,4.000000
0.462891,-0.042969,1.267578,0.000000,21.931246,4.000000
1.839844,0.894531,-0.025391,0.000000,26.766935,4.000000
1.876953,0.912109,0.001953,0.000000,27.664129,4.000000
1.908203,0.929688,-0.136719,0.000000,26.106602,4.000000
2.546875,-0.263672,1.189453,0.000000,29.459606,4.000000
2.603516,-0.267578,1.162109,0.000000,32.796669,4.000000
2.660156,-0.271484,1.134766,0.000000,31.994808,4.000000
4.416016,-0.287109,1.187500,0.000000,30.791813,4.000000
4.466797,-0.289062,1.154297,0.000000,30.437551,4.000000
4.679688,-0.445312,-0.648438,0.000000,29.283958,4.000000
4.730469,-0.449219,-0.576172,0.000000,33.265408,4.000000
4.781250,-0.453125,-0.492188,0.000000,33.745651,4.000000
4.839844,-0.457031,-0.253906,0.000000,30.468851,4.000000
4.833984,-0.460938,0.718750,0.000000,29.768084,4.000000
4.871094,-0.308594,0.820312,0.000000,30.610754,4.000000
0.041016,-0.033203,0.062500,0.000000,30.149403,4.000000
0.052734,-0.042969,0.101562,0.000000,29.036325,4.000000
1.210938,0.357422,0.121094,0.000000,19.138138,4.000000
2.791016,-2.021484,-3.080078,0.000000,27.450748,4.000000
0.011719,-0.039062,-0.007812,0.000000,30.740847,5.000000
0.017578,-0.080078,-0.007812,0.000000,31.983822,5.000000
0.041016,-0.115234,-0.007812,0.000000,30.232525,5.000000
0.056641,-0.154297,0.005859,0.000000,25.514500,5.000000
0.335938,-0.080078,-1.220703,0.000000,21.958996,5.000000
0.306641,-0.041016,1.271484,0.000000,23.283796,5.000000
0.400391,-0.000000,1.289062,0.000000,21.986570,5.000000
2.546875,-0.263672,1.185547,0.000000,29.459606,5.000000
2.601562,-0.267578,1.166016,0.000000,32.808060,5.000000
2.658203,-0.271484,1.138672,0.000000,32.005768,5.000000
4.414062,-0.287109,1.191406,0.000000,30.799046,5.000000
4.464844,-0.289062,1.162109,0.000000,30.437551,5.000000
4.753906,-0.449219,-0.312500,0.000000,33.238705,5.000000
4.800781,-0.453125,-0.234375,0.000000,33.686588,5.000000
4.845703,-0.457031,-0.046875,0.000000,30.390173,5.000000
4.824219,-0.460938,0.785156,0.000000,29.661417,5.000000
4.849609,-0.308594,0.939453,0.000000,30.476643,5.000000
0.041016,-0.033203,0.062500,0.000000,30.149403,5.000000
0.044922,-0.046875,0.103516,0.000000,29.030899,5.000000
1.214844,0.357422,0.085938,0.000000,19.084850,5.000000
2.875000,-2.003906,-2.949219,0.000000,27.810369,5.000000
2.837891,-2.021484,-3.037109,0.000000,27.489628,5.000000
0.011719,-0.039062,-0.007812,0.000000,30.748165,6.000000
0.017578,-0.080078,-0.007812,0.000000,31.983822,6.000000
0.029297,-0.119141,-0.005859,0.000000,30.228407,6.000000
0.056641,-0.154297,0.005859,0.000000,25.502283,6.000000
0.351562,-0.080078,-1.216797,0.000000,21.875208,6.000000
0.300781,-0.041016,1.273438,0.000000,23.222193,6.000000
0.482422,-0.042969,1.259766,0.000000,21.931246,6.000000
2.546875,-0.263672,1.185547,0.000000,29.459606,6.000000
2.603516,-0.267578,1.162109,0.000000,32.798950,6.000000
2.660156,-0.271484,1.134766,0.000000,32.005768,6.000000
4.414062,-0.287109,1.195312,0.000000,30.799046,6.000000
4.466797,-0.289062,1.154297,0.000000,30.441477,6.000000
4.718750,-0.449219,-0.656250,0.000000,33.388546,6.000000
4.769531,-0.453125,-0.583984,0.000000,33.838154,6.000000
4.832031,-0.457031,-0.367188,0.000000,30.546131,6.000000
4.898438,-0.308594,0.642578,0.000000,30.618294,6.000000
0.041016,-0.033203,0.062500,0.000000,30.153597,6.000000
0.044922,-0.046875,0.103516,0.000000,29.036325,6.000000
1.113281,-0.515625,0.322266,0.000000,18.976271,6.000000
2.859375,-2.003906,-2.964844,0.000000,27.795965,6.000000
2.822266,-2.021484,-3.052734,0.000000,27.474117,6.000000
0.011719,-0.039062,-0.007812,0.000000,30.744507,7.000000
0.017578,-0.080078,-0.007812,0.000000,31.983822,7.000000
0.029297,-0.119141,-0.005859,0.000000,30.232525,7.000000
0.056641,-0.154297,0.005859,0.000000,25.502283,7.000000
0.351562,-0.080078,-1.214844,0.000000,21.903316,7.000000
0.318359,-0.041016,1.269531,0.000000,23.242825,7.000000
0.431641,-0.000000,1.279297,0.000000,21.931246,7.000000
1.904297,0.847656,0.080078,0.000000,27.143297,7.000000
1.943359,0.863281,-0.035156,0.000000,28.325089,7.000000
1.978516,0.880859,-0.101562,0.000000,28.135809,7.000000
2.546875,-0.263672,1.189453,0.000000,29.459606,7.000000
2.601562,-0.267578,1.164062,0.000000,32.810333,7.000000
2.656250,-0.271484,1.140625,0.000000,32.027607,7.000000
4.412109,-0.287109,1.197266,0.000000,30.820669,7.000000
4.464844,-0.289062,1.160156,0.000000,30.464952,7.000000
4.753906,-0.449219,-0.320312,0.000000,33.057812,7.000000
4.798828,-0.453125,-0.269531,0.000000,33.604042,7.000000
4.845703,-0.457031,-0.115234,0.000000,30.484419,7.000000
4.859375,-0.460938,0.513672,0.000000,29.831751,7.000000
4.898438,-0.308594,0.632812,0.000000,30.576660,7.000000
0.041016,-0.033203,0.062500,0.000000,30.157787,7.000000
0.044922,-0.046875,0.103516,0.000000,29.047155,7.000000
1.113281,-0.515625,0.324219,0.000000,18.976271,7.000000
2.843750,-2.021484,-3.033203,0.000000,27.481880,7.000000
0.011719,-0.039062,-0.007812,0.000000,30.748165,8.000000
0.017578,-0.080078,-0.007812,0.000000,31.986570,8.000000
0.029297,-0.119141,-0.005859,0.000000,30.236639,8.000000
0.056641,-0.154297,0.005859,0.000000,25.514500,8.000000
0.388672,-0.080078,-1.205078,0.000000,21.958996,8.000000
0.289062,-0.041016,1.275391,0.000000,23.263359,8.000000
0.498047,-0.042969,1.253906,0.000000,21.931246,8.000000
1.904297,0.847656,0.091797,0.000000,26.541765,8.000000
1.972656,0.796875,-0.001953,0.000000,27.371927,8.000000
2.007812,0.812500,-0.078125,0.000000,27.299744,8.000000
2.554688,-0.263672,1.171875,0.000000,29.454685,8.000000
2.603516,-0.267578,1.160156,0.000000,32.803509,8.000000
2.658203,-0.271484,1.138672,0.000000,31.997551,8.000000
4.410156,-0.287109,1.207031,0.000000,30.806265,8.000000
4.464844,-0.289062,1.164062,0.000000,30.449316,8.000000
4.689453,-0.445312,-0.564453,0.000000,29.314579,8.000000
4.740234,-0.449219,-0.476562,0.000000,33.277676,8.000000
4.787109,-0.453125,-0.414062,0.000000,33.767593,8.000000
4.841797,-0.457031,-0.191406,0.000000,30.449316,8.000000
4.822266,-0.460938,0.796875,0.000000,29.827234,8.000000
4.857422,-0.308594,0.896484,0.000000,30.733517,8.000000
0.041016,-0.033203,0.062500,0.000000,30.149403,8.000000
0.044922,-0.046875,0.103516,0.000000,29.036325,8.000000
1.111328,-0.515625,0.328125,0.000000,19.084850,8.000000
2.853516,-2.003906,-2.970703,0.000000,27.824726,8.000000
2.802734,-2.021484,-3.070312,0.000000,27.481880,8.000000
0.011719,-0.039062,-0.007812,0.000000,30.751818,9.000000
0.017578,-0.080078,-0.007812,0.000000,31.986570,9.000000
0.029297,-0.119141,-0.003906,0.000000,30.236639,9.000000
0.056641,-0.154297,0.005859,0.000000,25.514500,9.000000
0.351562,-0.080078,-1.214844,0.000000,21.875208,9.000000
0.298828,-0.041016,1.273438,0.000000,23.201464,9.000000
0.416016,-0.000000,1.283203,0.000000,21.846914,9.000000
2.548828,-0.263672,1.183594,0.000000,29.420080,9.000000
2.603516,-0.267578,1.162109,0.000000,32.778385,9.000000
2.658203,-0.271484,1.136719,0.000000,31.975563,9.000000
4.414062,-0.287109,1.193359,0.000000,30.780941,9.000000
4.464844,-0.289062,1.158203,0.000000,30.429691,9.000000
4.734375,-0.449219,-0.542969,0.000000,33.291943,9.000000
4.785156,-0.453125,-0.445312,0.000000,33.807537,9.000000
4.839844,-0.457031,-0.263672,0.000000,30.629578,9.000000
4.855469,-0.460938,0.548828,0.000000,29.822712,9.000000
4.886719,-0.308594,0.718750,0.000000,30.625820,9.000000
0.041016,-0.033203,0.062500,0.000000,30.153597,9.000000
0.044922,-0.046875,0.103516,0.000000,29.047155,9.000000
1.210938,0.357422,0.113281,0.000000,19.084850,9.000000
2.880859,-2.003906,-2.945312,0.000000,27.824726,9.000000
2.814453,-2.021484,-3.058594,0.000000,27.505083,9.000000
0.011719,-0.039062,-0.007812,0.000000,30.751818,10.000000
0.017578,-0.080078,-0.007812,0.000000,31.983822,10.000000
0.041016,-0.115234,-0.007812,0.000000,30.228407,10.000000
0.056641,-0.154297,0.005859,0.000000,25.514500,10.000000
0.359375,-0.080078,-1.212891,0.000000,21.931246,10.000000
0.306641,-0.041016,1.271484,0.000000,23.222193,10.000000
0.496094,-0.042969,1.255859,0.000000,21.875208,10.000000
1.906250,0.847656,0.041016,0.000000,26.414742,10.000000
1.943359,0.863281,-0.039062,0.000000,26.830471,10.000000
1.976562,0.880859,-0.142578,0.000000,25.658478,10.000000
2.542969,-0.263672,1.195312,0.000000,29.484129,10.000000
2.599609,-0.267578,1.169922,0.000000,32.823956,10.000000
2.654297,-0.271484,1.146484,0.000000,32.038486,10.000000
4.414062,-0.287109,1.191406,0.000000,30.777311,10.000000
4.466797,-0.289062,1.150391,0.000000,30.429691,10.000000
4.751953,-0.449219,-0.359375,0.000000,33.023308,10.000000
4.794922,-0.453125,-0.324219,0.000000,33.588863,10.000000
4.843750,-0.457031,-0.142578,0.000000,30.346285,10.000000
4.820312,-0.460938,0.810547,0.000000,29.647308,10.000000
4.853516,-0.308594,0.923828,0.000000,30.484419,10.000000
0.041016,-0.033203,0.062500,0.000000,30.149403,10.000000
0.044922,-0.046875,0.103516,0.000000,29.041744,10.000000
1.210938,0.357422,0.113281,0.000000,19.138138,10.000000
2.902344,-2.003906,-2.923828,0.000000,27.795965,10.000000
2.896484,-2.021484,-2.980469,0.000000,27.489628,10.000000
0.011719,-0.039062,-0.007812,0.000000,30.755470,11.000000
0.017578,-0.080078,-0.007812,0.000000,31.983822,11.000000
0.029297,-0.119141,-0.005859,0.000000,30.232525,11.000000
0.056641,-0.154297,0.005859,0.000000,25.514500,11.000000
0.335938,-0.080078,-1.220703,0.000000,21.903316,11.000000
0.300781,-0.041016,1.273438,0.000000,23.222193,11.000000
0.416016,-0.000000,1.285156,0.000000,21.903316,11.000000
2.542969,-0.263672,1.195312,0.000000,29.493900,11.000000
