4.833984,-0.460938,0.724609,0.000000,29.912260,0.000000
4.886719,-0.308594,0.728516,0.000000,30.773680,0.000000
0.041016,-0.033203,0.062500,0.000000,30.166155,0.000000
0.044922,-0.046875,0.103516,0.000000,29.057959,0.000000
1.119141,-0.474609,0.363281,0.000000,19.030899,0.000000
0.011719,-0.039062,-0.007812,0.000000,30.770042,1.000000
0.017578,-0.080078,-0.007812,0.000000,32.000294,1.000000
0.029297,-0.119141,-0.005859,0.000000,30.244856,1.000000
0.056641,-0.154297,0.005859,0.000000,25.514500,1.000000
0.363281,-0.080078,-1.212891,0.000000,21.931246,1.000000
0.269531,-0.041016,1.281250,0.000000,23.242825,1.000000
0.453125,-0.042969,1.271484,0.000000,21.875208,1.000000
1.927734,1.216797,-0.220703,0.000000,26.866364,1.000000
1.955078,1.238281,-0.283203,0.000000,26.730209,1.000000
1.966797,1.259766,-0.414062,0.000000,26.618126,1.000000
1.984375,1.281250,-0.492188,0.000000,25.954962,1.000000
2.558594,-0.263672,1.164062,0.000000,29.425041,1.000000
2.607422,-0.267578,1.152344,0.000000,32.782963,1.000000
2.662109,-0.271484,1.130859,0.000000,31.992065,1.000000
4.412109,-0.287109,1.203125,0.000000,30.791813,1.000000
4.462891,-0.289062,1.167969,0.000000,30.437551,1.000000
4.687500,-0.445312,-0.589844,0.000000,29.355072,1.000000
4.740234,-0.449219,-0.486328,0.000000,33.236645,1.000000
4.789062,-0.453125,-0.402344,0.000000,33.694016,1.000000
4.843750,-0.457031,-0.185547,0.000000,30.406023,1.000000
4.830078,-0.460938,0.740234,0.000000,29.735897,1.000000
4.857422,-0.464844,0.833984,0.000000,30.618294,1.000000
0.041016,-0.033203,0.062500,0.000000,30.161974,1.000000
0.044922,-0.046875,0.103516,0.000000,29.052561,1.000000
1.115234,-0.515625,0.310547,0.000000,19.190781,1.000000
0.011719,-0.039062,-0.007812,0.000000,30.766405,2.000000
0.017578,-0.080078,-0.007812,0.000000,32.000294,2.000000
0.041016,-0.115234,-0.007812,0.000000,30.244856,2.000000
0.056641,-0.154297,0.005859,0.000000,25.526682,2.000000
0.363281,-0.080078,-1.212891,0.000000,21.931246,2.000000
0.255859,-0.041016,1.283203,0.000000,23.263359,2.000000
0.453125,-0.042969,1.271484,0.000000,21.875208,2.000000
1.978516,1.144531,-0.140625,0.000000,25.854607,2.000000
2.548828,-0.263672,1.181641,0.000000,29.474337,2.000000
2.603516,-0.267578,1.162109,0.000000,32.817150,2.000000
2.658203,-0.271484,1.136719,0.000000,32.038486,2.000000
4.414062,-0.287109,1.193359,0.000000,30.799046,2.000000
4.462891,-0.289062,1.171875,0.000000,30.429691,2.000000
4.687500,-0.445312,-0.595703,0.000000,29.350031,2.000000
4.740234,-0.449219,-0.494141,0.000000,33.238705,2.000000
4.789062,-0.453125,-0.412109,0.000000,33.692158,2.000000
4.841797,-0.457031,-0.189453,0.000000,30.468851,2.000000
4.853516,-0.460938,0.572266,0.000000,30.000000,2.000000
4.875000,-0.464844,0.724609,0.000000,30.860037,2.000000
0.041016,-0.033203,0.062500,0.000000,30.161974,2.000000
0.044922,-0.046875,0.103516,0.000000,29.057959,2.000000
1.205078,0.357422,0.164062,0.000000,19.084850,2.000000
2.816406,-2.003906,-3.007812,0.000000,27.795965,2.000000
2.718750,-2.021484,-3.144531,0.000000,27.435097,2.000000
0.011719,-0.039062,-0.007812,0.000000,30.766405,3.000000
0.017578,-0.080078,-0.007812,0.000000,32.003033,3.000000
0.029297,-0.119141,-0.005859,0.000000,30.248960,3.000000
0.056641,-0.154297,0.005859,0.000000,25.526682,3.000000
0.320312,-0.080078,-1.224609,0.000000,21.931246,3.000000
0.312500,-0.041016,1.269531,0.000000,23.242825,3.000000
0.488281,-0.042969,1.257812,0.000000,21.931246,3.000000
2.544922,-0.263672,1.191406,0.000000,29.464523,3.000000
2.601562,-0.267578,1.164062,0.000000,32.810333,3.000000
2.658203,-0.271484,1.138672,0.000000,32.022160,3.000000
4.416016,-0.287109,1.189453,0.000000,30.820669,3.000000
4.462891,-0.289062,1.166016,0.000000,30.449316,3.000000
4.740234,-0.449219,-0.488281,0.000000,33.234585,3.000000
4.789062,-0.453125,-0.400391,0.000000,33.686588,3.000000
4.843750,-0.457031,-0.152344,0.000000,30.354298,3.000000
4.853516,-0.308594,0.916016,0.000000,30.795429,3.000000
0.041016,-0.033203,0.062500,0.000000,30.166155,3.000000
0.044922,-0.046875,0.103516,0.000000,29.057959,3.000000
1.207031,0.357422,0.160156,0.000000,19.084850,3.000000
0.011719,-0.039062,-0.007812,0.000000,30.777311,4.000000
0.017578,-0.080078,-0.007812,0.000000,32.008507,4.000000
0.029297,-0.119141,-0.005859,0.000000,30.253059,4.000000
0.056641,-0.154297,0.005859,0.000000,25.538830,4.000000
0.345703,-0.080078,-1.216797,0.000000,21.903316,4.000000
0.298828,-0.041016,1.273438,0.000000,23.263359,4.000000
0.449219,-0.042969,1.271484,0.000000,21.958996,4.000000
1.970703,1.144531,-0.232422,0.000000,26.324574,4.000000
2.009766,1.166016,-0.195312,0.000000,26.304279,4.000000
2.548828,-0.263672,1.181641,0.000000,29.454685,4.000000
2.605469,-0.267578,1.158203,0.000000,32.798950,4.000000
2.660156,-0.271484,1.132812,0.000000,32.000294,4.000000
4.416016,-0.287109,1.189453,0.000000,30.820669,4.000000
4.466797,-0.289062,1.156250,0.000000,30.441477,4.000000
4.689453,-0.445312,-0.568359,0.000000,29.304396,4.000000
4.740234,-0.449219,-0.484375,0.000000,33.228394,4.000000
4.789062,-0.453125,-0.404297,0.000000,33.692158,4.000000
4.843750,-0.457031,-0.167969,0.000000,30.402067,4.000000
4.826172,-0.460938,0.773438,0.000000,29.809120,4.000000
4.869141,-0.308594,0.837891,0.000000,30.625820,4.000000
0.041016,-0.033203,0.062500,0.000000,30.170334,4.000000
0.044922,-0.046875,0.103516,0.000000,29.063351,4.000000
1.111328,-0.515625,0.330078,0.000000,19.030899,4.000000
0.011719,-0.039062,-0.007812,0.000000,30.773680,5.000000
0.017578,-0.080078,-0.007812,0.000000,32.005768,5.000000
0.029297,-0.119141,-0.005859,0.000000,30.248960,5.000000
0.056641,-0.154297,0.005859,0.000000,25.526682,5.000000
0.365234,-0.080078,-1.210938,0.000000,21.903316,5.000000
0.285156,-0.041016,1.277344,0.000000,23.242825,5.000000
0.433594,-0.000000,1.279297,0.000000,21.931246,5.000000
1.964844,1.144531,-0.277344,0.000000,27.193314,5.000000
2.013672,1.166016,-0.162109,0.000000,27.979597,5.000000
2.544922,-0.263672,1.191406,0.000000,29.489017,5.000000
2.603516,-0.267578,1.162109,0.000000,32.817150,5.000000
2.660156,-0.271484,1.132812,0.000000,32.016701,5.000000
4.417969,-0.287109,1.179688,0.000000,30.795429,5.000000
4.462891,-0.289062,1.166016,0.000000,30.441477,5.000000
4.740234,-0.449219,-0.486328,0.000000,33.238705,5.000000
4.789062,-0.453125,-0.404297,0.000000,33.690304,5.000000
4.843750,-0.457031,-0.175781,0.000000,30.374266,5.000000
4.828125,-0.460938,0.755859,0.000000,29.845274,5.000000
4.849609,-0.464844,0.878906,0.000000,30.718821,5.000000
0.041016,-0.033203,0.062500,0.000000,30.166155,5.000000
0.044922,-0.046875,0.103516,0.000000,29.052561,5.000000
1.117188,-0.515625,0.308594,0.000000,19.030899,5.000000
0.011719,-0.039062,-0.007812,0.000000,30.770042,6.000000
0.017578,-0.080078,-0.007812,0.000000,32.003033,6.000000
0.029297,-0.119141,-0.003906,0.000000,30.244856,6.000000
0.056641,-0.154297,0.005859,0.000000,25.514500,6.000000
0.371094,-0.080078,-1.208984,0.000000,21.903316,6.000000
0.273438,-0.041016,1.279297,0.000000,23.263359,6.000000
0.406250,-0.000000,1.287109,0.000000,21.931246,6.000000
1.964844,1.144531,-0.273438,0.000000,26.665180,6.000000
2.007812,1.166016,-0.220703,0.000000,28.102325,6.000000
2.041016,1.185547,-0.236328,0.000000,25.809250,6.000000
2.544922,-0.263672,1.191406,0.000000,29.474337,6.000000
2.601562,-0.267578,1.164062,0.000000,32.812607,6.000000
2.660156,-0.271484,1.134766,0.000000,32.016701,6.000000
4.416016,-0.287109,1.189453,0.000000,30.824263,6.000000
4.464844,-0.289062,1.164062,0.000000,30.453230,6.000000
4.740234,-0.449219,-0.488281,0.000000,33.236645,6.000000
4.789062,-0.453125,-0.400391,0.000000,33.692158,6.000000
4.843750,-0.457031,-0.136719,0.000000,30.406023,6.000000
4.832031,-0.460938,0.734375,0.000000,29.956352,6.000000
4.878906,-0.308594,0.779297,0.000000,30.795429,6.000000
0.041016,-0.033203,0.062500,0.000000,30.161974,6.000000
0.044922,-0.046875,0.103516,0.000000,29.052561,6.000000
1.117188,-0.474609,0.363281,0.000000,19.138138,6.000000
0.011719,-0.039062,-0.007812,0.000000,30.773680,7.000000
0.017578,-0.080078,-0.007812,0.000000,32.005768,7.000000
0.029297,-0.119141,-0.003906,0.000000,30.248960,7.000000
0.056641,-0.154297,0.005859,0.000000,25.526682,7.000000
0.390625,-0.080078,-1.205078,0.000000,21.903316,7.000000
0.246094,-0.041016,1.285156,0.000000,23.263359,7.000000
0.345703,-0.000000,1.304688,0.000000,21.903316,7.000000
2.005859,1.166016,-0.240234,0.000000,27.715876,7.000000
2.042969,1.185547,-0.224609,0.000000,26.589649,7.000000
2.548828,-0.263672,1.181641,0.000000,29.469433,7.000000
2.603516,-0.267578,1.164062,0.000000,32.821690,7.000000
2.658203,-0.271484,1.138672,0.000000,32.033051,7.000000
4.416016,-0.287109,1.187500,0.000000,30.809870,7.000000
4.462891,-0.289062,1.167969,0.000000,30.449316,7.000000
4.740234,-0.449219,-0.488281,0.000000,33.232521,7.000000
4.787109,-0.453125,-0.412109,0.000000,33.692158,7.000000
4.839844,-0.457031,-0.261719,0.000000,30.449316,7.000000
4.878906,-0.464844,0.697266,0.000000,30.378248,7.000000
0.041016,-0.033203,0.062500,0.000000,30.166155,7.000000
0.044922,-0.046875,0.103516,0.000000,29.057959,7.000000
1.205078,0.357422,0.166016,0.000000,19.030899,7.000000
0.011719,-0.039062,-0.007812,0.000000,30.770042,8.000000
0.017578,-0.080078,-0.007812,0.000000,32.008507,8.000000
0.029297,-0.119141,-0.003906,0.000000,30.253059,8.000000
0.056641,-0.154297,0.005859,0.000000,25.538830,8.000000
0.373047,-0.080078,-1.208984,0.000000,21.958996,8.000000
0.250000,-0.041016,1.285156,0.000000,23.283796,8.000000
0.365234,-0.000000,1.298828,0.000000,21.903316,8.000000
2.550781,-0.263672,1.179688,0.000000,29.454685,8.000000
2.603516,-0.267578,1.162109,0.000000,32.801228,8.000000
2.658203,-0.271484,1.138672,0.000000,32.005768,8.000000
4.417969,-0.287109,1.181641,0.000000,30.824263,8.000000
4.462891,-0.289062,1.167969,0.000000,30.449316,8.000000
4.740234,-0.449219,-0.488281,0.000000,33.238705,8.000000
4.787109,-0.453125,-0.414062,0.000000,33.679146,8.000000
4.839844,-0.457031,-0.242188,0.000000,30.236639,8.000000
4.820312,-0.464844,1.027344,0.000000,30.322157,8.000000
2.072266,1.304688,-0.162109,0.614669,24.941545,8.000000
0.041016,-0.033203,0.062500,0.000000,30.166155,8.000000
0.044922,-0.046875,0.103516,0.000000,29.057959,8.000000
1.113281,-0.515625,0.320312,0.000000,19.030899,8.000000
0.011719,-0.039062,-0.007812,0.000000,30.759117,9.000000
0.017578,-0.080078,-0.007812,0.000000,32.000294,9.000000
0.041016,-0.115234,-0.007812,0.000000,30.244856,9.000000
0.056641,-0.154297,0.005859,0.000000,25.526682,9.000000
0.371094,-0.080078,-1.208984,0.000000,21.903316,9.000000
0.269531,-0.041016,1.281250,0.000000,23.242825,9.000000
0.447266,-0.042969,1.273438,0.000000,21.903316,9.000000
2.552734,-0.263672,1.175781,0.000000,29.474337,9.000000
2.605469,-0.267578,1.158203,0.000000,32.819420,9.000000
2.660156,-0.271484,1.132812,0.000000,32.030331,9.000000
4.416016,-0.287109,1.185547,0.000000,30.799046,9.000000
4.464844,-0.289062,1.160156,0.000000,30.425755,9.000000
4.740234,-0.449219,-0.490234,0.000000,33.232521,9.000000
4.789062,-0.453125,-0.408203,0.000000,33.697723,9.000000
4.841797,-0.457031,-0.205078,0.000000,30.409977,9.000000
4.861328,-0.308594,0.873047,0.000000,30.610754,9.000000
0.041016,-0.033203,0.062500,0.000000,30.166155,9.000000
0.044922,-0.046875,0.103516,0.000000,29.057959,9.000000
1.117188,-0.515625,0.308594,0.000000,19.084850,9.000000
2.822266,-2.003906,-3.000000,0.000000,27.803173,9.000000
2.746094,-2.021484,-3.121094,0.000000,27.450748,9.000000
0.011719,-0.039062,-0.007812,0.000000,30.770042,10.000000
0.017578,-0.080078,-0.007812,0.000000,32.003033,10.000000
0.029297,-0.119141,-0.003906,0.000000,30.244856,10.000000
0.056641,-0.154297,0.005859,0.000000,25.514500,10.000000
0.355469,-0.080078,-1.214844,0.000000,21.986570,10.000000
0.289062,-0.041016,1.275391,0.000000,23.304138,10.000000
0.351562,-0.000000,1.302734,0.000000,21.931246,10.000000
2.550781,-0.263672,1.179688,0.000000,29.454685,10.000000
2.603516,-0.267578,1.160156,0.000000,32.810333,10.000000
2.660156,-0.271484,1.134766,0.000000,32.022160,10.000000
4.414062,-0.287109,1.193359,0.000000,30.817072,10.000000
4.464844,-0.289062,1.164062,0.000000,30.445398,10.000000
4.740234,-0.449219,-0.480469,0.000000,33.232521,10.000000
4.791016,-0.453125,-0.386719,0.000000,33.727280,10.000000
4.843750,-0.457031,-0.132812,0.000000,30.629578,10.000000
4.851562,-0.460938,0.587891,0.000000,30.119930,10.000000
4.886719,-0.308594,0.728516,0.000000,30.916670,10.000000
2.121094,1.226562,-0.132812,0.614669,24.683474,10.000000
2.148438,1.248047,-0.228516,0.614669,25.728716,10.000000
0.041016,-0.033203,0.062500,0.000000,30.170334,10.000000
0.044922,-0.046875,0.103516,0.000000,29.068735,10.000000
1.119141,-0.474609,0.361328,0.000000,19.030899,10.000000
0.011719,-0.039062,-0.007812,0.000000,30.770042,11.000000
0.017578,-0.080078,-0.007812,0.000000,32.005768,11.000000
0.029297,-0.119141,-0.003906,0.000000,30.253059,11.000000
0.056641,-0.154297,0.005859,0.000000,25.526682,11.000000
0.367188,-0.080078,-1.210938,0.000000,21.903316,11.000000
0.287109,-0.041016,1.275391,0.000000,23.222193,11.000000
0.451172,-0.042969,1.271484,0.000000,21.846914,11.000000
2.548828,-0.263672,1.181641,0.000000,29.454685,11.000000
2.603516,-0.267578,1.160156,0.000000,32.801228,11.000000
2.660156,-0.271484,1.134766,0.000000,32.013969,11.000000
4.412109,-0.287109,1.199219,0.000000,30.806265,11.000000
4.460938,-0.289062,1.179688,0.000000,30.433622,11.000000
4.740234,-0.449219,-0.480469,0.000000,33.222195,11.000000
4.789062,-0.453125,-0.396484,0.000000,33.636120,11.000000
4.845703,-0.457031,-0.076172,0.000000,30.056095,11.000000
4.767578,-0.460938,1.076172,0.000000,29.890047,11.000000
4.849609,-0.308594,0.939453,0.000000,30.692980,11.000000
0.041016,-0.033203,0.062500,0.000000,30.170334,11.000000
0.044922,-0.046875,0.103516,0.000000,29.057959,11.000000
1.117188,-0.515625,0.308594,0.000000,19.084850,11.000000
2.851562,-2.003906,-2.972656,0.000000,27.803173,11.000000
0.011719,-0.039062,-0.007812,0.000000,30.759117,12.000000
0.017578,-0.080078,-0.007812,0.000000,32.003033,12.000000
0.041016,-0.115234,-0.007812,0.000000,30.248960,12.000000
0.056641,-0.154297,0.005859,0.000000,25.538830,12.000000
0.382812,-0.080078,-1.207031,0.000000,21.903316,12.000000
0.251953,-0.041016,1.283203,0.000000,23.222193,12.000000
0.464844,-0.042969,1.265625,0.000000,21.875208,12.000000
2.548828,-0.263672,1.181641,0.000000,29.459606,12.000000
2.605469,-0.267578,1.158203,0.000000,32.808060,12.000000
2.660156,-0.271484,1.132812,0.000000,32.033051,12.000000
