4.822266,-0.150391,-0.158203,0.000000,34.247185,0.000000
4.855469,-0.000000,0.337891,0.000000,31.267805,0.000000
4.771484,-0.154297,1.306641,0.000000,31.925674,0.000000
1.871094,1.173828,-0.060547,0.614669,27.824726,0.000000
1.855469,1.265625,-0.119141,0.614669,27.573959,0.000000
1.878906,1.289062,-0.238281,0.614669,25.899496,0.000000
1.869141,1.384766,-0.162109,0.614669,24.955442,0.000000
0.037109,-0.035156,0.064453,0.000000,30.115704,0.000000
0.046875,-0.046875,0.103516,0.000000,28.998205,0.000000
0.011719,-0.039062,-0.007812,0.000000,30.648323,1.000000
0.027344,-0.076172,-0.009766,0.000000,31.846914,1.000000
0.029297,-0.119141,-0.005859,0.000000,30.077478,1.000000
0.056641,-0.154297,0.007812,0.000000,25.415792,1.000000
0.476562,-0.000000,1.173828,0.000000,23.201464,1.000000
0.521484,-0.041016,1.201172,0.000000,24.265112,1.000000
0.529297,-0.000000,1.242188,0.000000,22.787537,1.000000
2.640625,-0.000000,0.998047,0.000000,28.808136,1.000000
2.681641,-0.000000,1.001953,0.000000,32.201080,1.000000
2.728516,0.089844,0.992188,0.000000,31.348145,1.000000
4.451172,-0.000000,1.087891,0.000000,31.010593,1.000000
4.525391,-0.144531,0.935547,0.000000,30.729847,1.000000
4.660156,-0.000000,0.173828,0.000000,31.495270,1.000000
4.701172,-0.000000,0.166016,0.000000,32.857822,1.000000
4.740234,-0.148438,-0.164062,0.000000,32.365372,1.000000
4.769531,-0.150391,-0.376953,0.000000,33.752979,1.000000
4.816406,-0.150391,-0.296875,0.000000,34.374336,1.000000
4.865234,-0.000000,-0.173828,0.000000,31.613680,1.000000
4.847656,-0.154297,0.984375,0.000000,31.202448,1.000000
1.863281,1.173828,-0.183594,0.614669,26.821451,1.000000
1.904297,1.195312,-0.074219,0.614669,27.427252,1.000000
1.816406,1.457031,-0.109375,0.614669,26.551384,1.000000
1.845703,1.482422,0.144531,1.229337,24.329693,1.000000
0.037109,-0.035156,0.064453,0.000000,30.115704,1.000000
0.046875,-0.046875,0.103516,0.000000,29.003672,1.000000
0.009766,-0.056641,0.154297,0.000000,25.250448,1.000000
0.011719,-0.039062,-0.007812,0.000000,30.663260,2.000000
0.027344,-0.076172,-0.009766,0.000000,31.849752,2.000000
0.029297,-0.119141,-0.005859,0.000000,30.086002,2.000000
0.056641,-0.154297,0.007812,0.000000,25.428255,2.000000
0.486328,-0.000000,1.171875,0.000000,23.222193,2.000000
0.525391,-0.041016,1.199219,0.000000,24.248816,2.000000
0.539062,-0.000000,1.238281,0.000000,22.741579,2.000000
2.640625,-0.000000,0.998047,0.000000,28.779470,2.000000
2.679688,-0.000000,1.009766,0.000000,32.206310,2.000000
2.724609,0.089844,1.003906,0.000000,31.348145,2.000000
4.455078,-0.000000,1.068359,0.000000,31.017471,2.000000
4.525391,-0.144531,0.927734,0.000000,30.733517,2.000000
4.660156,-0.000000,0.177734,0.000000,31.507565,2.000000
4.701172,-0.000000,0.177734,0.000000,32.873539,2.000000
4.740234,-0.148438,-0.144531,0.000000,32.385479,2.000000
4.769531,-0.150391,-0.380859,0.000000,33.723595,2.000000
4.808594,-0.150391,-0.388672,0.000000,34.274860,2.000000
4.841797,-0.000000,-0.507812,0.000000,31.436392,2.000000
4.875000,-0.154297,0.843750,0.000000,31.271048,2.000000
1.912109,1.103516,-0.083984,0.614669,27.723217,2.000000
1.902344,1.195312,-0.134766,0.614669,29.689497,2.000000
1.978516,1.144531,-0.150391,0.614669,27.315887,2.000000
1.867188,1.384766,0.177734,0.614669,27.347998,2.000000
1.849609,1.482422,0.082031,1.229337,26.394865,2.000000
1.820312,1.583984,-0.044922,1.229337,22.227165,2.000000
0.037109,-0.035156,0.064453,0.000000,30.119930,2.000000
0.046875,-0.046875,0.103516,0.000000,28.998205,2.000000
0.009766,-0.056641,0.154297,0.000000,25.237465,2.000000
1.824219,1.242188,-0.093750,0.614669,27.686380,2.000000
0.011719,-0.039062,-0.007812,0.000000,30.652061,3.000000
0.027344,-0.076172,-0.009766,0.000000,31.846914,3.000000
0.029297,-0.119141,-0.005859,0.000000,30.077478,3.000000
0.056641,-0.154297,0.007812,0.000000,25.403296,3.000000
0.494141,-0.000000,1.167969,0.000000,23.242825,3.000000
0.527344,-0.041016,1.197266,0.000000,24.248816,3.000000
0.541016,-0.000000,1.236328,0.000000,22.787537,3.000000
2.642578,-0.000000,0.992188,0.000000,28.785217,3.000000
2.679688,-0.000000,1.007812,0.000000,32.214142,3.000000
2.722656,0.089844,1.007812,0.000000,31.360861,3.000000
4.453125,-0.000000,1.076172,0.000000,30.996807,3.000000
4.523438,-0.144531,0.939453,0.000000,30.711452,3.000000
4.660156,-0.000000,0.191406,0.000000,31.504494,3.000000
4.701172,-0.000000,0.179688,0.000000,32.869053,3.000000
4.740234,-0.148438,-0.150391,0.000000,32.365372,3.000000
4.767578,-0.150391,-0.382812,0.000000,33.688446,3.000000
4.808594,-0.150391,-0.398438,0.000000,34.117882,3.000000
4.820312,-0.000000,-0.679688,0.000000,30.773680,3.000000
4.843750,-0.154297,1.009766,0.000000,30.838608,3.000000
1.835938,1.289062,-0.466797,0.614669,26.919651,3.000000
1.865234,1.312500,-0.486328,0.614669,25.820633,3.000000
0.037109,-0.035156,0.064453,0.000000,30.115704,3.000000
0.046875,-0.046875,0.103516,0.000000,28.998205,3.000000
0.005859,-0.056641,0.154297,0.000000,25.237465,3.000000
1.250000,0.365234,1.933594,0.614669,22.922562,3.000000
0.011719,-0.039062,-0.007812,0.000000,30.648323,4.000000
0.027344,-0.076172,-0.009766,0.000000,31.844074,4.000000
0.029297,-0.119141,-0.005859,0.000000,30.077478,4.000000
0.056641,-0.154297,0.007812,0.000000,25.403296,4.000000
0.500000,-0.000000,1.166016,0.000000,23.263359,4.000000
0.539062,-0.041016,1.191406,0.000000,24.281347,4.000000
0.548828,-0.000000,1.234375,0.000000,22.787537,4.000000
2.644531,-0.000000,0.988281,0.000000,28.825245,4.000000
2.683594,-0.000000,0.998047,0.000000,32.219357,4.000000
2.730469,0.089844,0.986328,0.000000,31.364035,4.000000
4.457031,-0.000000,1.064453,0.000000,31.017471,4.000000
4.527344,-0.144531,0.921875,0.000000,30.729847,4.000000
4.660156,-0.000000,0.177734,0.000000,31.498346,4.000000
4.701172,-0.000000,0.173828,0.000000,32.866810,4.000000
4.740234,-0.148438,-0.148438,0.000000,32.365372,4.000000
4.769531,-0.150391,-0.361328,0.000000,33.736473,4.000000
4.818359,-0.150391,-0.248047,0.000000,34.324883,4.000000
4.867188,-0.000000,0.103516,0.000000,31.583626,4.000000
4.896484,-0.154297,0.710938,0.000000,31.433271,4.000000
1.902344,1.195312,-0.105469,0.614669,29.185545,4.000000
1.935547,1.216797,-0.130859,0.614669,30.310043,4.000000
1.966797,1.238281,-0.193359,0.614669,28.027737,4.000000
0.037109,-0.035156,0.064453,0.000000,30.115704,4.000000
0.046875,-0.046875,0.103516,0.000000,28.992731,4.000000
0.011719,-0.039062,-0.007812,0.000000,30.652061,5.000000
0.027344,-0.076172,-0.009766,0.000000,31.844074,5.000000
0.029297,-0.119141,-0.005859,0.000000,30.077478,5.000000
0.056641,-0.154297,0.007812,0.000000,25.415792,5.000000
0.484375,-0.000000,1.171875,0.000000,23.201464,5.000000
0.529297,-0.041016,1.197266,0.000000,24.248816,5.000000
0.537109,-0.000000,1.238281,0.000000,22.764618,5.000000
2.642578,-0.000000,0.994141,0.000000,28.847954,5.000000
2.683594,-0.000000,1.000000,0.000000,32.219357,5.000000
2.730469,0.089844,0.984375,0.000000,31.348145,5.000000
4.458984,-0.000000,1.048828,0.000000,31.017471,5.000000
4.531250,-0.144531,0.902344,0.000000,30.726175,5.000000
4.660156,-0.000000,0.181641,0.000000,31.492191,5.000000
4.701172,-0.000000,0.175781,0.000000,32.862320,5.000000
4.740234,-0.148438,-0.150391,0.000000,32.372925,5.000000
4.767578,-0.150391,-0.382812,0.000000,33.736473,5.000000
4.810547,-0.150391,-0.359375,0.000000,34.339298,5.000000
4.849609,-0.000000,-0.412109,0.000000,31.604685,5.000000
4.873047,-0.154297,0.857422,0.000000,31.024338,5.000000
1.939453,1.216797,-0.062500,0.614669,27.403627,5.000000
1.968750,1.238281,-0.167969,0.614669,26.551384,5.000000
0.037109,-0.035156,0.064453,0.000000,30.111473,5.000000
0.046875,-0.046875,0.103516,0.000000,28.998205,5.000000
0.011719,-0.039062,-0.007812,0.000000,30.659531,6.000000
0.027344,-0.076172,-0.009766,0.000000,31.846914,6.000000
0.029297,-0.119141,-0.005859,0.000000,30.077478,6.000000
0.056641,-0.154297,0.007812,0.000000,25.403296,6.000000
0.490234,-0.000000,1.169922,0.000000,23.180634,6.000000
0.529297,-0.041016,1.197266,0.000000,24.232458,6.000000
0.548828,-0.000000,1.234375,0.000000,22.787537,6.000000
2.640625,-0.000000,0.996094,0.000000,28.836615,6.000000
2.681641,-0.000000,1.001953,0.000000,32.208923,6.000000
2.726562,0.089844,0.994141,0.000000,31.332195,6.000000
4.453125,-0.000000,1.080078,0.000000,31.017471,6.000000
4.525391,-0.144531,0.929688,0.000000,30.737183,6.000000
4.660156,-0.000000,0.179688,0.000000,31.507565,6.000000
4.701172,-0.000000,0.173828,0.000000,32.875778,6.000000
4.740234,-0.148438,-0.154297,0.000000,32.367889,6.000000
4.767578,-0.150391,-0.388672,0.000000,33.729118,6.000000
4.810547,-0.150391,-0.367188,0.000000,34.418522,6.000000
4.853516,-0.000000,-0.378906,0.000000,31.972805,6.000000
4.861328,-0.154297,0.919922,0.000000,31.152777,6.000000
1.968750,1.238281,-0.160156,0.614669,26.464037,6.000000
0.037109,-0.035156,0.064453,0.000000,30.111473,6.000000
0.046875,-0.046875,0.103516,0.000000,28.992731,6.000000
0.011719,-0.039062,-0.007812,0.000000,30.652061,7.000000
0.027344,-0.076172,-0.009766,0.000000,31.849752,7.000000
0.029297,-0.119141,-0.005859,0.000000,30.081741,7.000000
0.056641,-0.154297,0.007812,0.000000,25.415792,7.000000
0.494141,-0.000000,1.167969,0.000000,23.201464,7.000000
0.517578,-0.041016,1.201172,0.000000,24.232458,7.000000
0.537109,-0.000000,1.238281,0.000000,22.787537,7.000000
2.640625,-0.000000,0.996094,0.000000,28.825245,7.000000
2.681641,-0.000000,1.001953,0.000000,32.224564,7.000000
2.730469,0.089844,0.986328,0.000000,31.354507,7.000000
4.455078,-0.000000,1.070312,0.000000,31.010593,7.000000
4.525391,-0.144531,0.929688,0.000000,30.737183,7.000000
4.660156,-0.000000,0.179688,0.000000,31.522884,7.000000
4.701172,-0.000000,0.177734,0.000000,32.882492,7.000000
4.740234,-0.148438,-0.144531,0.000000,32.370407,7.000000
4.767578,-0.150391,-0.382812,0.000000,33.706982,7.000000
4.810547,-0.150391,-0.378906,0.000000,34.229179,7.000000
4.843750,-0.000000,-0.480469,0.000000,31.112625,7.000000
4.828125,-0.154297,1.083984,0.000000,31.312979,7.000000
0.037109,-0.035156,0.064453,0.000000,30.111473,7.000000
0.046875,-0.046875,0.103516,0.000000,28.998205,7.000000
0.011719,-0.039062,-0.007812,0.000000,30.652061,8.000000
0.027344,-0.076172,-0.009766,0.000000,31.844074,8.000000
0.029297,-0.119141,-0.005859,0.000000,30.077478,8.000000
0.056641,-0.154297,0.007812,0.000000,25.415792,8.000000
0.482422,-0.000000,1.173828,0.000000,23.222193,8.000000
0.527344,-0.041016,1.197266,0.000000,24.265112,8.000000
0.539062,-0.000000,1.238281,0.000000,22.810333,8.000000
2.642578,-0.000000,0.990234,0.000000,28.756399,8.000000
2.683594,-0.000000,1.000000,0.000000,32.193226,8.000000
2.732422,0.089844,0.980469,0.000000,31.332195,8.000000
4.451172,-0.000000,1.085938,0.000000,30.996807,8.000000
4.523438,-0.144531,0.937500,0.000000,30.726175,8.000000
4.660156,-0.000000,0.179688,0.000000,31.519823,8.000000
4.701172,-0.000000,0.169922,0.000000,32.875778,8.000000
4.740234,-0.148438,-0.152344,0.000000,32.385479,8.000000
4.767578,-0.150391,-0.380859,0.000000,33.745651,8.000000
4.812500,-0.150391,-0.341797,0.000000,34.342495,8.000000
4.855469,-0.000000,-0.357422,0.000000,31.676126,8.000000
4.851562,-0.154297,0.966797,0.000000,30.637085,8.000000
1.964844,1.238281,-0.207031,0.614669,25.740313,8.000000
2.001953,1.259766,-0.179688,0.614669,26.655809,8.000000
0.037109,-0.035156,0.064453,0.000000,30.111473,8.000000
0.046875,-0.046875,0.103516,0.000000,28.998205,8.000000
0.009766,-0.056641,0.154297,0.000000,25.237465,8.000000
0.011719,-0.039062,-0.007812,0.000000,30.648323,9.000000
0.027344,-0.076172,-0.009766,0.000000,31.844074,9.000000
0.029297,-0.119141,-0.005859,0.000000,30.077478,9.000000
0.056641,-0.154297,0.007812,0.000000,25.403296,9.000000
0.494141,-0.000000,1.167969,0.000000,23.201464,9.000000
0.531250,-0.041016,1.195312,0.000000,24.232458,9.000000
0.533203,-0.000000,1.240234,0.000000,22.787537,9.000000
2.636719,-0.000000,1.007812,0.000000,28.813847,9.000000
2.679688,-0.000000,1.011719,0.000000,32.224564,9.000000
2.726562,0.089844,0.996094,0.000000,31.354507,9.000000
4.453125,-0.000000,1.078125,0.000000,30.996807,9.000000
4.525391,-0.144531,0.933594,0.000000,30.726175,9.000000
4.660156,-0.000000,0.171875,0.000000,31.525940,9.000000
4.701172,-0.000000,0.167969,0.000000,32.889194,9.000000
4.740234,-0.148438,-0.150391,0.000000,32.380463,9.000000
4.769531,-0.150391,-0.378906,0.000000,33.716221,9.000000
4.810547,-0.150391,-0.359375,0.000000,34.326488,9.000000
4.857422,-0.000000,-0.304688,0.000000,31.607685,9.000000
4.908203,-0.154297,0.625000,0.000000,31.556396,9.000000
0.037109,-0.035156,0.064453,0.000000,30.111473,9.000000
0.046875,-0.046875,0.103516,0.000000,28.998205,9.000000
0.011719,-0.039062,-0.007812,0.000000,30.655798,10.000000
0.027344,-0.076172,-0.009766,0.000000,31.849752,10.000000
0.029297,-0.119141,-0.005859,0.000000,30.081741,10.000000
0.056641,-0.154297,0.007812,0.000000,25.415792,10.000000
0.494141,-0.000000,1.167969,0.000000,23.242825,10.000000
0.525391,-0.041016,1.197266,0.000000,24.265112,10.000000
0.535156,-0.000000,1.238281,0.000000,22.810333,10.000000
2.642578,-0.000000,0.994141,0.000000,28.864906,10.000000
2.683594,-0.000000,1.001953,0.000000,32.232361,10.000000
2.732422,0.089844,0.982422,0.000000,31.335388,10.000000
4.455078,-0.000000,1.072266,0.000000,30.976044,10.000000
4.525391,-0.144531,0.925781,0.000000,30.711452,10.000000
4.660156,-0.000000,0.193359,0.000000,31.501421,10.000000
4.701172,-0.000000,0.183594,0.000000,32.866810,10.000000
4.740234,-0.148438,-0.140625,0.000000,32.380463,10.000000
4.767578,-0.150391,-0.380859,0.000000,33.725437,10.000000
4.808594,-0.150391,-0.388672,0.000000,34.253712,10.000000
4.833984,-0.000000,-0.582031,0.000000,31.034616,10.000000
4.699219,-0.000000,1.554688,0.000000,31.335388,10.000000
2.042969,1.281250,-0.095703,0.614669,24.593925,10.000000
0.037109,-0.035156,0.064453,0.000000,30.111473,10.000000
0.046875,-0.046875,0.103516,0.000000,28.992731,10.000000
0.011719,-0.039062,-0.007812,0.000000,30.648323,11.000000
0.027344,-0.076172,-0.009766,0.000000,31.846914,11.000000
0.029297,-0.119141,-0.005859,0.000000,30.081741,11.000000
0.056641,-0.154297,0.007812,0.000000,25.428255,11.000000
0.496094,-0.000000,1.166016,0.000000,23.222193,11.000000
0.539062,-0.041016,1.191406,0.000000,24.232458,11.000000
0.544922,-0.000000,1.234375,0.000000,22.741579,11.000000
2.642578,-0.000000,0.992188,0.000000,28.808136,11.000000
2.683594,-0.000000,0.998047,0.000000,32.208923,11.000000
2.736328,0.089844,0.970703,0.000000,31.312979,11.000000
