4.863281,-0.308594,0.873047,0.000000,30.722500,0.000000
4.943359,-0.623047,0.298828,0.000000,29.576073,0.000000
0.669922,0.130859,-0.136719,-0.614669,26.711729,0.000000
0.705078,0.160156,-0.140625,-0.614669,29.370161,0.000000
0.746094,0.169922,-0.138672,-0.614669,28.344208,0.000000
0.791016,0.179688,-0.111328,-0.614669,23.404442,0.000000
0.037109,-0.035156,0.064453,0.000000,30.149403,0.000000
0.044922,-0.046875,0.105469,0.000000,29.079485,0.000000
0.449219,-0.126953,0.671875,-0.614669,20.569048,0.000000
0.011719,-0.039062,-0.007812,0.000000,30.780941,1.000000
0.027344,-0.076172,-0.009766,0.000000,31.970047,1.000000
0.029297,-0.119141,-0.005859,0.000000,30.178677,1.000000
0.056641,-0.154297,0.007812,0.000000,25.453072,1.000000
0.667969,0.173828,-0.078125,0.000000,28.075350,1.000000
0.703125,0.207031,-0.070312,0.000000,29.881128,1.000000
0.744141,0.218750,-0.050781,0.000000,27.723217,1.000000
0.783203,0.230469,-0.052734,0.000000,20.253059,1.000000
0.882812,0.275391,0.332031,0.000000,27.185017,1.000000
0.917969,0.287109,0.345703,0.000000,27.604225,1.000000
2.607422,-0.175781,1.066406,0.000000,29.227255,1.000000
2.644531,-0.179688,1.082031,0.000000,32.506638,1.000000
2.724609,-0.089844,1.003906,0.000000,31.670218,1.000000
4.335938,-0.000000,1.351562,0.000000,27.839035,1.000000
4.406250,-0.142578,1.246094,0.000000,31.392492,1.000000
4.480469,-0.144531,1.130859,0.000000,31.122698,1.000000
4.638672,-0.000000,0.476562,0.000000,31.248301,1.000000
4.687500,-0.000000,0.396484,0.000000,32.132519,1.000000
4.746094,-0.000000,-0.001953,0.000000,30.744507,1.000000
4.742188,-0.298828,-0.580078,0.000000,33.215984,1.000000
4.789062,-0.150391,-0.585938,0.000000,34.279728,1.000000
4.818359,-0.152344,-0.679688,0.000000,31.878027,1.000000
4.875000,-0.464844,0.718750,0.000000,30.729847,1.000000
4.947266,-0.623047,0.179688,0.000000,29.618956,1.000000
0.037109,-0.035156,0.064453,0.000000,30.153597,1.000000
0.044922,-0.046875,0.105469,0.000000,29.084850,1.000000
0.412109,-0.101562,0.699219,0.000000,19.684830,1.000000
0.011719,-0.039062,-0.007812,0.000000,30.788193,2.000000
0.027344,-0.076172,-0.009766,0.000000,31.972805,2.000000
0.029297,-0.119141,-0.005859,0.000000,30.182842,2.000000
0.056641,-0.154297,0.005859,0.000000,25.465427,2.000000
0.609375,0.205078,-0.126953,0.000000,23.138672,2.000000
0.650391,0.216797,-0.117188,0.000000,28.853613,2.000000
0.679688,0.253906,-0.128906,0.000000,30.281645,2.000000
0.712891,0.267578,-0.160156,0.000000,28.088860,2.000000
0.705078,0.306641,-0.281250,0.000000,23.996737,2.000000
0.750000,0.267578,-0.322266,0.000000,25.693739,2.000000
0.806641,0.253906,-0.308594,0.000000,26.560982,2.000000
0.902344,0.263672,-0.046875,0.000000,25.693739,2.000000
0.894531,0.275391,0.294922,0.000000,27.331972,2.000000
2.621094,-0.175781,1.033203,0.000000,29.375179,2.000000
2.667969,-0.179688,1.025391,0.000000,32.716091,2.000000
2.763672,-0.089844,0.888672,0.000000,32.143139,2.000000
4.306641,-0.142578,1.429688,0.000000,28.155777,2.000000
4.380859,-0.142578,1.333984,0.000000,31.649473,2.000000
4.441406,-0.144531,1.269531,0.000000,31.215599,2.000000
4.660156,0.146484,0.082031,0.000000,30.094509,2.000000
4.699219,-0.000000,0.207031,0.000000,31.516762,2.000000
4.744141,-0.000000,-0.115234,0.000000,29.623693,2.000000
4.738281,-0.298828,-0.605469,0.000000,33.215984,2.000000
4.791016,-0.150391,-0.570312,0.000000,34.443573,2.000000
4.816406,-0.152344,-0.687500,0.000000,32.000294,2.000000
4.871094,-0.308594,0.828125,0.000000,30.549959,2.000000
4.945312,-0.623047,0.238281,0.000000,29.395193,2.000000
0.037109,-0.035156,0.064453,0.000000,30.149403,2.000000
0.044922,-0.046875,0.105469,0.000000,29.079485,2.000000
0.464844,-0.023438,0.621094,0.000000,25.327543,2.000000
0.658203,-0.000000,0.486328,0.000000,21.731863,2.000000
0.011719,-0.039062,-0.007812,0.000000,30.784569,3.000000
0.027344,-0.076172,-0.009766,0.000000,31.970047,3.000000
0.029297,-0.119141,-0.005859,0.000000,30.178677,3.000000
0.056641,-0.154297,0.007812,0.000000,25.453072,3.000000
0.599609,0.224609,-0.138672,0.000000,23.996737,3.000000
0.640625,0.238281,-0.123047,0.000000,29.009130,3.000000
0.681641,0.253906,-0.109375,0.000000,30.195316,3.000000
0.734375,0.242188,-0.083984,0.000000,28.241259,3.000000
0.775391,0.230469,-0.123047,0.000000,26.009729,3.000000
0.771484,0.242188,-0.291016,0.000000,26.374897,3.000000
0.796875,0.253906,-0.330078,0.000000,25.751879,3.000000
2.628906,-0.175781,1.011719,0.000000,29.395193,3.000000
2.679688,-0.179688,0.994141,0.000000,32.683437,3.000000
2.791016,-0.089844,0.794922,0.000000,32.081726,3.000000
4.302734,-0.142578,1.441406,0.000000,27.916906,3.000000
4.384766,-0.142578,1.320312,0.000000,31.522884,3.000000
4.451172,-0.144531,1.238281,0.000000,31.215599,3.000000
4.695312,-0.294922,-0.044922,0.000000,29.786369,3.000000
4.744141,-0.298828,-0.560547,0.000000,33.308193,3.000000
4.792969,-0.150391,-0.558594,0.000000,34.390167,3.000000
4.822266,-0.152344,-0.640625,0.000000,31.911715,3.000000
4.878906,-0.308594,0.775391,0.000000,30.784569,3.000000
4.947266,-0.623047,0.220703,0.000000,29.474337,3.000000
0.037109,-0.035156,0.064453,0.000000,30.149403,3.000000
0.044922,-0.046875,0.103516,0.000000,29.079485,3.000000
0.011719,-0.039062,-0.007812,0.000000,30.780941,4.000000
0.027344,-0.076172,-0.009766,0.000000,31.972805,4.000000
0.029297,-0.119141,-0.005859,0.000000,30.182842,4.000000
0.056641,-0.154297,0.007812,0.000000,25.465427,4.000000
0.593750,0.246094,-0.123047,0.000000,24.345690,4.000000
0.632812,0.261719,-0.125000,0.000000,29.289078,4.000000
0.669922,0.275391,-0.128906,0.000000,30.378248,4.000000
0.708984,0.291016,-0.132812,0.000000,27.831886,4.000000
0.525391,0.076172,0.623047,0.000000,20.374266,4.000000
0.630859,0.267578,-0.519531,0.000000,22.764618,4.000000
0.755859,0.281250,-0.400391,0.000000,22.878017,4.000000
0.869141,0.337891,0.306641,0.000000,26.683859,4.000000
2.626953,-0.175781,1.019531,0.000000,29.493900,4.000000
2.683594,-0.179688,0.982422,0.000000,32.741577,4.000000
2.791016,-0.089844,0.798828,0.000000,32.169571,4.000000
4.302734,-0.142578,1.443359,0.000000,27.972675,4.000000
4.382812,-0.142578,1.326172,0.000000,31.489109,4.000000
4.453125,-0.144531,1.230469,0.000000,31.099159,4.000000
4.646484,-0.000000,0.400391,0.000000,30.499929,4.000000
4.687500,-0.000000,0.400391,0.000000,31.687920,4.000000
4.746094,-0.000000,0.015625,0.000000,29.956352,4.000000
4.744141,-0.298828,-0.560547,0.000000,33.226326,4.000000
4.791016,-0.150391,-0.562500,0.000000,34.448254,4.000000
4.818359,-0.152344,-0.679688,0.000000,32.153732,4.000000
4.873047,-0.308594,0.806641,0.000000,30.637085,4.000000
4.947266,-0.623047,0.216797,0.000000,29.400181,4.000000
0.037109,-0.035156,0.064453,0.000000,30.149403,4.000000
0.044922,-0.046875,0.105469,0.000000,29.079485,4.000000
0.718750,0.382812,-0.083984,0.000000,19.912260,4.000000
0.011719,-0.039062,-0.007812,0.000000,30.784569,5.000000
0.027344,-0.076172,-0.009766,0.000000,31.970047,5.000000
0.029297,-0.119141,-0.005859,0.000000,30.178677,5.000000
0.056641,-0.154297,0.007812,0.000000,25.453072,5.000000
0.595703,0.246094,-0.113281,0.000000,22.455126,5.000000
0.625000,0.283203,-0.111328,0.000000,28.027737,5.000000
0.671875,0.275391,-0.123047,0.000000,29.513374,5.000000
0.697266,0.316406,-0.130859,0.000000,27.505083,5.000000
0.757812,0.267578,-0.302734,0.000000,24.031206,5.000000
0.775391,0.281250,-0.359375,0.000000,23.483049,5.000000
0.869141,0.367188,0.273438,0.000000,26.570559,5.000000
0.892578,0.416016,0.279297,0.000000,27.450748,5.000000
2.630859,-0.175781,1.005859,0.000000,29.390198,5.000000
2.681641,-0.179688,0.988281,0.000000,32.711445,5.000000
2.787109,-0.089844,0.812500,0.000000,32.079037,5.000000
4.304688,-0.142578,1.435547,0.000000,27.902851,5.000000
4.392578,-0.142578,1.292969,0.000000,31.476763,5.000000
4.458984,-0.144531,1.210938,0.000000,31.136091,5.000000
4.632812,-0.000000,0.537109,0.000000,29.604708,5.000000
4.701172,-0.000000,0.154297,0.000000,30.068937,5.000000
4.742188,-0.298828,-0.578125,0.000000,33.310223,5.000000
4.789062,-0.150391,-0.576172,0.000000,34.445133,5.000000
4.816406,-0.152344,-0.687500,0.000000,32.070957,5.000000
4.875000,-0.308594,0.800781,0.000000,30.770042,5.000000
4.945312,-0.623047,0.257812,0.000000,29.561684,5.000000
0.037109,-0.035156,0.064453,0.000000,30.149403,5.000000
0.044922,-0.046875,0.105469,0.000000,29.084850,5.000000
1.103516,-1.763672,-4.218750,0.000000,27.067179,5.000000
0.011719,-0.039062,-0.007812,0.000000,30.780941,6.000000
0.027344,-0.076172,-0.009766,0.000000,31.972805,6.000000
0.029297,-0.119141,-0.005859,0.000000,30.182842,6.000000
0.056641,-0.154297,0.007812,0.000000,25.465427,6.000000
0.628906,0.283203,-0.093750,0.000000,27.993406,6.000000
0.656250,0.322266,-0.087891,0.000000,30.406023,6.000000
0.705078,0.316406,-0.083984,0.000000,29.532763,6.000000
0.748047,0.306641,-0.125000,0.000000,26.404814,6.000000
0.757812,0.294922,-0.275391,0.000000,24.885508,6.000000
0.783203,0.308594,-0.318359,0.000000,23.617279,6.000000
2.609375,-0.175781,1.062500,0.000000,29.410143,6.000000
2.669922,-0.179688,1.019531,0.000000,32.615009,6.000000
2.773438,-0.089844,0.855469,0.000000,31.908916,6.000000
4.300781,-0.142578,1.451172,0.000000,27.895807,6.000000
4.384766,-0.142578,1.318359,0.000000,31.427023,6.000000
4.449219,-0.144531,1.242188,0.000000,31.003706,6.000000
4.640625,0.146484,0.427734,0.000000,30.216026,6.000000
4.685547,-0.000000,0.429688,0.000000,31.364035,6.000000
4.744141,-0.000000,0.070312,0.000000,29.604708,6.000000
4.744141,-0.298828,-0.548828,0.000000,33.178543,6.000000
4.789062,-0.150391,-0.582031,0.000000,34.426365,6.000000
4.810547,-0.152344,-0.724609,0.000000,32.052044,6.000000
4.869141,-0.308594,0.835938,0.000000,30.685570,6.000000
4.955078,-0.468750,0.355469,0.000000,29.263424,6.000000
0.037109,-0.035156,0.064453,0.000000,30.149403,6.000000
0.044922,-0.046875,0.105469,0.000000,29.074114,6.000000
0.011719,-0.039062,-0.007812,0.000000,30.791813,7.000000
0.027344,-0.076172,-0.009766,0.000000,31.972805,7.000000
0.029297,-0.119141,-0.005859,0.000000,30.182842,7.000000
0.056641,-0.154297,0.007812,0.000000,25.453072,7.000000
0.619141,0.304688,-0.087891,0.000000,26.334684,7.000000
0.658203,0.322266,-0.074219,0.000000,29.334873,7.000000
0.685547,0.365234,-0.046875,0.000000,28.686445,7.000000
0.707031,0.408203,0.033203,0.000000,23.673559,7.000000
0.703125,0.267578,-0.414062,0.000000,24.082399,7.000000
0.763672,0.337891,-0.337891,0.000000,24.313637,7.000000
2.625000,-0.175781,1.023438,0.000000,29.355072,7.000000
2.697266,-0.089844,0.957031,0.000000,32.576786,7.000000
2.748047,-0.089844,0.935547,0.000000,31.812717,7.000000
4.294922,-0.142578,1.466797,0.000000,27.965744,7.000000
4.371094,-0.142578,1.365234,0.000000,31.501421,7.000000
4.414062,-0.144531,1.363281,0.000000,31.218880,7.000000
4.636719,-0.000000,0.488281,0.000000,30.530785,7.000000
4.701172,-0.146484,0.066406,0.000000,31.309767,7.000000
4.734375,-0.148438,-0.273438,0.000000,30.115704,7.000000
4.744141,-0.298828,-0.550781,0.000000,33.332458,7.000000
4.791016,-0.150391,-0.560547,0.000000,34.339298,7.000000
4.818359,-0.152344,-0.671875,0.000000,31.841234,7.000000
4.878906,-0.308594,0.773438,0.000000,30.759117,7.000000
4.923828,-0.779297,0.210938,0.000000,29.552065,7.000000
0.037109,-0.035156,0.064453,0.000000,30.149403,7.000000
0.044922,-0.046875,0.105469,0.000000,29.084850,7.000000
0.332031,0.126953,-0.736328,0.000000,22.041201,7.000000
0.011719,-0.039062,-0.007812,0.000000,30.788193,8.000000
0.027344,-0.076172,-0.009766,0.000000,31.972805,8.000000
0.029297,-0.119141,-0.005859,0.000000,30.178677,8.000000
0.056641,-0.154297,0.005859,0.000000,25.453072,8.000000
0.605469,0.326172,-0.107422,0.000000,25.831987,8.000000
0.642578,0.345703,-0.097656,0.000000,29.294189,8.000000
0.667969,0.388672,-0.085938,0.000000,28.898617,8.000000
0.720703,0.382812,-0.060547,0.000000,25.118834,8.000000
0.781250,0.322266,-0.154297,0.000000,23.636120,8.000000
0.791016,0.308594,-0.294922,0.000000,23.673559,8.000000
2.617188,-0.175781,1.042969,0.000000,29.405165,8.000000
2.662109,-0.179688,1.041016,0.000000,32.598328,8.000000
2.746094,-0.089844,0.939453,0.000000,31.829849,8.000000
4.308594,-0.142578,1.427734,0.000000,28.020893,8.000000
4.376953,-0.142578,1.347656,0.000000,31.553360,8.000000
4.449219,-0.144531,1.246094,0.000000,31.271048,8.000000
4.662109,-0.000000,0.080078,0.000000,29.995655,8.000000
4.701172,0.146484,0.115234,0.000000,30.468851,8.000000
4.736328,-0.298828,-0.617188,0.000000,33.304138,8.000000
4.787109,-0.300781,-0.542969,0.000000,34.364807,8.000000
4.830078,-0.152344,-0.593750,0.000000,31.964525,8.000000
4.884766,-0.308594,0.742188,0.000000,30.718821,8.000000
4.949219,-0.623047,0.152344,0.000000,29.489017,8.000000
0.037109,-0.035156,0.064453,0.000000,30.153597,8.000000
0.044922,-0.046875,0.105469,0.000000,29.079485,8.000000
0.951172,-1.617188,-4.314453,0.000000,27.958799,8.000000
0.011719,-0.039062,-0.007812,0.000000,30.780941,9.000000
0.027344,-0.076172,-0.009766,0.000000,31.967287,9.000000
0.029297,-0.119141,-0.005859,0.000000,30.178677,9.000000
0.056641,-0.154297,0.007812,0.000000,25.453072,9.000000
0.658203,0.294922,-0.466797,0.000000,22.405493,9.000000
0.759766,0.365234,-0.316406,0.000000,23.283796,9.000000
2.630859,-0.175781,1.005859,0.000000,29.355072,9.000000
2.683594,-0.179688,0.984375,0.000000,32.626884,9.000000
2.792969,-0.089844,0.794922,0.000000,31.922886,9.000000
4.289062,-0.142578,1.484375,0.000000,27.951845,9.000000
4.375000,-0.142578,1.349609,0.000000,31.535099,9.000000
4.455078,-0.144531,1.224609,0.000000,31.205740,9.000000
4.642578,-0.000000,0.433594,0.000000,29.768084,9.000000
4.671875,-0.000000,0.544922,0.000000,30.232525,9.000000
4.744141,-0.000000,-0.072266,0.000000,28.727388,9.000000
4.738281,-0.298828,-0.601562,0.000000,33.142887,9.000000
4.791016,-0.150391,-0.576172,0.000000,34.391747,9.000000
4.818359,-0.152344,-0.677734,0.000000,32.065559,9.000000
4.876953,-0.308594,0.791016,0.000000,30.652061,9.000000
4.947266,-0.623047,0.222656,0.000000,29.489017,9.000000
0.591797,0.347656,-0.109375,0.614669,24.216040,9.000000
0.617188,0.390625,-0.089844,0.614669,28.909796,9.000000
0.667969,0.388672,-0.080078,0.614669,29.614210,9.000000
0.689453,0.435547,-0.078125,0.614669,26.085260,9.000000
0.037109,-0.035156,0.064453,0.000000,30.149403,9.000000
0.044922,-0.046875,0.105469,0.000000,29.084850,9.000000
0.777344,-1.779297,-4.330078,0.000000,26.222139,9.000000
0.011719,-0.039062,-0.007812,0.000000,30.784569,10.000000
