0.011719,-0.039062,-0.007812,0.000000,30.644581,0.000000
0.017578,-0.080078,-0.007812,0.000000,31.911715,0.000000
0.029297,-0.119141,-0.005859,0.000000,30.136797,0.000000
0.056641,-0.154297,0.005859,0.000000,25.453072,0.000000
0.136719,-0.080078,1.257812,0.000000,23.138672,0.000000
0.052734,-0.082031,-1.304688,0.000000,24.638929,0.000000
0.460938,-0.083984,-1.265625,0.000000,23.074961,0.000000
0.578125,-0.042969,-1.263672,0.000000,21.643528,0.000000
1.619141,-0.000000,-0.238281,0.000000,27.520485,0.000000
1.667969,-0.000000,-0.179688,0.000000,32.054749,0.000000
1.708984,-0.000000,-0.171875,0.000000,32.301933,0.000000
1.753906,-0.000000,-0.140625,0.000000,28.668777,0.000000
2.619141,-0.175781,1.037109,0.000000,29.036325,0.000000
2.660156,-0.179688,1.044922,0.000000,32.214142,0.000000
2.753906,-0.089844,0.917969,0.000000,31.162756,0.000000
4.388672,-0.283203,1.128906,0.000000,27.986506,0.000000
4.408203,-0.142578,1.240234,0.000000,31.595673,0.000000
4.445312,-0.144531,1.261719,0.000000,31.332195,0.000000
1.503906,-0.000000,0.171875,0.614669,24.082399,0.000000
1.542969,-0.000000,0.191406,0.614669,27.481880,0.000000
1.582031,-0.000000,0.205078,0.614669,26.683859,0.000000
0.009766,0.031250,0.025391,0.000000,29.294189,0.000000
0.041016,-0.033203,0.062500,0.000000,30.098757,0.000000
0.044922,-0.046875,0.103516,0.000000,29.009130,0.000000
0.011719,-0.039062,-0.007812,0.000000,30.659531,1.000000
0.017578,-0.080078,-0.007812,0.000000,31.914511,1.000000
0.029297,-0.119141,-0.005859,0.000000,30.136797,1.000000
0.056641,-0.154297,0.005859,0.000000,25.453072,1.000000
0.126953,-0.080078,1.259766,0.000000,23.117538,1.000000
0.423828,-0.083984,-1.279297,0.000000,23.074961,1.000000
0.558594,-0.042969,-1.273438,0.000000,21.673174,1.000000
1.652344,0.158203,0.242188,0.000000,27.909885,1.000000
1.650391,0.267578,0.392578,0.000000,28.195440,1.000000
2.609375,-0.175781,1.058594,0.000000,28.954226,1.000000
2.689453,-0.089844,0.976562,0.000000,32.193226,1.000000
2.757812,-0.089844,0.908203,0.000000,31.296900,1.000000
4.410156,-0.142578,1.230469,0.000000,28.926510,1.000000
4.458984,-0.000000,1.218750,0.000000,28.704039,1.000000
1.552734,-0.000000,0.367188,0.614669,26.503075,1.000000
1.605469,-0.000000,0.316406,0.614669,26.253124,1.000000
0.041016,-0.033203,0.062500,0.000000,30.102999,1.000000
0.046875,-0.046875,0.103516,0.000000,29.014584,1.000000
1.517578,-0.314453,-0.640625,0.000000,25.740313,1.000000
1.570312,-0.322266,-0.619141,0.000000,27.505083,1.000000
0.011719,-0.039062,-0.007812,0.000000,30.655798,2.000000
0.017578,-0.080078,-0.007812,0.000000,31.911715,2.000000
0.029297,-0.119141,-0.005859,0.000000,30.132587,2.000000
0.056641,-0.154297,0.005859,0.000000,25.465427,2.000000
0.109375,-0.080078,1.261719,0.000000,23.096302,2.000000
0.417969,-0.083984,-1.281250,0.000000,23.096302,2.000000
2.626953,-0.175781,1.017578,0.000000,29.009130,2.000000
2.664062,-0.179688,1.033203,0.000000,32.198463,2.000000
2.755859,-0.089844,0.910156,0.000000,31.228710,2.000000
0.041016,-0.033203,0.062500,0.000000,30.098757,2.000000
0.046875,-0.046875,0.103516,0.000000,29.009130,2.000000
0.011719,-0.039062,-0.007812,0.000000,30.652061,3.000000
0.017578,-0.080078,-0.007812,0.000000,31.908916,3.000000
0.029297,-0.119141,-0.005859,0.000000,30.128372,3.000000
0.056641,-0.154297,0.005859,0.000000,25.453072,3.000000
0.173828,-0.080078,1.253906,0.000000,23.159704,3.000000
0.443359,-0.083984,-1.271484,0.000000,23.074961,3.000000
1.675781,-0.000000,-0.044922,0.000000,33.087776,3.000000
1.716797,-0.052734,-0.048828,0.000000,34.141373,3.000000
1.757812,-0.000000,-0.076172,0.000000,31.728947,3.000000
2.630859,-0.175781,1.009766,0.000000,28.948696,3.000000
2.693359,-0.089844,0.970703,0.000000,32.185356,3.000000
2.773438,-0.000000,0.859375,0.000000,31.162756,3.000000
1.562500,-0.050781,0.314453,0.614669,26.344772,3.000000
1.617188,-0.050781,0.250000,0.614669,28.915375,3.000000
0.041016,-0.033203,0.062500,0.000000,30.098757,3.000000
0.046875,-0.046875,0.103516,0.000000,29.009130,3.000000
2.734375,-0.181641,0.962891,0.000000,31.149445,3.000000
0.011719,-0.039062,-0.007812,0.000000,30.652061,4.000000
0.017578,-0.080078,-0.007812,0.000000,31.911715,4.000000
0.029297,-0.119141,-0.005859,0.000000,30.132587,4.000000
0.056641,-0.154297,0.005859,0.000000,25.453072,4.000000
0.152344,-0.080078,1.255859,0.000000,23.159704,4.000000
0.435547,-0.083984,-1.275391,0.000000,23.117538,4.000000
1.636719,-0.000000,-0.023438,0.000000,27.965744,4.000000
1.677734,-0.000000,-0.013672,0.000000,33.344536,4.000000
1.718750,-0.000000,-0.025391,0.000000,34.631462,4.000000
1.757812,-0.000000,-0.072266,0.000000,32.652897,4.000000
1.787109,0.056641,-0.199219,0.000000,28.088860,4.000000
2.621094,-0.175781,1.029297,0.000000,28.790958,4.000000
2.658203,-0.179688,1.048828,0.000000,32.119209,4.000000
2.748047,-0.089844,0.933594,0.000000,31.205740,4.000000
0.041016,-0.033203,0.062500,0.000000,30.098757,4.000000
0.046875,-0.046875,0.103516,0.000000,29.009130,4.000000
0.011719,-0.039062,-0.007812,0.000000,30.652061,5.000000
0.017578,-0.080078,-0.007812,0.000000,31.908916,5.000000
0.029297,-0.119141,-0.005859,0.000000,30.128372,5.000000
0.056641,-0.154297,0.005859,0.000000,25.453072,5.000000
0.095703,-0.080078,1.261719,0.000000,23.117538,5.000000
0.419922,-0.083984,-1.279297,0.000000,23.074961,5.000000
0.556641,-0.042969,-1.273438,0.000000,21.613680,5.000000
2.619141,-0.175781,1.037109,0.000000,28.909796,5.000000
2.687500,-0.089844,0.982422,0.000000,32.156376,5.000000
2.750000,-0.089844,0.931641,0.000000,31.189257,5.000000
1.654297,-0.052734,0.275391,0.614669,27.604225,5.000000
1.707031,-0.052734,0.187500,0.614669,29.576073,5.000000
1.753906,-0.054688,0.134766,0.614669,28.413595,5.000000
0.009766,0.031250,0.025391,0.000000,29.294189,5.000000
0.041016,-0.033203,0.062500,0.000000,30.102999,5.000000
0.044922,-0.046875,0.103516,0.000000,29.014584,5.000000
0.011719,-0.039062,-0.007812,0.000000,30.648323,6.000000
0.017578,-0.080078,-0.007812,0.000000,31.908916,6.000000
0.029297,-0.119141,-0.005859,0.000000,30.132587,6.000000
0.056641,-0.154297,0.005859,0.000000,25.465427,6.000000
0.160156,-0.080078,1.255859,0.000000,23.096302,6.000000
0.054688,-0.082031,1.304688,0.000000,24.623980,6.000000
0.414062,-0.083984,-1.281250,0.000000,23.074961,6.000000
0.558594,-0.042969,-1.273438,0.000000,21.702618,6.000000
1.796875,-0.115234,-0.382812,0.000000,27.528164,6.000000
1.851562,-0.000000,-0.332031,0.000000,26.794279,6.000000
2.658203,-0.179688,1.048828,0.000000,32.206310,6.000000
2.755859,-0.089844,0.914062,0.000000,31.231981,6.000000
1.699219,-0.052734,0.246094,0.614669,25.797836,6.000000
1.738281,-0.054688,0.261719,0.614669,26.848454,6.000000
0.041016,-0.033203,0.062500,0.000000,30.098757,6.000000
0.044922,-0.046875,0.103516,0.000000,29.003672,6.000000
0.011719,-0.039062,-0.007812,0.000000,30.652061,7.000000
0.017578,-0.080078,-0.007812,0.000000,31.914511,7.000000
0.029297,-0.119141,-0.005859,0.000000,30.136797,7.000000
0.056641,-0.154297,0.007812,0.000000,25.465427,7.000000
0.148438,-0.080078,1.257812,0.000000,23.074961,7.000000
0.441406,-0.083984,-1.273438,0.000000,23.074961,7.000000
0.562500,-0.042969,-1.271484,0.000000,21.702618,7.000000
1.675781,-0.052734,-0.039062,0.000000,27.737864,7.000000
1.716797,-0.052734,0.007812,0.000000,29.242792,7.000000
1.755859,0.054688,0.066406,0.000000,27.505083,7.000000
1.740234,-0.287109,-0.529297,0.000000,26.324574,7.000000
2.630859,-0.175781,1.005859,0.000000,29.148718,7.000000
2.693359,-0.089844,0.968750,0.000000,32.278866,7.000000
2.773438,-0.000000,0.863281,0.000000,31.241781,7.000000
0.009766,0.031250,0.025391,0.000000,29.294189,7.000000
0.041016,-0.033203,0.062500,0.000000,30.098757,7.000000
0.044922,-0.046875,0.103516,0.000000,29.009130,7.000000
1.576172,0.345703,0.884766,0.000000,23.541084,7.000000
0.011719,-0.039062,-0.007812,0.000000,30.644581,8.000000
0.017578,-0.080078,-0.007812,0.000000,31.908916,8.000000
0.029297,-0.119141,-0.005859,0.000000,30.132587,8.000000
0.056641,-0.154297,0.007812,0.000000,25.465427,8.000000
0.191406,-0.080078,1.251953,0.000000,23.074961,8.000000
0.052734,-0.082031,1.304688,0.000000,24.638929,8.000000
0.408203,-0.083984,-1.283203,0.000000,23.074961,8.000000
1.666016,-0.052734,-0.189453,0.000000,31.338581,8.000000
1.705078,-0.052734,-0.201172,0.000000,33.793056,8.000000
1.746094,-0.054688,-0.201172,0.000000,32.482185,8.000000
1.759766,0.056641,-0.535156,0.000000,27.331972,8.000000
2.609375,-0.175781,1.062500,0.000000,29.052561,8.000000
2.687500,-0.089844,0.986328,0.000000,32.193226,8.000000
2.750000,-0.089844,0.927734,0.000000,31.248301,8.000000
0.041016,-0.033203,0.062500,0.000000,30.098757,8.000000
0.044922,-0.046875,0.103516,0.000000,29.014584,8.000000
0.011719,-0.039062,-0.007812,0.000000,30.652061,9.000000
0.017578,-0.080078,-0.007812,0.000000,31.906118,9.000000
0.029297,-0.119141,-0.005859,0.000000,30.128372,9.000000
0.056641,-0.154297,0.005859,0.000000,25.453072,9.000000
0.166016,-0.080078,1.253906,0.000000,23.117538,9.000000
0.406250,-0.083984,-1.285156,0.000000,23.074961,9.000000
0.546875,-0.042969,-1.277344,0.000000,21.673174,9.000000
1.677734,-0.107422,-0.355469,0.000000,29.047155,9.000000
1.720703,-0.054688,-0.361328,0.000000,28.842287,9.000000
1.740234,-0.113281,-0.443359,0.000000,28.426092,9.000000
1.771484,-0.115234,-0.486328,0.000000,27.902851,9.000000
2.662109,-0.179688,1.041016,0.000000,32.145790,9.000000
2.759766,-0.089844,0.900391,0.000000,31.254812,9.000000
0.041016,-0.033203,0.062500,0.000000,30.102999,9.000000
0.044922,-0.046875,0.103516,0.000000,29.009130,9.000000
0.011719,-0.039062,-0.007812,0.000000,30.652061,10.000000
0.017578,-0.080078,-0.007812,0.000000,31.911715,10.000000
0.029297,-0.119141,-0.005859,0.000000,30.132587,10.000000
0.056641,-0.154297,0.005859,0.000000,25.453072,10.000000
0.089844,-0.080078,1.261719,0.000000,23.159704,10.000000
0.412109,-0.083984,-1.283203,0.000000,23.096302,10.000000
1.671875,-0.000000,-0.140625,0.000000,27.839035,10.000000
1.712891,-0.000000,-0.134766,0.000000,31.643528,10.000000
1.753906,-0.000000,-0.134766,0.000000,31.464382,10.000000
1.794922,-0.056641,-0.132812,0.000000,27.458551,10.000000
2.605469,-0.175781,1.070312,0.000000,28.813847,10.000000
2.689453,-0.089844,0.978516,0.000000,32.164299,10.000000
2.775391,-0.000000,0.859375,0.000000,31.146111,10.000000
0.041016,-0.033203,0.062500,0.000000,30.098757,10.000000
0.044922,-0.046875,0.103516,0.000000,29.003672,10.000000
2.732422,-0.181641,0.968750,0.000000,31.136091,10.000000
0.011719,-0.039062,-0.007812,0.000000,30.655798,11.000000
0.017578,-0.080078,-0.007812,0.000000,31.911715,11.000000
0.029297,-0.119141,-0.005859,0.000000,30.132587,11.000000
0.056641,-0.154297,0.005859,0.000000,25.453072,11.000000
0.185547,-0.080078,1.251953,0.000000,23.096302,11.000000
0.431641,-0.083984,-1.275391,0.000000,23.031961,11.000000
0.566406,-0.042969,-1.269531,0.000000,21.613680,11.000000
1.652344,-0.000000,-0.291016,0.000000,28.388491,11.000000
1.689453,-0.000000,-0.310547,0.000000,30.856472,11.000000
1.726562,0.054688,-0.330078,0.000000,29.068735,11.000000
2.658203,-0.179688,1.050781,0.000000,32.182728,11.000000
2.757812,-0.089844,0.904297,0.000000,31.195858,11.000000
0.041016,-0.033203,0.062500,0.000000,30.102999,11.000000
0.044922,-0.046875,0.103516,0.000000,29.014584,11.000000
0.011719,-0.039062,-0.007812,0.000000,30.652061,12.000000
0.017578,-0.080078,-0.007812,0.000000,31.911715,12.000000
0.029297,-0.119141,-0.005859,0.000000,30.136797,12.000000
0.056641,-0.154297,0.007812,0.000000,25.465427,12.000000
0.144531,-0.080078,1.257812,0.000000,23.096302,12.000000
0.423828,-0.083984,-1.279297,0.000000,23.053514,12.000000
0.556641,-0.042969,-1.273438,0.000000,21.731863,12.000000
1.712891,-0.107422,-0.068359,0.000000,28.965261,12.000000
1.755859,-0.054688,-0.095703,0.000000,28.438555,12.000000
2.615234,-0.175781,1.048828,0.000000,28.881796,12.000000
2.687500,-0.089844,0.986328,0.000000,32.182728,12.000000
2.753906,-0.089844,0.916016,0.000000,31.235250,12.000000
0.041016,-0.033203,0.062500,0.000000,30.102999,12.000000
0.044922,-0.046875,0.103516,0.000000,29.014584,12.000000
0.011719,-0.039062,-0.007812,0.000000,30.652061,13.000000
0.017578,-0.080078,-0.007812,0.000000,31.911715,13.000000
0.029297,-0.119141,-0.005859,0.000000,30.132587,13.000000
0.056641,-0.154297,0.007812,0.000000,25.465427,13.000000
0.179688,-0.080078,1.251953,0.000000,23.138672,13.000000
0.429688,-0.083984,-1.277344,0.000000,23.074961,13.000000
0.560547,-0.042969,-1.271484,0.000000,21.643528,13.000000
1.791016,0.113281,-0.138672,0.000000,25.763414,13.000000
1.830078,0.171875,-0.111328,0.000000,26.085260,13.000000
2.628906,-0.175781,1.013672,0.000000,28.864906,13.000000
2.660156,-0.179688,1.046875,0.000000,32.137833,13.000000
2.748047,-0.089844,0.937500,0.000000,31.209028,13.000000
0.041016,-0.033203,0.062500,0.000000,30.094509,13.000000
0.046875,-0.046875,0.103516,0.000000,29.009130,13.000000
1.183594,-0.402344,-1.351562,0.000000,24.116198,13.000000
0.011719,-0.039062,-0.007812,0.000000,30.659531,14.000000
0.017578,-0.080078,-0.007812,0.000000,31.911715,14.000000
0.029297,-0.119141,-0.005859,0.000000,30.128372,14.000000
0.056641,-0.154297,0.005859,0.000000,25.440680,14.000000
0.167969,-0.080078,1.253906,0.000000,23.117538,14.000000
0.431641,-0.083984,-1.275391,0.000000,23.074961,14.000000
0.585938,-0.042969,-1.259766,0.000000,21.643528,14.000000
1.707031,-0.000000,-0.201172,0.000000,30.951693,14.000000
1.746094,-0.054688,-0.197266,0.000000,31.238516,14.000000
1.785156,-0.056641,-0.222656,0.000000,30.515385,14.000000
1.822266,-0.056641,-0.257812,0.000000,30.433622,14.000000
1.861328,-0.058594,-0.269531,0.000000,28.530895,14.000000
2.601562,-0.175781,1.078125,0.000000,29.237619,14.000000
2.693359,-0.089844,0.970703,0.000000,32.286568,14.000000
2.744141,-0.181641,0.935547,0.000000,31.199154,14.000000
0.041016,-0.033203,0.062500,0.000000,30.094509,14.000000
0.044922,-0.046875,0.103516,0.000000,29.009130,14.000000
2.781250,-0.000000,0.835938,0.000000,31.179338,14.000000
0.011719,-0.039062,-0.007812,0.000000,30.652061,15.000000
0.017578,-0.080078,-0.007812,0.000000,31.908916,15.000000
0.029297,-0.119141,-0.005859,0.000000,30.132587,15.000000
0.056641,-0.154297,0.005859,0.000000,25.440680,15.000000
0.205078,-0.080078,1.248047,0.000000,23.117538,15.000000
0.046875,-0.082031,1.304688,0.000000,24.638929,15.000000
0.431641,-0.083984,-1.275391,0.000000,23.074961,15.000000
1.693359,-0.000000,-0.292969,0.000000,30.386202,15.000000
1.728516,-0.000000,-0.324219,0.000000,30.780941,15.000000
1.708984,0.167969,-0.537109,0.000000,28.075350,15.000000
1.800781,-0.287109,0.246094,0.000000,28.135809,15.000000
1.873047,-0.175781,-0.001953,0.000000,27.442930,15.000000
2.619141,-0.175781,1.035156,0.000000,28.920946,15.000000
2.691406,-0.089844,0.972656,0.000000,32.135178,15.000000
2.755859,-0.089844,0.914062,0.000000,31.156105,15.000000
0.041016,-0.033203,0.062500,0.000000,30.098757,15.000000
0.044922,-0.046875,0.103516,0.000000,29.009130,15.000000
1.460938,-0.505859,0.921875,0.000000,25.390760,15.000000
1.498047,0.345703,-1.013672,0.000000,25.820633,15.000000
0.011719,-0.039062,-0.007812,0.000000,30.644581,16.000000
0.017578,-0.080078,-0.007812,0.000000,31.906118,16.000000
0.029297,-0.119141,-0.005859,0.000000,30.124153,16.000000
0.056641,-0.154297,0.007812,0.000000,25.440680,16.000000
0.136719,-0.080078,1.257812,0.000000,23.096302,16.000000
0.431641,-0.083984,-1.275391,0.000000,23.096302,16.000000
1.695312,-0.107422,-0.253906,0.000000,27.411516,16.000000
1.748047,-0.109375,-0.154297,0.000000,27.810369,16.000000
0.603516,2.417969,-0.138672,0.000000,26.053051,16.000000
0.626953,2.457031,-0.044922,0.000000,24.771212,16.000000
2.626953,-0.175781,1.015625,0.000000,29.068735,16.000000
2.666016,-0.179688,1.031250,0.000000,32.219357,16.000000
2.753906,-0.089844,0.917969,0.000000,31.199154,16.000000
0.041016,-0.033203,0.062500,0.000000,30.094509,16.000000
0.044922,-0.046875,0.103516,0.000000,29.009130,16.000000
0.011719,-0.039062,-0.007812,0.000000,30.648323,17.000000
0.017578,-0.080078,-0.007812,0.000000,31.908916,17.000000
0.029297,-0.119141,-0.005859,0.000000,30.132587,17.000000
0.056641,-0.154297,0.007812,0.000000,25.453072,17.000000
0.134766,-0.080078,1.257812,0.000000,23.138672,17.000000
0.419922,-0.083984,-1.279297,0.000000,23.074961,17.000000
1.716797,0.052734,-0.023438,0.000000,26.757784,17.000000
1.755859,-0.000000,-0.091797,0.000000,28.668777,17.000000
1.791016,0.167969,-0.060547,0.000000,27.411516,17.000000
2.634766,-0.175781,0.996094,0.000000,29.196011,17.000000
2.667969,-0.179688,1.023438,0.000000,32.208923,17.000000
2.775391,-0.000000,0.859375,0.000000,31.044870,17.000000
0.041016,-0.033203,0.062500,0.000000,30.098757,17.000000
0.046875,-0.046875,0.103516,0.000000,29.009130,17.000000
1.111328,-0.505859,-1.322266,0.000000,24.814426,17.000000
0.585938,2.417969,-0.201172,0.000000,25.010593,17.000000
0.011719,-0.039062,-0.007812,0.000000,30.652061,18.000000
0.017578,-0.080078,-0.007812,0.000000,31.908916,18.000000
0.029297,-0.119141,-0.005859,0.000000,30.128372,18.000000
0.056641,-0.154297,0.005859,0.000000,25.440680,18.000000
0.154297,-0.080078,1.255859,0.000000,23.096302,18.000000
0.425781,-0.083984,-1.277344,0.000000,23.053514,18.000000
0.564453,-0.042969,-1.271484,0.000000,21.673174,18.000000
1.707031,0.052734,-0.195312,0.000000,27.723217,18.000000
1.755859,0.054688,-0.074219,0.000000,29.547249,18.000000
1.796875,0.113281,0.019531,0.000000,27.972675,18.000000
2.687500,-0.089844,0.986328,0.000000,32.182728,18.000000
2.769531,-0.000000,0.875000,0.000000,31.202448,18.000000
0.041016,-0.033203,0.062500,0.000000,30.094509,18.000000
0.044922,-0.046875,0.103516,0.000000,29.003672,18.000000
0.011719,-0.039062,-0.007812,0.000000,30.648323,19.000000
0.017578,-0.080078,-0.007812,0.000000,31.908916,19.000000
0.029297,-0.119141,-0.005859,0.000000,30.132587,19.000000
0.056641,-0.154297,0.007812,0.000000,25.465427,19.000000
0.158203,-0.080078,1.255859,0.000000,23.074961,19.000000
0.425781,-0.083984,-1.277344,0.000000,23.074961,19.000000
1.675781,-0.000000,-0.044922,0.000000,26.711729,19.000000
1.718750,-0.000000,-0.003906,0.000000,31.209028,19.000000
1.759766,-0.000000,0.005859,0.000000,31.858253,19.000000
1.796875,-0.000000,-0.119141,0.000000,29.712759,19.000000
1.820312,-0.056641,-0.271484,0.000000,28.061800,19.000000
2.689453,-0.089844,0.980469,0.000000,32.124538,19.000000
2.753906,-0.089844,0.916016,0.000000,31.202448,19.000000
0.041016,-0.033203,0.062500,0.000000,30.098757,19.000000
0.044922,-0.046875,0.103516,0.000000,29.014584,19.000000
0.011719,-0.039062,-0.007812,0.000000,30.652061,20.000000
0.017578,-0.080078,-0.007812,0.000000,31.908916,20.000000
0.029297,-0.119141,-0.005859,0.000000,30.128372,20.000000
0.056641,-0.154297,0.005859,0.000000,25.440680,20.000000
0.121094,-0.080078,1.259766,0.000000,23.096302,20.000000
0.031250,-0.082031,-1.306641,0.000000,24.623980,20.000000
0.431641,-0.083984,-1.275391,0.000000,23.053514,20.000000
1.716797,-0.052734,-0.003906,0.000000,28.506462,20.000000
1.757812,-0.000000,-0.058594,0.000000,28.603380,20.000000
1.785156,-0.000000,-0.230469,0.000000,27.283537,20.000000
1.798828,0.056641,-0.384766,0.000000,27.363964,20.000000
1.837891,0.058594,-0.402344,0.000000,27.427252,20.000000
2.621094,-0.175781,1.031250,0.000000,29.106243,20.000000
2.666016,-0.179688,1.029297,0.000000,32.174839,20.000000
2.761719,-0.089844,0.892578,0.000000,31.209028,20.000000
0.041016,-0.033203,0.062500,0.000000,30.102999,20.000000
0.044922,-0.046875,0.103516,0.000000,29.014584,20.000000
0.011719,-0.039062,-0.007812,0.000000,30.659531,21.000000
0.017578,-0.080078,-0.007812,0.000000,31.911715,21.000000
0.029297,-0.119141,-0.005859,0.000000,30.136797,21.000000
0.056641,-0.154297,0.005859,0.000000,25.465427,21.000000
0.117188,-0.080078,1.259766,0.000000,23.117538,21.000000
0.031250,-0.082031,-1.306641,0.000000,24.638929,21.000000
0.435547,-0.083984,-1.275391,0.000000,23.053514,21.000000
0.570312,-0.042969,-1.267578,0.000000,21.613680,21.000000
1.687500,-0.000000,-0.326172,0.000000,28.721563,21.000000
0.490234,-0.054688,1.689453,0.000000,27.788744,21.000000
2.644531,-0.175781,0.972656,0.000000,29.253120,21.000000
2.671875,-0.179688,1.013672,0.000000,32.299377,21.000000
2.736328,-0.181641,0.958984,0.000000,31.287222,21.000000
0.041016,-0.033203,0.062500,0.000000,30.102999,21.000000
0.044922,-0.046875,0.103516,0.000000,29.020029,21.000000
2.775391,-0.000000,0.853516,0.000000,31.274288,21.000000
0.011719,-0.039062,-0.007812,0.000000,30.652061,22.000000
0.017578,-0.080078,-0.007812,0.000000,31.906118,22.000000
0.029297,-0.119141,-0.005859,0.000000,30.128372,22.000000
0.056641,-0.154297,0.007812,0.000000,25.453072,22.000000
0.162109,-0.080078,1.255859,0.000000,23.096302,22.000000
0.429688,-0.083984,-1.277344,0.000000,23.096302,22.000000
0.566406,-0.042969,-1.269531,0.000000,21.643528,22.000000
1.746094,-0.000000,-0.220703,0.000000,28.830935,22.000000
1.753906,-0.056641,-0.398438,0.000000,27.611757,22.000000
1.800781,-0.171875,-0.341797,0.000000,27.497364,22.000000
1.849609,-0.117188,-0.324219,0.000000,28.597385,22.000000
1.886719,-0.060547,-0.365234,0.000000,27.853298,22.000000
2.648438,-0.175781,0.958984,0.000000,29.127533,22.000000
2.667969,-0.179688,1.021484,0.000000,32.161659,22.000000
2.755859,-0.089844,0.910156,0.000000,31.109262,22.000000
1.667969,-0.052734,0.175781,-0.614669,26.532125,22.000000
1.712891,-0.000000,0.126953,-0.614669,28.325089,22.000000
0.041016,-0.033203,0.062500,0.000000,30.094509,22.000000
0.044922,-0.046875,0.103516,0.000000,29.014584,22.000000
0.011719,-0.039062,-0.007812,0.000000,30.652061,23.000000
0.017578,-0.080078,-0.007812,0.000000,31.908916,23.000000
0.029297,-0.119141,-0.005859,0.000000,30.128372,23.000000
0.056641,-0.154297,0.005859,0.000000,25.453072,23.000000
0.146484,-0.080078,1.257812,0.000000,23.096302,23.000000
0.402344,-0.083984,-1.285156,0.000000,23.117538,23.000000
1.712891,-0.000000,0.138672,0.000000,32.462524,23.000000
1.757812,-0.000000,0.048828,0.000000,33.138672,23.000000
1.798828,-0.000000,0.023438,0.000000,30.370279,23.000000
2.638672,-0.175781,0.984375,0.000000,28.932068,23.000000
2.695312,-0.089844,0.962891,0.000000,32.185356,23.000000
2.753906,-0.089844,0.916016,0.000000,31.267805,23.000000
1.664062,-0.052734,0.197266,-0.614669,29.647308,23.000000
0.041016,-0.033203,0.062500,0.000000,30.098757,23.000000
0.044922,-0.046875,0.103516,0.000000,29.009130,23.000000
0.011719,-0.039062,-0.007812,0.000000,30.652061,24.000000
0.017578,-0.080078,-0.007812,0.000000,31.911715,24.000000
0.029297,-0.119141,-0.005859,0.000000,30.132587,24.000000
0.056641,-0.154297,0.005859,0.000000,25.453072,24.000000
0.095703,-0.080078,1.261719,0.000000,23.117538,24.000000
0.447266,-0.083984,-1.271484,0.000000,23.074961,24.000000
0.578125,-0.042969,-1.263672,0.000000,21.643528,24.000000
1.673828,-0.000000,0.117188,0.000000,28.762178,24.000000
1.716797,-0.000000,0.064453,0.000000,32.242741,24.000000
1.757812,0.054688,0.025391,0.000000,32.425415,24.000000
1.798828,0.056641,-0.037109,0.000000,29.595184,24.000000
2.601562,-0.175781,1.082031,0.000000,28.825245,24.000000
2.652344,-0.179688,1.066406,0.000000,32.108532,24.000000
2.750000,-0.089844,0.929688,0.000000,31.105898,24.000000
0.009766,0.031250,0.025391,0.000000,29.289078,24.000000
0.041016,-0.033203,0.062500,0.000000,30.094509,24.000000
0.044922,-0.046875,0.103516,0.000000,29.009130,24.000000
0.011719,-0.039062,-0.007812,0.000000,30.655798,25.000000
0.017578,-0.080078,-0.007812,0.000000,31.911715,25.000000
0.029297,-0.119141,-0.005859,0.000000,30.128372,25.000000
0.056641,-0.154297,0.007812,0.000000,25.440680,25.000000
0.167969,-0.080078,1.253906,0.000000,23.117538,25.000000
0.041016,-0.082031,1.306641,0.000000,24.623980,25.000000
0.425781,-0.083984,-1.277344,0.000000,23.053514,25.000000
0.558594,-0.042969,-1.273438,0.000000,21.673174,25.000000
1.675781,0.052734,-0.037109,0.000000,26.776070,25.000000
1.714844,0.052734,-0.076172,0.000000,30.951693,25.000000
1.755859,0.054688,-0.070312,0.000000,30.362295,25.000000
2.603516,-0.175781,1.074219,0.000000,29.047155,25.000000
2.683594,-0.089844,0.992188,0.000000,32.174839,25.000000
2.767578,-0.000000,0.878906,0.000000,31.126051,25.000000
1.615234,-0.050781,0.261719,-0.614669,26.294096,25.000000
0.009766,0.031250,0.025391,0.000000,29.289078,25.000000
0.041016,-0.033203,0.062500,0.000000,30.098757,25.000000
0.044922,-0.046875,0.103516,0.000000,29.009130,25.000000
2.728516,-0.181641,0.980469,0.000000,31.112625,25.000000
0.011719,-0.039062,-0.007812,0.000000,30.655798,26.000000
0.017578,-0.080078,-0.007812,0.000000,31.911715,26.000000
0.029297,-0.119141,-0.005859,0.000000,30.132587,26.000000
0.056641,-0.154297,0.005859,0.000000,25.453072,26.000000
0.162109,-0.080078,1.255859,0.000000,23.117538,26.000000
0.414062,-0.083984,-1.281250,0.000000,23.074961,26.000000
0.564453,-0.042969,-1.271484,0.000000,21.643528,26.000000
1.664062,-0.052734,-0.205078,0.000000,30.461048,26.000000
1.707031,-0.052734,-0.195312,0.000000,33.647385,26.000000
1.746094,-0.000000,-0.205078,0.000000,33.463531,26.000000
1.779297,0.056641,-0.261719,0.000000,29.912260,26.000000
2.626953,-0.175781,1.015625,0.000000,29.143431,26.000000
2.664062,-0.179688,1.035156,0.000000,32.227165,26.000000
2.757812,-0.089844,0.908203,0.000000,31.245043,26.000000
4.417969,-0.142578,1.205078,0.000000,30.526939,26.000000
4.455078,-0.144531,1.224609,0.000000,30.330214,26.000000
0.041016,-0.033203,0.062500,0.000000,30.094509,26.000000
0.046875,-0.046875,0.103516,0.000000,29.009130,26.000000
0.011719,-0.039062,-0.007812,0.000000,30.644581,27.000000
0.017578,-0.080078,-0.007812,0.000000,31.908916,27.000000
0.029297,-0.119141,-0.005859,0.000000,30.132587,27.000000
0.056641,-0.154297,0.005859,0.000000,25.453072,27.000000
0.109375,-0.080078,1.261719,0.000000,23.117538,27.000000
0.443359,-0.083984,-1.271484,0.000000,23.053514,27.000000
0.572266,-0.042969,-1.267578,0.000000,21.613680,27.000000
1.664062,-0.000000,-0.201172,0.000000,28.286598,27.000000
1.705078,-0.000000,-0.216797,0.000000,31.640553,27.000000
1.746094,-0.000000,-0.210938,0.000000,31.455072,27.000000
1.787109,0.056641,-0.208984,0.000000,27.693773,27.000000
2.617188,-0.175781,1.041016,0.000000,28.987251,27.000000
2.689453,-0.089844,0.978516,0.000000,32.132519,27.000000
2.755859,-0.089844,0.914062,0.000000,31.189257,27.000000
4.384766,-0.283203,1.148438,0.000000,28.102325,27.000000
4.406250,-0.142578,1.250000,0.000000,31.455072,27.000000
4.437500,-0.144531,1.285156,0.000000,31.000257,27.000000
1.589844,-0.050781,0.126953,-0.614669,26.757784,27.000000
1.634766,-0.000000,0.085938,-0.614669,25.888317,27.000000
0.041016,-0.033203,0.062500,0.000000,30.094509,27.000000
0.044922,-0.046875,0.103516,0.000000,29.003672,27.000000
0.011719,-0.039062,-0.007812,0.000000,30.652061,28.000000
0.017578,-0.080078,-0.007812,0.000000,31.911715,28.000000
0.029297,-0.119141,-0.005859,0.000000,30.132587,28.000000
0.056641,-0.154297,0.005859,0.000000,25.453072,28.000000
0.113281,-0.080078,1.259766,0.000000,23.117538,28.000000
0.419922,-0.083984,-1.279297,0.000000,23.053514,28.000000
0.552734,-0.042969,-1.275391,0.000000,21.643528,28.000000
2.621094,-0.175781,1.033203,0.000000,28.998205,28.000000
2.660156,-0.179688,1.042969,0.000000,32.164299,28.000000
2.755859,-0.089844,0.916016,0.000000,31.112625,28.000000
4.392578,-0.142578,1.142578,0.000000,28.149132,28.000000
4.404297,-0.142578,1.251953,0.000000,31.367207,28.000000
4.441406,-0.144531,1.271484,0.000000,30.884905,28.000000
1.552734,-0.048828,0.066406,-0.614669,26.170004,28.000000
1.591797,-0.050781,0.082031,-0.614669,26.812412,28.000000
0.041016,-0.033203,0.062500,0.000000,30.094509,28.000000
0.046875,-0.046875,0.103516,0.000000,29.009130,28.000000
0.011719,-0.039062,-0.007812,0.000000,30.648323,29.000000
0.017578,-0.080078,-0.007812,0.000000,31.906118,29.000000
0.029297,-0.119141,-0.005859,0.000000,30.128372,29.000000
0.056641,-0.154297,0.005859,0.000000,25.453072,29.000000
0.195312,-0.080078,1.250000,0.000000,23.117538,29.000000
0.103516,-0.082031,1.302734,0.000000,24.623980,29.000000
0.402344,-0.083984,-1.285156,0.000000,23.096302,29.000000
0.539062,-0.042969,-1.281250,0.000000,21.760912,29.000000
2.615234,-0.175781,1.046875,0.000000,29.009130,29.000000
2.658203,-0.179688,1.048828,0.000000,32.190605,29.000000
2.748047,-0.089844,0.935547,0.000000,31.169397,29.000000
4.402344,-0.142578,1.259766,0.000000,31.142773,29.000000
4.437500,-0.144531,1.287109,0.000000,30.633333,29.000000
4.904297,-0.308594,0.589844,0.000000,31.068705,29.000000
4.951172,-0.623047,-0.064453,0.000000,29.614210,29.000000
1.552734,-0.048828,0.037109,-0.614669,26.570559,29.000000
1.593750,-0.050781,-0.019531,-0.614669,26.106602,29.000000
0.041016,-0.033203,0.062500,0.000000,30.098757,29.000000
0.046875,-0.046875,0.103516,0.000000,29.009130,29.000000
0.011719,-0.039062,-0.007812,0.000000,30.659531,30.000000
0.017578,-0.080078,-0.007812,0.000000,31.914511,30.000000
0.029297,-0.119141,-0.005859,0.000000,30.136797,30.000000
0.056641,-0.154297,0.005859,0.000000,25.465427,30.000000
0.189453,-0.080078,1.251953,0.000000,23.074961,30.000000
0.111328,-0.082031,1.300781,0.000000,24.608978,30.000000
0.392578,-0.083984,-1.289062,0.000000,23.053514,30.000000
0.544922,-0.042969,-1.279297,0.000000,21.643528,30.000000
1.552734,-0.048828,0.052734,0.000000,26.655809,30.000000
2.613281,-0.175781,1.050781,0.000000,29.030899,30.000000
2.658203,-0.179688,1.048828,0.000000,32.135178,30.000000
2.753906,-0.089844,0.919922,0.000000,31.156105,30.000000
4.410156,-0.142578,1.236328,0.000000,31.209028,30.000000
4.445312,-0.144531,1.259766,0.000000,30.737183,30.000000
4.896484,-0.308594,0.658203,0.000000,30.461048,30.000000
0.041016,-0.033203,0.062500,0.000000,30.098757,30.000000
0.044922,-0.046875,0.103516,0.000000,29.014584,30.000000
0.011719,-0.039062,-0.007812,0.000000,30.652061,31.000000
0.017578,-0.080078,-0.007812,0.000000,31.911715,31.000000
0.029297,-0.119141,-0.005859,0.000000,30.136797,31.000000
0.056641,-0.154297,0.005859,0.000000,25.477747,31.000000
0.123047,-0.080078,1.259766,0.000000,23.159704,31.000000
0.070312,-0.082031,-1.304688,0.000000,24.638929,31.000000
0.449219,-0.083984,-1.269531,0.000000,23.031961,31.000000
0.564453,-0.042969,-1.269531,0.000000,21.613680,31.000000
1.695312,-0.107422,-0.261719,0.000000,28.893017,31.000000
1.736328,-0.109375,-0.261719,0.000000,29.818186,31.000000
1.783203,-0.113281,-0.216797,0.000000,26.503075,31.000000
2.609375,-0.175781,1.062500,0.000000,29.106243,31.000000
2.654297,-0.179688,1.056641,0.000000,32.216751,31.000000
2.751953,-0.089844,0.921875,0.000000,31.245043,31.000000
4.402344,-0.142578,1.257812,0.000000,31.283993,31.000000
4.439453,-0.144531,1.281250,0.000000,30.813473,31.000000
4.822266,-0.306641,0.865234,0.000000,29.986952,31.000000
4.894531,-0.308594,0.664062,0.000000,31.225435,31.000000
4.951172,-0.623047,0.023438,0.000000,29.503649,31.000000
0.041016,-0.033203,0.062500,0.000000,30.107239,31.000000
0.046875,-0.046875,0.103516,0.000000,29.020029,31.000000
0.011719,-0.039062,-0.007812,0.000000,30.652061,32.000000
0.017578,-0.080078,-0.007812,0.000000,31.911715,32.000000
0.029297,-0.119141,-0.005859,0.000000,30.136797,32.000000
0.056641,-0.154297,0.005859,0.000000,25.453072,32.000000
0.195312,-0.080078,1.250000,0.000000,23.096302,32.000000
0.074219,-0.082031,1.304688,0.000000,24.638929,32.000000
0.412109,-0.083984,-1.283203,0.000000,23.074961,32.000000
0.585938,-0.042969,-1.259766,0.000000,21.731863,32.000000
1.511719,-0.046875,0.037109,0.000000,27.497364,32.000000
1.554688,-0.000000,0.001953,0.000000,28.932068,32.000000
1.595703,-0.000000,-0.023438,0.000000,27.528164,32.000000
1.699219,-0.000000,-0.253906,0.000000,28.561245,32.000000
1.742188,-0.000000,-0.244141,0.000000,28.518696,32.000000
2.619141,-0.175781,1.035156,0.000000,29.025467,32.000000
2.660156,-0.179688,1.042969,0.000000,32.193226,32.000000
2.755859,-0.089844,0.910156,0.000000,31.159431,32.000000
4.402344,-0.142578,1.259766,0.000000,31.209028,32.000000
4.437500,-0.144531,1.283203,0.000000,30.766405,32.000000
4.900391,-0.308594,0.630859,0.000000,31.048285,32.000000
4.951172,-0.623047,-0.027344,0.000000,29.647308,32.000000
0.041016,-0.033203,0.062500,0.000000,30.094509,32.000000
0.044922,-0.046875,0.103516,0.000000,29.009130,32.000000
0.011719,-0.039062,-0.007812,0.000000,30.659531,33.000000
0.017578,-0.080078,-0.007812,0.000000,31.914511,33.000000
0.029297,-0.119141,-0.005859,0.000000,30.136797,33.000000
0.056641,-0.154297,0.005859,0.000000,25.465427,33.000000
0.189453,-0.080078,1.251953,0.000000,23.074961,33.000000
0.111328,-0.082031,1.300781,0.000000,24.608978,33.000000
0.392578,-0.083984,-1.289062,0.000000,23.053514,33.000000
0.544922,-0.042969,-1.279297,0.000000,21.643528,33.000000
1.552734,-0.048828,0.052734,0.000000,26.655809,33.000000
2.613281,-0.175781,1.050781,0.000000,29.030899,33.000000
2.658203,-0.179688,1.048828,0.000000,32.135178,33.000000
2.753906,-0.089844,0.919922,0.000000,31.156105,33.000000
4.410156,-0.142578,1.236328,0.000000,31.209028,33.000000
4.445312,-0.144531,1.259766,0.000000,30.737183,33.000000
4.896484,-0.308594,0.658203,0.000000,30.461048,33.000000
0.041016,-0.033203,0.062500,0.000000,30.098757,33.000000
0.044922,-0.046875,0.103516,0.000000,29.014584,33.000000
0.011719,-0.039062,-0.007812,0.000000,30.659531,34.000000
0.017578,-0.080078,-0.007812,0.000000,31.914511,34.000000
0.029297,-0.119141,-0.005859,0.000000,30.132587,34.000000
0.056641,-0.154297,0.005859,0.000000,25.440680,34.000000
0.105469,-0.080078,1.261719,0.000000,23.159704,34.000000
0.066406,-0.082031,-1.304688,0.000000,24.668676,34.000000
0.441406,-0.083984,-1.273438,0.000000,23.096302,34.000000
2.634766,-0.175781,0.998047,0.000000,29.100906,34.000000
2.664062,-0.179688,1.037109,0.000000,32.221962,34.000000
2.755859,-0.089844,0.914062,0.000000,31.264561,34.000000
4.384766,-0.283203,1.146484,0.000000,27.944880,34.000000
4.404297,-0.142578,1.253906,0.000000,31.280760,34.000000
4.435547,-0.144531,1.292969,0.000000,30.780941,34.000000
4.892578,-0.308594,0.677734,0.000000,31.051695,34.000000
4.968750,-0.468750,0.082031,0.000000,29.675480,34.000000
0.041016,-0.033203,0.062500,0.000000,30.098757,34.000000
0.044922,-0.046875,0.103516,0.000000,29.014584,34.000000
0.011719,-0.039062,-0.007812,0.000000,30.659531,35.000000
0.017578,-0.080078,-0.007812,0.000000,31.914511,35.000000
0.029297,-0.119141,-0.005859,0.000000,30.132587,35.000000
0.056641,-0.154297,0.005859,0.000000,25.440680,35.000000
0.183594,-0.080078,1.251953,0.000000,23.096302,35.000000
0.074219,-0.082031,1.304688,0.000000,24.623980,35.000000
0.412109,-0.083984,-1.283203,0.000000,23.053514,35.000000
2.617188,-0.175781,1.041016,0.000000,28.992731,35.000000
2.658203,-0.179688,1.048828,0.000000,32.172207,35.000000
2.755859,-0.089844,0.914062,0.000000,31.189257,35.000000
4.400391,-0.142578,1.265625,0.000000,31.235250,35.000000
4.435547,-0.144531,1.294922,0.000000,30.748165,35.000000
4.898438,-0.308594,0.644531,0.000000,30.979511,35.000000
4.951172,-0.623047,-0.037109,0.000000,29.768084,35.000000
0.041016,-0.033203,0.062500,0.000000,30.098757,35.000000
0.044922,-0.046875,0.103516,0.000000,29.009130,35.000000
0.011719,-0.039062,-0.007812,0.000000,30.655798,36.000000
0.017578,-0.080078,-0.007812,0.000000,31.908916,36.000000
0.029297,-0.119141,-0.005859,0.000000,30.128372,36.000000
0.056641,-0.154297,0.005859,0.000000,25.453072,36.000000
0.167969,-0.080078,1.253906,0.000000,23.074961,36.000000
0.431641,-0.083984,-1.275391,0.000000,23.031961,36.000000
0.572266,-0.042969,-1.267578,0.000000,21.731863,36.000000
1.552734,-0.048828,-0.060547,0.000000,26.180481,36.000000
1.687500,-0.000000,-0.324219,0.000000,28.109043,36.000000
1.728516,-0.000000,-0.330078,0.000000,29.795485,36.000000
1.771484,-0.000000,-0.322266,0.000000,27.745171,36.000000
2.609375,-0.175781,1.060547,0.000000,29.003672,36.000000
2.656250,-0.179688,1.054688,0.000000,32.169571,36.000000
2.750000,-0.089844,0.929688,0.000000,31.122698,36.000000
4.392578,-0.142578,1.138672,0.000000,28.000294,36.000000
4.400391,-0.142578,1.265625,0.000000,31.267805,36.000000
4.435547,-0.144531,1.294922,0.000000,30.870712,36.000000
4.896484,-0.308594,0.654297,0.000000,30.934217,36.000000
4.951172,-0.623047,0.000000,0.000000,29.429996,36.000000
0.041016,-0.033203,0.062500,0.000000,30.098757,36.000000
0.044922,-0.046875,0.103516,0.000000,29.009130,36.000000
0.011719,-0.039062,-0.007812,0.000000,30.652061,37.000000
0.017578,-0.080078,-0.007812,0.000000,31.911715,37.000000
0.029297,-0.119141,-0.005859,0.000000,30.132587,37.000000
0.056641,-0.154297,0.005859,0.000000,25.440680,37.000000
0.183594,-0.080078,1.251953,0.000000,23.096302,37.000000
0.011719,-0.082031,1.306641,0.000000,24.623980,37.000000
0.425781,-0.083984,-1.277344,0.000000,23.074961,37.000000
0.576172,-0.042969,-1.265625,0.000000,21.673174,37.000000
1.687500,-0.000000,-0.318359,0.000000,27.092699,37.000000
1.726562,0.054688,-0.332031,0.000000,28.432327,37.000000
1.761719,0.056641,-0.367188,0.000000,26.570559,37.000000
2.603516,-0.175781,1.076172,0.000000,29.106243,37.000000
2.654297,-0.179688,1.056641,0.000000,32.234959,37.000000
2.751953,-0.089844,0.925781,0.000000,31.254812,37.000000
4.400391,-0.142578,1.109375,0.000000,27.909885,37.000000
4.408203,-0.142578,1.242188,0.000000,31.254812,37.000000
4.441406,-0.144531,1.275391,0.000000,30.813473,37.000000
4.890625,-0.308594,0.697266,0.000000,31.044870,37.000000
4.951172,-0.623047,0.103516,0.000000,29.633156,37.000000
0.041016,-0.033203,0.062500,0.000000,30.090258,37.000000
0.044922,-0.046875,0.103516,0.000000,29.003672,37.000000
0.011719,-0.039062,-0.007812,0.000000,30.655798,38.000000
0.017578,-0.080078,-0.007812,0.000000,31.906118,38.000000
0.029297,-0.119141,-0.005859,0.000000,30.128372,38.000000
0.056641,-0.154297,0.005859,0.000000,25.453072,38.000000
0.167969,-0.080078,1.253906,0.000000,23.138672,38.000000
0.062500,-0.082031,1.304688,0.000000,24.638929,38.000000
0.414062,-0.083984,-1.281250,0.000000,23.074961,38.000000
0.542969,-0.042969,-1.279297,0.000000,21.673174,38.000000
2.625000,-0.175781,1.023438,0.000000,29.052561,38.000000
2.664062,-0.179688,1.033203,0.000000,32.221962,38.000000
2.755859,-0.089844,0.910156,0.000000,31.290451,38.000000
4.406250,-0.142578,1.244141,0.000000,31.306553,38.000000
4.443359,-0.144531,1.269531,0.000000,30.838608,38.000000
4.894531,-0.308594,0.666016,0.000000,30.906107,38.000000
4.968750,-0.468750,0.009766,0.000000,29.365137,38.000000
0.041016,-0.033203,0.062500,0.000000,30.094509,38.000000
0.046875,-0.046875,0.103516,0.000000,29.009130,38.000000
0.011719,-0.039062,-0.007812,0.000000,30.652061,39.000000
0.017578,-0.080078,-0.007812,0.000000,31.908916,39.000000
0.029297,-0.119141,-0.005859,0.000000,30.128372,39.000000
0.056641,-0.154297,0.005859,0.000000,25.453072,39.000000
0.105469,-0.080078,1.261719,0.000000,23.096302,39.000000
0.013672,-0.082031,-1.306641,0.000000,24.608978,39.000000
0.417969,-0.083984,-1.281250,0.000000,23.053514,39.000000
0.544922,-0.042969,-1.279297,0.000000,21.643528,39.000000
1.701172,-0.052734,-0.240234,0.000000,28.926510,39.000000
1.736328,-0.054688,-0.277344,0.000000,30.132587,39.000000
1.767578,-0.056641,-0.333984,0.000000,27.701153,39.000000
2.625000,-0.175781,1.021484,0.000000,28.987251,39.000000
2.666016,-0.179688,1.031250,0.000000,32.182728,39.000000
2.757812,-0.089844,0.906250,0.000000,31.218880,39.000000
4.408203,-0.142578,1.242188,0.000000,31.222158,39.000000
4.439453,-0.144531,1.279297,0.000000,30.759117,39.000000
4.839844,-0.154297,0.808594,0.000000,29.947569,39.000000
4.898438,-0.308594,0.636719,0.000000,31.199154,39.000000
4.951172,-0.623047,0.039062,0.000000,29.740509,39.000000
0.041016,-0.033203,0.062500,0.000000,30.094509,39.000000
0.044922,-0.046875,0.103516,0.000000,29.003672,39.000000
0.011719,-0.039062,-0.007812,0.000000,30.652061,40.000000
0.017578,-0.080078,-0.007812,0.000000,31.911715,40.000000
0.029297,-0.119141,-0.005859,0.000000,30.132587,40.000000
0.056641,-0.154297,0.007812,0.000000,25.465427,40.000000
0.167969,-0.080078,1.253906,0.000000,23.138672,40.000000
0.083984,-0.082031,1.302734,0.000000,24.638929,40.000000
0.406250,-0.083984,-1.285156,0.000000,23.074961,40.000000
1.697266,0.160156,-0.216797,0.000000,27.427252,40.000000
1.732422,0.220703,-0.210938,0.000000,29.986952,40.000000
1.771484,0.224609,-0.232422,0.000000,28.965261,40.000000
2.617188,-0.175781,1.042969,0.000000,28.981766,40.000000
2.660156,-0.179688,1.042969,0.000000,32.140488,40.000000
2.757812,-0.089844,0.910156,0.000000,31.119343,40.000000
4.408203,-0.142578,1.242188,0.000000,31.222158,40.000000
4.441406,-0.144531,1.271484,0.000000,30.809870,40.000000
4.894531,-0.308594,0.662109,0.000000,30.722500,40.000000
4.951172,-0.623047,0.054688,0.000000,29.339931,40.000000
0.041016,-0.033203,0.062500,0.000000,30.098757,40.000000
0.044922,-0.046875,0.103516,0.000000,29.009130,40.000000
0.634766,-0.375000,-1.552734,0.000000,24.756712,40.000000
0.011719,-0.039062,-0.007812,0.000000,30.648323,41.000000
0.017578,-0.080078,-0.007812,0.000000,31.908916,41.000000
0.029297,-0.119141,-0.005859,0.000000,30.132587,41.000000
0.056641,-0.154297,0.005859,0.000000,25.453072,41.000000
0.146484,-0.080078,1.257812,0.000000,23.138672,41.000000
0.441406,-0.083984,-1.273438,0.000000,23.096302,41.000000
0.587891,-0.042969,-1.259766,0.000000,21.673174,41.000000
1.697266,-0.160156,-0.220703,0.000000,28.767950,41.000000
1.742188,-0.164062,-0.175781,0.000000,29.068735,41.000000
2.617188,-0.175781,1.042969,0.000000,28.992731,41.000000
2.658203,-0.179688,1.046875,0.000000,32.187981,41.000000
2.750000,-0.089844,0.927734,0.000000,31.245043,41.000000
4.400391,-0.142578,1.269531,0.000000,31.061909,41.000000
4.431641,-0.144531,1.308594,0.000000,30.580462,41.000000
4.904297,-0.308594,0.597656,0.000000,31.089031,41.000000
4.951172,-0.623047,-0.027344,0.000000,29.547249,41.000000
1.632812,-0.000000,0.101562,0.614669,27.379873,41.000000
0.009766,0.031250,0.025391,0.000000,29.294189,41.000000
0.041016,-0.033203,0.062500,0.000000,30.098757,41.000000
0.044922,-0.046875,0.103516,0.000000,29.003672,41.000000
0.011719,-0.039062,-0.007812,0.000000,30.652061,42.000000
0.017578,-0.080078,-0.007812,0.000000,31.908916,42.000000
0.029297,-0.119141,-0.005859,0.000000,30.132587,42.000000
0.056641,-0.154297,0.005859,0.000000,25.453072,42.000000
0.072266,-0.080078,1.263672,0.000000,23.096302,42.000000
0.033203,-0.082031,-1.306641,0.000000,24.653828,42.000000
0.441406,-0.083984,-1.273438,0.000000,23.096302,42.000000
1.703125,-0.000000,-0.230469,0.000000,27.497364,42.000000
1.744141,0.054688,-0.220703,0.000000,29.479237,42.000000
1.789062,0.056641,-0.185547,0.000000,27.512791,42.000000
2.582031,-0.175781,1.125000,0.000000,28.904211,42.000000
2.640625,-0.179688,1.093750,0.000000,32.103184,42.000000
2.742188,-0.089844,0.951172,0.000000,31.136091,42.000000
4.386719,-0.283203,1.138672,0.000000,28.142475,42.000000
4.406250,-0.142578,1.244141,0.000000,31.364035,42.000000
4.439453,-0.144531,1.277344,0.000000,30.704073,42.000000
1.623047,-0.000000,0.208984,0.614669,26.222139,42.000000
0.041016,-0.033203,0.062500,0.000000,30.094509,42.000000
0.044922,-0.046875,0.103516,0.000000,29.003672,42.000000
0.011719,-0.039062,-0.007812,0.000000,30.655798,43.000000
0.017578,-0.080078,-0.007812,0.000000,31.911715,43.000000
0.029297,-0.119141,-0.005859,0.000000,30.132587,43.000000
0.056641,-0.154297,0.007812,0.000000,25.465427,43.000000
0.185547,-0.080078,1.251953,0.000000,23.117538,43.000000
0.091797,-0.082031,1.302734,0.000000,24.653828,43.000000
0.417969,-0.083984,-1.281250,0.000000,23.096302,43.000000
0.550781,-0.042969,-1.277344,0.000000,21.702618,43.000000
1.708984,-0.052734,-0.162109,0.000000,32.727695,43.000000
1.750000,-0.000000,-0.185547,0.000000,34.075607,43.000000
1.785156,-0.056641,-0.216797,0.000000,32.121876,43.000000
1.808594,-0.056641,-0.335938,0.000000,26.720978,43.000000
2.601562,-0.175781,1.082031,0.000000,28.943161,43.000000
2.656250,-0.179688,1.052734,0.000000,32.156376,43.000000
2.759766,-0.089844,0.902344,0.000000,31.189257,43.000000
4.388672,-0.283203,1.132812,0.000000,28.305887,43.000000
4.410156,-0.142578,1.236328,0.000000,31.789770,43.000000
4.441406,-0.144531,1.271484,0.000000,31.476763,43.000000
1.619141,-0.000000,0.238281,0.614669,27.331972,43.000000
1.669922,0.052734,0.148438,0.614669,28.457180,43.000000
0.041016,-0.033203,0.062500,0.000000,30.098757,43.000000
0.044922,-0.046875,0.103516,0.000000,29.009130,43.000000
0.011719,-0.039062,-0.007812,0.000000,30.652061,44.000000
0.017578,-0.080078,-0.007812,0.000000,31.908916,44.000000
0.029297,-0.119141,-0.005859,0.000000,30.132587,44.000000
0.056641,-0.154297,0.007812,0.000000,25.453072,44.000000
0.154297,-0.080078,1.255859,0.000000,23.117538,44.000000
0.068359,-0.082031,1.304688,0.000000,24.638929,44.000000
0.406250,-0.083984,-1.285156,0.000000,23.117538,44.000000
0.554688,-0.042969,-1.273438,0.000000,21.673174,44.000000
1.675781,-0.052734,-0.015625,0.000000,29.375179,44.000000
1.712891,-0.052734,-0.115234,0.000000,34.554539,44.000000
1.751953,-0.054688,-0.136719,0.000000,36.180481,44.000000
1.792969,-0.000000,-0.162109,0.000000,34.530125,44.000000
1.818359,-0.000000,-0.283203,0.000000,29.449759,44.000000
2.599609,-0.175781,1.083984,0.000000,28.920946,44.000000
2.650391,-0.179688,1.068359,0.000000,32.151085,44.000000
2.750000,-0.089844,0.929688,0.000000,31.166077,44.000000
4.416016,-0.142578,1.212891,0.000000,30.937717,44.000000
4.451172,-0.144531,1.238281,0.000000,30.729847,44.000000
0.041016,-0.033203,0.062500,0.000000,30.098757,44.000000
0.044922,-0.046875,0.103516,0.000000,29.009130,44.000000
0.011719,-0.039062,-0.007812,0.000000,30.652061,45.000000
0.017578,-0.080078,-0.007812,0.000000,31.908916,45.000000
0.029297,-0.119141,-0.005859,0.000000,30.132587,45.000000
0.056641,-0.154297,0.007812,0.000000,25.465427,45.000000
0.130859,-0.080078,1.259766,0.000000,23.117538,45.000000
0.429688,-0.083984,-1.277344,0.000000,23.096302,45.000000
0.562500,-0.042969,-1.271484,0.000000,21.673174,45.000000
1.712891,-0.107422,-0.085938,0.000000,29.854265,45.000000
1.753906,-0.109375,-0.091797,0.000000,32.258259,45.000000
1.791016,-0.113281,-0.144531,0.000000,31.525940,45.000000
1.812500,-0.056641,-0.314453,0.000000,28.881796,45.000000
2.626953,-0.175781,1.017578,0.000000,29.095560,45.000000
2.658203,-0.179688,1.048828,0.000000,32.193226,45.000000
2.751953,-0.089844,0.925781,0.000000,31.215599,45.000000
0.041016,-0.033203,0.062500,0.000000,30.098757,45.000000
0.044922,-0.046875,0.103516,0.000000,29.009130,45.000000
0.011719,-0.039062,-0.007812,0.000000,30.655798,46.000000
0.017578,-0.080078,-0.007812,0.000000,31.908916,46.000000
0.029297,-0.119141,-0.005859,0.000000,30.128372,46.000000
0.056641,-0.154297,0.005859,0.000000,25.440680,46.000000
0.138672,-0.080078,1.257812,0.000000,23.138672,46.000000
0.423828,-0.083984,-1.279297,0.000000,23.053514,46.000000
1.716797,-0.052734,-0.046875,0.000000,31.622656,46.000000
1.757812,-0.054688,-0.060547,0.000000,34.837299,46.000000
1.796875,-0.000000,-0.105469,0.000000,34.602962,46.000000
1.828125,-0.000000,-0.216797,0.000000,31.267805,46.000000
1.863281,0.058594,-0.261719,0.000000,26.730209,46.000000
2.625000,-0.175781,1.023438,0.000000,29.003672,46.000000
2.660156,-0.179688,1.044922,0.000000,32.159019,46.000000
2.751953,-0.089844,0.923828,0.000000,31.166077,46.000000
0.041016,-0.033203,0.062500,0.000000,30.094509,46.000000
0.044922,-0.046875,0.103516,0.000000,29.003672,46.000000
0.011719,-0.039062,-0.007812,0.000000,30.655798,47.000000
0.017578,-0.080078,-0.007812,0.000000,31.911715,47.000000
0.029297,-0.119141,-0.005859,0.000000,30.132587,47.000000
0.056641,-0.154297,0.007812,0.000000,25.453072,47.000000
0.146484,-0.080078,1.257812,0.000000,23.074961,47.000000
0.423828,-0.083984,-1.279297,0.000000,23.010300,47.000000
1.750000,-0.054688,-0.162109,0.000000,29.863237,47.000000
1.779297,-0.056641,-0.261719,0.000000,31.461281,47.000000
1.806641,-0.000000,-0.349609,0.000000,30.561422,47.000000
1.847656,0.058594,-0.351562,0.000000,28.109043,47.000000
2.621094,-0.175781,1.033203,0.000000,28.954226,47.000000
2.658203,-0.179688,1.052734,0.000000,32.121876,47.000000
2.748047,-0.089844,0.933594,0.000000,31.068705,47.000000
0.041016,-0.033203,0.062500,0.000000,30.098757,47.000000
0.044922,-0.046875,0.103516,0.000000,29.014584,47.000000
0.011719,-0.039062,-0.007812,0.000000,30.652061,48.000000
0.017578,-0.080078,-0.007812,0.000000,31.911715,48.000000
0.029297,-0.119141,-0.005859,0.000000,30.128372,48.000000
0.056641,-0.154297,0.005859,0.000000,25.440680,48.000000
0.164062,-0.080078,1.255859,0.000000,23.096302,48.000000
0.412109,-0.083984,-1.283203,0.000000,23.053514,48.000000
0.562500,-0.042969,-1.271484,0.000000,21.673174,48.000000
2.626953,-0.175781,1.019531,0.000000,29.159271,48.000000
2.664062,-0.179688,1.037109,0.000000,32.255676,48.000000
2.753906,-0.089844,0.916016,0.000000,31.215599,48.000000
1.748047,-0.056641,0.425781,0.614669,25.843311,48.000000
1.828125,-0.000000,0.222656,0.614669,25.797836,48.000000
0.041016,-0.033203,0.062500,0.000000,30.098757,48.000000
0.044922,-0.046875,0.103516,0.000000,29.009130,48.000000
1.751953,0.056641,0.408203,0.614669,25.831987,48.000000
0.011719,-0.039062,-0.007812,0.000000,30.640835,49.000000
0.017578,-0.080078,-0.007812,0.000000,31.906118,49.000000
0.029297,-0.119141,-0.005859,0.000000,30.128372,49.000000
0.056641,-0.154297,0.005859,0.000000,25.465427,49.000000
0.095703,-0.080078,1.261719,0.000000,23.117538,49.000000
0.435547,-0.083984,-1.275391,0.000000,23.053514,49.000000
0.564453,-0.042969,-1.271484,0.000000,21.643528,49.000000
1.753906,-0.000000,-0.128906,0.000000,30.759117,49.000000
1.794922,-0.000000,-0.123047,0.000000,32.263420,49.000000
1.835938,-0.056641,-0.128906,0.000000,29.991306,49.000000
2.605469,-0.175781,1.068359,0.000000,28.864906,49.000000
2.654297,-0.179688,1.062500,0.000000,32.060158,49.000000
2.750000,-0.089844,0.931641,0.000000,31.112625,49.000000
0.041016,-0.033203,0.062500,0.000000,30.102999,49.000000
0.044922,-0.046875,0.103516,0.000000,29.014584,49.000000
0.011719,-0.039062,-0.007812,0.000000,30.644581,50.000000
0.017578,-0.080078,-0.007812,0.000000,31.906118,50.000000
0.029297,-0.119141,-0.005859,0.000000,30.128372,50.000000
0.056641,-0.154297,0.005859,0.000000,25.440680,50.000000
0.064453,-0.080078,1.263672,0.000000,23.096302,50.000000
0.046875,-0.082031,-1.304688,0.000000,24.608978,50.000000
0.406250,-0.083984,-1.285156,0.000000,23.053514,50.000000
0.537109,-0.042969,-1.283203,0.000000,21.673174,50.000000
1.748047,-0.054688,-0.197266,0.000000,30.663260,50.000000
1.787109,-0.056641,-0.210938,0.000000,32.153732,50.000000
1.828125,-0.056641,-0.208984,0.000000,30.685570,50.000000
1.873047,-0.058594,-0.164062,0.000000,27.209858,50.000000
2.603516,-0.175781,1.074219,0.000000,28.981766,50.000000
2.652344,-0.179688,1.064453,0.000000,32.143139,50.000000
2.746094,-0.089844,0.939453,0.000000,31.156105,50.000000
0.041016,-0.033203,0.062500,0.000000,30.098757,50.000000
0.044922,-0.046875,0.103516,0.000000,29.009130,50.000000
0.011719,-0.039062,-0.007812,0.000000,30.652061,51.000000
0.017578,-0.080078,-0.007812,0.000000,31.911715,51.000000
0.029297,-0.119141,-0.005859,0.000000,30.136797,51.000000
0.056641,-0.154297,0.007812,0.000000,25.465427,51.000000
0.175781,-0.080078,1.253906,0.000000,23.096302,51.000000
0.417969,-0.083984,-1.281250,0.000000,23.053514,51.000000
0.552734,-0.042969,-1.275391,0.000000,21.702618,51.000000
1.753906,-0.000000,-0.134766,0.000000,29.689497,51.000000
1.798828,-0.000000,-0.066406,0.000000,30.633333,51.000000
1.810547,0.171875,0.285156,0.000000,28.122446,51.000000
1.800781,-0.353516,-0.414062,0.000000,28.260748,51.000000
2.636719,-0.175781,0.994141,0.000000,29.079485,51.000000
2.669922,-0.179688,1.019531,0.000000,32.229763,51.000000
2.763672,-0.089844,0.890625,0.000000,31.222158,51.000000
0.041016,-0.033203,0.062500,0.000000,30.098757,51.000000
0.044922,-0.046875,0.103516,0.000000,29.003672,51.000000
1.570312,-0.460938,-0.841797,0.000000,27.193314,51.000000
0.011719,-0.039062,-0.007812,0.000000,30.659531,52.000000
0.017578,-0.080078,-0.007812,0.000000,31.911715,52.000000
0.029297,-0.119141,-0.005859,0.000000,30.132587,52.000000
0.056641,-0.154297,0.007812,0.000000,25.465427,52.000000
0.103516,-0.080078,1.261719,0.000000,23.138672,52.000000
0.443359,-0.083984,-1.271484,0.000000,23.074961,52.000000
0.554688,-0.042969,-1.275391,0.000000,21.643528,52.000000
1.718750,-0.000000,-0.375000,0.000000,30.000000,52.000000
1.722656,-0.000000,-0.523438,0.000000,29.180304,52.000000
1.783203,-0.345703,0.296875,0.000000,25.158739,52.000000
1.867188,-0.175781,0.152344,0.000000,27.007038,52.000000
2.621094,-0.175781,1.029297,0.000000,29.100906,52.000000
2.667969,-0.179688,1.025391,0.000000,32.187981,52.000000
2.765625,-0.089844,0.882812,0.000000,31.235250,52.000000
0.041016,-0.033203,0.062500,0.000000,30.094509,52.000000
0.044922,-0.046875,0.103516,0.000000,29.009130,52.000000
1.435547,0.287109,-1.115234,0.000000,22.878017,52.000000
0.011719,-0.039062,-0.007812,0.000000,30.644581,53.000000
0.017578,-0.080078,-0.007812,0.000000,31.908916,53.000000
0.029297,-0.119141,-0.005859,0.000000,30.132587,53.000000
0.056641,-0.154297,0.005859,0.000000,25.453072,53.000000
0.150391,-0.080078,1.255859,0.000000,23.117538,53.000000
0.425781,-0.083984,-1.277344,0.000000,23.053514,53.000000
1.755859,-0.000000,-0.113281,0.000000,29.795485,53.000000
1.796875,-0.056641,-0.066406,0.000000,31.467480,53.000000
1.839844,-0.056641,0.000000,0.000000,30.398106,53.000000
1.876953,-0.117188,0.042969,0.000000,27.944880,53.000000
2.632812,-0.175781,1.000000,0.000000,29.068735,53.000000
2.667969,-0.179688,1.025391,0.000000,32.143139,53.000000
2.759766,-0.089844,0.902344,0.000000,31.162756,53.000000
0.041016,-0.033203,0.062500,0.000000,30.094509,53.000000
0.046875,-0.046875,0.103516,0.000000,29.009130,53.000000
0.011719,-0.039062,-0.007812,0.000000,30.648323,54.000000
0.017578,-0.080078,-0.007812,0.000000,31.908916,54.000000
0.029297,-0.119141,-0.005859,0.000000,30.132587,54.000000
0.056641,-0.154297,0.005859,0.000000,25.453072,54.000000
0.146484,-0.080078,1.257812,0.000000,23.117538,54.000000
0.396484,-0.083984,-1.287109,0.000000,23.074961,54.000000
0.541016,-0.042969,-1.281250,0.000000,21.702618,54.000000
1.750000,-0.054688,-0.171875,0.000000,28.555191,54.000000
1.777344,-0.056641,-0.273438,0.000000,29.513374,54.000000
1.810547,-0.171875,-0.279297,0.000000,28.847954,54.000000
1.851562,-0.234375,-0.242188,0.000000,28.363241,54.000000
2.648438,-0.179688,1.074219,0.000000,32.172207,54.000000
2.753906,-0.089844,0.917969,0.000000,31.142773,54.000000
0.041016,-0.033203,0.062500,0.000000,30.102999,54.000000
0.044922,-0.046875,0.103516,0.000000,29.014584,54.000000
0.011719,-0.039062,-0.007812,0.000000,30.652061,55.000000
0.017578,-0.080078,-0.007812,0.000000,31.911715,55.000000
0.029297,-0.119141,-0.005859,0.000000,30.136797,55.000000
0.056641,-0.154297,0.005859,0.000000,25.465427,55.000000
0.162109,-0.080078,1.255859,0.000000,23.096302,55.000000
0.035156,-0.082031,1.306641,0.000000,24.623980,55.000000
0.425781,-0.083984,-1.277344,0.000000,23.074961,55.000000
0.556641,-0.042969,-1.273438,0.000000,21.702618,55.000000
1.671875,-0.000000,-0.548828,0.000000,27.267273,55.000000
1.691406,-0.167969,-0.591797,0.000000,27.611757,55.000000
1.751953,-0.230469,-0.517578,0.000000,28.733206,55.000000
1.792969,-0.294922,-0.490234,0.000000,28.494194,55.000000
2.609375,-0.175781,1.060547,0.000000,29.095560,55.000000
2.656250,-0.179688,1.056641,0.000000,32.234959,55.000000
2.750000,-0.089844,0.931641,0.000000,31.215599,55.000000
0.041016,-0.033203,0.062500,0.000000,30.098757,55.000000
0.046875,-0.046875,0.103516,0.000000,29.009130,55.000000
0.011719,-0.039062,-0.007812,0.000000,30.652061,56.000000
0.017578,-0.080078,-0.007812,0.000000,31.908916,56.000000
0.029297,-0.119141,-0.005859,0.000000,30.128372,56.000000
0.056641,-0.154297,0.005859,0.000000,25.453072,56.000000
0.109375,-0.080078,1.261719,0.000000,23.096302,56.000000
0.425781,-0.083984,-1.277344,0.000000,23.096302,56.000000
0.562500,-0.042969,-1.271484,0.000000,21.673174,56.000000
1.707031,-0.000000,-0.185547,0.000000,28.215136,56.000000
1.750000,-0.000000,-0.183594,0.000000,32.016701,56.000000
1.791016,-0.056641,-0.171875,0.000000,32.718414,56.000000
1.824219,-0.115234,-0.216797,0.000000,31.287222,56.000000
1.869141,-0.117188,-0.189453,0.000000,28.350561,56.000000
2.650391,-0.175781,0.957031,0.000000,29.090208,56.000000
2.677734,-0.179688,0.996094,0.000000,32.289135,56.000000
2.767578,-0.089844,0.876953,0.000000,31.309767,56.000000
0.041016,-0.033203,0.062500,0.000000,30.098757,56.000000
0.044922,-0.046875,0.103516,0.000000,29.009130,56.000000
0.011719,-0.039062,-0.007812,0.000000,30.644581,57.000000
0.017578,-0.080078,-0.007812,0.000000,31.906118,57.000000
0.029297,-0.119141,-0.005859,0.000000,30.132587,57.000000
0.056641,-0.154297,0.005859,0.000000,25.465427,57.000000
0.175781,-0.080078,1.253906,0.000000,23.096302,57.000000
0.074219,-0.082031,1.304688,0.000000,24.638929,57.000000
0.412109,-0.083984,-1.283203,0.000000,23.096302,57.000000
0.554688,-0.042969,-1.273438,0.000000,21.702618,57.000000
1.683594,-0.052734,-0.335938,0.000000,28.088860,57.000000
1.742188,-0.054688,-0.234375,0.000000,31.953461,57.000000
1.791016,-0.056641,-0.173828,0.000000,33.248997,57.000000
1.837891,-0.000000,-0.099609,0.000000,32.760021,57.000000
1.880859,0.058594,0.048828,0.000000,30.102999,57.000000
2.687500,-0.089844,0.986328,0.000000,32.011238,57.000000
2.748047,-0.089844,0.937500,0.000000,31.172712,57.000000
0.041016,-0.033203,0.062500,0.000000,30.098757,57.000000
0.044922,-0.046875,0.103516,0.000000,29.009130,57.000000
0.011719,-0.039062,-0.007812,0.000000,30.655798,58.000000
0.017578,-0.080078,-0.007812,0.000000,31.908916,58.000000
0.029297,-0.119141,-0.005859,0.000000,30.128372,58.000000
0.056641,-0.154297,0.005859,0.000000,25.453072,58.000000
0.152344,-0.080078,1.255859,0.000000,23.117538,58.000000
0.031250,-0.082031,1.306641,0.000000,24.653828,58.000000
0.425781,-0.083984,-1.277344,0.000000,23.096302,58.000000
0.558594,-0.042969,-1.273438,0.000000,21.702618,58.000000
1.703125,-0.000000,-0.222656,0.000000,27.581547,58.000000
1.751953,-0.000000,-0.167969,0.000000,30.273497,58.000000
1.792969,-0.000000,-0.152344,0.000000,30.394140,58.000000
1.832031,-0.056641,-0.162109,0.000000,30.000000,58.000000
1.873047,-0.058594,-0.162109,0.000000,28.692318,58.000000
2.630859,-0.175781,1.009766,0.000000,29.153997,58.000000
2.669922,-0.179688,1.017578,0.000000,32.294258,58.000000
2.765625,-0.089844,0.882812,0.000000,31.287222,58.000000
0.041016,-0.033203,0.062500,0.000000,30.102999,58.000000
0.044922,-0.046875,0.103516,0.000000,29.009130,58.000000
0.011719,-0.039062,-0.007812,0.000000,30.648323,59.000000
0.017578,-0.080078,-0.007812,0.000000,31.908916,59.000000
0.029297,-0.119141,-0.005859,0.000000,30.132587,59.000000
