0.041016,-0.115234,-0.007812,0.000000,30.077478,0.000000
0.056641,-0.154297,0.007812,0.000000,25.327543,0.000000
0.251953,0.039062,-1.242188,0.000000,23.521826,0.000000
0.222656,0.041016,-1.289062,0.000000,24.377506,0.000000
0.451172,0.042969,1.271484,0.000000,22.552725,0.000000
2.625000,-0.175781,1.023438,0.000000,29.268568,0.000000
2.671875,-0.179688,1.015625,0.000000,32.591160,0.000000
2.765625,-0.089844,0.882812,0.000000,31.961761,0.000000
4.298828,-0.000000,1.460938,0.000000,27.888752,0.000000
4.392578,-0.142578,1.294922,0.000000,31.430147,0.000000
4.482422,-0.000000,1.130859,0.000000,31.389339,0.000000
4.603516,0.146484,0.732422,0.000000,29.518230,0.000000
4.851562,-0.308594,0.933594,0.000000,30.820669,0.000000
4.939453,-0.623047,0.349609,0.000000,29.561684,0.000000
0.037109,-0.035156,0.064453,0.000000,30.098757,0.000000
0.046875,-0.046875,0.103516,0.000000,28.998205,0.000000
1.179688,-0.449219,0.345703,0.000000,21.398790,0.000000
1.236328,-0.464844,0.277344,0.000000,19.731279,0.000000
0.011719,-0.039062,-0.007812,0.000000,30.652061,1.000000
0.027344,-0.076172,-0.009766,0.000000,31.855421,1.000000
0.041016,-0.115234,-0.007812,0.000000,30.077478,1.000000
0.056641,-0.154297,0.007812,0.000000,25.340261,1.000000
0.248047,0.039062,-1.242188,0.000000,23.541084,1.000000
0.148438,-0.000000,1.300781,0.000000,24.345690,1.000000
0.460938,0.042969,1.267578,0.000000,22.504200,1.000000
1.914062,0.121094,-0.144531,0.000000,27.701153,1.000000
1.955078,0.123047,-0.140625,0.000000,29.003672,1.000000
2.632812,-0.175781,1.001953,0.000000,29.464523,1.000000
2.671875,-0.179688,1.011719,0.000000,32.676411,1.000000
2.765625,-0.089844,0.880859,0.000000,32.000294,1.000000
4.304688,-0.142578,1.441406,0.000000,27.824726,1.000000
4.394531,-0.142578,1.289062,0.000000,31.395643,1.000000
4.466797,-0.000000,1.187500,0.000000,30.951693,1.000000
4.849609,-0.308594,0.939453,0.000000,31.215599,1.000000
4.931641,-0.623047,0.435547,0.000000,29.982594,1.000000
0.037109,-0.035156,0.064453,0.000000,30.098757,1.000000
0.044922,-0.046875,0.103516,0.000000,28.998205,1.000000
1.179688,-0.449219,0.345703,0.000000,21.367207,1.000000
1.234375,-0.464844,0.292969,0.000000,19.684830,1.000000
0.011719,-0.039062,-0.007812,0.000000,30.652061,2.000000
0.027344,-0.076172,-0.009766,0.000000,31.849752,2.000000
0.041016,-0.115234,-0.007812,0.000000,30.073210,2.000000
0.056641,-0.154297,0.007812,0.000000,25.327543,2.000000
0.216797,0.039062,-1.248047,0.000000,23.521826,2.000000
0.222656,0.041016,-1.289062,0.000000,24.361626,2.000000
0.451172,0.042969,1.271484,0.000000,22.552725,2.000000
1.906250,0.121094,-0.220703,0.000000,28.633228,2.000000
1.949219,0.123047,-0.193359,0.000000,30.199467,2.000000
1.992188,0.125000,-0.175781,0.000000,28.450981,2.000000
2.613281,-0.175781,1.052734,0.000000,29.222063,2.000000
2.666016,-0.179688,1.027344,0.000000,32.569580,2.000000
2.765625,-0.089844,0.882812,0.000000,31.934029,2.000000
4.302734,-0.142578,1.445312,0.000000,27.831886,2.000000
4.392578,-0.142578,1.292969,0.000000,31.414497,2.000000
4.472656,-0.000000,1.164062,0.000000,31.185953,2.000000
4.570312,-0.000000,0.923828,0.000000,28.704039,2.000000
4.832031,-0.308594,1.029297,0.000000,30.149403,2.000000
4.921875,-0.779297,0.265625,0.000000,28.970770,2.000000
0.037109,-0.035156,0.064453,0.000000,30.094509,2.000000
0.046875,-0.046875,0.103516,0.000000,29.003672,2.000000
1.179688,-0.449219,0.345703,0.000000,21.398790,2.000000
1.238281,-0.464844,0.269531,0.000000,19.684830,2.000000
0.011719,-0.039062,-0.007812,0.000000,30.652061,3.000000
0.027344,-0.076172,-0.009766,0.000000,31.849752,3.000000
0.041016,-0.115234,-0.007812,0.000000,30.077478,3.000000
0.056641,-0.154297,0.007812,0.000000,25.340261,3.000000
0.244141,0.039062,-1.244141,0.000000,23.521826,3.000000
0.205078,0.041016,-1.292969,0.000000,24.393328,3.000000
0.480469,0.042969,1.261719,0.000000,22.576786,3.000000
1.914062,0.121094,-0.130859,0.000000,28.721563,3.000000
1.953125,0.123047,-0.162109,0.000000,30.178677,3.000000
1.992188,0.125000,-0.171875,0.000000,28.234743,3.000000
2.621094,-0.175781,1.031250,0.000000,29.247959,3.000000
2.664062,-0.179688,1.033203,0.000000,32.576786,3.000000
2.757812,-0.089844,0.904297,0.000000,31.917303,3.000000
4.298828,-0.000000,1.458984,0.000000,27.923918,3.000000
4.392578,-0.142578,1.291016,0.000000,31.513699,3.000000
4.468750,-0.000000,1.177734,0.000000,31.328999,3.000000
4.845703,-0.308594,0.964844,0.000000,30.322157,3.000000
4.917969,-0.779297,0.333984,0.000000,29.206450,3.000000
0.037109,-0.035156,0.064453,0.000000,30.098757,3.000000
0.046875,-0.046875,0.103516,0.000000,29.003672,3.000000
1.236328,-0.464844,0.277344,0.000000,19.731279,3.000000
0.011719,-0.039062,-0.007812,0.000000,30.648323,4.000000
0.027344,-0.076172,-0.009766,0.000000,31.849752,4.000000
0.041016,-0.115234,-0.007812,0.000000,30.073210,4.000000
0.056641,-0.154297,0.007812,0.000000,25.327543,4.000000
0.197266,0.039062,-1.251953,0.000000,23.521826,4.000000
0.185547,0.041016,-1.294922,0.000000,24.361626,4.000000
0.476562,0.042969,1.261719,0.000000,22.528530,4.000000
1.917969,0.060547,-0.132812,0.000000,28.704039,4.000000
1.958984,0.060547,-0.121094,0.000000,29.804579,4.000000
1.984375,0.125000,-0.250000,0.000000,27.759743,4.000000
2.630859,-0.175781,1.007812,0.000000,29.196011,4.000000
2.673828,-0.179688,1.009766,0.000000,32.550312,4.000000
2.767578,-0.089844,0.876953,0.000000,31.883659,4.000000
4.294922,-0.142578,1.466797,0.000000,28.162413,4.000000
4.396484,-0.142578,1.283203,0.000000,31.687920,4.000000
4.472656,-0.000000,1.169922,0.000000,31.386185,4.000000
0.037109,-0.035156,0.064453,0.000000,30.098757,4.000000
0.044922,-0.046875,0.103516,0.000000,29.003672,4.000000
1.181641,-0.449219,0.341797,0.000000,21.430147,4.000000
1.232422,-0.464844,0.292969,0.000000,19.684830,4.000000
0.011719,-0.039062,-0.007812,0.000000,30.644581,5.000000
0.027344,-0.076172,-0.009766,0.000000,31.849752,5.000000
0.041016,-0.115234,-0.007812,0.000000,30.073210,5.000000
0.056641,-0.154297,0.007812,0.000000,25.340261,5.000000
0.263672,0.039062,-1.240234,0.000000,23.521826,5.000000
0.238281,0.041016,-1.287109,0.000000,24.361626,5.000000
0.455078,0.042969,1.269531,0.000000,22.504200,5.000000
1.917969,0.121094,-0.037109,0.000000,27.481880,5.000000
1.958984,0.123047,-0.080078,0.000000,27.902851,5.000000
2.623047,-0.175781,1.027344,0.000000,29.242792,5.000000
2.666016,-0.179688,1.027344,0.000000,32.581581,5.000000
2.761719,-0.089844,0.894531,0.000000,31.934029,5.000000
4.300781,-0.000000,1.457031,0.000000,27.730547,5.000000
4.392578,-0.142578,1.294922,0.000000,31.344959,5.000000
4.464844,-0.144531,1.191406,0.000000,31.010593,5.000000
0.037109,-0.035156,0.064453,0.000000,30.098757,5.000000
0.046875,-0.046875,0.103516,0.000000,28.998205,5.000000
1.236328,-0.464844,0.279297,0.000000,19.684830,5.000000
0.011719,-0.039062,-0.007812,0.000000,30.648323,6.000000
0.027344,-0.076172,-0.009766,0.000000,31.852587,6.000000
0.041016,-0.115234,-0.007812,0.000000,30.077478,6.000000
0.056641,-0.154297,0.007812,0.000000,25.327543,6.000000
0.242188,0.039062,-1.244141,0.000000,23.502480,6.000000
0.208984,0.041016,-1.291016,0.000000,24.345690,6.000000
0.486328,0.042969,1.257812,0.000000,22.504200,6.000000
2.615234,-0.175781,1.048828,0.000000,29.289078,6.000000
2.660156,-0.179688,1.044922,0.000000,32.567177,6.000000
2.757812,-0.089844,0.908203,0.000000,31.886473,6.000000
4.392578,-0.000000,1.302734,0.000000,31.024338,6.000000
4.449219,-0.144531,1.244141,0.000000,31.182648,6.000000
0.037109,-0.035156,0.064453,0.000000,30.094509,6.000000
0.046875,-0.046875,0.103516,0.000000,28.998205,6.000000
1.179688,-0.449219,0.343750,0.000000,21.398790,6.000000
1.234375,-0.464844,0.292969,0.000000,19.731279,6.000000
0.011719,-0.039062,-0.007812,0.000000,30.652061,7.000000
0.027344,-0.076172,-0.009766,0.000000,31.852587,7.000000
0.041016,-0.115234,-0.007812,0.000000,30.081741,7.000000
0.056641,-0.154297,0.007812,0.000000,25.340261,7.000000
0.218750,0.039062,-1.248047,0.000000,23.521826,7.000000
0.181641,0.041016,-1.294922,0.000000,24.345690,7.000000
0.472656,0.042969,1.263672,0.000000,22.504200,7.000000
2.628906,-0.175781,1.011719,0.000000,29.334873,7.000000
2.662109,-0.179688,1.037109,0.000000,32.583977,7.000000
2.750000,-0.089844,0.927734,0.000000,31.855421,7.000000
0.037109,-0.035156,0.064453,0.000000,30.098757,7.000000
0.046875,-0.046875,0.103516,0.000000,29.003672,7.000000
1.181641,-0.449219,0.341797,0.000000,21.367207,7.000000
1.232422,-0.464844,0.298828,0.000000,19.731279,7.000000
0.011719,-0.039062,-0.007812,0.000000,30.659531,8.000000
0.027344,-0.076172,-0.009766,0.000000,31.855421,8.000000
0.041016,-0.115234,-0.007812,0.000000,30.077478,8.000000
0.056641,-0.154297,0.007812,0.000000,25.340261,8.000000
0.234375,0.039062,-1.246094,0.000000,23.502480,8.000000
0.207031,0.041016,-1.291016,0.000000,24.345690,8.000000
0.470703,0.042969,1.265625,0.000000,22.504200,8.000000
1.921875,-0.000000,0.025391,0.000000,28.715729,8.000000
1.962891,-0.000000,-0.023438,0.000000,30.845762,8.000000
2.001953,0.062500,-0.082031,0.000000,29.836264,8.000000
2.019531,0.126953,-0.298828,0.000000,28.020893,8.000000
2.626953,-0.175781,1.015625,0.000000,29.263424,8.000000
2.669922,-0.179688,1.021484,0.000000,32.545483,8.000000
2.765625,-0.089844,0.884766,0.000000,31.872387,8.000000
0.037109,-0.035156,0.064453,0.000000,30.094509,8.000000
0.046875,-0.046875,0.103516,0.000000,29.003672,8.000000
1.226562,-0.464844,0.318359,0.000000,19.590414,8.000000
0.011719,-0.039062,-0.007812,0.000000,30.648323,9.000000
0.027344,-0.076172,-0.009766,0.000000,31.849752,9.000000
0.041016,-0.115234,-0.007812,0.000000,30.073210,9.000000
0.056641,-0.154297,0.007812,0.000000,25.327543,9.000000
0.246094,0.039062,-1.244141,0.000000,23.502480,9.000000
0.228516,0.041016,-1.289062,0.000000,24.329693,9.000000
0.443359,0.042969,1.273438,0.000000,22.504200,9.000000
1.917969,0.060547,-0.113281,0.000000,31.095785,9.000000
1.958984,0.060547,-0.113281,0.000000,33.312248,9.000000
1.998047,0.062500,-0.144531,0.000000,32.242741,9.000000
2.029297,0.126953,-0.230469,0.000000,28.549129,9.000000
2.623047,-0.175781,1.027344,0.000000,29.211660,9.000000
2.671875,-0.179688,1.013672,0.000000,32.540646,9.000000
2.769531,-0.089844,0.867188,0.000000,31.903316,9.000000
0.037109,-0.035156,0.064453,0.000000,30.094509,9.000000
0.046875,-0.046875,0.103516,0.000000,28.998205,9.000000
1.181641,-0.449219,0.335938,0.000000,21.367207,9.000000
1.240234,-0.464844,0.265625,0.000000,19.684830,9.000000
0.011719,-0.039062,-0.007812,0.000000,30.659531,10.000000
0.027344,-0.076172,-0.009766,0.000000,31.858253,10.000000
0.041016,-0.115234,-0.007812,0.000000,30.081741,10.000000
0.056641,-0.154297,0.007812,0.000000,25.340261,10.000000
0.253906,0.039062,-1.242188,0.000000,23.502480,10.000000
0.218750,0.041016,-1.291016,0.000000,24.361626,10.000000
0.474609,0.042969,1.263672,0.000000,22.504200,10.000000
1.921875,-0.000000,-0.062500,0.000000,30.191162,10.000000
1.960938,0.060547,-0.101562,0.000000,31.661339,10.000000
1.998047,-0.000000,-0.162109,0.000000,29.925535,10.000000
2.642578,-0.175781,0.976562,0.000000,29.479237,10.000000
2.707031,-0.089844,0.927734,0.000000,32.674065,10.000000
2.769531,-0.089844,0.869141,0.000000,32.024883,10.000000
0.037109,-0.035156,0.064453,0.000000,30.094509,10.000000
0.046875,-0.046875,0.103516,0.000000,28.998205,10.000000
1.179688,-0.449219,0.345703,0.000000,21.398790,10.000000
1.234375,-0.464844,0.285156,0.000000,19.684830,10.000000
0.011719,-0.039062,-0.007812,0.000000,30.652061,11.000000
0.027344,-0.076172,-0.009766,0.000000,31.855421,11.000000
0.041016,-0.115234,-0.007812,0.000000,30.077478,11.000000
0.056641,-0.154297,0.007812,0.000000,25.340261,11.000000
0.250000,0.039062,-1.242188,0.000000,23.521826,11.000000
0.232422,0.041016,-1.287109,0.000000,24.329693,11.000000
0.476562,0.042969,1.261719,0.000000,22.479733,11.000000
1.960938,-0.060547,-0.099609,0.000000,29.845274,11.000000
2.001953,-0.000000,-0.101562,0.000000,29.571281,11.000000
2.632812,-0.175781,1.000000,0.000000,29.294189,11.000000
2.669922,-0.179688,1.019531,0.000000,32.598328,11.000000
2.763672,-0.089844,0.888672,0.000000,31.956230,11.000000
0.037109,-0.035156,0.064453,0.000000,30.098757,11.000000
0.044922,-0.046875,0.103516,0.000000,29.003672,11.000000
1.179688,-0.449219,0.347656,0.000000,21.398790,11.000000
1.238281,-0.464844,0.269531,0.000000,19.684830,11.000000
0.011719,-0.039062,-0.007812,0.000000,30.655798,12.000000
0.027344,-0.076172,-0.009766,0.000000,31.852587,12.000000
0.041016,-0.115234,-0.007812,0.000000,30.077478,12.000000
0.056641,-0.154297,0.007812,0.000000,25.340261,12.000000
0.218750,0.039062,-1.248047,0.000000,23.483049,12.000000
0.195312,0.041016,-1.292969,0.000000,24.345690,12.000000
0.445312,0.042969,1.273438,0.000000,22.504200,12.000000
2.607422,-0.175781,1.064453,0.000000,29.344984,12.000000
2.664062,-0.179688,1.033203,0.000000,32.586372,12.000000
2.769531,-0.089844,0.869141,0.000000,31.939590,12.000000
0.037109,-0.035156,0.064453,0.000000,30.102999,12.000000
0.046875,-0.046875,0.103516,0.000000,29.003672,12.000000
1.179688,-0.449219,0.347656,0.000000,21.398790,12.000000
1.232422,-0.464844,0.296875,0.000000,19.731279,12.000000
0.011719,-0.039062,-0.007812,0.000000,30.648323,13.000000
0.027344,-0.076172,-0.009766,0.000000,31.852587,13.000000
0.041016,-0.115234,-0.007812,0.000000,30.077478,13.000000
0.056641,-0.154297,0.007812,0.000000,25.340261,13.000000
0.236328,0.039062,-1.246094,0.000000,23.521826,13.000000
0.238281,0.041016,-1.287109,0.000000,24.361626,13.000000
0.445312,0.042969,1.273438,0.000000,22.504200,13.000000
2.052734,-0.000000,-0.376953,0.000000,26.981005,13.000000
2.621094,-0.175781,1.031250,0.000000,29.334873,13.000000
2.664062,-0.179688,1.033203,0.000000,32.567177,13.000000
2.759766,-0.089844,0.900391,0.000000,31.875208,13.000000
0.037109,-0.035156,0.064453,0.000000,30.098757,13.000000
0.046875,-0.046875,0.103516,0.000000,28.998205,13.000000
1.177734,-0.449219,0.349609,0.000000,21.398790,13.000000
1.234375,-0.464844,0.287109,0.000000,19.731279,13.000000
0.011719,-0.039062,-0.007812,0.000000,30.659531,14.000000
0.027344,-0.076172,-0.009766,0.000000,31.855421,14.000000
0.041016,-0.115234,-0.007812,0.000000,30.077478,14.000000
0.056641,-0.154297,0.007812,0.000000,25.340261,14.000000
0.240234,0.039062,-1.244141,0.000000,23.560259,14.000000
0.242188,0.041016,-1.285156,0.000000,24.377506,14.000000
0.433594,0.042969,1.277344,0.000000,22.504200,14.000000
1.960938,0.060547,-0.072266,0.000000,29.106243,14.000000
2.001953,0.062500,-0.052734,0.000000,28.948696,14.000000
2.039062,-0.000000,-0.154297,0.000000,27.411516,14.000000
2.638672,-0.175781,0.986328,0.000000,29.454685,14.000000
2.673828,-0.179688,1.011719,0.000000,32.664669,14.000000
2.763672,-0.089844,0.886719,0.000000,32.000294,14.000000
0.037109,-0.035156,0.064453,0.000000,30.094509,14.000000
0.046875,-0.046875,0.103516,0.000000,28.998205,14.000000
1.234375,-0.464844,0.291016,0.000000,19.637878,14.000000
0.011719,-0.039062,-0.007812,0.000000,30.655798,15.000000
0.027344,-0.076172,-0.009766,0.000000,31.855421,15.000000
0.041016,-0.115234,-0.007812,0.000000,30.086002,15.000000
0.056641,-0.154297,0.007812,0.000000,25.352942,15.000000
0.242188,0.039062,-1.244141,0.000000,23.502480,15.000000
0.230469,0.041016,-1.287109,0.000000,24.345690,15.000000
0.443359,0.042969,1.275391,0.000000,22.504200,15.000000
1.914062,-0.000000,-0.181641,0.000000,30.394140,15.000000
1.957031,-0.000000,-0.169922,0.000000,33.350567,15.000000
1.998047,-0.000000,-0.166016,0.000000,32.808060,15.000000
2.039062,-0.000000,-0.166016,0.000000,29.074114,15.000000
2.607422,-0.175781,1.066406,0.000000,29.227255,15.000000
2.662109,-0.179688,1.039062,0.000000,32.603100,15.000000
2.757812,-0.089844,0.910156,0.000000,31.914511,15.000000
0.037109,-0.035156,0.064453,0.000000,30.094509,15.000000
0.046875,-0.046875,0.103516,0.000000,28.998205,15.000000
1.179688,-0.449219,0.343750,0.000000,21.461281,15.000000
1.238281,-0.464844,0.275391,0.000000,19.822712,15.000000
0.011719,-0.039062,-0.007812,0.000000,30.655798,16.000000
0.027344,-0.076172,-0.009766,0.000000,31.852587,16.000000
0.041016,-0.115234,-0.007812,0.000000,30.073210,16.000000
0.056641,-0.154297,0.007812,0.000000,25.327543,16.000000
0.236328,0.039062,-1.246094,0.000000,23.502480,16.000000
0.216797,0.041016,-1.291016,0.000000,24.345690,16.000000
0.435547,0.042969,1.277344,0.000000,22.528530,16.000000
1.929688,-0.000000,-0.361328,0.000000,29.754318,16.000000
1.972656,-0.000000,-0.361328,0.000000,28.639174,16.000000
2.611328,-0.175781,1.056641,0.000000,29.283958,16.000000
2.660156,-0.179688,1.042969,0.000000,32.603100,16.000000
2.753906,-0.089844,0.919922,0.000000,31.869564,16.000000
0.037109,-0.035156,0.064453,0.000000,30.098757,16.000000
0.046875,-0.046875,0.103516,0.000000,28.992731,16.000000
0.003906,-0.056641,0.154297,0.000000,25.237465,16.000000
1.181641,-0.449219,0.339844,0.000000,21.367207,16.000000
1.230469,-0.464844,0.302734,0.000000,19.731279,16.000000
0.011719,-0.039062,-0.007812,0.000000,30.655798,17.000000
0.027344,-0.076172,-0.009766,0.000000,31.852587,17.000000
0.041016,-0.115234,-0.007812,0.000000,30.077478,17.000000
0.056641,-0.154297,0.007812,0.000000,25.340261,17.000000
0.257812,0.039062,-1.240234,0.000000,23.521826,17.000000
0.109375,-0.000000,1.304688,0.000000,24.329693,17.000000
0.460938,0.042969,1.267578,0.000000,22.504200,17.000000
1.935547,-0.000000,-0.333984,0.000000,29.781805,17.000000
1.970703,-0.000000,-0.361328,0.000000,29.960737,17.000000
2.626953,-0.175781,1.015625,0.000000,29.415113,17.000000
2.662109,-0.179688,1.039062,0.000000,32.583977,17.000000
2.755859,-0.089844,0.914062,0.000000,31.852587,17.000000
0.037109,-0.035156,0.064453,0.000000,30.098757,17.000000
0.046875,-0.046875,0.103516,0.000000,28.998205,17.000000
1.183594,-0.449219,0.333984,0.000000,21.398790,17.000000
1.238281,-0.464844,0.271484,0.000000,19.777237,17.000000
0.011719,-0.039062,-0.007812,0.000000,30.659531,18.000000
0.027344,-0.076172,-0.009766,0.000000,31.852587,18.000000
0.041016,-0.115234,-0.007812,0.000000,30.077478,18.000000
0.056641,-0.154297,0.007812,0.000000,25.340261,18.000000
0.222656,0.039062,-1.248047,0.000000,23.521826,18.000000
0.193359,0.041016,-1.294922,0.000000,24.377506,18.000000
0.470703,0.042969,1.263672,0.000000,22.504200,18.000000
1.953125,-0.123047,-0.156250,0.000000,28.773714,18.000000
2.632812,-0.175781,1.003906,0.000000,29.242792,18.000000
2.667969,-0.179688,1.025391,0.000000,32.523674,18.000000
2.763672,-0.089844,0.888672,0.000000,31.844074,18.000000
0.037109,-0.035156,0.064453,0.000000,30.094509,18.000000
0.046875,-0.046875,0.103516,0.000000,28.998205,18.000000
1.238281,-0.464844,0.275391,0.000000,19.637878,18.000000
0.011719,-0.039062,-0.007812,0.000000,30.659531,19.000000
0.027344,-0.076172,-0.009766,0.000000,31.855421,19.000000
0.041016,-0.115234,-0.007812,0.000000,30.081741,19.000000
0.056641,-0.154297,0.007812,0.000000,25.352942,19.000000
0.255859,0.039062,-1.242188,0.000000,23.502480,19.000000
0.220703,0.041016,-1.289062,0.000000,24.377506,19.000000
0.464844,0.042969,1.267578,0.000000,22.552725,19.000000
1.919922,-0.060547,-0.066406,0.000000,30.437551,19.000000
1.958984,-0.060547,-0.119141,0.000000,33.438023,19.000000
1.998047,-0.000000,-0.162109,0.000000,32.999428,19.000000
2.031250,0.064453,-0.224609,0.000000,29.020029,19.000000
2.623047,-0.175781,1.027344,0.000000,29.206450,19.000000
2.667969,-0.179688,1.021484,0.000000,32.583977,19.000000
2.765625,-0.089844,0.882812,0.000000,31.978317,19.000000
0.037109,-0.035156,0.064453,0.000000,30.094509,19.000000
0.046875,-0.046875,0.103516,0.000000,29.003672,19.000000
1.236328,-0.464844,0.275391,0.000000,19.637878,19.000000
0.011719,-0.039062,-0.007812,0.000000,30.659531,20.000000
0.027344,-0.076172,-0.009766,0.000000,31.855421,20.000000
0.041016,-0.115234,-0.007812,0.000000,30.077478,20.000000
0.056641,-0.154297,0.007812,0.000000,25.340261,20.000000
0.251953,0.039062,-1.242188,0.000000,23.521826,20.000000
0.207031,0.041016,-1.291016,0.000000,24.377506,20.000000
0.480469,0.042969,1.261719,0.000000,22.528530,20.000000
1.910156,-0.000000,0.214844,0.000000,29.132839,20.000000
1.957031,-0.000000,0.156250,0.000000,31.679077,20.000000
2.001953,-0.000000,0.095703,0.000000,31.176027,20.000000
2.044922,-0.000000,-0.044922,0.000000,27.788744,20.000000
2.636719,-0.175781,0.990234,0.000000,29.319662,20.000000
2.669922,-0.179688,1.019531,0.000000,32.619762,20.000000
2.759766,-0.089844,0.902344,0.000000,31.956230,20.000000
0.037109,-0.035156,0.064453,0.000000,30.094509,20.000000
0.046875,-0.046875,0.103516,0.000000,29.003672,20.000000
1.238281,-0.464844,0.273438,0.000000,19.684830,20.000000
0.011719,-0.039062,-0.007812,0.000000,30.648323,21.000000
0.027344,-0.076172,-0.009766,0.000000,31.849752,21.000000
0.041016,-0.115234,-0.007812,0.000000,30.073210,21.000000
0.056641,-0.154297,0.007812,0.000000,25.340261,21.000000
0.248047,0.039062,-1.242188,0.000000,23.541084,21.000000
0.242188,0.041016,-1.285156,0.000000,24.361626,21.000000
0.427734,0.042969,1.279297,0.000000,22.528530,21.000000
1.953125,-0.000000,-0.197266,0.000000,27.566360,21.000000
1.990234,-0.000000,-0.244141,0.000000,27.641762,21.000000
2.617188,-0.175781,1.041016,0.000000,29.324738,21.000000
2.666016,-0.179688,1.031250,0.000000,32.664669,21.000000
2.759766,-0.089844,0.902344,0.000000,32.087101,21.000000
0.037109,-0.035156,0.064453,0.000000,30.098757,21.000000
0.046875,-0.046875,0.103516,0.000000,29.003672,21.000000
1.234375,-0.464844,0.291016,0.000000,19.684830,21.000000
0.011719,-0.039062,-0.007812,0.000000,30.644581,22.000000
0.027344,-0.076172,-0.009766,0.000000,31.849752,22.000000
0.041016,-0.115234,-0.007812,0.000000,30.073210,22.000000
0.056641,-0.154297,0.007812,0.000000,25.340261,22.000000
0.246094,0.039062,-1.244141,0.000000,23.579348,22.000000
0.222656,0.041016,-1.289062,0.000000,24.361626,22.000000
0.439453,0.042969,1.275391,0.000000,22.504200,22.000000
1.958984,-0.123047,0.003906,0.000000,27.419392,22.000000
1.998047,-0.000000,-0.162109,0.000000,27.109631,22.000000
2.628906,-0.175781,1.013672,0.000000,29.304396,22.000000
2.673828,-0.179688,1.007812,0.000000,32.650539,22.000000
2.765625,-0.089844,0.882812,0.000000,32.041199,22.000000
0.037109,-0.035156,0.064453,0.000000,30.094509,22.000000
0.046875,-0.046875,0.103516,0.000000,28.992731,22.000000
1.177734,-0.449219,0.351562,0.000000,21.398790,22.000000
1.236328,-0.464844,0.281250,0.000000,19.684830,22.000000
0.011719,-0.039062,-0.007812,0.000000,30.648323,23.000000
0.027344,-0.076172,-0.009766,0.000000,31.849752,23.000000
0.041016,-0.115234,-0.007812,0.000000,30.073210,23.000000
0.056641,-0.154297,0.007812,0.000000,25.327543,23.000000
0.271484,0.039062,-1.238281,0.000000,23.502480,23.000000
0.251953,0.041016,-1.283203,0.000000,24.329693,23.000000
0.429688,0.042969,1.279297,0.000000,22.504200,23.000000
1.921875,-0.000000,-0.005859,0.000000,29.175055,23.000000
1.962891,0.060547,0.037109,0.000000,31.510633,23.000000
2.003906,0.062500,0.039062,0.000000,30.711452,23.000000
2.625000,-0.175781,1.021484,0.000000,29.237619,23.000000
2.677734,-0.179688,0.996094,0.000000,32.586372,23.000000
2.773438,-0.089844,0.859375,0.000000,31.956230,23.000000
0.037109,-0.035156,0.064453,0.000000,30.094509,23.000000
0.046875,-0.046875,0.103516,0.000000,28.998205,23.000000
1.177734,-0.449219,0.351562,0.000000,21.367207,23.000000
1.232422,-0.464844,0.292969,0.000000,19.684830,23.000000
0.011719,-0.039062,-0.007812,0.000000,30.652061,24.000000
0.027344,-0.076172,-0.009766,0.000000,31.852587,24.000000
0.041016,-0.115234,-0.007812,0.000000,30.077478,24.000000
0.056641,-0.154297,0.007812,0.000000,25.340261,24.000000
0.210938,0.039062,-1.250000,0.000000,23.502480,24.000000
0.199219,0.041016,-1.292969,0.000000,24.361626,24.000000
0.468750,0.042969,1.265625,0.000000,22.528530,24.000000
1.921875,-0.000000,0.013672,0.000000,30.842186,24.000000
1.962891,0.060547,0.017578,0.000000,32.164299,24.000000
2.000000,0.125000,0.001953,0.000000,29.439888,24.000000
2.621094,-0.175781,1.031250,0.000000,29.429996,24.000000
2.666016,-0.179688,1.029297,0.000000,32.624512,24.000000
2.761719,-0.089844,0.896484,0.000000,31.875208,24.000000
0.037109,-0.035156,0.064453,0.000000,30.094509,24.000000
0.046875,-0.046875,0.103516,0.000000,29.003672,24.000000
1.181641,-0.449219,0.335938,0.000000,21.398790,24.000000
1.236328,-0.464844,0.281250,0.000000,19.777237,24.000000
0.011719,-0.039062,-0.007812,0.000000,30.644581,25.000000
0.027344,-0.076172,-0.009766,0.000000,31.852587,25.000000
0.041016,-0.115234,-0.007812,0.000000,30.077478,25.000000
0.056641,-0.154297,0.007812,0.000000,25.340261,25.000000
0.232422,0.039062,-1.246094,0.000000,23.502480,25.000000
0.218750,0.041016,-1.291016,0.000000,24.361626,25.000000
0.443359,0.042969,1.273438,0.000000,22.479733,25.000000
1.921875,-0.060547,0.003906,0.000000,30.591846,25.000000
1.962891,-0.060547,0.003906,0.000000,32.229763,25.000000
2.003906,-0.062500,0.031250,0.000000,30.081741,25.000000
2.617188,-0.175781,1.042969,0.000000,29.309490,25.000000
2.664062,-0.179688,1.035156,0.000000,32.579185,25.000000
2.761719,-0.089844,0.892578,0.000000,31.883659,25.000000
4.390625,-0.142578,1.302734,0.000000,30.955181,25.000000
4.457031,-0.144531,1.212891,0.000000,31.082266,25.000000
0.037109,-0.035156,0.064453,0.000000,30.098757,25.000000
0.044922,-0.046875,0.103516,0.000000,28.998205,25.000000
1.234375,-0.464844,0.287109,0.000000,19.731279,25.000000
0.011719,-0.039062,-0.007812,0.000000,30.652061,26.000000
0.027344,-0.076172,-0.009766,0.000000,31.852587,26.000000
0.041016,-0.115234,-0.007812,0.000000,30.073210,26.000000
0.056641,-0.154297,0.007812,0.000000,25.340261,26.000000
0.244141,0.039062,-1.244141,0.000000,23.463530,26.000000
0.218750,0.041016,-1.289062,0.000000,24.329693,26.000000
0.443359,0.042969,1.273438,0.000000,22.479733,26.000000
1.917969,-0.060547,-0.128906,0.000000,31.195858,26.000000
1.958984,-0.060547,-0.125000,0.000000,32.268578,26.000000
2.001953,-0.000000,-0.085938,0.000000,29.580858,26.000000
2.605469,-0.175781,1.070312,0.000000,29.169800,26.000000
2.658203,-0.179688,1.048828,0.000000,32.469906,26.000000
2.755859,-0.089844,0.910156,0.000000,31.784014,26.000000
4.306641,-0.000000,1.439453,0.000000,27.824726,26.000000
4.390625,-0.142578,1.298828,0.000000,31.360861,26.000000
4.462891,-0.000000,1.205078,0.000000,31.051695,26.000000
0.037109,-0.035156,0.064453,0.000000,30.094509,26.000000
0.046875,-0.046875,0.103516,0.000000,28.998205,26.000000
1.232422,-0.464844,0.294922,0.000000,19.637878,26.000000
0.011719,-0.039062,-0.007812,0.000000,30.652061,27.000000
0.027344,-0.076172,-0.009766,0.000000,31.852587,27.000000
0.041016,-0.115234,-0.007812,0.000000,30.073210,27.000000
0.056641,-0.154297,0.007812,0.000000,25.327543,27.000000
0.273438,0.039062,-1.238281,0.000000,23.502480,27.000000
0.222656,0.041016,-1.289062,0.000000,24.345690,27.000000
0.457031,0.042969,1.269531,0.000000,22.504200,27.000000
2.611328,-0.175781,1.054688,0.000000,29.273705,27.000000
2.664062,-0.179688,1.033203,0.000000,32.543064,27.000000
2.761719,-0.089844,0.896484,0.000000,31.849752,27.000000
4.289062,-0.142578,1.484375,0.000000,27.664129,27.000000
4.392578,-0.142578,1.296875,0.000000,31.335388,27.000000
4.470703,-0.000000,1.171875,0.000000,31.169397,27.000000
0.037109,-0.035156,0.064453,0.000000,30.098757,27.000000
0.046875,-0.046875,0.103516,0.000000,29.003672,27.000000
1.234375,-0.464844,0.287109,0.000000,19.637878,27.000000
3.812500,-1.703125,-1.783203,0.000000,24.668676,27.000000
0.011719,-0.039062,-0.007812,0.000000,30.648323,28.000000
0.027344,-0.076172,-0.009766,0.000000,31.852587,28.000000
0.041016,-0.115234,-0.007812,0.000000,30.073210,28.000000
0.056641,-0.154297,0.007812,0.000000,25.327543,28.000000
0.253906,0.039062,-1.242188,0.000000,23.502480,28.000000
0.210938,0.041016,-1.291016,0.000000,24.361626,28.000000
0.464844,0.042969,1.265625,0.000000,22.552725,28.000000
1.912109,-0.000000,-0.207031,0.000000,28.388491,28.000000
1.947266,-0.060547,-0.242188,0.000000,28.142475,28.000000
2.628906,-0.175781,1.011719,0.000000,29.268568,28.000000
2.671875,-0.179688,1.015625,0.000000,32.545483,28.000000
2.765625,-0.089844,0.882812,0.000000,31.863913,28.000000
4.302734,-0.142578,1.443359,0.000000,27.867514,28.000000
4.392578,-0.142578,1.294922,0.000000,31.405081,28.000000
4.464844,-0.000000,1.195312,0.000000,31.085649,28.000000
4.826172,-0.154297,1.091797,0.000000,30.831442,28.000000
4.923828,-0.623047,0.519531,0.000000,29.309490,28.000000
0.037109,-0.035156,0.064453,0.000000,30.098757,28.000000
0.044922,-0.046875,0.103516,0.000000,29.003672,28.000000
1.234375,-0.464844,0.291016,0.000000,19.731279,28.000000
0.011719,-0.039062,-0.007812,0.000000,30.648323,29.000000
0.027344,-0.076172,-0.009766,0.000000,31.849752,29.000000
0.041016,-0.115234,-0.007812,0.000000,30.073210,29.000000
0.056641,-0.154297,0.007812,0.000000,25.327543,29.000000
0.216797,0.039062,-1.248047,0.000000,23.483049,29.000000
0.205078,0.041016,-1.292969,0.000000,24.345690,29.000000
0.462891,0.042969,1.267578,0.000000,22.504200,29.000000
1.906250,0.060547,-0.244141,0.000000,27.101173,29.000000
1.955078,0.060547,-0.164062,0.000000,26.839472,29.000000
2.623047,-0.175781,1.027344,0.000000,29.273705,29.000000
2.669922,-0.179688,1.019531,0.000000,32.581581,29.000000
2.765625,-0.089844,0.882812,0.000000,31.894903,29.000000
4.310547,-0.142578,1.419922,0.000000,27.867514,29.000000
4.396484,-0.142578,1.281250,0.000000,31.445742,29.000000
4.460938,-0.144531,1.201172,0.000000,31.129400,29.000000
4.853516,-0.308594,0.923828,0.000000,30.788193,29.000000
4.939453,-0.623047,0.349609,0.000000,29.763500,29.000000
0.037109,-0.035156,0.064453,0.000000,30.094509,29.000000
0.046875,-0.046875,0.103516,0.000000,28.998205,29.000000
1.238281,-0.464844,0.271484,0.000000,19.637878,29.000000
0.011719,-0.039062,-0.007812,0.000000,30.644581,30.000000
0.027344,-0.076172,-0.009766,0.000000,31.852587,30.000000
0.041016,-0.115234,-0.007812,0.000000,30.077478,30.000000
0.056641,-0.154297,0.007812,0.000000,25.352942,30.000000
0.205078,0.039062,-1.250000,0.000000,23.502480,30.000000
0.152344,0.041016,-1.298828,0.000000,24.345690,30.000000
0.472656,0.042969,1.263672,0.000000,22.504200,30.000000
2.623047,-0.175781,1.027344,0.000000,29.314579,30.000000
2.669922,-0.179688,1.019531,0.000000,32.605484,30.000000
2.763672,-0.089844,0.886719,0.000000,31.931246,30.000000
4.312500,-0.000000,1.421875,0.000000,27.916906,30.000000
4.398438,-0.142578,1.275391,0.000000,31.464382,30.000000
4.488281,-0.000000,1.105469,0.000000,31.448854,30.000000
4.601562,0.146484,0.738281,0.000000,29.684830,30.000000
4.849609,-0.308594,0.935547,0.000000,30.979511,30.000000
4.937500,-0.623047,0.375000,0.000000,29.684830,30.000000
1.798828,-0.000000,0.044922,-0.614669,25.740313,30.000000
0.037109,-0.035156,0.064453,0.000000,30.098757,30.000000
0.046875,-0.046875,0.103516,0.000000,29.003672,30.000000
1.230469,-0.464844,0.306641,0.000000,19.637878,30.000000
0.011719,-0.039062,-0.007812,0.000000,30.648323,31.000000
0.027344,-0.076172,-0.009766,0.000000,31.852587,31.000000
0.041016,-0.115234,-0.007812,0.000000,30.077478,31.000000
0.056641,-0.154297,0.007812,0.000000,25.340261,31.000000
0.238281,0.039062,-1.244141,0.000000,23.521826,31.000000
0.232422,0.041016,-1.287109,0.000000,24.345690,31.000000
0.460938,0.042969,1.267578,0.000000,22.528530,31.000000
2.621094,-0.175781,1.035156,0.000000,29.420080,31.000000
2.667969,-0.179688,1.025391,0.000000,32.619762,31.000000
2.763672,-0.089844,0.884766,0.000000,31.925674,31.000000
4.306641,-0.142578,1.433594,0.000000,27.902851,31.000000
4.396484,-0.142578,1.283203,0.000000,31.448854,31.000000
4.482422,-0.000000,1.130859,0.000000,31.344959,31.000000
4.589844,0.146484,0.808594,0.000000,28.976271,31.000000
4.855469,-0.308594,0.908203,0.000000,30.827854,31.000000
4.923828,-0.779297,0.242188,0.000000,29.474337,31.000000
1.757812,0.054688,-0.011719,-0.614669,27.626785,31.000000
1.798828,-0.000000,-0.031250,-0.614669,27.363964,31.000000
0.037109,-0.035156,0.064453,0.000000,30.094509,31.000000
0.046875,-0.046875,0.103516,0.000000,28.992731,31.000000
1.179688,-0.449219,0.343750,0.000000,21.367207,31.000000
1.234375,-0.464844,0.287109,0.000000,19.731279,31.000000
0.011719,-0.039062,-0.007812,0.000000,30.655798,32.000000
0.027344,-0.076172,-0.009766,0.000000,31.858253,32.000000
0.041016,-0.115234,-0.007812,0.000000,30.081741,32.000000
0.056641,-0.154297,0.007812,0.000000,25.340261,32.000000
0.251953,0.039062,-1.242188,0.000000,23.541084,32.000000
0.222656,0.041016,-1.289062,0.000000,24.377506,32.000000
0.457031,0.042969,1.269531,0.000000,22.552725,32.000000
1.929688,0.060547,-0.357422,0.000000,26.893089,32.000000
2.617188,-0.175781,1.042969,0.000000,29.216866,32.000000
2.667969,-0.179688,1.023438,0.000000,32.555138,32.000000
2.765625,-0.089844,0.880859,0.000000,31.875208,32.000000
4.300781,-0.000000,1.458984,0.000000,27.867514,32.000000
4.394531,-0.142578,1.291016,0.000000,31.445742,32.000000
4.466797,-0.000000,1.189453,0.000000,31.136091,32.000000
4.857422,-0.308594,0.900391,0.000000,30.842186,32.000000
4.941406,-0.623047,0.318359,0.000000,29.637878,32.000000
0.037109,-0.035156,0.064453,0.000000,30.098757,32.000000
0.044922,-0.046875,0.103516,0.000000,28.998205,32.000000
1.234375,-0.464844,0.287109,0.000000,19.731279,32.000000
0.011719,-0.039062,-0.007812,0.000000,30.648323,33.000000
0.027344,-0.076172,-0.009766,0.000000,31.852587,33.000000
0.041016,-0.115234,-0.007812,0.000000,30.077478,33.000000
0.056641,-0.154297,0.007812,0.000000,25.340261,33.000000
0.207031,0.039062,-1.250000,0.000000,23.521826,33.000000
0.218750,0.041016,-1.291016,0.000000,24.361626,33.000000
0.439453,0.042969,1.275391,0.000000,22.552725,33.000000
2.628906,-0.175781,1.011719,0.000000,29.227255,33.000000
2.669922,-0.179688,1.017578,0.000000,32.559956,33.000000
2.765625,-0.089844,0.882812,0.000000,31.906118,33.000000
4.296875,-0.142578,1.458984,0.000000,27.881683,33.000000
4.394531,-0.142578,1.287109,0.000000,31.473671,33.000000
4.470703,-0.000000,1.175781,0.000000,31.156105,33.000000
4.851562,-0.308594,0.929688,0.000000,30.461048,33.000000
4.923828,-0.779297,0.222656,0.000000,29.324738,33.000000
0.037109,-0.035156,0.064453,0.000000,30.098757,33.000000
0.044922,-0.046875,0.103516,0.000000,28.998205,33.000000
1.240234,-0.464844,0.259766,0.000000,19.731279,33.000000
0.011719,-0.039062,-0.007812,0.000000,30.655798,34.000000
0.027344,-0.076172,-0.009766,0.000000,31.852587,34.000000
0.041016,-0.115234,-0.007812,0.000000,30.077478,34.000000
0.056641,-0.154297,0.007812,0.000000,25.340261,34.000000
0.228516,0.039062,-1.246094,0.000000,23.521826,34.000000
0.218750,0.041016,-1.291016,0.000000,24.361626,34.000000
0.453125,0.042969,1.271484,0.000000,22.528530,34.000000
2.611328,-0.175781,1.056641,0.000000,29.175055,34.000000
2.666016,-0.179688,1.029297,0.000000,32.533379,34.000000
2.761719,-0.089844,0.892578,0.000000,31.866739,34.000000
4.296875,-0.142578,1.460938,0.000000,27.853298,34.000000
4.394531,-0.142578,1.287109,0.000000,31.420765,34.000000
4.476562,-0.000000,1.154297,0.000000,31.105898,34.000000
4.853516,-0.308594,0.925781,0.000000,30.538464,34.000000
4.921875,-0.779297,0.275391,0.000000,29.299295,34.000000
0.037109,-0.035156,0.064453,0.000000,30.094509,34.000000
0.044922,-0.046875,0.103516,0.000000,28.998205,34.000000
1.238281,-0.464844,0.275391,0.000000,19.684830,34.000000
0.011719,-0.039062,-0.007812,0.000000,30.655798,35.000000
0.027344,-0.076172,-0.009766,0.000000,31.855421,35.000000
0.041016,-0.115234,-0.007812,0.000000,30.077478,35.000000
0.056641,-0.154297,0.007812,0.000000,25.327543,35.000000
0.267578,0.039062,-1.238281,0.000000,23.483049,35.000000
0.236328,0.041016,-1.287109,0.000000,24.345690,35.000000
0.443359,0.042969,1.273438,0.000000,22.479733,35.000000
2.621094,-0.175781,1.033203,0.000000,29.375179,35.000000
2.669922,-0.179688,1.021484,0.000000,32.586372,35.000000
2.765625,-0.089844,0.880859,0.000000,31.928461,35.000000
4.296875,-0.142578,1.460938,0.000000,27.874605,35.000000
4.392578,-0.142578,1.292969,0.000000,31.420765,35.000000
4.472656,-0.000000,1.169922,0.000000,31.078880,35.000000
4.855469,-0.308594,0.916016,0.000000,30.437551,35.000000
4.921875,-0.779297,0.257812,0.000000,29.263424,35.000000
0.037109,-0.035156,0.064453,0.000000,30.098757,35.000000
0.046875,-0.046875,0.103516,0.000000,28.992731,35.000000
1.179688,-0.449219,0.347656,0.000000,21.367207,35.000000
1.234375,-0.464844,0.292969,0.000000,19.684830,35.000000
0.011719,-0.039062,-0.007812,0.000000,30.648323,36.000000
0.027344,-0.076172,-0.009766,0.000000,31.849752,36.000000
0.041016,-0.115234,-0.007812,0.000000,30.073210,36.000000
0.056641,-0.154297,0.007812,0.000000,25.327543,36.000000
0.255859,0.039062,-1.242188,0.000000,23.560259,36.000000
0.222656,0.041016,-1.289062,0.000000,24.377506,36.000000
0.466797,0.042969,1.265625,0.000000,22.528530,36.000000
1.896484,0.060547,-0.312500,0.000000,27.708521,36.000000
1.935547,-0.000000,-0.324219,0.000000,28.375885,36.000000
2.611328,-0.175781,1.054688,0.000000,29.278833,36.000000
2.666016,-0.179688,1.029297,0.000000,32.555138,36.000000
2.763672,-0.089844,0.890625,0.000000,31.875208,36.000000
4.292969,-0.142578,1.474609,0.000000,27.810369,36.000000
4.390625,-0.142578,1.300781,0.000000,31.373541,36.000000
4.462891,-0.000000,1.201172,0.000000,31.014034,36.000000
4.853516,-0.308594,0.916016,0.000000,30.670708,36.000000
4.923828,-0.779297,0.242188,0.000000,29.474337,36.000000
0.037109,-0.035156,0.064453,0.000000,30.098757,36.000000
0.046875,-0.046875,0.103516,0.000000,28.998205,36.000000
1.177734,-0.449219,0.349609,0.000000,21.398790,36.000000
1.234375,-0.464844,0.287109,0.000000,19.777237,36.000000
0.011719,-0.039062,-0.007812,0.000000,30.652061,37.000000
0.027344,-0.076172,-0.009766,0.000000,31.852587,37.000000
0.041016,-0.115234,-0.007812,0.000000,30.077478,37.000000
0.056641,-0.154297,0.007812,0.000000,25.340261,37.000000
0.222656,0.039062,-1.248047,0.000000,23.521826,37.000000
0.222656,0.041016,-1.289062,0.000000,24.345690,37.000000
0.484375,0.042969,1.259766,0.000000,22.528530,37.000000
1.941406,-0.000000,-0.294922,0.000000,27.435097,37.000000
2.626953,-0.175781,1.015625,0.000000,29.439888,37.000000
2.669922,-0.179688,1.019531,0.000000,32.617386,37.000000
2.765625,-0.089844,0.880859,0.000000,31.917303,37.000000
4.304688,-0.142578,1.435547,0.000000,27.839035,37.000000
4.396484,-0.142578,1.283203,0.000000,31.405081,37.000000
4.468750,-0.000000,1.179688,0.000000,31.122698,37.000000
4.853516,-0.308594,0.921875,0.000000,30.472748,37.000000
4.923828,-0.779297,0.220703,0.000000,29.390198,37.000000
0.037109,-0.035156,0.064453,0.000000,30.098757,37.000000
0.044922,-0.046875,0.103516,0.000000,28.992731,37.000000
1.230469,-0.464844,0.304688,0.000000,19.684830,37.000000
0.011719,-0.039062,-0.007812,0.000000,30.644581,38.000000
0.027344,-0.076172,-0.009766,0.000000,31.849752,38.000000
0.041016,-0.115234,-0.007812,0.000000,30.073210,38.000000
0.056641,-0.154297,0.007812,0.000000,25.340261,38.000000
0.222656,0.039062,-1.248047,0.000000,23.502480,38.000000
0.203125,0.041016,-1.292969,0.000000,24.345690,38.000000
0.478516,0.042969,1.261719,0.000000,22.552725,38.000000
2.625000,-0.175781,1.021484,0.000000,29.278833,38.000000
2.671875,-0.179688,1.013672,0.000000,32.562366,38.000000
2.769531,-0.089844,0.871094,0.000000,31.900515,38.000000
4.308594,-0.142578,1.427734,0.000000,27.860413,38.000000
4.396484,-0.142578,1.281250,0.000000,31.445742,38.000000
4.455078,-0.144531,1.220703,0.000000,31.089031,38.000000
4.851562,-0.308594,0.933594,0.000000,30.409977,38.000000
4.923828,-0.779297,0.222656,0.000000,29.299295,38.000000
0.037109,-0.035156,0.064453,0.000000,30.098757,38.000000
0.046875,-0.046875,0.103516,0.000000,28.998205,38.000000
1.244141,-0.464844,0.246094,0.000000,19.684830,38.000000
0.011719,-0.039062,-0.007812,0.000000,30.640835,39.000000
0.027344,-0.076172,-0.009766,0.000000,31.852587,39.000000
0.041016,-0.115234,-0.007812,0.000000,30.073210,39.000000
0.056641,-0.154297,0.007812,0.000000,25.327543,39.000000
0.246094,0.039062,-1.244141,0.000000,23.483049,39.000000
0.226562,0.041016,-1.289062,0.000000,24.345690,39.000000
0.453125,0.042969,1.271484,0.000000,22.504200,39.000000
1.894531,0.060547,-0.324219,0.000000,27.450748,39.000000
1.937500,0.123047,-0.296875,0.000000,28.115749,39.000000
2.632812,-0.175781,1.003906,0.000000,29.350031,39.000000
2.671875,-0.179688,1.013672,0.000000,32.612629,39.000000
2.767578,-0.089844,0.876953,0.000000,31.925674,39.000000
4.304688,-0.142578,1.441406,0.000000,27.831886,39.000000
4.392578,-0.142578,1.291016,0.000000,31.414497,39.000000
4.468750,-0.144531,1.171875,0.000000,31.344959,39.000000
4.621094,0.146484,0.615234,0.000000,30.086002,39.000000
4.699219,-0.000000,0.234375,0.000000,30.659531,39.000000
4.841797,-0.308594,0.976562,0.000000,30.955181,39.000000
4.933594,-0.623047,0.414062,0.000000,29.717396,39.000000
0.037109,-0.035156,0.064453,0.000000,30.098757,39.000000
0.046875,-0.046875,0.103516,0.000000,28.998205,39.000000
1.236328,-0.464844,0.283203,0.000000,19.684830,39.000000
0.011719,-0.039062,-0.007812,0.000000,30.648323,40.000000
0.027344,-0.076172,-0.009766,0.000000,31.852587,40.000000
0.041016,-0.115234,-0.007812,0.000000,30.077478,40.000000
0.056641,-0.154297,0.007812,0.000000,25.340261,40.000000
0.214844,0.039062,-1.250000,0.000000,23.521826,40.000000
0.207031,0.041016,-1.291016,0.000000,24.361626,40.000000
0.482422,0.042969,1.259766,0.000000,22.528530,40.000000
2.628906,-0.175781,1.013672,0.000000,29.278833,40.000000
2.671875,-0.179688,1.015625,0.000000,32.550312,40.000000
2.767578,-0.089844,0.878906,0.000000,31.878027,40.000000
4.304688,-0.142578,1.435547,0.000000,27.759743,40.000000
4.392578,-0.142578,1.292969,0.000000,31.373541,40.000000
4.447266,-0.000000,1.261719,0.000000,30.670708,40.000000
4.671875,-0.146484,0.529297,0.000000,29.009130,40.000000
4.843750,-0.308594,0.970703,0.000000,30.370279,40.000000
4.919922,-0.779297,0.306641,0.000000,29.410143,40.000000
1.796875,-0.000000,0.091797,0.614669,28.494194,40.000000
1.839844,-0.000000,0.074219,0.614669,27.323938,40.000000
0.037109,-0.035156,0.064453,0.000000,30.102999,40.000000
0.046875,-0.046875,0.103516,0.000000,29.003672,40.000000
1.232422,-0.464844,0.296875,0.000000,19.637878,40.000000
0.011719,-0.039062,-0.007812,0.000000,30.644581,41.000000
0.027344,-0.076172,-0.009766,0.000000,31.852587,41.000000
0.041016,-0.115234,-0.007812,0.000000,30.077478,41.000000
0.056641,-0.154297,0.007812,0.000000,25.340261,41.000000
0.246094,0.039062,-1.244141,0.000000,23.521826,41.000000
0.226562,0.041016,-1.289062,0.000000,24.377506,41.000000
0.441406,0.042969,1.275391,0.000000,22.528530,41.000000
1.910156,-0.000000,-0.216797,0.000000,27.307823,41.000000
1.951172,-0.000000,-0.228516,0.000000,29.169800,41.000000
1.992188,-0.000000,-0.220703,0.000000,27.626785,41.000000
2.611328,-0.175781,1.054688,0.000000,29.395193,41.000000
2.662109,-0.179688,1.039062,0.000000,32.588768,41.000000
2.759766,-0.089844,0.904297,0.000000,31.903316,41.000000
4.308594,-0.142578,1.423828,0.000000,27.909885,41.000000
4.400391,-0.142578,1.269531,0.000000,31.516762,41.000000
4.478516,-0.000000,1.144531,0.000000,31.325798,41.000000
4.824219,-0.154297,1.099609,0.000000,30.993353,41.000000
4.919922,-0.623047,0.556641,0.000000,29.656719,41.000000
0.037109,-0.035156,0.064453,0.000000,30.094509,41.000000
0.046875,-0.046875,0.103516,0.000000,28.998205,41.000000
1.234375,-0.464844,0.289062,0.000000,19.684830,41.000000
0.011719,-0.039062,-0.007812,0.000000,30.644581,42.000000
0.027344,-0.076172,-0.009766,0.000000,31.849752,42.000000
0.042969,-0.115234,-0.007812,0.000000,30.073210,42.000000
0.056641,-0.154297,0.007812,0.000000,25.327543,42.000000
0.257812,0.039062,-1.240234,0.000000,23.521826,42.000000
0.210938,0.041016,-1.291016,0.000000,24.377506,42.000000
0.457031,0.042969,1.269531,0.000000,22.576786,42.000000
1.908203,-0.060547,-0.234375,0.000000,29.299295,42.000000
1.955078,-0.000000,-0.191406,0.000000,30.606977,42.000000
1.994141,-0.000000,-0.203125,0.000000,28.325089,42.000000
2.626953,-0.175781,1.015625,0.000000,29.232441,42.000000
2.673828,-0.179688,1.011719,0.000000,32.569580,42.000000
2.769531,-0.089844,0.869141,0.000000,31.925674,42.000000
4.287109,-0.142578,1.488281,0.000000,27.715876,42.000000
4.388672,-0.142578,1.304688,0.000000,31.367207,42.000000
4.462891,-0.144531,1.193359,0.000000,31.095785,42.000000
4.900391,-0.935547,0.136719,0.000000,29.169800,42.000000
0.037109,-0.035156,0.064453,0.000000,30.102999,42.000000
0.046875,-0.046875,0.103516,0.000000,29.003672,42.000000
1.244141,-0.464844,0.246094,0.000000,19.731279,42.000000
3.785156,-1.703125,-1.843750,0.000000,24.727564,42.000000
0.011719,-0.039062,-0.007812,0.000000,30.640835,43.000000
0.027344,-0.076172,-0.009766,0.000000,31.849752,43.000000
0.041016,-0.115234,-0.007812,0.000000,30.073210,43.000000
0.056641,-0.154297,0.007812,0.000000,25.327543,43.000000
0.224609,0.039062,-1.248047,0.000000,23.521826,43.000000
0.220703,0.041016,-1.289062,0.000000,24.345690,43.000000
0.472656,0.042969,1.263672,0.000000,22.504200,43.000000
1.880859,-0.000000,0.007812,0.000000,28.068581,43.000000
1.921875,-0.000000,-0.074219,0.000000,32.342640,43.000000
1.958984,0.060547,-0.109375,0.000000,33.336487,43.000000
2.000000,0.062500,-0.125000,0.000000,30.820669,43.000000
2.599609,-0.175781,1.083984,0.000000,29.350031,43.000000
2.660156,-0.179688,1.042969,0.000000,32.610249,43.000000
2.761719,-0.089844,0.894531,0.000000,31.942368,43.000000
4.326172,-0.000000,1.378906,0.000000,28.020893,43.000000
4.406250,-0.142578,1.248047,0.000000,31.577589,43.000000
4.478516,-0.000000,1.142578,0.000000,31.258064,43.000000
0.037109,-0.035156,0.064453,0.000000,30.098757,43.000000
0.046875,-0.046875,0.103516,0.000000,28.998205,43.000000
1.179688,-0.449219,0.345703,0.000000,21.398790,43.000000
1.234375,-0.464844,0.287109,0.000000,19.731279,43.000000
0.011719,-0.039062,-0.007812,0.000000,30.644581,44.000000
0.027344,-0.076172,-0.009766,0.000000,31.852587,44.000000
0.041016,-0.115234,-0.007812,0.000000,30.081741,44.000000
0.056641,-0.154297,0.007812,0.000000,25.352942,44.000000
0.228516,0.039062,-1.246094,0.000000,23.502480,44.000000
0.187500,0.041016,-1.294922,0.000000,24.345690,44.000000
0.457031,0.042969,1.269531,0.000000,22.504200,44.000000
1.917969,0.060547,-0.123047,0.000000,29.489017,44.000000
1.960938,0.060547,-0.093750,0.000000,31.048285,44.000000
2.000000,-0.000000,-0.125000,0.000000,28.704039,44.000000
2.630859,-0.175781,1.005859,0.000000,29.232441,44.000000
2.673828,-0.179688,1.007812,0.000000,32.518814,44.000000
2.767578,-0.089844,0.876953,0.000000,31.861084,44.000000
4.316406,-0.000000,1.406250,0.000000,27.489628,44.000000
4.396484,-0.142578,1.283203,0.000000,31.451963,44.000000
4.468750,-0.000000,1.179688,0.000000,31.445742,44.000000
0.037109,-0.035156,0.064453,0.000000,30.098757,44.000000
0.046875,-0.046875,0.103516,0.000000,29.003672,44.000000
1.179688,-0.449219,0.345703,0.000000,21.398790,44.000000
1.234375,-0.464844,0.292969,0.000000,19.731279,44.000000
0.011719,-0.039062,-0.007812,0.000000,30.648323,45.000000
0.027344,-0.076172,-0.009766,0.000000,31.849752,45.000000
0.041016,-0.115234,-0.007812,0.000000,30.077478,45.000000
0.056641,-0.154297,0.007812,0.000000,25.340261,45.000000
0.203125,0.039062,-1.251953,0.000000,23.502480,45.000000
0.169922,0.041016,-1.296875,0.000000,24.345690,45.000000
0.453125,0.042969,1.271484,0.000000,22.504200,45.000000
1.880859,-0.058594,-0.017578,0.000000,27.619278,45.000000
1.919922,-0.060547,-0.089844,0.000000,32.504200,45.000000
1.958984,-0.060547,-0.119141,0.000000,33.749317,45.000000
2.000000,-0.000000,-0.117188,0.000000,31.595673,45.000000
2.619141,-0.175781,1.039062,0.000000,29.278833,45.000000
2.664062,-0.179688,1.031250,0.000000,32.559956,45.000000
2.757812,-0.089844,0.906250,0.000000,31.897709,45.000000
4.384766,-0.142578,1.322266,0.000000,29.795485,45.000000
4.447266,-0.144531,1.255859,0.000000,30.008677,45.000000
0.037109,-0.035156,0.064453,0.000000,30.094509,45.000000
0.046875,-0.046875,0.103516,0.000000,28.998205,45.000000
1.181641,-0.449219,0.339844,0.000000,21.398790,45.000000
1.230469,-0.464844,0.302734,0.000000,19.684830,45.000000
0.011719,-0.039062,-0.007812,0.000000,30.640835,46.000000
0.027344,-0.076172,-0.009766,0.000000,31.849752,46.000000
0.041016,-0.115234,-0.007812,0.000000,30.077478,46.000000
0.056641,-0.154297,0.007812,0.000000,25.327543,46.000000
0.230469,0.039062,-1.246094,0.000000,23.521826,46.000000
0.222656,0.041016,-1.289062,0.000000,24.345690,46.000000
0.431641,0.042969,1.277344,0.000000,22.504200,46.000000
1.958984,-0.060547,-0.121094,0.000000,27.535831,46.000000
2.626953,-0.175781,1.017578,0.000000,29.216866,46.000000
2.669922,-0.179688,1.021484,0.000000,32.518814,46.000000
2.763672,-0.089844,0.886719,0.000000,31.866739,46.000000
0.037109,-0.035156,0.064453,0.000000,30.098757,46.000000
0.046875,-0.046875,0.103516,0.000000,29.003672,46.000000
1.181641,-0.449219,0.341797,0.000000,21.398790,46.000000
1.238281,-0.464844,0.275391,0.000000,19.684830,46.000000
0.011719,-0.039062,-0.007812,0.000000,30.648323,47.000000
0.027344,-0.076172,-0.009766,0.000000,31.852587,47.000000
0.041016,-0.115234,-0.007812,0.000000,30.073210,47.000000
0.056641,-0.154297,0.007812,0.000000,25.327543,47.000000
0.236328,0.039062,-1.246094,0.000000,23.521826,47.000000
0.226562,0.041016,-1.289062,0.000000,24.361626,47.000000
0.455078,0.042969,1.269531,0.000000,22.504200,47.000000
2.640625,-0.175781,0.982422,0.000000,29.253120,47.000000
2.673828,-0.179688,1.007812,0.000000,32.583977,47.000000
2.763672,-0.089844,0.886719,0.000000,31.920095,47.000000
1.876953,-0.060547,0.408203,0.614669,26.106602,47.000000
0.037109,-0.035156,0.064453,0.000000,30.098757,47.000000
0.046875,-0.046875,0.103516,0.000000,28.998205,47.000000
0.007812,-0.056641,0.154297,0.000000,25.250448,47.000000
1.177734,-0.449219,0.349609,0.000000,21.398790,47.000000
1.228516,-0.464844,0.310547,0.000000,19.731279,47.000000
0.011719,-0.039062,-0.007812,0.000000,30.655798,48.000000
0.027344,-0.076172,-0.009766,0.000000,31.855421,48.000000
0.041016,-0.115234,-0.007812,0.000000,30.081741,48.000000
0.056641,-0.154297,0.007812,0.000000,25.352942,48.000000
0.214844,0.039062,-1.250000,0.000000,23.502480,48.000000
0.212891,0.041016,-1.291016,0.000000,24.345690,48.000000
0.460938,0.042969,1.267578,0.000000,22.504200,48.000000
1.921875,-0.000000,-0.046875,0.000000,31.401937,48.000000
1.960938,-0.000000,-0.087891,0.000000,33.267452,48.000000
2.001953,-0.000000,-0.097656,0.000000,32.156376,48.000000
2.042969,-0.000000,-0.085938,0.000000,27.853298,48.000000
2.609375,-0.175781,1.062500,0.000000,29.242792,48.000000
2.662109,-0.179688,1.039062,0.000000,32.547897,48.000000
2.759766,-0.089844,0.900391,0.000000,31.894903,48.000000
0.037109,-0.035156,0.064453,0.000000,30.098757,48.000000
0.046875,-0.046875,0.103516,0.000000,29.003672,48.000000
1.177734,-0.449219,0.349609,0.000000,21.367207,48.000000
1.228516,-0.464844,0.308594,0.000000,19.777237,48.000000
0.011719,-0.039062,-0.007812,0.000000,30.648323,49.000000
0.027344,-0.076172,-0.009766,0.000000,31.849752,49.000000
0.041016,-0.115234,-0.007812,0.000000,30.073210,49.000000
0.056641,-0.154297,0.007812,0.000000,25.327543,49.000000
0.240234,0.039062,-1.244141,0.000000,23.502480,49.000000
0.226562,0.041016,-1.289062,0.000000,24.345690,49.000000
0.468750,0.042969,1.265625,0.000000,22.528530,49.000000
1.916016,-0.060547,0.142578,0.000000,27.986506,49.000000
1.960938,-0.060547,0.060547,0.000000,29.684830,49.000000
2.642578,-0.175781,0.976562,0.000000,29.237619,49.000000
2.671875,-0.179688,1.011719,0.000000,32.641090,49.000000
2.767578,-0.089844,0.878906,0.000000,32.065559,49.000000
1.996094,-0.000000,0.181641,0.614669,28.645111,49.000000
0.037109,-0.035156,0.064453,0.000000,30.098757,49.000000
0.046875,-0.046875,0.103516,0.000000,28.998205,49.000000
1.183594,-0.449219,0.335938,0.000000,21.367207,49.000000
1.244141,-0.464844,0.240234,0.000000,19.731279,49.000000
0.011719,-0.039062,-0.007812,0.000000,30.648323,50.000000
0.027344,-0.076172,-0.009766,0.000000,31.849752,50.000000
0.041016,-0.115234,-0.007812,0.000000,30.073210,50.000000
0.056641,-0.154297,0.007812,0.000000,25.340261,50.000000
0.230469,0.039062,-1.246094,0.000000,23.521826,50.000000
0.232422,0.041016,-1.287109,0.000000,24.361626,50.000000
0.435547,0.042969,1.277344,0.000000,22.528530,50.000000
1.962891,-0.000000,0.054688,0.000000,29.014584,50.000000
2.001953,0.062500,0.091797,0.000000,27.664129,50.000000
2.644531,-0.175781,0.972656,0.000000,29.242792,50.000000
2.675781,-0.179688,1.003906,0.000000,32.588768,50.000000
2.769531,-0.089844,0.873047,0.000000,31.892096,50.000000
0.037109,-0.035156,0.064453,0.000000,30.094509,50.000000
0.046875,-0.046875,0.103516,0.000000,28.998205,50.000000
1.181641,-0.449219,0.341797,0.000000,21.398790,50.000000
1.234375,-0.464844,0.289062,0.000000,19.684830,50.000000
0.011719,-0.039062,-0.007812,0.000000,30.648323,51.000000
0.027344,-0.076172,-0.009766,0.000000,31.855421,51.000000
0.041016,-0.115234,-0.007812,0.000000,30.081741,51.000000
0.056641,-0.154297,0.007812,0.000000,25.352942,51.000000
0.226562,0.039062,-1.248047,0.000000,23.502480,51.000000
0.212891,0.041016,-1.291016,0.000000,24.345690,51.000000
0.462891,0.042969,1.267578,0.000000,22.528530,51.000000
2.623047,-0.175781,1.027344,0.000000,29.420080,51.000000
2.667969,-0.179688,1.023438,0.000000,32.655254,51.000000
2.765625,-0.089844,0.884766,0.000000,32.019432,51.000000
0.037109,-0.035156,0.064453,0.000000,30.094509,51.000000
0.046875,-0.046875,0.103516,0.000000,28.998205,51.000000
1.181641,-0.449219,0.335938,0.000000,21.367207,51.000000
1.240234,-0.464844,0.259766,0.000000,19.731279,51.000000
0.011719,-0.039062,-0.007812,0.000000,30.648323,52.000000
0.027344,-0.076172,-0.009766,0.000000,31.846914,52.000000
0.041016,-0.115234,-0.007812,0.000000,30.068937,52.000000
0.056641,-0.154297,0.007812,0.000000,25.327543,52.000000
0.205078,0.039062,-1.250000,0.000000,23.502480,52.000000
0.216797,0.041016,-1.291016,0.000000,24.345690,52.000000
0.476562,0.042969,1.261719,0.000000,22.504200,52.000000
1.919922,-0.000000,-0.082031,0.000000,30.017338,52.000000
1.958984,-0.060547,-0.117188,0.000000,32.992893,52.000000
2.000000,-0.000000,-0.126953,0.000000,32.412975,52.000000
2.039062,-0.000000,-0.156250,0.000000,28.853613,52.000000
2.621094,-0.175781,1.031250,0.000000,29.278833,52.000000
2.666016,-0.179688,1.027344,0.000000,32.533379,52.000000
2.761719,-0.089844,0.894531,0.000000,31.844074,52.000000
0.037109,-0.035156,0.064453,0.000000,30.098757,52.000000
0.046875,-0.046875,0.103516,0.000000,28.998205,52.000000
0.005859,-0.056641,0.154297,0.000000,25.250448,52.000000
1.183594,-0.449219,0.330078,0.000000,21.430147,52.000000
1.240234,-0.464844,0.263672,0.000000,19.777237,52.000000
0.011719,-0.039062,-0.007812,0.000000,30.652061,53.000000
0.027344,-0.076172,-0.009766,0.000000,31.849752,53.000000
0.041016,-0.115234,-0.007812,0.000000,30.073210,53.000000
0.056641,-0.154297,0.007812,0.000000,25.340261,53.000000
0.261719,0.039062,-1.240234,0.000000,23.502480,53.000000
0.226562,0.041016,-1.289062,0.000000,24.345690,53.000000
0.472656,0.042969,1.263672,0.000000,22.504200,53.000000
2.621094,-0.175781,1.031250,0.000000,29.469433,53.000000
2.667969,-0.179688,1.025391,0.000000,32.659966,53.000000
2.761719,-0.089844,0.892578,0.000000,31.978317,53.000000
0.037109,-0.035156,0.064453,0.000000,30.098757,53.000000
0.046875,-0.046875,0.103516,0.000000,28.998205,53.000000
1.179688,-0.449219,0.345703,0.000000,21.367207,53.000000
1.234375,-0.464844,0.285156,0.000000,19.684830,53.000000
0.011719,-0.039062,-0.007812,0.000000,30.648323,54.000000
0.027344,-0.076172,-0.009766,0.000000,31.852587,54.000000
0.041016,-0.115234,-0.007812,0.000000,30.077478,54.000000
0.056641,-0.154297,0.007812,0.000000,25.327543,54.000000
0.220703,0.039062,-1.248047,0.000000,23.521826,54.000000
0.185547,0.041016,-1.294922,0.000000,24.361626,54.000000
0.492188,0.042969,1.255859,0.000000,22.528530,54.000000
1.947266,-0.060547,-0.236328,0.000000,29.127533,54.000000
1.998047,-0.062500,-0.132812,0.000000,30.211893,54.000000
2.041016,-0.064453,-0.117188,0.000000,28.573324,54.000000
2.609375,-0.175781,1.060547,0.000000,29.319662,54.000000
2.662109,-0.179688,1.039062,0.000000,32.576786,54.000000
2.759766,-0.089844,0.898438,0.000000,31.869564,54.000000
0.037109,-0.035156,0.064453,0.000000,30.098757,54.000000
0.046875,-0.046875,0.103516,0.000000,28.998205,54.000000
1.183594,-0.449219,0.330078,0.000000,21.398790,54.000000
1.238281,-0.464844,0.269531,0.000000,19.731279,54.000000
0.011719,-0.039062,-0.007812,0.000000,30.648323,55.000000
0.027344,-0.076172,-0.009766,0.000000,31.849752,55.000000
0.041016,-0.115234,-0.007812,0.000000,30.077478,55.000000
0.056641,-0.154297,0.007812,0.000000,25.327543,55.000000
0.203125,0.039062,-1.251953,0.000000,23.521826,55.000000
0.185547,0.041016,-1.294922,0.000000,24.345690,55.000000
0.468750,0.042969,1.265625,0.000000,22.504200,55.000000
1.957031,-0.000000,-0.148438,0.000000,29.355072,55.000000
1.992188,-0.062500,-0.208984,0.000000,28.680563,55.000000
2.609375,-0.175781,1.064453,0.000000,29.132839,55.000000
2.664062,-0.179688,1.035156,0.000000,32.504200,55.000000
2.763672,-0.089844,0.890625,0.000000,31.852587,55.000000
0.037109,-0.035156,0.064453,0.000000,30.098757,55.000000
0.046875,-0.046875,0.103516,0.000000,28.998205,55.000000
1.179688,-0.449219,0.345703,0.000000,21.398790,55.000000
1.232422,-0.464844,0.296875,0.000000,19.731279,55.000000
0.011719,-0.039062,-0.007812,0.000000,30.640835,56.000000
0.027344,-0.076172,-0.009766,0.000000,31.849752,56.000000
0.041016,-0.115234,-0.007812,0.000000,30.073210,56.000000
0.056641,-0.154297,0.007812,0.000000,25.327543,56.000000
0.214844,0.039062,-1.248047,0.000000,23.541084,56.000000
0.234375,0.041016,-1.287109,0.000000,24.377506,56.000000
0.443359,0.042969,1.273438,0.000000,22.552725,56.000000
1.958984,-0.060547,-0.113281,0.000000,29.242792,56.000000
2.001953,-0.000000,-0.078125,0.000000,29.425041,56.000000
2.625000,-0.175781,1.021484,0.000000,29.339931,56.000000
2.660156,-0.179688,1.042969,0.000000,32.550312,56.000000
2.753906,-0.089844,0.921875,0.000000,31.863913,56.000000
0.037109,-0.035156,0.064453,0.000000,30.094509,56.000000
0.046875,-0.046875,0.103516,0.000000,28.998205,56.000000
1.234375,-0.464844,0.292969,0.000000,19.637878,56.000000
0.011719,-0.039062,-0.007812,0.000000,30.644581,57.000000
0.027344,-0.076172,-0.009766,0.000000,31.849752,57.000000
0.041016,-0.115234,-0.007812,0.000000,30.077478,57.000000
0.056641,-0.154297,0.007812,0.000000,25.340261,57.000000
0.222656,0.039062,-1.248047,0.000000,23.463530,57.000000
