2.552734,-0.263672,1.175781,0.000000,29.439888,0.000000
2.605469,-0.267578,1.156250,0.000000,32.743889,0.000000
2.666016,-0.181641,1.138672,0.000000,31.961761,0.000000
4.416016,-0.287109,1.185547,0.000000,30.561422,0.000000
4.464844,-0.289062,1.162109,0.000000,29.907827,0.000000
1.380859,-0.130859,0.099609,0.614669,21.731863,0.000000
0.041016,-0.033203,0.062500,0.000000,30.073210,0.000000
0.052734,-0.042969,0.101562,0.000000,28.959747,0.000000
1.306641,-0.337891,0.046875,0.000000,17.923918,0.000000
0.582031,0.630859,1.296875,0.000000,26.730209,0.000000
2.794922,-2.003906,-3.027344,0.000000,27.664129,0.000000
2.833984,-2.021484,-3.041016,0.000000,27.084209,0.000000
0.011719,-0.039062,-0.007812,0.000000,30.681858,1.000000
0.017578,-0.080078,-0.007812,0.000000,31.922886,1.000000
0.029297,-0.119141,-0.005859,0.000000,30.182842,1.000000
0.056641,-0.154297,0.005859,0.000000,25.465427,1.000000
0.365234,-0.080078,-1.210938,0.000000,21.643528,1.000000
0.748047,-0.041016,1.074219,0.000000,22.304489,1.000000
1.423828,-0.134766,-0.060547,0.000000,29.242792,1.000000
1.451172,-0.138672,-0.212891,0.000000,30.965624,1.000000
1.474609,-0.142578,-0.312500,0.000000,30.030294,1.000000
1.408203,-0.242188,-0.611328,0.000000,26.095943,1.000000
2.544922,-0.263672,1.189453,0.000000,29.420080,1.000000
2.605469,-0.267578,1.156250,0.000000,32.739269,1.000000
2.667969,-0.181641,1.134766,0.000000,31.994808,1.000000
4.429688,-0.287109,1.134766,0.000000,30.979511,1.000000
4.478516,-0.289062,1.109375,0.000000,30.354298,1.000000
1.316406,-0.126953,0.271484,0.614669,24.563660,1.000000
1.371094,-0.130859,0.191406,0.614669,26.803354,1.000000
0.041016,-0.033203,0.062500,0.000000,30.073210,1.000000
0.052734,-0.042969,0.101562,0.000000,28.954226,1.000000
1.205078,0.357422,0.169922,0.000000,18.920946,1.000000
1.220703,0.449219,0.146484,0.000000,19.344984,1.000000
0.703125,1.019531,-0.939453,0.000000,24.471581,1.000000
2.792969,-2.021484,-3.078125,0.000000,27.355989,1.000000
0.011719,-0.039062,-0.007812,0.000000,30.685570,2.000000
0.017578,-0.080078,-0.007812,0.000000,31.925674,2.000000
0.029297,-0.119141,-0.005859,0.000000,30.187004,2.000000
0.056641,-0.154297,0.005859,0.000000,25.465427,2.000000
0.283203,-0.080078,1.234375,0.000000,21.958996,2.000000
1.083984,-0.082031,0.730469,0.000000,24.742163,2.000000
1.373047,-0.134766,-0.380859,0.000000,27.201593,2.000000
1.429688,-0.183594,-0.300781,0.000000,29.410143,2.000000
1.476562,-0.189453,-0.271484,0.000000,28.260748,2.000000
2.548828,-0.263672,1.181641,0.000000,29.380192,2.000000
2.603516,-0.267578,1.160156,0.000000,32.685780,2.000000
2.662109,-0.181641,1.146484,0.000000,31.925674,2.000000
4.421875,-0.287109,1.166016,0.000000,30.856472,2.000000
4.476562,-0.289062,1.113281,0.000000,30.124153,2.000000
1.324219,-0.126953,0.232422,0.614669,27.024305,2.000000
1.373047,-0.130859,0.173828,0.614669,27.839035,2.000000
0.041016,-0.033203,0.062500,0.000000,30.068937,2.000000
0.052734,-0.042969,0.101562,0.000000,28.948696,2.000000
0.845703,0.472656,1.162109,0.000000,25.327543,2.000000
2.753906,-2.021484,-3.113281,0.000000,27.193314,2.000000
0.011719,-0.039062,-0.007812,0.000000,30.674429,3.000000
0.017578,-0.080078,-0.007812,0.000000,31.925674,3.000000
0.029297,-0.119141,-0.005859,0.000000,30.187004,3.000000
0.056641,-0.154297,0.005859,0.000000,25.453072,3.000000
0.322266,-0.080078,-1.224609,0.000000,21.846914,3.000000
0.560547,-0.041016,1.181641,0.000000,23.384565,3.000000
1.419922,-0.179688,-0.041016,0.000000,27.972675,3.000000
1.453125,-0.138672,-0.197266,0.000000,31.254812,3.000000
1.484375,-0.189453,-0.224609,0.000000,31.156105,3.000000
1.525391,-0.193359,-0.232422,0.000000,27.528164,3.000000
2.542969,-0.263672,1.195312,0.000000,29.439888,3.000000
2.605469,-0.267578,1.158203,0.000000,32.732327,3.000000
2.664062,-0.181641,1.142578,0.000000,31.953461,3.000000
4.421875,-0.287109,1.166016,0.000000,31.129400,3.000000
4.480469,-0.289062,1.103516,0.000000,30.689276,3.000000
1.281250,-0.167969,0.390625,0.614669,23.502480,3.000000
1.353516,-0.173828,0.269531,0.614669,26.464037,3.000000
0.041016,-0.033203,0.062500,0.000000,30.073210,3.000000
0.052734,-0.042969,0.101562,0.000000,28.959747,3.000000
0.623047,0.630859,1.275391,0.000000,25.365585,3.000000
0.011719,-0.039062,-0.007812,0.000000,30.678144,4.000000
0.017578,-0.080078,-0.007812,0.000000,31.928461,4.000000
0.029297,-0.119141,-0.005859,0.000000,30.187004,4.000000
0.056641,-0.154297,0.005859,0.000000,25.465427,4.000000
0.347656,-0.080078,-1.216797,0.000000,21.789770,4.000000
0.136719,-0.041016,1.300781,0.000000,22.227165,4.000000
1.462891,0.046875,-0.162109,0.000000,24.828735,4.000000
1.509766,-0.046875,0.085938,0.000000,26.314438,4.000000
2.548828,-0.263672,1.185547,0.000000,29.390198,4.000000
2.607422,-0.267578,1.154297,0.000000,32.723057,4.000000
2.666016,-0.181641,1.136719,0.000000,31.956230,4.000000
4.410156,-0.287109,1.208984,0.000000,30.944712,4.000000
4.455078,-0.289062,1.201172,0.000000,30.655798,4.000000
1.322266,-0.210938,0.171875,0.614669,21.760912,4.000000
1.361328,-0.173828,0.228516,0.614669,24.329693,4.000000
1.396484,-0.134766,0.283203,0.614669,22.405493,4.000000
0.041016,-0.033203,0.062500,0.000000,30.068937,4.000000
0.052734,-0.042969,0.101562,0.000000,28.954226,4.000000
1.203125,0.357422,0.179688,0.000000,18.864906,4.000000
1.238281,0.408203,0.113281,0.000000,19.493900,4.000000
0.953125,-0.414062,-1.042969,0.000000,23.031961,4.000000
0.410156,0.615234,1.320312,0.000000,24.248816,4.000000
0.011719,-0.039062,-0.007812,0.000000,30.678144,5.000000
0.017578,-0.080078,-0.007812,0.000000,31.922886,5.000000
0.029297,-0.119141,-0.005859,0.000000,30.182842,5.000000
0.056641,-0.154297,0.005859,0.000000,25.465427,5.000000
0.367188,-0.080078,-1.210938,0.000000,21.875208,5.000000
0.589844,-0.041016,1.167969,0.000000,23.344538,5.000000
1.234375,-0.083984,0.539062,0.000000,24.149733,5.000000
1.363281,-0.130859,0.238281,0.000000,26.560982,5.000000
1.412109,-0.134766,0.199219,0.000000,26.324574,5.000000
1.451172,-0.230469,-0.101562,0.000000,24.941545,5.000000
1.359375,-0.332031,-0.576172,0.000000,23.838154,5.000000
2.556641,-0.263672,1.166016,0.000000,29.415113,5.000000
2.607422,-0.267578,1.150391,0.000000,32.720737,5.000000
2.664062,-0.181641,1.142578,0.000000,31.956230,5.000000
4.396484,-0.287109,1.259766,0.000000,30.170334,5.000000
4.445312,-0.289062,1.232422,0.000000,30.047512,5.000000
0.041016,-0.033203,0.062500,0.000000,30.073210,5.000000
0.052734,-0.042969,0.101562,0.000000,28.954226,5.000000
1.111328,-0.515625,0.328125,0.000000,18.976271,5.000000
0.195312,0.615234,1.369141,0.000000,23.443922,5.000000
0.011719,-0.039062,-0.007812,0.000000,30.685570,6.000000
0.017578,-0.080078,-0.007812,0.000000,31.925674,6.000000
0.029297,-0.119141,-0.005859,0.000000,30.182842,6.000000
0.056641,-0.154297,0.005859,0.000000,25.453072,6.000000
0.335938,-0.080078,-1.220703,0.000000,21.818436,6.000000
0.324219,-0.041016,1.267578,0.000000,23.010300,6.000000
0.265625,0.083984,-1.320312,0.000000,19.590414,6.000000
1.363281,-0.216797,0.175781,0.000000,24.409090,6.000000
1.419922,-0.179688,0.003906,0.000000,28.254261,6.000000
1.457031,-0.183594,-0.113281,0.000000,30.648323,6.000000
1.494141,-0.189453,-0.150391,0.000000,29.978231,6.000000
0.501953,0.630859,1.328125,0.000000,25.276299,6.000000
2.548828,-0.263672,1.183594,0.000000,29.420080,6.000000
2.603516,-0.267578,1.160156,0.000000,32.723057,6.000000
2.664062,-0.181641,1.142578,0.000000,31.947918,6.000000
4.373047,-0.287109,1.333984,0.000000,29.405165,6.000000
4.398438,-0.289062,1.392578,0.000000,29.211660,6.000000
0.041016,-0.033203,0.062500,0.000000,30.068937,6.000000
0.052734,-0.042969,0.101562,0.000000,28.954226,6.000000
1.117188,-0.474609,0.363281,0.000000,18.920946,6.000000
1.291016,-0.378906,0.095703,0.000000,18.976271,6.000000
1.503906,-0.291016,-0.259766,0.000000,24.800070,6.000000
3.455078,-1.861328,-2.365234,0.000000,26.608654,6.000000
3.496094,-2.021484,-2.250000,0.000000,26.304279,6.000000
0.011719,-0.039062,-0.007812,0.000000,30.685570,7.000000
0.017578,-0.080078,-0.007812,0.000000,31.931246,7.000000
0.029297,-0.119141,-0.005859,0.000000,30.187004,7.000000
0.056641,-0.154297,0.005859,0.000000,25.465427,7.000000
0.369141,-0.080078,-1.210938,0.000000,21.818436,7.000000
0.322266,-0.041016,1.267578,0.000000,23.222193,7.000000
0.656250,-0.042969,1.179688,0.000000,22.900347,7.000000
1.373047,-0.087891,-0.210938,0.000000,24.828735,7.000000
1.410156,-0.179688,-0.177734,0.000000,28.881796,7.000000
1.457031,-0.138672,-0.160156,0.000000,31.473671,7.000000
1.500000,-0.142578,-0.148438,0.000000,31.245043,7.000000
1.544922,-0.097656,-0.132812,0.000000,28.082109,7.000000
2.552734,-0.263672,1.173828,0.000000,29.542425,7.000000
2.603516,-0.267578,1.160156,0.000000,32.766914,7.000000
2.664062,-0.181641,1.142578,0.000000,31.986570,7.000000
4.373047,-0.287109,1.339844,0.000000,28.698181,7.000000
0.041016,-0.033203,0.062500,0.000000,30.077478,7.000000
0.052734,-0.042969,0.101562,0.000000,28.959747,7.000000
1.117188,-0.515625,0.306641,0.000000,18.920946,7.000000
0.562500,0.486328,1.365234,0.000000,25.854607,7.000000
3.558594,-1.861328,-2.203125,0.000000,26.138418,7.000000
0.011719,-0.039062,-0.007812,0.000000,30.685570,8.000000
0.017578,-0.080078,-0.007812,0.000000,31.928461,8.000000
0.029297,-0.119141,-0.005859,0.000000,30.191162,8.000000
0.056641,-0.154297,0.005859,0.000000,25.477747,8.000000
0.359375,-0.080078,-1.212891,0.000000,21.818436,8.000000
0.318359,-0.041016,1.269531,0.000000,23.117538,8.000000
0.613281,-0.042969,1.201172,0.000000,21.492191,8.000000
1.263672,-0.173828,0.552734,0.000000,21.846914,8.000000
1.416016,-0.179688,-0.123047,0.000000,27.363964,8.000000
1.453125,-0.138672,-0.199219,0.000000,30.852905,8.000000
1.494141,-0.142578,-0.195312,0.000000,31.010593,8.000000
1.546875,-0.048828,-0.138672,0.000000,27.143297,8.000000
2.552734,-0.263672,1.173828,0.000000,29.415113,8.000000
2.605469,-0.267578,1.158203,0.000000,32.716091,8.000000
2.666016,-0.181641,1.136719,0.000000,31.983822,8.000000
0.041016,-0.033203,0.062500,0.000000,30.073210,8.000000
0.052734,-0.042969,0.101562,0.000000,28.959747,8.000000
1.117188,-0.515625,0.304688,0.000000,18.864906,8.000000
0.011719,-0.039062,-0.007812,0.000000,30.681858,9.000000
0.017578,-0.080078,-0.007812,0.000000,31.925674,9.000000
0.029297,-0.119141,-0.005859,0.000000,30.187004,9.000000
0.056641,-0.154297,0.005859,0.000000,25.477747,9.000000
0.373047,-0.080078,-1.208984,0.000000,21.846914,9.000000
0.289062,-0.041016,1.275391,0.000000,23.201464,9.000000
0.755859,-0.042969,1.117188,0.000000,22.455126,9.000000
1.367188,-0.087891,0.240234,0.000000,24.440449,9.000000
1.416016,-0.134766,0.169922,0.000000,26.127838,9.000000
1.468750,0.046875,-0.109375,0.000000,25.352942,9.000000
1.488281,0.046875,-0.269531,0.000000,25.352942,9.000000
1.529297,-0.000000,-0.275391,0.000000,25.092026,9.000000
2.560547,-0.263672,1.156250,0.000000,29.464523,9.000000
2.607422,-0.267578,1.152344,0.000000,32.741577,9.000000
2.667969,-0.181641,1.132812,0.000000,32.005768,9.000000
0.041016,-0.033203,0.062500,0.000000,30.073210,9.000000
0.052734,-0.042969,0.101562,0.000000,28.959747,9.000000
1.113281,-0.474609,0.375000,0.000000,18.920946,9.000000
1.275391,-0.322266,0.664062,0.000000,24.329693,9.000000
1.111328,-0.472656,0.912109,0.000000,24.517864,9.000000
0.011719,-0.039062,-0.007812,0.000000,30.685570,10.000000
0.017578,-0.080078,-0.007812,0.000000,31.931246,10.000000
0.029297,-0.119141,-0.005859,0.000000,30.191162,10.000000
0.056641,-0.154297,0.005859,0.000000,25.465427,10.000000
0.339844,-0.080078,-1.218750,0.000000,21.760912,10.000000
0.304688,-0.041016,1.273438,0.000000,23.138672,10.000000
0.316406,-0.042969,1.312500,0.000000,22.174839,10.000000
1.339844,-0.042969,-0.369141,0.000000,23.053514,10.000000
1.419922,-0.179688,0.011719,0.000000,23.201464,10.000000
1.292969,0.091797,-0.701172,0.000000,23.979401,10.000000
1.480469,-0.189453,-0.250000,0.000000,27.958799,10.000000
1.507812,-0.193359,-0.328125,0.000000,27.902851,10.000000
2.576172,-0.263672,1.123047,0.000000,29.469433,10.000000
2.613281,-0.267578,1.136719,0.000000,32.766914,10.000000
2.667969,-0.181641,1.134766,0.000000,31.986570,10.000000
0.041016,-0.033203,0.062500,0.000000,30.081741,10.000000
0.052734,-0.042969,0.101562,0.000000,28.965261,10.000000
1.123047,-0.474609,0.349609,0.000000,18.920946,10.000000
1.390625,-0.414062,0.250000,0.000000,23.636120,10.000000
0.011719,-0.039062,-0.007812,0.000000,30.681858,11.000000
0.017578,-0.080078,-0.007812,0.000000,31.925674,11.000000
0.029297,-0.119141,-0.005859,0.000000,30.187004,11.000000
0.056641,-0.154297,0.005859,0.000000,25.453072,11.000000
0.367188,-0.080078,-1.210938,0.000000,21.818436,11.000000
0.289062,-0.041016,1.275391,0.000000,23.180634,11.000000
0.173828,-0.000000,1.337891,0.000000,21.702618,11.000000
1.375000,-0.089844,-0.390625,0.000000,25.740313,11.000000
1.451172,-0.138672,-0.208984,0.000000,30.285713,11.000000
1.494141,-0.093750,-0.214844,0.000000,31.222158,11.000000
1.527344,-0.097656,-0.273438,0.000000,28.998205,11.000000
2.544922,-0.263672,1.191406,0.000000,29.309490,11.000000
2.597656,-0.267578,1.175781,0.000000,32.650539,11.000000
2.658203,-0.181641,1.156250,0.000000,31.953461,11.000000
0.041016,-0.033203,0.062500,0.000000,30.073210,11.000000
0.044922,-0.046875,0.103516,0.000000,28.959747,11.000000
1.117188,-0.515625,0.306641,0.000000,18.920946,11.000000
0.011719,-0.039062,-0.007812,0.000000,30.689276,12.000000
0.017578,-0.080078,-0.007812,0.000000,31.928461,12.000000
0.029297,-0.119141,-0.005859,0.000000,30.187004,12.000000
0.056641,-0.154297,0.005859,0.000000,25.465427,12.000000
0.359375,-0.080078,-1.212891,0.000000,21.789770,12.000000
0.310547,-0.041016,1.271484,0.000000,23.138672,12.000000
0.330078,-0.000000,-1.308594,0.000000,21.583626,12.000000
1.183594,0.042969,-0.730469,0.000000,19.395193,12.000000
1.416016,-0.179688,-0.107422,0.000000,26.794279,12.000000
1.460938,-0.138672,-0.111328,0.000000,29.247959,12.000000
1.507812,-0.093750,-0.103516,0.000000,27.403627,12.000000
1.533203,-0.193359,-0.173828,0.000000,26.739420,12.000000
1.580078,-0.199219,-0.083984,0.000000,26.541765,12.000000
2.544922,-0.263672,1.189453,0.000000,29.350031,12.000000
2.603516,-0.267578,1.162109,0.000000,32.709118,12.000000
2.664062,-0.181641,1.144531,0.000000,31.978317,12.000000
0.041016,-0.033203,0.062500,0.000000,30.077478,12.000000
0.044922,-0.046875,0.103516,0.000000,28.965261,12.000000
1.115234,-0.515625,0.312500,0.000000,18.976271,12.000000
1.367188,-0.216797,-0.140625,0.000000,18.920946,12.000000
0.011719,-0.039062,-0.007812,0.000000,30.681858,13.000000
0.017578,-0.080078,-0.007812,0.000000,31.925674,13.000000
0.029297,-0.119141,-0.005859,0.000000,30.187004,13.000000
0.056641,-0.154297,0.005859,0.000000,25.465427,13.000000
0.355469,-0.080078,-1.214844,0.000000,21.760912,13.000000
0.275391,-0.041016,1.279297,0.000000,23.138672,13.000000
0.558594,-0.042969,1.228516,0.000000,21.903316,13.000000
1.126953,-0.087891,0.810547,0.000000,22.013971,13.000000
1.425781,-0.134766,0.035156,0.000000,25.440680,13.000000
1.458984,-0.138672,-0.150391,0.000000,31.610683,13.000000
1.494141,-0.142578,-0.191406,0.000000,33.346546,13.000000
1.531250,-0.146484,-0.218750,0.000000,31.598679,13.000000
2.535156,-0.263672,1.212891,0.000000,29.449759,13.000000
2.601562,-0.267578,1.166016,0.000000,32.760021,13.000000
2.662109,-0.181641,1.144531,0.000000,32.022160,13.000000
0.041016,-0.033203,0.062500,0.000000,30.073210,13.000000
0.052734,-0.042969,0.101562,0.000000,28.959747,13.000000
1.115234,-0.515625,0.310547,0.000000,18.920946,13.000000
0.011719,-0.039062,-0.007812,0.000000,30.689276,14.000000
0.017578,-0.080078,-0.007812,0.000000,31.928461,14.000000
0.029297,-0.119141,-0.005859,0.000000,30.191162,14.000000
0.056641,-0.154297,0.005859,0.000000,25.490032,14.000000
0.351562,-0.080078,-1.216797,0.000000,21.818436,14.000000
0.271484,-0.041016,1.279297,0.000000,23.138672,14.000000
0.447266,-0.042969,1.273438,0.000000,21.760912,14.000000
1.421875,-0.134766,0.087891,0.000000,27.435097,14.000000
1.464844,-0.138672,-0.068359,0.000000,31.625645,14.000000
1.501953,-0.142578,-0.132812,0.000000,32.550312,14.000000
1.535156,-0.146484,-0.203125,0.000000,30.692980,14.000000
2.529297,-0.263672,1.222656,0.000000,29.294189,14.000000
2.601562,-0.267578,1.166016,0.000000,32.685780,14.000000
2.660156,-0.181641,1.150391,0.000000,31.964525,14.000000
0.041016,-0.033203,0.062500,0.000000,30.073210,14.000000
0.044922,-0.046875,0.103516,0.000000,28.959747,14.000000
1.115234,-0.515625,0.312500,0.000000,18.864906,14.000000
0.011719,-0.039062,-0.007812,0.000000,30.692980,15.000000
0.017578,-0.080078,-0.007812,0.000000,31.928461,15.000000
0.029297,-0.119141,-0.005859,0.000000,30.187004,15.000000
0.056641,-0.154297,0.005859,0.000000,25.465427,15.000000
0.328125,-0.080078,-1.222656,0.000000,21.818436,15.000000
0.279297,-0.041016,1.279297,0.000000,23.138672,15.000000
0.541016,-0.042969,1.236328,0.000000,21.931246,15.000000
1.431641,-0.044922,0.001953,0.000000,23.873898,15.000000
1.457031,-0.000000,-0.208984,0.000000,25.198280,15.000000
1.507812,-0.093750,-0.074219,0.000000,27.589119,15.000000
1.546875,-0.097656,-0.128906,0.000000,28.095596,15.000000
2.535156,-0.263672,1.212891,0.000000,29.375179,15.000000
2.603516,-0.267578,1.160156,0.000000,32.732327,15.000000
2.662109,-0.181641,1.146484,0.000000,31.997551,15.000000
0.041016,-0.033203,0.062500,0.000000,30.073210,15.000000
0.052734,-0.042969,0.101562,0.000000,28.959747,15.000000
1.123047,-0.515625,0.287109,0.000000,18.920946,15.000000
0.564453,0.486328,1.365234,0.000000,25.717089,15.000000
0.011719,-0.039062,-0.007812,0.000000,30.681858,16.000000
0.017578,-0.080078,-0.007812,0.000000,31.925674,16.000000
0.029297,-0.119141,-0.005859,0.000000,30.187004,16.000000
0.056641,-0.154297,0.005859,0.000000,25.465427,16.000000
0.328125,-0.080078,-1.222656,0.000000,21.846914,16.000000
0.296875,-0.041016,1.273438,0.000000,23.159704,16.000000
0.541016,-0.042969,1.236328,0.000000,22.013971,16.000000
1.294922,-0.367188,0.595703,0.000000,25.185139,16.000000
1.271484,-0.378906,0.730469,0.000000,26.454224,16.000000
1.542969,0.048828,-0.179688,0.000000,25.774918,16.000000
2.548828,-0.263672,1.181641,0.000000,29.449759,16.000000
2.605469,-0.267578,1.156250,0.000000,32.746197,16.000000
2.662109,-0.181641,1.148438,0.000000,31.983822,16.000000
0.041016,-0.033203,0.062500,0.000000,30.068937,16.000000
0.052734,-0.042969,0.101562,0.000000,28.954226,16.000000
1.117188,-0.515625,0.306641,0.000000,18.976271,16.000000
1.380859,0.138672,-0.490234,0.000000,24.048338,16.000000
1.492188,0.046875,-0.251953,0.000000,25.465427,16.000000
0.011719,-0.039062,-0.007812,0.000000,30.689276,17.000000
0.017578,-0.080078,-0.007812,0.000000,31.928461,17.000000
0.029297,-0.119141,-0.005859,0.000000,30.187004,17.000000
0.056641,-0.154297,0.005859,0.000000,25.477747,17.000000
0.351562,-0.080078,-1.216797,0.000000,21.818436,17.000000
0.248047,-0.041016,1.285156,0.000000,23.138672,17.000000
0.562500,-0.042969,1.226562,0.000000,21.903316,17.000000
1.423828,-0.134766,0.072266,0.000000,26.434526,17.000000
1.464844,-0.138672,-0.033203,0.000000,30.017338,17.000000
1.503906,-0.093750,-0.140625,0.000000,31.003706,17.000000
1.529297,-0.048828,-0.277344,0.000000,29.138138,17.000000
2.556641,-0.263672,1.166016,0.000000,29.355072,17.000000
2.607422,-0.267578,1.150391,0.000000,32.688118,17.000000
2.664062,-0.181641,1.140625,0.000000,31.931246,17.000000
0.041016,-0.033203,0.062500,0.000000,30.068937,17.000000
0.052734,-0.042969,0.101562,0.000000,28.954226,17.000000
1.123047,-0.474609,0.345703,0.000000,18.864906,17.000000
0.011719,-0.039062,-0.007812,0.000000,30.689276,18.000000
0.017578,-0.080078,-0.007812,0.000000,31.928461,18.000000
0.029297,-0.119141,-0.005859,0.000000,30.187004,18.000000
0.056641,-0.154297,0.005859,0.000000,25.465427,18.000000
0.339844,-0.080078,-1.218750,0.000000,21.818436,18.000000
0.269531,-0.041016,1.279297,0.000000,23.138672,18.000000
0.357422,-0.000000,1.302734,0.000000,21.492191,18.000000
1.328125,-0.216797,0.353516,0.000000,20.170334,18.000000
1.419922,-0.134766,0.115234,0.000000,26.483601,18.000000
1.451172,-0.091797,-0.234375,0.000000,30.346285,18.000000
1.492188,-0.142578,-0.214844,0.000000,32.538223,18.000000
1.533203,-0.097656,-0.240234,0.000000,31.702618,18.000000
1.568359,-0.050781,-0.292969,0.000000,27.874605,18.000000
2.552734,-0.263672,1.173828,0.000000,29.415113,18.000000
2.607422,-0.267578,1.152344,0.000000,32.723057,18.000000
2.666016,-0.181641,1.138672,0.000000,31.970047,18.000000
0.041016,-0.033203,0.062500,0.000000,30.077478,18.000000
0.052734,-0.042969,0.101562,0.000000,28.965261,18.000000
1.117188,-0.515625,0.304688,0.000000,18.976271,18.000000
0.722656,0.216797,-1.167969,0.000000,17.403627,18.000000
0.011719,-0.039062,-0.007812,0.000000,30.685570,19.000000
0.017578,-0.080078,-0.007812,0.000000,31.928461,19.000000
0.029297,-0.119141,-0.005859,0.000000,30.187004,19.000000
0.056641,-0.154297,0.005859,0.000000,25.453072,19.000000
0.369141,-0.080078,-1.210938,0.000000,21.789770,19.000000
0.267578,-0.041016,1.281250,0.000000,23.138672,19.000000
0.640625,-0.042969,1.187500,0.000000,21.986570,19.000000
1.291016,-0.130859,0.498047,0.000000,23.159704,19.000000
1.421875,-0.134766,0.105469,0.000000,27.972675,19.000000
1.466797,-0.138672,0.005859,0.000000,29.735897,19.000000
1.500000,-0.189453,0.064453,0.000000,27.315887,19.000000
0.841797,0.970703,-0.873047,0.000000,24.800070,19.000000
2.539062,-0.263672,1.205078,0.000000,29.410143,19.000000
2.603516,-0.267578,1.162109,0.000000,32.723057,19.000000
2.660156,-0.181641,1.150391,0.000000,31.961761,19.000000
0.041016,-0.033203,0.062500,0.000000,30.073210,19.000000
0.052734,-0.042969,0.101562,0.000000,28.954226,19.000000
1.113281,-0.515625,0.320312,0.000000,18.976271,19.000000
0.697266,0.582031,1.261719,0.000000,24.471581,19.000000
0.011719,-0.039062,-0.007812,0.000000,30.685570,20.000000
0.017578,-0.080078,-0.007812,0.000000,31.922886,20.000000
0.029297,-0.119141,-0.005859,0.000000,30.182842,20.000000
0.056641,-0.154297,0.005859,0.000000,25.465427,20.000000
0.326172,-0.080078,-1.222656,0.000000,21.818436,20.000000
0.279297,-0.041016,1.279297,0.000000,23.138672,20.000000
0.238281,-0.000000,1.328125,0.000000,21.760912,20.000000
1.419922,-0.179688,-0.025391,0.000000,25.587086,20.000000
1.455078,-0.183594,-0.123047,0.000000,29.547249,20.000000
1.490234,-0.236328,-0.109375,0.000000,30.464952,20.000000
1.541016,-0.146484,-0.142578,0.000000,29.479237,20.000000
1.591797,-0.050781,-0.105469,0.000000,26.618126,20.000000
2.546875,-0.263672,1.189453,0.000000,29.365137,20.000000
2.605469,-0.267578,1.156250,0.000000,32.750809,20.000000
2.666016,-0.181641,1.138672,0.000000,32.008507,20.000000
0.041016,-0.033203,0.062500,0.000000,30.068937,20.000000
0.052734,-0.042969,0.101562,0.000000,28.954226,20.000000
1.119141,-0.515625,0.300781,0.000000,18.920946,20.000000
0.796875,0.486328,1.244141,0.000000,26.589649,20.000000
0.796875,0.498047,1.289062,0.000000,24.424797,20.000000
0.011719,-0.039062,-0.007812,0.000000,30.681858,21.000000
0.017578,-0.080078,-0.007812,0.000000,31.922886,21.000000
0.029297,-0.119141,-0.005859,0.000000,30.182842,21.000000
0.056641,-0.154297,0.005859,0.000000,25.465427,21.000000
0.345703,-0.080078,-1.216797,0.000000,21.789770,21.000000
0.314453,-0.041016,1.269531,0.000000,23.159704,21.000000
0.378906,-0.042969,1.294922,0.000000,21.789770,21.000000
1.371094,-0.179688,-0.369141,0.000000,24.377506,21.000000
1.433594,-0.183594,-0.279297,0.000000,29.854265,21.000000
1.482422,-0.189453,-0.238281,0.000000,31.746412,21.000000
1.533203,-0.097656,-0.242188,0.000000,30.538464,21.000000
2.564453,-0.263672,1.148438,0.000000,29.459606,21.000000
2.607422,-0.267578,1.152344,0.000000,32.718414,21.000000
2.666016,-0.181641,1.140625,0.000000,31.975563,21.000000
0.041016,-0.033203,0.062500,0.000000,30.073210,21.000000
0.052734,-0.042969,0.101562,0.000000,28.954226,21.000000
1.117188,-0.515625,0.306641,0.000000,19.030899,21.000000
0.011719,-0.039062,-0.007812,0.000000,30.685570,22.000000
0.017578,-0.080078,-0.007812,0.000000,31.925674,22.000000
0.029297,-0.119141,-0.005859,0.000000,30.182842,22.000000
0.056641,-0.154297,0.005859,0.000000,25.453072,22.000000
0.326172,-0.080078,-1.222656,0.000000,21.789770,22.000000
0.324219,-0.041016,1.267578,0.000000,23.117538,22.000000
0.599609,-0.042969,1.208984,0.000000,21.760912,22.000000
1.101562,-0.087891,0.845703,0.000000,22.095150,22.000000
0.289062,-0.179688,-1.390625,0.000000,23.909351,22.000000
1.439453,-0.046875,-0.304688,0.000000,27.979597,22.000000
1.492188,-0.046875,-0.248047,0.000000,31.344959,22.000000
1.527344,-0.048828,-0.287109,0.000000,30.707766,22.000000
1.560547,-0.099609,-0.318359,0.000000,26.560982,22.000000
2.535156,-0.263672,1.212891,0.000000,29.258276,22.000000
2.605469,-0.267578,1.160156,0.000000,32.692795,22.000000
2.667969,-0.181641,1.132812,0.000000,31.961761,22.000000
0.041016,-0.033203,0.062500,0.000000,30.068937,22.000000
0.044922,-0.046875,0.103516,0.000000,28.959747,22.000000
1.115234,-0.474609,0.369141,0.000000,18.864906,22.000000
0.896484,0.597656,1.175781,0.000000,24.361626,22.000000
0.011719,-0.039062,-0.007812,0.000000,30.685570,23.000000
0.017578,-0.080078,-0.007812,0.000000,31.928461,23.000000
0.029297,-0.119141,-0.005859,0.000000,30.187004,23.000000
0.056641,-0.154297,0.005859,0.000000,25.453072,23.000000
0.384766,-0.080078,-1.205078,0.000000,21.789770,23.000000
0.255859,-0.041016,1.283203,0.000000,23.117538,23.000000
0.421875,-0.042969,1.281250,0.000000,22.013971,23.000000
1.445312,-0.230469,-0.166016,0.000000,27.972675,23.000000
1.488281,-0.142578,-0.234375,0.000000,31.218880,23.000000
1.519531,-0.146484,-0.291016,0.000000,30.733517,23.000000
1.558594,-0.150391,-0.308594,0.000000,25.965971,23.000000
2.556641,-0.263672,1.166016,0.000000,29.459606,23.000000
2.607422,-0.267578,1.152344,0.000000,32.748505,23.000000
2.662109,-0.181641,1.146484,0.000000,31.970047,23.000000
0.041016,-0.033203,0.062500,0.000000,30.073210,23.000000
0.044922,-0.046875,0.103516,0.000000,28.965261,23.000000
1.121094,-0.474609,0.357422,0.000000,18.920946,23.000000
0.011719,-0.039062,-0.007812,0.000000,30.681858,24.000000
0.017578,-0.080078,-0.007812,0.000000,31.928461,24.000000
0.029297,-0.119141,-0.005859,0.000000,30.187004,24.000000
0.056641,-0.154297,0.005859,0.000000,25.465427,24.000000
0.328125,-0.080078,-1.222656,0.000000,21.846914,24.000000
0.326172,-0.041016,1.267578,0.000000,23.138672,24.000000
0.523438,-0.042969,1.244141,0.000000,21.789770,24.000000
1.443359,-0.230469,-0.187500,0.000000,26.954817,24.000000
1.470703,-0.189453,-0.300781,0.000000,30.445398,24.000000
1.511719,-0.146484,-0.333984,0.000000,31.041456,24.000000
1.558594,-0.099609,-0.328125,0.000000,28.048206,24.000000
2.542969,-0.263672,1.195312,0.000000,29.365137,24.000000
2.603516,-0.267578,1.160156,0.000000,32.702129,24.000000
2.662109,-0.181641,1.146484,0.000000,31.958996,24.000000
0.041016,-0.033203,0.062500,0.000000,30.077478,24.000000
0.052734,-0.042969,0.101562,0.000000,28.959747,24.000000
1.207031,0.357422,0.156250,0.000000,18.976271,24.000000
0.011719,-0.039062,-0.007812,0.000000,30.685570,25.000000
0.017578,-0.080078,-0.007812,0.000000,31.925674,25.000000
0.029297,-0.119141,-0.005859,0.000000,30.182842,25.000000
0.056641,-0.154297,0.005859,0.000000,25.453072,25.000000
0.345703,-0.080078,-1.216797,0.000000,21.846914,25.000000
0.320312,-0.041016,1.269531,0.000000,23.138672,25.000000
0.267578,-0.000000,1.324219,0.000000,21.553360,25.000000
1.246094,0.134766,-0.691406,0.000000,22.013971,25.000000
1.455078,-0.000000,-0.228516,0.000000,27.860413,25.000000
1.507812,-0.046875,-0.121094,0.000000,30.301949,25.000000
1.550781,-0.048828,-0.091797,0.000000,29.309490,25.000000
1.591797,-0.099609,-0.046875,0.000000,26.085260,25.000000
2.541016,-0.263672,1.199219,0.000000,29.459606,25.000000
2.603516,-0.267578,1.162109,0.000000,32.732327,25.000000
2.664062,-0.181641,1.142578,0.000000,31.967287,25.000000
0.041016,-0.033203,0.062500,0.000000,30.073210,25.000000
0.044922,-0.046875,0.103516,0.000000,28.959747,25.000000
1.111328,-0.515625,0.328125,0.000000,18.976271,25.000000
1.250000,-0.357422,0.597656,0.000000,21.643528,25.000000
0.527344,0.582031,1.341797,0.000000,26.589649,25.000000
0.693359,0.597656,1.306641,0.000000,23.483049,25.000000
0.011719,-0.039062,-0.007812,0.000000,30.685570,26.000000
0.017578,-0.080078,-0.007812,0.000000,31.931246,26.000000
0.029297,-0.119141,-0.005859,0.000000,30.195316,26.000000
0.056641,-0.154297,0.005859,0.000000,25.477747,26.000000
0.306641,-0.080078,-1.228516,0.000000,21.903316,26.000000
0.287109,-0.041016,1.277344,0.000000,23.138672,26.000000
0.416016,-0.000000,-1.283203,0.000000,20.791813,26.000000
1.367188,-0.216797,0.140625,0.000000,22.922562,26.000000
1.419922,-0.179688,-0.017578,0.000000,28.727388,26.000000
1.455078,-0.138672,-0.173828,0.000000,30.346285,26.000000
1.462891,-0.142578,-0.363281,0.000000,26.776070,26.000000
1.554688,-0.000000,-0.042969,0.000000,25.453072,26.000000
2.541016,-0.263672,1.201172,0.000000,29.329807,26.000000
2.605469,-0.267578,1.158203,0.000000,32.702129,26.000000
2.664062,-0.181641,1.140625,0.000000,31.934029,26.000000
0.041016,-0.033203,0.062500,0.000000,30.077478,26.000000
0.052734,-0.042969,0.101562,0.000000,28.959747,26.000000
1.205078,0.357422,0.164062,0.000000,19.030899,26.000000
0.011719,-0.039062,-0.007812,0.000000,30.692980,27.000000
0.017578,-0.080078,-0.007812,0.000000,31.928461,27.000000
0.029297,-0.119141,-0.005859,0.000000,30.187004,27.000000
0.056641,-0.154297,0.005859,0.000000,25.465427,27.000000
0.349609,-0.080078,-1.216797,0.000000,21.875208,27.000000
0.306641,-0.041016,1.271484,0.000000,23.180634,27.000000
0.914062,-0.042969,0.994141,0.000000,23.053514,27.000000
1.361328,-0.087891,0.271484,0.000000,25.477747,27.000000
1.414062,-0.089844,-0.203125,0.000000,26.364880,27.000000
1.425781,-0.000000,-0.367188,0.000000,27.176704,27.000000
1.496094,0.046875,-0.218750,0.000000,27.226339,27.000000
0.019531,0.630859,1.419922,0.000000,26.085260,27.000000
2.539062,-0.263672,1.205078,0.000000,29.258276,27.000000
2.601562,-0.267578,1.166016,0.000000,32.678753,27.000000
2.658203,-0.181641,1.156250,0.000000,31.942368,27.000000
4.371094,-0.287109,1.343750,0.000000,28.662874,27.000000
0.041016,-0.033203,0.062500,0.000000,30.077478,27.000000
0.052734,-0.042969,0.101562,0.000000,28.959747,27.000000
1.205078,0.357422,0.173828,0.000000,18.920946,27.000000
0.468750,0.568359,1.322266,0.000000,25.705429,27.000000
1.332031,-0.339844,0.724609,0.000000,24.941545,27.000000
3.558594,-1.861328,-2.205078,0.000000,26.063814,27.000000
0.011719,-0.039062,-0.007812,0.000000,30.685570,28.000000
0.017578,-0.080078,-0.007812,0.000000,31.928461,28.000000
0.029297,-0.119141,-0.005859,0.000000,30.191162,28.000000
0.056641,-0.154297,0.005859,0.000000,25.465427,28.000000
0.355469,-0.080078,-1.214844,0.000000,21.818436,28.000000
0.228516,-0.041016,1.289062,0.000000,22.922562,28.000000
1.341797,-0.173828,0.324219,0.000000,22.966652,28.000000
1.417969,-0.179688,-0.093750,0.000000,25.198280,28.000000
1.449219,-0.138672,-0.224609,0.000000,29.698816,28.000000
1.494141,-0.093750,-0.220703,0.000000,29.726656,28.000000
1.515625,0.048828,-0.339844,0.000000,26.263403,28.000000
2.546875,-0.263672,1.189453,0.000000,29.444826,28.000000
2.605469,-0.267578,1.158203,0.000000,32.771507,28.000000
2.666016,-0.181641,1.138672,0.000000,32.008507,28.000000
4.384766,-0.287109,1.296875,0.000000,29.542425,28.000000
4.421875,-0.289062,1.318359,0.000000,29.268568,28.000000
0.041016,-0.033203,0.062500,0.000000,30.077478,28.000000
0.052734,-0.042969,0.101562,0.000000,28.959747,28.000000
1.119141,-0.515625,0.296875,0.000000,19.030899,28.000000
0.628906,0.582031,1.296875,0.000000,26.159500,28.000000
3.369141,-1.861328,-2.484375,0.000000,26.589649,28.000000
3.417969,-2.021484,-2.365234,0.000000,26.304279,28.000000
0.011719,-0.039062,-0.007812,0.000000,30.696680,29.000000
0.017578,-0.080078,-0.007812,0.000000,31.931246,29.000000
0.029297,-0.119141,-0.005859,0.000000,30.191162,29.000000
0.056641,-0.154297,0.005859,0.000000,25.465427,29.000000
0.337891,-0.080078,-1.218750,0.000000,21.818436,29.000000
0.457031,-0.082031,1.224609,0.000000,23.222193,29.000000
0.898438,-0.042969,1.005859,0.000000,23.180634,29.000000
1.427734,-0.089844,-0.064453,0.000000,25.587086,29.000000
1.443359,-0.138672,-0.257812,0.000000,30.374266,29.000000
1.480469,-0.142578,-0.281250,0.000000,30.870712,29.000000
1.505859,-0.193359,-0.335938,0.000000,27.937904,29.000000
2.554688,-0.263672,1.171875,0.000000,29.370161,29.000000
2.607422,-0.267578,1.154297,0.000000,32.704460,29.000000
2.664062,-0.181641,1.140625,0.000000,31.945143,29.000000
4.406250,-0.287109,1.218750,0.000000,30.468851,29.000000
4.458984,-0.289062,1.185547,0.000000,30.289778,29.000000
1.376953,-0.130859,0.144531,-0.614669,25.263393,29.000000
0.041016,-0.033203,0.062500,0.000000,30.073210,29.000000
0.052734,-0.042969,0.101562,0.000000,28.965261,29.000000
1.205078,0.357422,0.169922,0.000000,18.976271,29.000000
0.011719,-0.039062,-0.007812,0.000000,30.681858,30.000000
0.017578,-0.080078,-0.007812,0.000000,31.925674,30.000000
0.029297,-0.119141,-0.005859,0.000000,30.187004,30.000000
0.056641,-0.154297,0.005859,0.000000,25.465427,30.000000
0.363281,-0.080078,-1.212891,0.000000,21.731863,30.000000
0.494141,-0.041016,1.210938,0.000000,22.648178,30.000000
1.423828,-0.134766,0.070312,0.000000,27.551123,30.000000
1.441406,-0.183594,-0.236328,0.000000,28.182259,30.000000
1.458984,-0.189453,-0.353516,0.000000,27.242758,30.000000
2.544922,-0.263672,1.193359,0.000000,29.415113,30.000000
2.603516,-0.267578,1.160156,0.000000,32.711445,30.000000
2.666016,-0.181641,1.138672,0.000000,31.922886,30.000000
4.412109,-0.287109,1.199219,0.000000,31.078880,30.000000
4.457031,-0.289062,1.187500,0.000000,30.711452,30.000000
1.320312,-0.167969,0.222656,-0.614669,23.521826,30.000000
1.371094,-0.173828,0.150391,-0.614669,26.937269,30.000000
0.041016,-0.033203,0.062500,0.000000,30.077478,30.000000
0.052734,-0.042969,0.101562,0.000000,28.959747,30.000000
1.207031,0.357422,0.152344,0.000000,18.920946,30.000000
0.011719,-0.039062,-0.007812,0.000000,30.681858,31.000000
0.017578,-0.080078,-0.007812,0.000000,31.922886,31.000000
0.029297,-0.119141,-0.005859,0.000000,30.187004,31.000000
0.056641,-0.154297,0.005859,0.000000,25.465427,31.000000
0.335938,-0.080078,-1.220703,0.000000,21.702618,31.000000
0.324219,-0.041016,-1.267578,0.000000,22.304489,31.000000
1.355469,-0.357422,-0.291016,0.000000,21.139433,31.000000
1.437500,-0.138672,-0.289062,0.000000,26.608654,31.000000
1.496094,-0.093750,-0.203125,0.000000,27.558748,31.000000
1.548828,-0.097656,-0.101562,0.000000,24.969297,31.000000
2.546875,-0.263672,1.187500,0.000000,29.449759,31.000000
2.603516,-0.267578,1.160156,0.000000,32.725376,31.000000
2.662109,-0.181641,1.148438,0.000000,31.928461,31.000000
4.414062,-0.287109,1.195312,0.000000,30.934217,31.000000
4.466797,-0.289062,1.152344,0.000000,30.301949,31.000000
1.326172,-0.210938,-0.132812,-0.614669,21.875208,31.000000
1.380859,-0.173828,0.005859,-0.614669,24.471581,31.000000
0.041016,-0.033203,0.062500,0.000000,30.073210,31.000000
0.052734,-0.042969,0.101562,0.000000,28.954226,31.000000
1.203125,0.357422,0.177734,0.000000,18.920946,31.000000
1.230469,0.408203,0.171875,0.000000,19.444826,31.000000
0.546875,0.134766,-1.316406,0.000000,20.170334,31.000000
2.765625,-2.021484,-3.103516,0.000000,27.403627,31.000000
0.011719,-0.039062,-0.007812,0.000000,30.685570,32.000000
0.017578,-0.080078,-0.007812,0.000000,31.925674,32.000000
0.029297,-0.119141,-0.005859,0.000000,30.187004,32.000000
0.056641,-0.154297,0.005859,0.000000,25.465427,32.000000
0.353516,-0.080078,-1.214844,0.000000,21.903316,32.000000
0.482422,-0.041016,-1.216797,0.000000,24.248816,32.000000
1.414062,-0.089844,-0.205078,0.000000,26.776070,32.000000
1.439453,-0.091797,-0.292969,0.000000,29.344984,32.000000
1.478516,-0.046875,-0.320312,0.000000,28.767950,32.000000
2.552734,-0.263672,1.171875,0.000000,29.420080,32.000000
2.607422,-0.267578,1.152344,0.000000,32.720737,32.000000
2.664062,-0.181641,1.140625,0.000000,31.956230,32.000000
4.412109,-0.287109,1.199219,0.000000,30.852905,32.000000
4.462891,-0.289062,1.167969,0.000000,30.086002,32.000000
1.343750,-0.126953,0.033203,-0.614669,25.538830,32.000000
1.388672,-0.087891,0.027344,-0.614669,25.910646,32.000000
0.041016,-0.033203,0.062500,0.000000,30.081741,32.000000
0.052734,-0.042969,0.101562,0.000000,28.959747,32.000000
1.117188,-0.515625,0.304688,0.000000,18.976271,32.000000
2.814453,-2.003906,-3.009766,0.000000,27.853298,32.000000
2.906250,-2.021484,-2.972656,0.000000,27.226339,32.000000
0.011719,-0.039062,-0.007812,0.000000,30.681858,33.000000
0.017578,-0.080078,-0.007812,0.000000,31.925674,33.000000
0.029297,-0.119141,-0.005859,0.000000,30.187004,33.000000
0.056641,-0.154297,0.005859,0.000000,25.477747,33.000000
0.431641,-0.080078,-1.189453,0.000000,21.875208,33.000000
1.027344,-0.082031,-0.808594,0.000000,23.961994,33.000000
1.451172,-0.091797,-0.228516,0.000000,27.979597,33.000000
1.484375,-0.093750,-0.283203,0.000000,27.810369,33.000000
2.548828,-0.263672,1.185547,0.000000,29.434946,33.000000
2.603516,-0.267578,1.162109,0.000000,32.713768,33.000000
2.660156,-0.181641,1.150391,0.000000,31.956230,33.000000
4.423828,-0.287109,1.154297,0.000000,30.791813,33.000000
4.482422,-0.289062,1.093750,0.000000,30.297895,33.000000
1.343750,-0.126953,-0.046875,-0.614669,26.627579,33.000000
1.378906,-0.173828,-0.019531,-0.614669,26.998377,33.000000
1.412109,-0.224609,0.087891,-0.614669,22.900347,33.000000
0.041016,-0.033203,0.062500,0.000000,30.073210,33.000000
0.052734,-0.042969,0.101562,0.000000,28.959747,33.000000
1.203125,0.357422,0.185547,0.000000,18.976271,33.000000
2.744141,-2.003906,-3.072266,0.000000,27.846172,33.000000
2.785156,-2.021484,-3.083984,0.000000,27.339993,33.000000
0.011719,-0.039062,-0.007812,0.000000,30.681858,34.000000
0.017578,-0.080078,-0.007812,0.000000,31.928461,34.000000
0.029297,-0.119141,-0.005859,0.000000,30.187004,34.000000
0.056641,-0.154297,0.005859,0.000000,25.477747,34.000000
0.861328,-0.039062,-0.929688,0.000000,21.367207,34.000000
1.380859,-0.179688,-0.333984,0.000000,27.092699,34.000000
1.439453,-0.183594,-0.255859,0.000000,30.640835,34.000000
1.476562,-0.189453,-0.277344,0.000000,29.978231,34.000000
1.507812,-0.146484,-0.345703,0.000000,25.843311,34.000000
2.550781,-0.263672,1.177734,0.000000,29.449759,34.000000
2.605469,-0.267578,1.158203,0.000000,32.730011,34.000000
2.664062,-0.181641,1.142578,0.000000,31.975563,34.000000
4.423828,-0.287109,1.154297,0.000000,30.788193,34.000000
4.478516,-0.289062,1.109375,0.000000,30.124153,34.000000
4.818359,-0.464844,1.035156,0.000000,30.366289,34.000000
1.285156,-0.164062,-0.187500,-0.614669,23.654881,34.000000
1.337891,-0.167969,-0.050781,-0.614669,26.503075,34.000000
1.380859,-0.173828,-0.003906,-0.614669,24.048338,34.000000
0.041016,-0.033203,0.062500,0.000000,30.073210,34.000000
0.052734,-0.042969,0.101562,0.000000,28.954226,34.000000
1.042969,-0.515625,0.505859,0.000000,19.030899,34.000000
2.812500,-2.021484,-3.060547,0.000000,27.218105,34.000000
0.011719,-0.039062,-0.007812,0.000000,30.685570,35.000000
0.017578,-0.080078,-0.007812,0.000000,31.928461,35.000000
0.029297,-0.119141,-0.005859,0.000000,30.187004,35.000000
0.056641,-0.154297,0.005859,0.000000,25.465427,35.000000
0.177734,-0.080078,-1.253906,0.000000,21.789770,35.000000
0.419922,-0.041016,1.238281,0.000000,23.463530,35.000000
0.589844,-0.083984,1.210938,0.000000,23.541084,35.000000
0.685547,-0.087891,1.207031,0.000000,23.617279,35.000000
1.414062,-0.089844,-0.207031,0.000000,25.198280,35.000000
1.431641,-0.046875,-0.339844,0.000000,27.041506,35.000000
1.466797,-0.046875,-0.367188,0.000000,26.414742,35.000000
2.548828,-0.263672,1.183594,0.000000,29.444826,35.000000
2.601562,-0.267578,1.164062,0.000000,32.734642,35.000000
2.658203,-0.181641,1.154297,0.000000,31.978317,35.000000
4.421875,-0.287109,1.162109,0.000000,30.666985,35.000000
4.466797,-0.289062,1.158203,0.000000,29.956352,35.000000
4.830078,-0.464844,0.980469,0.000000,30.102999,35.000000
0.041016,-0.033203,0.062500,0.000000,30.077478,35.000000
0.052734,-0.042969,0.101562,0.000000,28.959747,35.000000
1.203125,0.357422,0.177734,0.000000,18.864906,35.000000
2.732422,-2.003906,-3.083984,0.000000,27.715876,35.000000
2.810547,-2.021484,-3.062500,0.000000,27.092699,35.000000
0.011719,-0.039062,-0.007812,0.000000,30.685570,36.000000
0.017578,-0.080078,-0.007812,0.000000,31.925674,36.000000
0.029297,-0.119141,-0.005859,0.000000,30.182842,36.000000
0.056641,-0.154297,0.005859,0.000000,25.465427,36.000000
0.664062,-0.039062,-1.078125,0.000000,20.644581,36.000000
0.134766,-0.041016,1.300781,0.000000,22.329962,36.000000
0.964844,-0.083984,0.941406,0.000000,23.692158,36.000000
0.039062,-0.130859,1.384766,0.000000,23.692158,36.000000
1.343750,-0.134766,-0.474609,0.000000,22.900347,36.000000
1.443359,-0.138672,-0.263672,0.000000,27.759743,36.000000
1.500000,-0.093750,-0.185547,0.000000,27.371927,36.000000
2.552734,-0.263672,1.173828,0.000000,29.415113,36.000000
2.609375,-0.267578,1.146484,0.000000,32.725376,36.000000
2.667969,-0.181641,1.132812,0.000000,31.983822,36.000000
4.423828,-0.287109,1.160156,0.000000,30.692980,36.000000
4.480469,-0.289062,1.101562,0.000000,30.051805,36.000000
4.843750,-0.464844,0.906250,0.000000,30.888445,36.000000
0.041016,-0.033203,0.062500,0.000000,30.073210,36.000000
0.052734,-0.042969,0.101562,0.000000,28.959747,36.000000
1.169922,0.396484,0.285156,0.000000,18.750612,36.000000
1.181641,0.449219,0.335938,0.000000,19.777237,36.000000
0.857422,0.472656,1.154297,0.000000,24.785666,36.000000
2.755859,-2.003906,-3.062500,0.000000,27.737864,36.000000
2.773438,-2.021484,-3.095703,0.000000,27.193314,36.000000
0.011719,-0.039062,-0.007812,0.000000,30.681858,37.000000
0.017578,-0.080078,-0.007812,0.000000,31.925674,37.000000
0.029297,-0.119141,-0.005859,0.000000,30.187004,37.000000
0.056641,-0.154297,0.005859,0.000000,25.465427,37.000000
0.937500,-0.039062,-0.853516,0.000000,21.172712,37.000000
1.089844,-0.041016,-0.724609,0.000000,23.384565,37.000000
1.421875,-0.134766,0.089844,0.000000,25.352942,37.000000
1.453125,-0.138672,-0.195312,0.000000,29.127533,37.000000
1.476562,-0.142578,-0.304688,0.000000,29.334873,37.000000
1.486328,-0.193359,-0.410156,0.000000,26.730209,37.000000
2.558594,-0.263672,1.162109,0.000000,29.410143,37.000000
2.607422,-0.267578,1.150391,0.000000,32.732327,37.000000
2.664062,-0.181641,1.140625,0.000000,31.986570,37.000000
4.417969,-0.287109,1.179688,0.000000,30.751818,37.000000
4.468750,-0.289062,1.146484,0.000000,30.124153,37.000000
4.878906,-0.308594,0.771484,0.000000,30.366289,37.000000
1.312500,-0.126953,-0.292969,-0.614669,23.404442,37.000000
0.041016,-0.033203,0.062500,0.000000,30.073210,37.000000
0.052734,-0.042969,0.101562,0.000000,28.959747,37.000000
0.990234,-0.515625,0.601562,0.000000,19.242792,37.000000
2.798828,-2.003906,-3.023438,0.000000,27.803173,37.000000
2.843750,-2.021484,-3.031250,0.000000,27.259117,37.000000
0.011719,-0.039062,-0.007812,0.000000,30.681858,38.000000
0.017578,-0.080078,-0.007812,0.000000,31.925674,38.000000
0.029297,-0.119141,-0.005859,0.000000,30.187004,38.000000
0.056641,-0.154297,0.005859,0.000000,25.465427,38.000000
1.363281,-0.087891,-0.265625,0.000000,24.149733,38.000000
1.380859,-0.134766,-0.355469,0.000000,24.377506,38.000000
1.447266,-0.138672,-0.238281,0.000000,25.051500,38.000000
2.558594,-0.263672,1.162109,0.000000,29.420080,38.000000
2.607422,-0.267578,1.150391,0.000000,32.730011,38.000000
2.662109,-0.181641,1.146484,0.000000,31.956230,38.000000
4.419922,-0.287109,1.171875,0.000000,30.795429,38.000000
4.476562,-0.289062,1.113281,0.000000,30.261246,38.000000
4.886719,-0.308594,0.718750,0.000000,30.618294,38.000000
1.207031,-0.191406,0.101562,-0.614669,22.764618,38.000000
1.255859,-0.158203,0.060547,-0.614669,28.241259,38.000000
1.296875,-0.164062,0.050781,-0.614669,29.698816,38.000000
1.337891,-0.167969,0.044922,-0.614669,27.795965,38.000000
0.041016,-0.033203,0.062500,0.000000,30.073210,38.000000
0.044922,-0.046875,0.103516,0.000000,28.954226,38.000000
2.757812,-2.003906,-3.060547,0.000000,27.810369,38.000000
2.753906,-2.021484,-3.113281,0.000000,27.283537,38.000000
0.011719,-0.039062,-0.007812,0.000000,30.678144,39.000000
0.017578,-0.080078,-0.007812,0.000000,31.922886,39.000000
0.029297,-0.119141,-0.005859,0.000000,30.178677,39.000000
0.056641,-0.154297,0.005859,0.000000,25.453072,39.000000
1.222656,-0.076172,-0.070312,0.000000,18.692318,39.000000
1.302734,-0.130859,0.470703,0.000000,23.364597,39.000000
1.410156,-0.134766,0.203125,0.000000,25.118834,39.000000
1.458984,-0.183594,-0.085938,0.000000,26.201361,39.000000
1.468750,-0.189453,-0.316406,0.000000,26.127838,39.000000
2.552734,-0.263672,1.175781,0.000000,29.449759,39.000000
2.607422,-0.267578,1.154297,0.000000,32.727695,39.000000
2.666016,-0.181641,1.136719,0.000000,31.958996,39.000000
4.417969,-0.287109,1.177734,0.000000,30.802656,39.000000
4.462891,-0.289062,1.167969,0.000000,30.191162,39.000000
4.867188,-0.308594,0.839844,0.000000,30.480532,39.000000
1.216797,-0.115234,-0.099609,-0.614669,19.395193,39.000000
1.251953,-0.197266,-0.046875,-0.614669,23.747484,39.000000
1.285156,-0.246094,-0.037109,-0.614669,24.014006,39.000000
1.324219,-0.253906,0.054688,-0.614669,20.827854,39.000000
0.041016,-0.033203,0.062500,0.000000,30.077478,39.000000
0.052734,-0.042969,0.101562,0.000000,28.959747,39.000000
0.910156,-0.421875,0.707031,0.000000,17.634279,39.000000
2.789062,-2.003906,-3.031250,0.000000,27.853298,39.000000
2.849609,-2.021484,-3.025391,0.000000,27.275414,39.000000
0.011719,-0.039062,-0.007812,0.000000,30.681858,40.000000
0.017578,-0.080078,-0.007812,0.000000,31.925674,40.000000
0.029297,-0.119141,-0.005859,0.000000,30.187004,40.000000
0.056641,-0.154297,0.005859,0.000000,25.465427,40.000000
1.212891,-0.039062,-0.189453,0.000000,18.450981,40.000000
1.232422,-0.277344,0.101562,0.000000,21.789770,40.000000
1.265625,-0.328125,0.052734,0.000000,22.648178,40.000000
1.306641,-0.294922,0.162109,0.000000,20.569048,40.000000
1.261719,-0.089844,-0.669922,0.000000,24.593925,40.000000
1.402344,-0.138672,-0.425781,0.000000,26.646420,40.000000
1.476562,-0.046875,-0.328125,0.000000,26.627579,40.000000
2.554688,-0.263672,1.171875,0.000000,29.385197,40.000000
2.605469,-0.267578,1.156250,0.000000,32.688118,40.000000
2.664062,-0.181641,1.144531,0.000000,31.931246,40.000000
4.419922,-0.287109,1.171875,0.000000,30.770042,40.000000
4.453125,-0.289062,1.203125,0.000000,30.060379,40.000000
4.867188,-0.308594,0.841797,0.000000,30.421816,40.000000
0.041016,-0.033203,0.062500,0.000000,30.073210,40.000000
0.052734,-0.042969,0.101562,0.000000,28.954226,40.000000
0.816406,-0.498047,0.767578,0.000000,17.708521,40.000000
0.802734,0.042969,1.083984,0.000000,19.590414,40.000000
0.634766,0.519531,1.271484,0.000000,23.838154,40.000000
2.771484,-2.003906,-3.046875,0.000000,27.803173,40.000000
2.849609,-2.021484,-3.027344,0.000000,27.193314,40.000000
0.011719,-0.039062,-0.007812,0.000000,30.685570,41.000000
0.017578,-0.080078,-0.007812,0.000000,31.928461,41.000000
0.029297,-0.119141,-0.005859,0.000000,30.187004,41.000000
0.056641,-0.154297,0.005859,0.000000,25.453072,41.000000
1.167969,-0.230469,0.296875,0.000000,20.569048,41.000000
1.238281,-0.197266,0.183594,0.000000,24.593925,41.000000
1.291016,-0.164062,0.148438,0.000000,24.814426,41.000000
1.332031,-0.210938,0.074219,0.000000,22.121876,41.000000
0.994141,-0.134766,-1.021484,0.000000,23.364597,41.000000
1.355469,-0.183594,-0.546875,0.000000,26.444386,41.000000
1.443359,-0.142578,-0.435547,0.000000,26.665180,41.000000
2.552734,-0.263672,1.175781,0.000000,29.429996,41.000000
2.607422,-0.267578,1.152344,0.000000,32.732327,41.000000
2.664062,-0.181641,1.140625,0.000000,31.958996,41.000000
4.419922,-0.287109,1.169922,0.000000,30.773680,41.000000
4.462891,-0.289062,1.166016,0.000000,30.073210,41.000000
4.867188,-0.308594,0.847656,0.000000,30.507664,41.000000
0.041016,-0.033203,0.062500,0.000000,30.068937,41.000000
0.052734,-0.042969,0.101562,0.000000,28.948696,41.000000
0.896484,0.425781,1.142578,0.000000,24.166405,41.000000
2.820312,-2.003906,-3.001953,0.000000,27.781513,41.000000
2.900391,-2.021484,-2.976562,0.000000,27.193314,41.000000
0.011719,-0.039062,-0.007812,0.000000,30.681858,42.000000
0.017578,-0.080078,-0.007812,0.000000,31.922886,42.000000
0.029297,-0.119141,-0.005859,0.000000,30.178677,42.000000
0.056641,-0.154297,0.005859,0.000000,25.453072,42.000000
1.208984,-0.191406,0.087891,0.000000,22.068258,42.000000
1.253906,-0.119141,0.148438,0.000000,25.888317,42.000000
1.273438,-0.123047,0.281250,0.000000,25.954962,42.000000
1.189453,-0.042969,0.636719,0.000000,23.242825,42.000000
1.160156,-0.000000,-0.767578,0.000000,23.180634,42.000000
1.308594,-0.000000,-0.580078,0.000000,23.673559,42.000000
2.548828,-0.263672,1.183594,0.000000,29.400181,42.000000
2.607422,-0.267578,1.154297,0.000000,32.720737,42.000000
2.666016,-0.181641,1.138672,0.000000,31.964525,42.000000
4.419922,-0.287109,1.173828,0.000000,30.762762,42.000000
4.443359,-0.289062,1.240234,0.000000,29.925535,42.000000
4.869141,-0.308594,0.837891,0.000000,30.417873,42.000000
0.041016,-0.033203,0.062500,0.000000,30.073210,42.000000
0.052734,-0.042969,0.101562,0.000000,28.954226,42.000000
2.814453,-2.003906,-3.009766,0.000000,27.795965,42.000000
2.964844,-2.021484,-2.914062,0.000000,27.134905,42.000000
0.011719,-0.039062,-0.007812,0.000000,30.681858,43.000000
0.017578,-0.080078,-0.007812,0.000000,31.928461,43.000000
0.029297,-0.119141,-0.005859,0.000000,30.187004,43.000000
0.056641,-0.154297,0.005859,0.000000,25.465427,43.000000
1.212891,-0.197266,0.312500,0.000000,22.455126,43.000000
1.263672,-0.205078,0.271484,0.000000,22.355284,43.000000
1.279297,-0.000000,0.640625,0.000000,21.172712,43.000000
2.550781,-0.263672,1.181641,0.000000,29.360107,43.000000
2.605469,-0.267578,1.158203,0.000000,32.685780,43.000000
2.660156,-0.181641,1.152344,0.000000,31.920095,43.000000
4.412109,-0.287109,1.197266,0.000000,30.766405,43.000000
4.431641,-0.289062,1.279297,0.000000,29.986952,43.000000
4.867188,-0.308594,0.841797,0.000000,30.476643,43.000000
0.041016,-0.033203,0.062500,0.000000,30.077478,43.000000
0.052734,-0.042969,0.101562,0.000000,28.959747,43.000000
0.541016,0.492188,-1.230469,0.000000,18.573324,43.000000
2.810547,-2.003906,-3.011719,0.000000,27.824726,43.000000
2.951172,-2.021484,-2.925781,0.000000,27.160034,43.000000
0.011719,-0.039062,-0.007812,0.000000,30.685570,44.000000
0.017578,-0.080078,-0.007812,0.000000,31.928461,44.000000
0.029297,-0.119141,-0.005859,0.000000,30.195316,44.000000
0.056641,-0.154297,0.005859,0.000000,25.490032,44.000000
1.156250,-0.115234,-0.396484,0.000000,22.455126,44.000000
1.154297,-0.080078,-0.521484,0.000000,25.899496,44.000000
1.099609,-0.082031,-0.703125,0.000000,25.809250,44.000000
0.796875,-0.000000,-1.089844,0.000000,22.528530,44.000000
2.556641,-0.263672,1.167969,0.000000,29.395193,44.000000
2.607422,-0.267578,1.154297,0.000000,32.718414,44.000000
2.664062,-0.181641,1.144531,0.000000,31.964525,44.000000
4.419922,-0.287109,1.173828,0.000000,30.795429,44.000000
4.464844,-0.289062,1.162109,0.000000,30.261246,44.000000
4.746094,-0.449219,-0.423828,0.000000,30.492180,44.000000
4.787109,-0.453125,-0.419922,0.000000,31.099159,44.000000
4.875000,-0.308594,0.794922,0.000000,30.526939,44.000000
0.041016,-0.033203,0.062500,0.000000,30.077478,44.000000
0.052734,-0.042969,0.101562,0.000000,28.959747,44.000000
2.791016,-2.003906,-3.029297,0.000000,27.824726,44.000000
2.830078,-2.021484,-3.044922,0.000000,27.259117,44.000000
0.011719,-0.039062,-0.007812,0.000000,30.681858,45.000000
0.017578,-0.080078,-0.007812,0.000000,31.925674,45.000000
0.029297,-0.119141,-0.005859,0.000000,30.187004,45.000000
0.056641,-0.154297,0.005859,0.000000,25.465427,45.000000
1.208984,-0.191406,0.089844,0.000000,21.958996,45.000000
1.248047,-0.119141,0.189453,0.000000,25.415792,45.000000
1.246094,-0.123047,0.378906,0.000000,25.390760,45.000000
1.074219,-0.083984,0.812500,0.000000,22.855574,45.000000
1.007812,-0.042969,-0.958984,0.000000,22.430380,45.000000
1.119141,-0.044922,-0.892578,0.000000,23.074961,45.000000
2.544922,-0.263672,1.193359,0.000000,29.410143,45.000000
2.605469,-0.267578,1.156250,0.000000,32.723057,45.000000
2.666016,-0.181641,1.136719,0.000000,31.942368,45.000000
4.421875,-0.287109,1.167969,0.000000,30.827854,45.000000
4.490234,-0.289062,1.062500,0.000000,30.503798,45.000000
4.736328,-0.449219,-0.513672,0.000000,33.406425,45.000000
4.779297,-0.453125,-0.507812,0.000000,34.192947,45.000000
4.816406,-0.457031,-0.537109,0.000000,31.000257,45.000000
4.867188,-0.308594,0.845703,0.000000,30.461048,45.000000
0.041016,-0.033203,0.062500,0.000000,30.077478,45.000000
0.052734,-0.042969,0.101562,0.000000,28.959747,45.000000
2.783203,-2.003906,-3.037109,0.000000,27.839035,45.000000
0.011719,-0.039062,-0.007812,0.000000,30.681858,46.000000
0.017578,-0.080078,-0.007812,0.000000,31.925674,46.000000
0.029297,-0.119141,-0.005859,0.000000,30.182842,46.000000
0.056641,-0.154297,0.005859,0.000000,25.453072,46.000000
1.216797,-0.158203,0.320312,0.000000,22.878017,46.000000
1.201172,-0.123047,0.505859,0.000000,21.875208,46.000000
0.976562,-0.000000,0.931641,0.000000,19.867718,46.000000
2.535156,-0.263672,1.212891,0.000000,29.375179,46.000000
2.597656,-0.267578,1.171875,0.000000,32.699799,46.000000
2.658203,-0.181641,1.154297,0.000000,31.942368,46.000000
4.419922,-0.287109,1.171875,0.000000,30.809870,46.000000
4.476562,-0.289062,1.111328,0.000000,30.488300,46.000000
4.681641,-0.445312,-0.634766,0.000000,29.800034,46.000000
4.734375,-0.449219,-0.542969,0.000000,33.692158,46.000000
4.779297,-0.453125,-0.498047,0.000000,34.560623,46.000000
4.828125,-0.457031,-0.416016,0.000000,31.743505,46.000000
4.880859,-0.308594,0.755859,0.000000,30.591846,46.000000
0.041016,-0.033203,0.062500,0.000000,30.073210,46.000000
0.052734,-0.042969,0.101562,0.000000,28.959747,46.000000
1.251953,-0.421875,-0.281250,0.000000,17.923918,46.000000
2.785156,-2.003906,-3.037109,0.000000,27.817554,46.000000
0.011719,-0.039062,-0.007812,0.000000,30.678144,47.000000
0.017578,-0.080078,-0.007812,0.000000,31.925674,47.000000
0.029297,-0.119141,-0.005859,0.000000,30.191162,47.000000
0.056641,-0.154297,0.005859,0.000000,25.477747,47.000000
1.089844,-0.119141,0.636719,0.000000,24.683474,47.000000
0.978516,-0.082031,0.865234,0.000000,24.698219,47.000000
0.910156,-0.042969,0.996094,0.000000,21.958996,47.000000
2.558594,-0.263672,1.160156,0.000000,29.400181,47.000000
2.607422,-0.267578,1.154297,0.000000,32.711445,47.000000
2.664062,-0.181641,1.140625,0.000000,31.958996,47.000000
4.419922,-0.287109,1.171875,0.000000,30.817072,47.000000
4.457031,-0.289062,1.189453,0.000000,30.354298,47.000000
4.740234,-0.449219,-0.494141,0.000000,32.992893,47.000000
4.783203,-0.453125,-0.462891,0.000000,33.718063,47.000000
4.830078,-0.457031,-0.398438,0.000000,30.670708,47.000000
4.878906,-0.308594,0.779297,0.000000,30.561422,47.000000
0.041016,-0.033203,0.062500,0.000000,30.077478,47.000000
0.052734,-0.042969,0.101562,0.000000,28.959747,47.000000
2.765625,-2.003906,-3.054688,0.000000,27.817554,47.000000
0.011719,-0.039062,-0.007812,0.000000,30.689276,48.000000
0.017578,-0.080078,-0.007812,0.000000,31.931246,48.000000
0.029297,-0.119141,-0.005859,0.000000,30.191162,48.000000
0.056641,-0.154297,0.005859,0.000000,25.465427,48.000000
1.113281,-0.076172,-0.511719,0.000000,20.374266,48.000000
0.994141,-0.080078,-0.785156,0.000000,22.966652,48.000000
0.837891,-0.041016,-1.005859,0.000000,23.201464,48.000000
0.560547,-0.000000,-1.228516,0.000000,20.827854,48.000000
2.556641,-0.263672,1.166016,0.000000,29.444826,48.000000
2.605469,-0.267578,1.154297,0.000000,32.727695,48.000000
2.664062,-0.181641,1.144531,0.000000,31.956230,48.000000
4.417969,-0.287109,1.175781,0.000000,30.824263,48.000000
4.468750,-0.289062,1.150391,0.000000,30.390173,48.000000
4.736328,-0.449219,-0.523438,0.000000,33.451775,48.000000
4.781250,-0.453125,-0.490234,0.000000,34.274860,48.000000
4.828125,-0.457031,-0.414062,0.000000,31.360861,48.000000
4.884766,-0.308594,0.742188,0.000000,30.625820,48.000000
0.041016,-0.033203,0.062500,0.000000,30.077478,48.000000
0.052734,-0.042969,0.101562,0.000000,28.959747,48.000000
0.785156,-0.498047,0.800781,0.000000,18.129133,48.000000
1.212891,0.464844,0.367188,0.000000,18.325089,48.000000
2.777344,-2.003906,-3.042969,0.000000,27.824726,48.000000
0.011719,-0.039062,-0.007812,0.000000,30.681858,49.000000
0.017578,-0.080078,-0.007812,0.000000,31.928461,49.000000
0.029297,-0.119141,-0.005859,0.000000,30.191162,49.000000
0.056641,-0.154297,0.005859,0.000000,25.477747,49.000000
0.597656,-0.119141,-1.111328,0.000000,24.132998,49.000000
0.349609,-0.082031,-1.259766,0.000000,24.548449,49.000000
0.369141,-0.042969,1.296875,0.000000,22.227165,49.000000
2.550781,-0.263672,1.179688,0.000000,29.360107,49.000000
2.607422,-0.267578,1.152344,0.000000,32.702129,49.000000
2.667969,-0.181641,1.134766,0.000000,31.950689,49.000000
4.417969,-0.287109,1.175781,0.000000,30.788193,49.000000
4.458984,-0.289062,1.179688,0.000000,30.350292,49.000000
4.738281,-0.449219,-0.507812,0.000000,33.029800,49.000000
4.783203,-0.453125,-0.464844,0.000000,33.767593,49.000000
4.832031,-0.457031,-0.373047,0.000000,30.755470,49.000000
4.882812,-0.308594,0.751953,0.000000,30.625820,49.000000
0.041016,-0.033203,0.062500,0.000000,30.068937,49.000000
0.052734,-0.042969,0.101562,0.000000,28.954226,49.000000
2.763672,-2.003906,-3.056641,0.000000,27.795965,49.000000
0.011719,-0.039062,-0.007812,0.000000,30.681858,50.000000
0.017578,-0.080078,-0.007812,0.000000,31.928461,50.000000
0.029297,-0.119141,-0.005859,0.000000,30.191162,50.000000
0.056641,-0.154297,0.005859,0.000000,25.477747,50.000000
0.896484,-0.039062,-0.896484,0.000000,20.569048,50.000000
0.574219,-0.000000,-1.175781,0.000000,21.583626,50.000000
0.103516,-0.000000,-1.345703,0.000000,20.492180,50.000000
2.541016,-0.263672,1.201172,0.000000,29.395193,50.000000
2.601562,-0.267578,1.164062,0.000000,32.716091,50.000000
2.660156,-0.181641,1.150391,0.000000,31.956230,50.000000
4.417969,-0.287109,1.177734,0.000000,30.791813,50.000000
4.457031,-0.289062,1.191406,0.000000,30.350292,50.000000
4.738281,-0.449219,-0.511719,0.000000,33.370598,50.000000
4.781250,-0.453125,-0.482422,0.000000,34.148064,50.000000
4.828125,-0.457031,-0.429688,0.000000,31.222158,50.000000
4.880859,-0.308594,0.765625,0.000000,30.599419,50.000000
0.041016,-0.033203,0.062500,0.000000,30.073210,50.000000
0.044922,-0.046875,0.103516,0.000000,28.959747,50.000000
1.115234,-0.474609,0.371094,0.000000,19.084850,50.000000
1.187500,0.449219,0.316406,0.000000,19.242792,50.000000
2.781250,-2.003906,-3.039062,0.000000,27.810369,50.000000
