2.667969,-0.179688,1.021484,0.000000,32.221962,0.000000
2.763672,-0.089844,0.888672,0.000000,31.254812,0.000000
0.009766,0.031250,0.025391,0.000000,29.278833,0.000000
0.041016,-0.033203,0.062500,0.000000,30.086002,0.000000
0.044922,-0.046875,0.103516,0.000000,28.992731,0.000000
0.011719,-0.039062,-0.007812,0.000000,30.644581,1.000000
0.017578,-0.080078,-0.007812,0.000000,31.897709,1.000000
0.029297,-0.119141,-0.005859,0.000000,30.119930,1.000000
0.056641,-0.154297,0.005859,0.000000,25.440680,1.000000
0.167969,-0.080078,1.253906,0.000000,23.138672,1.000000
0.046875,-0.082031,1.304688,0.000000,24.653828,1.000000
0.412109,-0.083984,-1.283203,0.000000,23.138672,1.000000
0.568359,-0.042969,-1.267578,0.000000,21.760912,1.000000
1.705078,-0.052734,-0.208984,0.000000,30.409977,1.000000
1.744141,-0.054688,-0.224609,0.000000,32.258259,1.000000
1.789062,-0.056641,-0.191406,0.000000,30.220158,1.000000
1.798828,-0.117188,-0.539062,0.000000,26.857418,1.000000
2.625000,-0.175781,1.019531,0.000000,29.057959,1.000000
2.666016,-0.179688,1.027344,0.000000,32.206310,1.000000
2.755859,-0.089844,0.910156,0.000000,31.231981,1.000000
0.009766,0.031250,0.025391,0.000000,29.278833,1.000000
0.041016,-0.033203,0.062500,0.000000,30.090258,1.000000
0.046875,-0.046875,0.103516,0.000000,28.998205,1.000000
0.011719,-0.039062,-0.007812,0.000000,30.644581,2.000000
0.017578,-0.080078,-0.007812,0.000000,31.894903,2.000000
0.029297,-0.119141,-0.005859,0.000000,30.111473,2.000000
0.056641,-0.154297,0.007812,0.000000,25.428255,2.000000
0.187500,-0.080078,1.251953,0.000000,23.117538,2.000000
0.007812,-0.082031,1.306641,0.000000,24.638929,2.000000
0.425781,-0.083984,-1.277344,0.000000,23.096302,2.000000
0.572266,-0.042969,-1.267578,0.000000,21.731863,2.000000
1.714844,-0.000000,-0.093750,0.000000,29.758911,2.000000
1.755859,-0.054688,-0.068359,0.000000,32.258259,2.000000
1.798828,-0.000000,-0.023438,0.000000,31.092409,2.000000
2.628906,-0.175781,1.013672,0.000000,29.253120,2.000000
2.664062,-0.179688,1.035156,0.000000,32.294258,2.000000
2.755859,-0.089844,0.912109,0.000000,31.300119,2.000000
0.041016,-0.033203,0.062500,0.000000,30.090258,2.000000
0.046875,-0.046875,0.103516,0.000000,28.998205,2.000000
0.011719,-0.039062,-0.007812,0.000000,30.644581,3.000000
0.017578,-0.080078,-0.007812,0.000000,31.897709,3.000000
0.029297,-0.119141,-0.005859,0.000000,30.115704,3.000000
0.056641,-0.154297,0.005859,0.000000,25.428255,3.000000
0.179688,-0.080078,1.251953,0.000000,23.096302,3.000000
0.007812,-0.082031,1.306641,0.000000,24.638929,3.000000
0.435547,-0.083984,-1.275391,0.000000,23.117538,3.000000
0.566406,-0.042969,-1.269531,0.000000,21.760912,3.000000
1.701172,-0.107422,-0.216797,0.000000,30.358297,3.000000
1.744141,-0.054688,-0.226562,0.000000,31.781132,3.000000
1.785156,-0.113281,-0.207031,0.000000,28.954226,3.000000
1.828125,-0.000000,-0.222656,0.000000,27.481880,3.000000
1.843750,0.058594,-0.369141,0.000000,27.678976,3.000000
2.623047,-0.175781,1.025391,0.000000,29.100906,3.000000
2.666016,-0.179688,1.029297,0.000000,32.224564,3.000000
2.761719,-0.089844,0.894531,0.000000,31.245043,3.000000
0.041016,-0.033203,0.062500,0.000000,30.086002,3.000000
0.046875,-0.046875,0.103516,0.000000,28.992731,3.000000
0.011719,-0.039062,-0.007812,0.000000,30.652061,4.000000
0.017578,-0.080078,-0.007812,0.000000,31.897709,4.000000
0.029297,-0.119141,-0.005859,0.000000,30.115704,4.000000
0.056641,-0.154297,0.005859,0.000000,25.440680,4.000000
0.164062,-0.080078,1.255859,0.000000,23.117538,4.000000
0.048828,-0.082031,1.304688,0.000000,24.638929,4.000000
0.402344,-0.083984,-1.285156,0.000000,23.138672,4.000000
1.755859,0.054688,0.070312,0.000000,27.671558,4.000000
1.798828,-0.000000,0.031250,0.000000,29.484129,4.000000
1.835938,-0.056641,-0.123047,0.000000,29.633156,4.000000
1.863281,-0.117188,-0.238281,0.000000,28.228216,4.000000
0.535156,2.417969,-0.312500,0.000000,25.740313,4.000000
2.621094,-0.175781,1.031250,0.000000,29.063351,4.000000
2.662109,-0.179688,1.039062,0.000000,32.182728,4.000000
2.755859,-0.089844,0.914062,0.000000,31.179338,4.000000
0.041016,-0.033203,0.062500,0.000000,30.086002,4.000000
0.044922,-0.046875,0.103516,0.000000,28.992731,4.000000
2.515625,0.080078,0.306641,0.000000,24.216040,4.000000
0.011719,-0.039062,-0.007812,0.000000,30.644581,5.000000
0.017578,-0.080078,-0.007812,0.000000,31.897709,5.000000
0.029297,-0.119141,-0.005859,0.000000,30.119930,5.000000
0.056641,-0.154297,0.005859,0.000000,25.440680,5.000000
0.193359,-0.080078,1.250000,0.000000,23.138672,5.000000
0.408203,-0.083984,-1.283203,0.000000,23.096302,5.000000
0.564453,-0.042969,-1.269531,0.000000,21.731863,5.000000
1.707031,-0.000000,-0.189453,0.000000,31.408222,5.000000
1.750000,-0.000000,-0.179688,0.000000,33.085644,5.000000
1.789062,-0.000000,-0.201172,0.000000,30.659531,5.000000
1.855469,-0.175781,-0.259766,0.000000,27.041506,5.000000
2.623047,-0.175781,1.027344,0.000000,29.079485,5.000000
2.660156,-0.179688,1.042969,0.000000,32.211533,5.000000
2.753906,-0.089844,0.917969,0.000000,31.179338,5.000000
0.009766,0.031250,0.025391,0.000000,29.289078,5.000000
0.041016,-0.033203,0.062500,0.000000,30.086002,5.000000
0.046875,-0.046875,0.103516,0.000000,28.992731,5.000000
0.011719,-0.039062,-0.007812,0.000000,30.648323,6.000000
0.017578,-0.080078,-0.007812,0.000000,31.900515,6.000000
0.029297,-0.119141,-0.005859,0.000000,30.119930,6.000000
0.056641,-0.154297,0.005859,0.000000,25.453072,6.000000
0.191406,-0.080078,1.251953,0.000000,23.138672,6.000000
0.093750,-0.082031,1.302734,0.000000,24.638929,6.000000
0.396484,-0.083984,-1.287109,0.000000,23.117538,6.000000
0.546875,-0.042969,-1.277344,0.000000,21.760912,6.000000
1.697266,-0.000000,-0.269531,0.000000,29.263424,6.000000
1.746094,-0.000000,-0.210938,0.000000,31.577589,6.000000
1.789062,-0.056641,-0.183594,0.000000,31.556396,6.000000
1.818359,-0.115234,-0.265625,0.000000,30.591846,6.000000
1.820312,-0.175781,-0.447266,0.000000,28.802418,6.000000
0.605469,2.417969,-0.126953,0.000000,25.185139,6.000000
2.652344,-0.179688,1.064453,0.000000,32.116543,6.000000
2.750000,-0.089844,0.931641,0.000000,31.102530,6.000000
0.009766,0.031250,0.025391,0.000000,29.283958,6.000000
0.041016,-0.033203,0.062500,0.000000,30.094509,6.000000
0.046875,-0.046875,0.103516,0.000000,29.003672,6.000000
0.011719,-0.039062,-0.007812,0.000000,30.644581,7.000000
0.017578,-0.080078,-0.007812,0.000000,31.897709,7.000000
0.029297,-0.119141,-0.005859,0.000000,30.115704,7.000000
0.056641,-0.154297,0.005859,0.000000,25.440680,7.000000
0.130859,-0.080078,1.257812,0.000000,23.096302,7.000000
0.419922,-0.083984,-1.279297,0.000000,23.074961,7.000000
0.558594,-0.042969,-1.273438,0.000000,21.673174,7.000000
1.705078,-0.000000,-0.205078,0.000000,29.415113,7.000000
1.750000,-0.000000,-0.179688,0.000000,31.132748,7.000000
1.794922,-0.056641,-0.132812,0.000000,29.965117,7.000000
1.826172,-0.115234,-0.197266,0.000000,28.959747,7.000000
1.843750,-0.234375,-0.294922,0.000000,28.898617,7.000000
2.603516,-0.175781,1.074219,0.000000,28.932068,7.000000
2.650391,-0.179688,1.068359,0.000000,32.151085,7.000000
2.746094,-0.089844,0.941406,0.000000,31.139433,7.000000
0.009766,0.031250,0.025391,0.000000,29.283958,7.000000
0.041016,-0.033203,0.062500,0.000000,30.094509,7.000000
0.044922,-0.046875,0.103516,0.000000,29.003672,7.000000
1.857422,-0.117188,-0.273438,0.000000,28.870544,7.000000
0.011719,-0.039062,-0.007812,0.000000,30.648323,8.000000
0.017578,-0.080078,-0.007812,0.000000,31.897709,8.000000
0.029297,-0.119141,-0.005859,0.000000,30.115704,8.000000
0.056641,-0.154297,0.007812,0.000000,25.428255,8.000000
0.164062,-0.080078,1.255859,0.000000,23.096302,8.000000
0.044922,-0.082031,1.304688,0.000000,24.638929,8.000000
0.417969,-0.083984,-1.281250,0.000000,23.138672,8.000000
0.556641,-0.042969,-1.273438,0.000000,21.789770,8.000000
1.701172,-0.052734,-0.230469,0.000000,31.451963,8.000000
1.744141,-0.054688,-0.214844,0.000000,33.121773,8.000000
1.783203,-0.056641,-0.236328,0.000000,31.095785,8.000000
1.773438,-0.000000,-0.492188,0.000000,27.745171,8.000000
1.796875,-0.000000,-0.556641,0.000000,27.566360,8.000000
2.605469,-0.175781,1.068359,0.000000,28.948696,8.000000
2.648438,-0.179688,1.072266,0.000000,32.137833,8.000000
2.744141,-0.089844,0.947266,0.000000,31.112625,8.000000
0.009766,0.031250,0.025391,0.000000,29.278833,8.000000
0.041016,-0.033203,0.062500,0.000000,30.086002,8.000000
0.044922,-0.046875,0.103516,0.000000,28.992731,8.000000
0.011719,-0.039062,-0.007812,0.000000,30.648323,9.000000
0.017578,-0.080078,-0.007812,0.000000,31.897709,9.000000
0.029297,-0.119141,-0.005859,0.000000,30.115704,9.000000
0.056641,-0.154297,0.005859,0.000000,25.440680,9.000000
0.156250,-0.080078,1.255859,0.000000,23.117538,9.000000
0.412109,-0.083984,-1.283203,0.000000,23.159704,9.000000
1.712891,-0.000000,-0.144531,0.000000,29.661417,9.000000
1.751953,-0.000000,-0.160156,0.000000,31.498346,9.000000
1.791016,0.056641,-0.171875,0.000000,30.081741,9.000000
1.830078,-0.000000,-0.195312,0.000000,27.774269,9.000000
1.857422,0.058594,-0.292969,0.000000,26.954817,9.000000
2.626953,-0.175781,1.017578,0.000000,29.138138,9.000000
2.660156,-0.179688,1.044922,0.000000,32.224564,9.000000
2.750000,-0.089844,0.931641,0.000000,31.179338,9.000000
0.041016,-0.033203,0.062500,0.000000,30.086002,9.000000
0.044922,-0.046875,0.103516,0.000000,28.992731,9.000000
0.011719,-0.039062,-0.007812,0.000000,30.652061,10.000000
0.017578,-0.080078,-0.007812,0.000000,31.897709,10.000000
0.029297,-0.119141,-0.005859,0.000000,30.115704,10.000000
0.056641,-0.154297,0.005859,0.000000,25.453072,10.000000
0.177734,-0.080078,1.253906,0.000000,23.138672,10.000000
0.048828,-0.082031,1.304688,0.000000,24.638929,10.000000
0.419922,-0.083984,-1.279297,0.000000,23.117538,10.000000
1.740234,-0.109375,-0.232422,0.000000,27.566360,10.000000
1.794922,-0.113281,0.062500,0.000000,29.375179,10.000000
1.830078,-0.115234,0.167969,0.000000,28.273693,10.000000
2.626953,-0.175781,1.017578,0.000000,29.084850,10.000000
2.662109,-0.179688,1.037109,0.000000,32.245331,10.000000
2.757812,-0.089844,0.904297,0.000000,31.280760,10.000000
0.009766,0.031250,0.025391,0.000000,29.278833,10.000000
0.041016,-0.033203,0.062500,0.000000,30.086002,10.000000
0.044922,-0.046875,0.103516,0.000000,28.992731,10.000000
0.011719,-0.039062,-0.007812,0.000000,30.652061,11.000000
0.017578,-0.080078,-0.007812,0.000000,31.897709,11.000000
0.029297,-0.119141,-0.005859,0.000000,30.115704,11.000000
0.056641,-0.154297,0.005859,0.000000,25.428255,11.000000
0.191406,-0.080078,1.251953,0.000000,23.138672,11.000000
0.027344,-0.082031,1.306641,0.000000,24.653828,11.000000
0.417969,-0.083984,-1.281250,0.000000,23.117538,11.000000
0.564453,-0.042969,-1.269531,0.000000,21.789770,11.000000
1.710938,-0.000000,-0.146484,0.000000,31.199154,11.000000
1.750000,-0.054688,-0.175781,0.000000,33.279716,11.000000
1.769531,-0.000000,-0.324219,0.000000,31.408222,11.000000
2.662109,-0.179688,1.039062,0.000000,32.135178,11.000000
2.751953,-0.089844,0.923828,0.000000,31.185953,11.000000
0.009766,0.031250,0.025391,0.000000,29.283958,11.000000
0.041016,-0.033203,0.062500,0.000000,30.090258,11.000000
0.044922,-0.046875,0.103516,0.000000,28.998205,11.000000
0.011719,-0.039062,-0.007812,0.000000,30.652061,12.000000
0.017578,-0.080078,-0.007812,0.000000,31.903316,12.000000
0.029297,-0.119141,-0.005859,0.000000,30.119930,12.000000
0.056641,-0.154297,0.007812,0.000000,25.440680,12.000000
0.144531,-0.080078,1.257812,0.000000,23.096302,12.000000
0.417969,-0.083984,-1.281250,0.000000,23.096302,12.000000
0.546875,-0.042969,-1.277344,0.000000,21.731863,12.000000
1.699219,-0.052734,-0.248047,0.000000,28.109043,12.000000
1.748047,-0.054688,-0.195312,0.000000,31.007151,12.000000
1.792969,-0.056641,-0.154297,0.000000,30.449316,12.000000
1.839844,-0.000000,-0.046875,0.000000,28.195440,12.000000
1.875000,0.058594,-0.146484,0.000000,27.339993,12.000000
1.890625,0.121094,-0.326172,0.000000,26.599161,12.000000
2.625000,-0.175781,1.021484,0.000000,29.232441,12.000000
2.654297,-0.179688,1.058594,0.000000,32.240147,12.000000
2.744141,-0.089844,0.947266,0.000000,31.209028,12.000000
0.009766,0.031250,0.025391,0.000000,29.273705,12.000000
0.041016,-0.033203,0.062500,0.000000,30.090258,12.000000
0.046875,-0.046875,0.103516,0.000000,28.992731,12.000000
0.011719,-0.039062,-0.007812,0.000000,30.652061,13.000000
0.017578,-0.080078,-0.007812,0.000000,31.900515,13.000000
0.029297,-0.119141,-0.005859,0.000000,30.119930,13.000000
0.056641,-0.154297,0.007812,0.000000,25.440680,13.000000
0.169922,-0.080078,1.253906,0.000000,23.138672,13.000000
0.423828,-0.083984,-1.279297,0.000000,23.117538,13.000000
0.570312,-0.042969,-1.267578,0.000000,21.789770,13.000000
1.712891,-0.052734,-0.125000,0.000000,30.077478,13.000000
1.755859,-0.054688,-0.087891,0.000000,32.307045,13.000000
1.794922,0.056641,0.126953,0.000000,31.139433,13.000000
1.777344,0.058594,-0.613281,0.000000,26.785183,13.000000
1.843750,0.121094,-0.529297,0.000000,26.910814,13.000000
2.615234,-0.175781,1.044922,0.000000,28.881796,13.000000
2.660156,-0.179688,1.046875,0.000000,32.103184,13.000000
2.753906,-0.089844,0.919922,0.000000,31.109262,13.000000
0.009766,0.031250,0.025391,0.000000,29.283958,13.000000
0.041016,-0.033203,0.062500,0.000000,30.090258,13.000000
0.044922,-0.046875,0.103516,0.000000,28.992731,13.000000
0.011719,-0.039062,-0.007812,0.000000,30.648323,14.000000
0.017578,-0.080078,-0.007812,0.000000,31.897709,14.000000
0.029297,-0.119141,-0.005859,0.000000,30.115704,14.000000
0.056641,-0.154297,0.007812,0.000000,25.440680,14.000000
0.138672,-0.080078,1.257812,0.000000,23.159704,14.000000
0.060547,-0.082031,1.304688,0.000000,24.668676,14.000000
0.423828,-0.083984,-1.279297,0.000000,23.117538,14.000000
0.564453,-0.042969,-1.271484,0.000000,21.731863,14.000000
1.757812,-0.054688,-0.033203,0.000000,28.175653,14.000000
1.798828,-0.000000,0.021484,0.000000,28.987251,14.000000
1.839844,-0.000000,0.025391,0.000000,26.344772,14.000000
2.607422,-0.175781,1.068359,0.000000,28.932068,14.000000
2.654297,-0.179688,1.058594,0.000000,32.145790,14.000000
2.748047,-0.089844,0.933594,0.000000,31.185953,14.000000
0.009766,0.031250,0.025391,0.000000,29.278833,14.000000
0.041016,-0.033203,0.062500,0.000000,30.086002,14.000000
0.044922,-0.046875,0.103516,0.000000,28.998205,14.000000
0.011719,-0.039062,-0.007812,0.000000,30.652061,15.000000
0.017578,-0.080078,-0.007812,0.000000,31.900515,15.000000
0.029297,-0.119141,-0.005859,0.000000,30.119930,15.000000
0.056641,-0.154297,0.005859,0.000000,25.440680,15.000000
0.144531,-0.080078,1.257812,0.000000,23.180634,15.000000
0.041016,-0.082031,1.306641,0.000000,24.668676,15.000000
0.425781,-0.083984,-1.277344,0.000000,23.117538,15.000000
0.566406,-0.042969,-1.269531,0.000000,21.731863,15.000000
1.697266,-0.052734,-0.259766,0.000000,27.323938,15.000000
1.722656,-0.109375,-0.337891,0.000000,30.670708,15.000000
1.767578,-0.056641,-0.333984,0.000000,30.726175,15.000000
1.812500,-0.000000,-0.322266,0.000000,27.795965,15.000000
2.607422,-0.175781,1.068359,0.000000,28.965261,15.000000
2.658203,-0.179688,1.052734,0.000000,32.148438,15.000000
2.753906,-0.089844,0.917969,0.000000,31.169397,15.000000
0.009766,0.031250,0.025391,0.000000,29.283958,15.000000
0.041016,-0.033203,0.062500,0.000000,30.094509,15.000000
0.044922,-0.046875,0.103516,0.000000,28.998205,15.000000
1.816406,-0.115234,-0.279297,0.000000,27.759743,15.000000
0.011719,-0.039062,-0.007812,0.000000,30.648323,16.000000
0.017578,-0.080078,-0.007812,0.000000,31.900515,16.000000
0.029297,-0.119141,-0.005859,0.000000,30.124153,16.000000
0.056641,-0.154297,0.005859,0.000000,25.440680,16.000000
0.078125,-0.080078,1.263672,0.000000,23.138672,16.000000
0.425781,-0.083984,-1.277344,0.000000,23.117538,16.000000
0.568359,-0.042969,-1.267578,0.000000,21.760912,16.000000
1.714844,-0.000000,-0.089844,0.000000,28.597385,16.000000
1.751953,-0.000000,-0.156250,0.000000,30.993353,16.000000
1.781250,-0.000000,-0.265625,0.000000,29.731279,16.000000
2.630859,-0.175781,1.007812,0.000000,29.122221,16.000000
2.664062,-0.179688,1.033203,0.000000,32.245331,16.000000
2.757812,-0.089844,0.908203,0.000000,31.274288,16.000000
0.041016,-0.033203,0.062500,0.000000,30.094509,16.000000
0.044922,-0.046875,0.103516,0.000000,29.003672,16.000000
0.011719,-0.039062,-0.007812,0.000000,30.652061,17.000000
0.017578,-0.080078,-0.007812,0.000000,31.894903,17.000000
0.029297,-0.119141,-0.005859,0.000000,30.111473,17.000000
0.056641,-0.154297,0.005859,0.000000,25.428255,17.000000
0.156250,-0.080078,1.255859,0.000000,23.138672,17.000000
0.060547,-0.082031,1.304688,0.000000,24.683474,17.000000
0.419922,-0.083984,-1.279297,0.000000,23.138672,17.000000
0.564453,-0.042969,-1.269531,0.000000,21.789770,17.000000
1.675781,-0.000000,0.062500,0.000000,27.888752,17.000000
1.716797,-0.000000,-0.042969,0.000000,32.314697,17.000000
1.757812,-0.000000,-0.082031,0.000000,34.017452,17.000000
1.796875,-0.000000,-0.107422,0.000000,32.789822,17.000000
1.830078,0.056641,-0.195312,0.000000,28.142475,17.000000
2.623047,-0.175781,1.025391,0.000000,28.987251,17.000000
2.660156,-0.179688,1.042969,0.000000,32.156376,17.000000
2.755859,-0.089844,0.912109,0.000000,31.162756,17.000000
0.009766,0.031250,0.025391,0.000000,29.278833,17.000000
0.041016,-0.033203,0.062500,0.000000,30.086002,17.000000
0.044922,-0.046875,0.103516,0.000000,28.998205,17.000000
0.011719,-0.039062,-0.007812,0.000000,30.655798,18.000000
0.017578,-0.080078,-0.007812,0.000000,31.900515,18.000000
0.029297,-0.119141,-0.005859,0.000000,30.119930,18.000000
0.056641,-0.154297,0.007812,0.000000,25.440680,18.000000
0.148438,-0.080078,1.257812,0.000000,23.096302,18.000000
0.417969,-0.083984,-1.281250,0.000000,23.096302,18.000000
0.587891,-0.042969,-1.259766,0.000000,21.731863,18.000000
1.712891,0.052734,-0.132812,0.000000,28.169039,18.000000
1.753906,0.054688,-0.121094,0.000000,31.423895,18.000000
1.796875,0.056641,-0.099609,0.000000,30.429691,18.000000
2.615234,-0.175781,1.044922,0.000000,28.881796,18.000000
2.662109,-0.179688,1.037109,0.000000,32.079037,18.000000
2.759766,-0.089844,0.902344,0.000000,31.119343,18.000000
4.400391,-0.287109,1.240234,0.000000,31.041456,18.000000
4.449219,-0.144531,1.244141,0.000000,30.849337,18.000000
1.664062,-0.052734,0.195312,-0.614669,25.390760,18.000000
0.041016,-0.033203,0.062500,0.000000,30.090258,18.000000
0.044922,-0.046875,0.103516,0.000000,28.998205,18.000000
4.419922,-0.000000,1.205078,0.000000,30.962147,18.000000
0.011719,-0.039062,-0.007812,0.000000,30.652061,19.000000
0.017578,-0.080078,-0.007812,0.000000,31.900515,19.000000
0.029297,-0.119141,-0.005859,0.000000,30.115704,19.000000
0.056641,-0.154297,0.007812,0.000000,25.440680,19.000000
0.162109,-0.080078,1.255859,0.000000,23.117538,19.000000
0.044922,-0.082031,1.304688,0.000000,24.638929,19.000000
0.388672,-0.083984,-1.289062,0.000000,23.096302,19.000000
0.544922,-0.042969,-1.279297,0.000000,21.731863,19.000000
1.757812,0.054688,-0.056641,0.000000,27.810369,19.000000
2.632812,-0.175781,1.001953,0.000000,28.887409,19.000000
2.669922,-0.179688,1.019531,0.000000,32.095150,19.000000
2.763672,-0.089844,0.888672,0.000000,31.139433,19.000000
4.382812,-0.283203,1.148438,0.000000,28.102325,19.000000
4.404297,-0.142578,1.250000,0.000000,31.395643,19.000000
4.439453,-0.144531,1.281250,0.000000,30.955181,19.000000
1.660156,-0.052734,0.234375,-0.614669,26.201361,19.000000
0.009766,0.031250,0.025391,0.000000,29.278833,19.000000
0.041016,-0.033203,0.062500,0.000000,30.090258,19.000000
0.044922,-0.046875,0.103516,0.000000,28.998205,19.000000
0.011719,-0.039062,-0.007812,0.000000,30.655798,20.000000
0.017578,-0.080078,-0.007812,0.000000,31.900515,20.000000
0.029297,-0.119141,-0.005859,0.000000,30.119930,20.000000
0.056641,-0.154297,0.005859,0.000000,25.440680,20.000000
0.136719,-0.080078,1.257812,0.000000,23.159704,20.000000
0.410156,-0.083984,-1.283203,0.000000,23.159704,20.000000
0.562500,-0.042969,-1.271484,0.000000,21.760912,20.000000
2.626953,-0.175781,1.015625,0.000000,28.909796,20.000000
2.666016,-0.179688,1.029297,0.000000,32.060158,20.000000
2.759766,-0.089844,0.900391,0.000000,31.109262,20.000000
4.402344,-0.142578,1.101562,0.000000,28.280151,20.000000
4.412109,-0.142578,1.222656,0.000000,31.553360,20.000000
4.447266,-0.144531,1.250000,0.000000,30.955181,20.000000
1.634766,-0.050781,0.068359,-0.614669,25.740313,20.000000
1.673828,-0.052734,0.093750,-0.614669,26.901960,20.000000
1.714844,-0.052734,0.076172,-0.614669,26.674530,20.000000
1.757812,-0.000000,0.066406,-0.614669,26.444386,20.000000
0.041016,-0.033203,0.062500,0.000000,30.086002,20.000000
0.044922,-0.046875,0.103516,0.000000,28.998205,20.000000
0.011719,-0.039062,-0.007812,0.000000,30.648323,21.000000
0.017578,-0.080078,-0.007812,0.000000,31.894903,21.000000
0.029297,-0.119141,-0.005859,0.000000,30.111473,21.000000
0.056641,-0.154297,0.007812,0.000000,25.428255,21.000000
0.160156,-0.080078,1.255859,0.000000,23.138672,21.000000
0.009766,-0.082031,1.306641,0.000000,24.668676,21.000000
0.419922,-0.083984,-1.279297,0.000000,23.159704,21.000000
0.564453,-0.042969,-1.271484,0.000000,21.731863,21.000000
1.710938,0.107422,-0.119141,0.000000,28.215136,21.000000
1.750000,0.109375,-0.134766,0.000000,30.182842,21.000000
1.787109,0.167969,-0.128906,0.000000,28.234743,21.000000
2.615234,-0.175781,1.046875,0.000000,28.992731,21.000000
2.660156,-0.179688,1.044922,0.000000,32.161659,21.000000
2.753906,-0.089844,0.916016,0.000000,31.199154,21.000000
4.406250,-0.142578,1.248047,0.000000,31.041456,21.000000
4.435547,-0.144531,1.289062,0.000000,30.580462,21.000000
4.896484,-0.308594,0.652344,0.000000,30.674429,21.000000
4.951172,-0.623047,0.080078,0.000000,29.247959,21.000000
0.041016,-0.033203,0.062500,0.000000,30.090258,21.000000
0.046875,-0.046875,0.103516,0.000000,28.992731,21.000000
0.984375,-0.449219,-1.437500,0.000000,25.440680,21.000000
0.011719,-0.039062,-0.007812,0.000000,30.652061,22.000000
0.017578,-0.080078,-0.007812,0.000000,31.900515,22.000000
0.029297,-0.119141,-0.005859,0.000000,30.124153,22.000000
0.056641,-0.154297,0.007812,0.000000,25.453072,22.000000
0.189453,-0.080078,1.251953,0.000000,23.117538,22.000000
0.103516,-0.082031,1.302734,0.000000,24.653828,22.000000
0.373047,-0.083984,-1.294922,0.000000,23.159704,22.000000
0.548828,-0.042969,-1.277344,0.000000,21.760912,22.000000
1.697266,0.052734,-0.257812,0.000000,29.694159,22.000000
1.738281,0.109375,-0.246094,0.000000,31.994808,22.000000
1.781250,0.113281,-0.238281,0.000000,30.718821,22.000000
2.609375,-0.175781,1.060547,0.000000,29.041744,22.000000
2.656250,-0.179688,1.052734,0.000000,32.169571,22.000000
2.751953,-0.089844,0.925781,0.000000,31.189257,22.000000
4.408203,-0.142578,1.240234,0.000000,31.360861,22.000000
4.443359,-0.144531,1.265625,0.000000,30.888445,22.000000
4.894531,-0.308594,0.667969,0.000000,30.930714,22.000000
4.951172,-0.623047,0.066406,0.000000,29.637878,22.000000
0.041016,-0.033203,0.062500,0.000000,30.094509,22.000000
0.044922,-0.046875,0.103516,0.000000,29.003672,22.000000
0.011719,-0.039062,-0.007812,0.000000,30.652061,23.000000
0.017578,-0.080078,-0.007812,0.000000,31.900515,23.000000
0.029297,-0.119141,-0.005859,0.000000,30.119930,23.000000
0.056641,-0.154297,0.005859,0.000000,25.453072,23.000000
0.138672,-0.080078,1.257812,0.000000,23.117538,23.000000
0.425781,-0.083984,-1.277344,0.000000,23.096302,23.000000
0.578125,-0.042969,-1.263672,0.000000,21.702618,23.000000
2.611328,-0.175781,1.058594,0.000000,29.030899,23.000000
2.660156,-0.179688,1.044922,0.000000,32.145790,23.000000
2.757812,-0.089844,0.908203,0.000000,31.142773,23.000000
4.400391,-0.142578,1.107422,0.000000,28.048206,23.000000
4.410156,-0.142578,1.232422,0.000000,31.364035,23.000000
4.445312,-0.144531,1.259766,0.000000,30.842186,23.000000
4.902344,-0.308594,0.615234,0.000000,30.394140,23.000000
4.951172,-0.623047,-0.078125,0.000000,29.294189,23.000000
0.009766,0.031250,0.025391,0.000000,29.273705,23.000000
0.041016,-0.033203,0.062500,0.000000,30.086002,23.000000
0.044922,-0.046875,0.103516,0.000000,28.992731,23.000000
0.011719,-0.039062,-0.007812,0.000000,30.652061,24.000000
0.017578,-0.080078,-0.007812,0.000000,31.897709,24.000000
0.029297,-0.119141,-0.005859,0.000000,30.115704,24.000000
0.056641,-0.154297,0.007812,0.000000,25.440680,24.000000
0.111328,-0.080078,1.261719,0.000000,23.117538,24.000000
0.419922,-0.083984,-1.279297,0.000000,23.096302,24.000000
0.574219,-0.042969,-1.265625,0.000000,21.731863,24.000000
1.703125,0.107422,-0.199219,0.000000,29.410143,24.000000
1.740234,0.109375,-0.230469,0.000000,31.261314,24.000000
1.781250,0.113281,-0.236328,0.000000,29.647308,24.000000
2.613281,-0.175781,1.050781,0.000000,29.063351,24.000000
2.664062,-0.179688,1.035156,0.000000,32.203697,24.000000
2.761719,-0.089844,0.896484,0.000000,31.205740,24.000000
4.404297,-0.142578,1.250000,0.000000,31.218880,24.000000
4.439453,-0.144531,1.283203,0.000000,30.718821,24.000000
4.888672,-0.308594,0.708984,0.000000,31.316187,24.000000
4.966797,-0.468750,0.136719,0.000000,29.722029,24.000000
0.041016,-0.033203,0.062500,0.000000,30.086002,24.000000
0.044922,-0.046875,0.103516,0.000000,28.992731,24.000000
0.011719,-0.039062,-0.007812,0.000000,30.655798,25.000000
0.017578,-0.080078,-0.007812,0.000000,31.897709,25.000000
0.029297,-0.119141,-0.005859,0.000000,30.111473,25.000000
0.056641,-0.154297,0.005859,0.000000,25.440680,25.000000
0.167969,-0.080078,1.253906,0.000000,23.117538,25.000000
0.046875,-0.082031,1.304688,0.000000,24.653828,25.000000
0.419922,-0.083984,-1.279297,0.000000,23.159704,25.000000
0.589844,-0.042969,-1.259766,0.000000,21.789770,25.000000
1.634766,-0.050781,-0.003906,0.000000,27.363964,25.000000
1.755859,-0.054688,-0.093750,0.000000,26.354837,25.000000
2.623047,-0.175781,1.027344,0.000000,28.987251,25.000000
2.664062,-0.179688,1.035156,0.000000,32.140488,25.000000
2.755859,-0.089844,0.912109,0.000000,31.159431,25.000000
4.404297,-0.142578,1.251953,0.000000,31.290451,25.000000
4.439453,-0.144531,1.277344,0.000000,30.791813,25.000000
4.824219,-0.154297,0.898438,0.000000,29.943172,25.000000
4.890625,-0.308594,0.697266,0.000000,31.414497,25.000000
4.949219,-0.623047,0.119141,0.000000,29.881128,25.000000
0.009766,0.031250,0.025391,0.000000,29.278833,25.000000
0.041016,-0.033203,0.062500,0.000000,30.090258,25.000000
0.046875,-0.046875,0.103516,0.000000,28.998205,25.000000
0.011719,-0.039062,-0.007812,0.000000,30.652061,26.000000
0.017578,-0.080078,-0.007812,0.000000,31.897709,26.000000
0.029297,-0.119141,-0.005859,0.000000,30.115704,26.000000
0.056641,-0.154297,0.007812,0.000000,25.440680,26.000000
0.138672,-0.080078,1.257812,0.000000,23.159704,26.000000
0.417969,-0.083984,-1.281250,0.000000,23.138672,26.000000
0.556641,-0.042969,-1.273438,0.000000,21.789770,26.000000
1.714844,0.054688,-0.386719,0.000000,26.928469,26.000000
1.765625,0.056641,-0.349609,0.000000,26.394865,26.000000
2.619141,-0.175781,1.035156,0.000000,29.009130,26.000000
2.660156,-0.179688,1.044922,0.000000,32.132519,26.000000
2.750000,-0.089844,0.927734,0.000000,31.132748,26.000000
4.406250,-0.142578,1.087891,0.000000,27.937904,26.000000
4.408203,-0.142578,1.238281,0.000000,31.261314,26.000000
4.441406,-0.144531,1.271484,0.000000,30.770042,26.000000
4.886719,-0.308594,0.718750,0.000000,31.044870,26.000000
4.951172,-0.623047,0.103516,0.000000,29.360107,26.000000
0.009766,0.031250,0.025391,0.000000,29.278833,26.000000
0.041016,-0.033203,0.062500,0.000000,30.086002,26.000000
0.046875,-0.046875,0.103516,0.000000,28.998205,26.000000
0.011719,-0.039062,-0.007812,0.000000,30.652061,27.000000
0.017578,-0.080078,-0.007812,0.000000,31.897709,27.000000
0.029297,-0.119141,-0.005859,0.000000,30.115704,27.000000
0.056641,-0.154297,0.007812,0.000000,25.440680,27.000000
0.125000,-0.080078,1.259766,0.000000,23.138672,27.000000
0.058594,-0.082031,-1.304688,0.000000,24.638929,27.000000
0.441406,-0.083984,-1.273438,0.000000,23.074961,27.000000
0.566406,-0.042969,-1.269531,0.000000,21.702618,27.000000
2.619141,-0.175781,1.037109,0.000000,28.987251,27.000000
2.658203,-0.179688,1.048828,0.000000,32.161659,27.000000
2.750000,-0.089844,0.927734,0.000000,31.159431,27.000000
4.402344,-0.142578,1.105469,0.000000,27.958799,27.000000
4.406250,-0.142578,1.248047,0.000000,31.251558,27.000000
4.439453,-0.144531,1.277344,0.000000,30.762762,27.000000
4.886719,-0.308594,0.722656,0.000000,31.044870,27.000000
4.949219,-0.623047,0.113281,0.000000,29.339931,27.000000
0.009766,0.031250,0.025391,0.000000,29.278833,27.000000
0.041016,-0.033203,0.062500,0.000000,30.086002,27.000000
0.044922,-0.046875,0.103516,0.000000,28.998205,27.000000
0.011719,-0.039062,-0.007812,0.000000,30.652061,28.000000
0.017578,-0.080078,-0.007812,0.000000,31.897709,28.000000
0.029297,-0.119141,-0.005859,0.000000,30.115704,28.000000
0.056641,-0.154297,0.005859,0.000000,25.440680,28.000000
0.125000,-0.080078,1.259766,0.000000,23.096302,28.000000
0.412109,-0.083984,-1.283203,0.000000,23.096302,28.000000
0.562500,-0.042969,-1.271484,0.000000,21.789770,28.000000
1.683594,0.160156,-0.300781,0.000000,28.208580,28.000000
1.724609,0.164062,-0.306641,0.000000,30.421816,28.000000
1.763672,0.167969,-0.314453,0.000000,29.454685,28.000000
2.621094,-0.175781,1.033203,0.000000,29.014584,28.000000
2.662109,-0.179688,1.041016,0.000000,32.193226,28.000000
2.753906,-0.089844,0.916016,0.000000,31.199154,28.000000
4.400391,-0.142578,1.109375,0.000000,27.951845,28.000000
4.406250,-0.142578,1.250000,0.000000,31.264561,28.000000
4.437500,-0.144531,1.285156,0.000000,30.780941,28.000000
4.820312,-0.306641,0.878906,0.000000,29.986952,28.000000
4.888672,-0.308594,0.705078,0.000000,31.439510,28.000000
4.949219,-0.623047,0.134766,0.000000,29.858753,28.000000
0.041016,-0.033203,0.062500,0.000000,30.086002,28.000000
0.046875,-0.046875,0.103516,0.000000,28.998205,28.000000
0.011719,-0.039062,-0.007812,0.000000,30.655798,29.000000
0.017578,-0.080078,-0.007812,0.000000,31.900515,29.000000
0.029297,-0.119141,-0.005859,0.000000,30.115704,29.000000
0.056641,-0.154297,0.007812,0.000000,25.428255,29.000000
0.158203,-0.080078,1.255859,0.000000,23.117538,29.000000
0.062500,-0.082031,1.304688,0.000000,24.608978,29.000000
0.388672,-0.083984,-1.289062,0.000000,23.074961,29.000000
1.634766,-0.050781,-0.041016,0.000000,27.566360,29.000000
1.710938,0.109375,-0.396484,0.000000,27.283537,29.000000
1.769531,0.056641,-0.322266,0.000000,27.218105,29.000000
2.613281,-0.175781,1.052734,0.000000,28.943161,29.000000
2.656250,-0.179688,1.052734,0.000000,32.148438,29.000000
2.750000,-0.089844,0.931641,0.000000,31.149445,29.000000
4.402344,-0.142578,1.261719,0.000000,31.245043,29.000000
4.437500,-0.144531,1.289062,0.000000,30.759117,29.000000
4.892578,-0.308594,0.689453,0.000000,31.283993,29.000000
4.966797,-0.468750,0.154297,0.000000,29.703468,29.000000
0.009766,0.031250,0.025391,0.000000,29.278833,29.000000
0.041016,-0.033203,0.062500,0.000000,30.090258,29.000000
0.046875,-0.046875,0.103516,0.000000,28.992731,29.000000
0.011719,-0.039062,-0.007812,0.000000,30.648323,30.000000
0.017578,-0.080078,-0.007812,0.000000,31.897709,30.000000
0.029297,-0.119141,-0.005859,0.000000,30.119930,30.000000
0.056641,-0.154297,0.005859,0.000000,25.453072,30.000000
0.154297,-0.080078,1.255859,0.000000,23.117538,30.000000
0.435547,-0.083984,-1.275391,0.000000,23.096302,30.000000
1.699219,0.107422,-0.228516,0.000000,28.524799,30.000000
1.736328,0.109375,-0.265625,0.000000,30.433622,30.000000
1.773438,0.167969,-0.257812,0.000000,29.474337,30.000000
2.617188,-0.175781,1.041016,0.000000,29.030899,30.000000
2.662109,-0.179688,1.041016,0.000000,32.135178,30.000000
2.755859,-0.089844,0.914062,0.000000,31.099159,30.000000
4.402344,-0.142578,1.101562,0.000000,28.034571,30.000000
4.412109,-0.142578,1.228516,0.000000,31.344959,30.000000
4.447266,-0.144531,1.253906,0.000000,30.842186,30.000000
4.898438,-0.308594,0.640625,0.000000,30.437551,30.000000
4.951172,-0.623047,-0.033203,0.000000,29.385197,30.000000
0.009766,0.031250,0.025391,0.000000,29.273705,30.000000
0.041016,-0.033203,0.062500,0.000000,30.090258,30.000000
0.044922,-0.046875,0.103516,0.000000,28.998205,30.000000
0.011719,-0.039062,-0.007812,0.000000,30.644581,31.000000
0.017578,-0.080078,-0.007812,0.000000,31.894903,31.000000
0.029297,-0.119141,-0.003906,0.000000,30.119930,31.000000
0.056641,-0.154297,0.007812,0.000000,25.453072,31.000000
0.154297,-0.080078,1.255859,0.000000,23.117538,31.000000
0.074219,-0.082031,1.304688,0.000000,24.638929,31.000000
0.388672,-0.083984,-1.289062,0.000000,23.117538,31.000000
1.734375,0.109375,-0.265625,0.000000,28.162413,31.000000
1.771484,0.167969,-0.275391,0.000000,27.701153,31.000000
2.621094,-0.175781,1.033203,0.000000,28.943161,31.000000
2.662109,-0.179688,1.041016,0.000000,32.103184,31.000000
2.755859,-0.089844,0.912109,0.000000,31.102530,31.000000
4.400391,-0.142578,1.109375,0.000000,28.162413,31.000000
4.406250,-0.142578,1.244141,0.000000,31.433271,31.000000
4.441406,-0.144531,1.273438,0.000000,31.000257,31.000000
4.894531,-0.308594,0.667969,0.000000,30.982975,31.000000
4.951172,-0.623047,0.068359,0.000000,29.595184,31.000000
0.009766,0.031250,0.025391,0.000000,29.273705,31.000000
0.041016,-0.033203,0.062500,0.000000,30.081741,31.000000
0.044922,-0.046875,0.103516,0.000000,28.998205,31.000000
0.011719,-0.039062,-0.007812,0.000000,30.652061,32.000000
0.017578,-0.080078,-0.007812,0.000000,31.900515,32.000000
0.029297,-0.119141,-0.005859,0.000000,30.119930,32.000000
0.056641,-0.154297,0.005859,0.000000,25.440680,32.000000
0.123047,-0.080078,1.259766,0.000000,23.138672,32.000000
0.408203,-0.083984,-1.283203,0.000000,23.117538,32.000000
0.564453,-0.042969,-1.269531,0.000000,21.731863,32.000000
1.712891,-0.052734,-0.125000,0.000000,27.723217,32.000000
1.750000,-0.000000,-0.173828,0.000000,29.694159,32.000000
1.796875,-0.056641,-0.105469,0.000000,27.860413,32.000000
2.619141,-0.175781,1.035156,0.000000,29.030899,32.000000
2.666016,-0.179688,1.031250,0.000000,32.172207,32.000000
2.759766,-0.089844,0.898438,0.000000,31.218880,32.000000
4.398438,-0.142578,1.271484,0.000000,31.041456,32.000000
4.431641,-0.144531,1.302734,0.000000,30.588055,32.000000
4.902344,-0.308594,0.607422,0.000000,30.591846,32.000000
4.929688,-0.779297,0.023438,0.000000,29.242792,32.000000
0.041016,-0.033203,0.062500,0.000000,30.090258,32.000000
0.044922,-0.046875,0.103516,0.000000,28.998205,32.000000
0.011719,-0.039062,-0.007812,0.000000,30.648323,33.000000
0.017578,-0.080078,-0.007812,0.000000,31.897709,33.000000
0.029297,-0.119141,-0.005859,0.000000,30.115704,33.000000
0.056641,-0.154297,0.005859,0.000000,25.440680,33.000000
0.189453,-0.080078,1.251953,0.000000,23.138672,33.000000
0.074219,-0.082031,1.304688,0.000000,24.653828,33.000000
0.419922,-0.083984,-1.279297,0.000000,23.096302,33.000000
0.572266,-0.042969,-1.265625,0.000000,21.760912,33.000000
1.673828,-0.107422,-0.375000,0.000000,26.711729,33.000000
1.740234,-0.054688,-0.253906,0.000000,30.480532,33.000000
1.775391,-0.056641,-0.289062,0.000000,30.136797,33.000000
1.792969,-0.000000,-0.416016,0.000000,26.963564,33.000000
2.615234,-0.175781,1.046875,0.000000,29.047155,33.000000
2.658203,-0.179688,1.048828,0.000000,32.214142,33.000000
2.750000,-0.089844,0.927734,0.000000,31.212315,33.000000
4.402344,-0.142578,1.099609,0.000000,28.318697,33.000000
4.412109,-0.142578,1.228516,0.000000,31.544239,33.000000
4.443359,-0.144531,1.265625,0.000000,30.899052,33.000000
0.009766,0.031250,0.025391,0.000000,29.283958,33.000000
0.041016,-0.033203,0.062500,0.000000,30.086002,33.000000
0.044922,-0.046875,0.103516,0.000000,28.992731,33.000000
0.011719,-0.039062,-0.007812,0.000000,30.648323,34.000000
0.017578,-0.080078,-0.007812,0.000000,31.897709,34.000000
0.029297,-0.119141,-0.005859,0.000000,30.115704,34.000000
0.056641,-0.154297,0.005859,0.000000,25.440680,34.000000
0.144531,-0.080078,1.257812,0.000000,23.138672,34.000000
0.425781,-0.083984,-1.277344,0.000000,23.074961,34.000000
2.623047,-0.175781,1.027344,0.000000,28.887409,34.000000
2.662109,-0.179688,1.041016,0.000000,32.103184,34.000000
2.753906,-0.089844,0.916016,0.000000,31.119343,34.000000
4.406250,-0.142578,1.244141,0.000000,31.332195,34.000000
4.437500,-0.144531,1.283203,0.000000,30.920185,34.000000
0.009766,0.031250,0.025391,0.000000,29.278833,34.000000
0.041016,-0.033203,0.062500,0.000000,30.090258,34.000000
0.044922,-0.046875,0.103516,0.000000,28.998205,34.000000
0.011719,-0.039062,-0.007812,0.000000,30.655798,35.000000
0.017578,-0.080078,-0.007812,0.000000,31.897709,35.000000
0.029297,-0.119141,-0.005859,0.000000,30.119930,35.000000
0.056641,-0.154297,0.007812,0.000000,25.440680,35.000000
0.162109,-0.080078,1.255859,0.000000,23.117538,35.000000
0.044922,-0.082031,1.304688,0.000000,24.653828,35.000000
0.419922,-0.083984,-1.279297,0.000000,23.096302,35.000000
0.558594,-0.042969,-1.273438,0.000000,21.731863,35.000000
1.757812,-0.054688,-0.001953,0.000000,28.337843,35.000000
1.798828,-0.056641,-0.005859,0.000000,28.573324,35.000000
2.628906,-0.175781,1.013672,0.000000,29.232441,35.000000
2.667969,-0.179688,1.023438,0.000000,32.322334,35.000000
2.757812,-0.089844,0.906250,0.000000,31.338581,35.000000
4.400391,-0.287109,1.242188,0.000000,31.038036,35.000000
4.453125,-0.144531,1.234375,0.000000,30.849337,35.000000
0.009766,0.031250,0.025391,0.000000,29.273705,35.000000
0.041016,-0.033203,0.062500,0.000000,30.086002,35.000000
0.046875,-0.046875,0.103516,0.000000,28.998205,35.000000
0.011719,-0.039062,-0.007812,0.000000,30.648323,36.000000
0.017578,-0.080078,-0.007812,0.000000,31.900515,36.000000
0.029297,-0.119141,-0.005859,0.000000,30.124153,36.000000
0.056641,-0.154297,0.005859,0.000000,25.440680,36.000000
0.095703,-0.080078,1.261719,0.000000,23.117538,36.000000
0.425781,-0.083984,-1.277344,0.000000,23.138672,36.000000
0.568359,-0.042969,-1.269531,0.000000,21.731863,36.000000
1.710938,-0.000000,0.152344,0.000000,29.074114,36.000000
1.755859,0.054688,0.087891,0.000000,32.506638,36.000000
1.798828,0.056641,0.042969,0.000000,32.309597,36.000000
1.837891,0.056641,-0.066406,0.000000,29.350031,36.000000
2.615234,-0.175781,1.048828,0.000000,28.959747,36.000000
2.656250,-0.179688,1.052734,0.000000,32.145790,36.000000
2.751953,-0.089844,0.921875,0.000000,31.205740,36.000000
0.009766,0.031250,0.025391,0.000000,29.278833,36.000000
0.041016,-0.033203,0.062500,0.000000,30.090258,36.000000
0.044922,-0.046875,0.103516,0.000000,28.998205,36.000000
0.011719,-0.039062,-0.007812,0.000000,30.652061,37.000000
0.017578,-0.080078,-0.007812,0.000000,31.897709,37.000000
0.029297,-0.119141,-0.005859,0.000000,30.115704,37.000000
0.056641,-0.154297,0.005859,0.000000,25.440680,37.000000
0.144531,-0.080078,1.257812,0.000000,23.138672,37.000000
0.419922,-0.083984,-1.279297,0.000000,23.159704,37.000000
0.552734,-0.042969,-1.275391,0.000000,21.760912,37.000000
1.716797,-0.052734,-0.056641,0.000000,29.484129,37.000000
1.753906,-0.000000,-0.134766,0.000000,31.869564,37.000000
1.794922,-0.000000,-0.136719,0.000000,31.373541,37.000000
2.619141,-0.175781,1.037109,0.000000,28.920946,37.000000
2.664062,-0.179688,1.035156,0.000000,32.132519,37.000000
2.757812,-0.089844,0.904297,0.000000,31.136091,37.000000
0.009766,0.031250,0.025391,0.000000,29.278833,37.000000
0.041016,-0.033203,0.062500,0.000000,30.086002,37.000000
0.046875,-0.046875,0.103516,0.000000,28.992731,37.000000
0.011719,-0.039062,-0.007812,0.000000,30.652061,38.000000
0.017578,-0.080078,-0.007812,0.000000,31.900515,38.000000
0.029297,-0.119141,-0.005859,0.000000,30.124153,38.000000
0.056641,-0.154297,0.005859,0.000000,25.453072,38.000000
0.156250,-0.080078,1.255859,0.000000,23.138672,38.000000
0.019531,-0.082031,1.306641,0.000000,24.653828,38.000000
0.429688,-0.083984,-1.277344,0.000000,23.096302,38.000000
0.576172,-0.042969,-1.265625,0.000000,21.702618,38.000000
1.726562,-0.109375,-0.318359,0.000000,31.544239,38.000000
1.785156,-0.056641,-0.226562,0.000000,32.258259,38.000000
1.826172,-0.056641,-0.230469,0.000000,29.604708,38.000000
2.615234,-0.175781,1.044922,0.000000,29.052561,38.000000
2.662109,-0.179688,1.037109,0.000000,32.161659,38.000000
2.757812,-0.089844,0.908203,0.000000,31.105898,38.000000
0.009766,0.031250,0.025391,0.000000,29.273705,38.000000
0.041016,-0.033203,0.062500,0.000000,30.086002,38.000000
0.044922,-0.046875,0.103516,0.000000,28.998205,38.000000
0.011719,-0.039062,-0.007812,0.000000,30.644581,39.000000
0.017578,-0.080078,-0.007812,0.000000,31.897709,39.000000
0.029297,-0.119141,-0.003906,0.000000,30.119930,39.000000
0.056641,-0.154297,0.007812,0.000000,25.440680,39.000000
0.150391,-0.080078,1.255859,0.000000,23.096302,39.000000
0.074219,-0.082031,1.304688,0.000000,24.623980,39.000000
0.388672,-0.083984,-1.289062,0.000000,23.117538,39.000000
0.566406,-0.042969,-1.269531,0.000000,21.760912,39.000000
1.714844,-0.052734,-0.089844,0.000000,30.553783,39.000000
1.753906,-0.054688,-0.130859,0.000000,32.452660,39.000000
1.796875,-0.000000,-0.105469,0.000000,30.874264,39.000000
2.605469,-0.175781,1.074219,0.000000,28.926510,39.000000
2.648438,-0.179688,1.074219,0.000000,32.137833,39.000000
2.744141,-0.089844,0.949219,0.000000,31.179338,39.000000
0.009766,0.031250,0.025391,0.000000,29.278833,39.000000
0.041016,-0.033203,0.062500,0.000000,30.086002,39.000000
0.044922,-0.046875,0.103516,0.000000,28.992731,39.000000
0.011719,-0.039062,-0.007812,0.000000,30.644581,40.000000
0.017578,-0.080078,-0.007812,0.000000,31.900515,40.000000
0.029297,-0.119141,-0.005859,0.000000,30.119930,40.000000
0.056641,-0.154297,0.007812,0.000000,25.453072,40.000000
0.148438,-0.080078,1.257812,0.000000,23.138672,40.000000
0.412109,-0.083984,-1.283203,0.000000,23.159704,40.000000
0.574219,-0.042969,-1.265625,0.000000,21.789770,40.000000
1.712891,-0.052734,-0.115234,0.000000,31.917303,40.000000
1.753906,-0.000000,-0.125000,0.000000,33.594559,40.000000
1.796875,-0.000000,-0.093750,0.000000,31.341770,40.000000
2.628906,-0.175781,1.013672,0.000000,29.106243,40.000000
2.667969,-0.179688,1.025391,0.000000,32.240147,40.000000
2.763672,-0.089844,0.890625,0.000000,31.287222,40.000000
0.041016,-0.033203,0.062500,0.000000,30.086002,40.000000
0.044922,-0.046875,0.103516,0.000000,28.998205,40.000000
0.011719,-0.039062,-0.007812,0.000000,30.644581,41.000000
0.017578,-0.080078,-0.007812,0.000000,31.897709,41.000000
0.029297,-0.119141,-0.005859,0.000000,30.119930,41.000000
0.056641,-0.154297,0.005859,0.000000,25.453072,41.000000
0.121094,-0.080078,1.259766,0.000000,23.138672,41.000000
0.408203,-0.083984,-1.283203,0.000000,23.138672,41.000000
0.558594,-0.042969,-1.273438,0.000000,21.789770,41.000000
1.707031,-0.052734,-0.183594,0.000000,28.639174,41.000000
1.753906,-0.054688,-0.115234,0.000000,31.684975,41.000000
1.798828,-0.000000,-0.031250,0.000000,30.937717,41.000000
1.833984,0.115234,0.107422,0.000000,26.263403,41.000000
2.632812,-0.175781,1.001953,0.000000,29.020029,41.000000
2.662109,-0.179688,1.041016,0.000000,32.095150,41.000000
2.750000,-0.089844,0.927734,0.000000,30.986437,41.000000
0.041016,-0.033203,0.062500,0.000000,30.090258,41.000000
0.044922,-0.046875,0.103516,0.000000,29.003672,41.000000
0.011719,-0.039062,-0.007812,0.000000,30.640835,42.000000
0.017578,-0.080078,-0.007812,0.000000,31.897709,42.000000
0.029297,-0.119141,-0.005859,0.000000,30.115704,42.000000
0.056641,-0.154297,0.005859,0.000000,25.453072,42.000000
0.148438,-0.080078,1.257812,0.000000,23.138672,42.000000
0.416016,-0.083984,-1.281250,0.000000,23.159704,42.000000
0.578125,-0.042969,-1.263672,0.000000,21.818436,42.000000
1.710938,-0.000000,-0.158203,0.000000,28.034571,42.000000
1.753906,-0.054688,-0.113281,0.000000,29.232441,42.000000
1.794922,-0.113281,-0.076172,0.000000,26.989700,42.000000
2.595703,-0.175781,1.095703,0.000000,28.790958,42.000000
2.654297,-0.179688,1.058594,0.000000,32.079037,42.000000
2.755859,-0.089844,0.910156,0.000000,31.156105,42.000000
0.041016,-0.033203,0.062500,0.000000,30.090258,42.000000
0.044922,-0.046875,0.103516,0.000000,28.998205,42.000000
0.011719,-0.039062,-0.007812,0.000000,30.648323,43.000000
0.017578,-0.080078,-0.007812,0.000000,31.897709,43.000000
0.029297,-0.119141,-0.005859,0.000000,30.115704,43.000000
0.056641,-0.154297,0.005859,0.000000,25.440680,43.000000
0.156250,-0.080078,1.255859,0.000000,23.180634,43.000000
0.431641,-0.083984,-1.275391,0.000000,23.138672,43.000000
1.710938,-0.052734,-0.152344,0.000000,29.726656,43.000000
1.753906,-0.054688,-0.113281,0.000000,31.690863,43.000000
1.794922,-0.056641,-0.130859,0.000000,30.689276,43.000000
1.832031,-0.171875,-0.068359,0.000000,28.881796,43.000000
1.867188,-0.234375,-0.003906,0.000000,26.551384,43.000000
2.611328,-0.175781,1.056641,0.000000,29.030899,43.000000
2.664062,-0.179688,1.037109,0.000000,32.174839,43.000000
2.763672,-0.089844,0.884766,0.000000,31.209028,43.000000
0.009766,0.031250,0.025391,0.000000,29.278833,43.000000
0.041016,-0.033203,0.062500,0.000000,30.090258,43.000000
0.046875,-0.046875,0.103516,0.000000,28.998205,43.000000
0.011719,-0.039062,-0.007812,0.000000,30.640835,44.000000
0.017578,-0.080078,-0.007812,0.000000,31.897709,44.000000
0.029297,-0.119141,-0.005859,0.000000,30.119930,44.000000
0.056641,-0.154297,0.005859,0.000000,25.453072,44.000000
0.169922,-0.080078,1.253906,0.000000,23.138672,44.000000
0.431641,-0.083984,-1.275391,0.000000,23.074961,44.000000
0.574219,-0.042969,-1.265625,0.000000,21.702618,44.000000
1.716797,-0.000000,-0.085938,0.000000,29.689497,44.000000
1.757812,-0.000000,-0.046875,0.000000,31.332195,44.000000
1.794922,0.113281,0.082031,0.000000,29.314579,44.000000
1.777344,-0.345703,-0.330078,0.000000,27.839035,44.000000
1.855469,-0.234375,-0.210938,0.000000,27.986506,44.000000
2.660156,-0.179688,1.046875,0.000000,32.081726,44.000000
2.761719,-0.089844,0.892578,0.000000,31.112625,44.000000
0.009766,0.031250,0.025391,0.000000,29.278833,44.000000
0.041016,-0.033203,0.062500,0.000000,30.086002,44.000000
0.046875,-0.046875,0.103516,0.000000,28.998205,44.000000
0.451172,0.345703,1.750000,0.000000,25.831987,44.000000
0.011719,-0.039062,-0.007812,0.000000,30.648323,45.000000
0.017578,-0.080078,-0.007812,0.000000,31.897709,45.000000
0.029297,-0.119141,-0.005859,0.000000,30.119930,45.000000
0.056641,-0.154297,0.005859,0.000000,25.453072,45.000000
0.052734,-0.080078,1.263672,0.000000,23.201464,45.000000
0.027344,-0.082031,-1.306641,0.000000,24.668676,45.000000
0.425781,-0.083984,-1.277344,0.000000,23.138672,45.000000
0.556641,-0.042969,-1.273438,0.000000,21.760912,45.000000
1.714844,-0.052734,-0.105469,0.000000,29.929951,45.000000
1.755859,-0.054688,-0.099609,0.000000,31.464382,45.000000
1.785156,-0.000000,-0.230469,0.000000,28.773714,45.000000
2.660156,-0.179688,1.044922,0.000000,32.132519,45.000000
2.757812,-0.089844,0.904297,0.000000,31.007151,45.000000
0.041016,-0.033203,0.062500,0.000000,30.090258,45.000000
0.046875,-0.046875,0.103516,0.000000,28.998205,45.000000
0.617188,2.417969,0.033203,0.000000,25.132175,45.000000
0.011719,-0.039062,-0.007812,0.000000,30.648323,46.000000
0.017578,-0.080078,-0.007812,0.000000,31.897709,46.000000
0.029297,-0.119141,-0.005859,0.000000,30.119930,46.000000
0.056641,-0.154297,0.005859,0.000000,25.440680,46.000000
0.154297,-0.080078,1.255859,0.000000,23.159704,46.000000
0.423828,-0.083984,-1.279297,0.000000,23.117538,46.000000
0.570312,-0.042969,-1.267578,0.000000,21.731863,46.000000
1.695312,0.052734,-0.273438,0.000000,28.234743,46.000000
1.734375,0.054688,-0.283203,0.000000,29.319662,46.000000
1.781250,0.056641,-0.248047,0.000000,27.916906,46.000000
2.660156,-0.179688,1.046875,0.000000,32.062859,46.000000
2.757812,-0.089844,0.910156,0.000000,30.955181,46.000000
0.009766,0.031250,0.025391,0.000000,29.278833,46.000000
0.041016,-0.033203,0.062500,0.000000,30.090258,46.000000
0.044922,-0.046875,0.103516,0.000000,28.998205,46.000000
0.011719,-0.039062,-0.007812,0.000000,30.648323,47.000000
0.017578,-0.080078,-0.007812,0.000000,31.900515,47.000000
0.029297,-0.119141,-0.005859,0.000000,30.124153,47.000000
0.056641,-0.154297,0.005859,0.000000,25.453072,47.000000
0.121094,-0.080078,1.259766,0.000000,23.117538,47.000000
0.044922,-0.082031,1.306641,0.000000,24.608978,47.000000
0.414062,-0.083984,-1.281250,0.000000,23.096302,47.000000
0.560547,-0.042969,-1.271484,0.000000,21.760912,47.000000
1.753906,-0.054688,0.123047,0.000000,30.526939,47.000000
1.798828,-0.056641,0.035156,0.000000,30.867157,47.000000
1.839844,-0.056641,-0.025391,0.000000,28.075350,47.000000
2.636719,-0.175781,0.992188,0.000000,29.159271,47.000000
2.667969,-0.179688,1.023438,0.000000,32.121876,47.000000
2.755859,-0.089844,0.912109,0.000000,30.982975,47.000000
0.009766,0.031250,0.025391,0.000000,29.273705,47.000000
0.041016,-0.033203,0.062500,0.000000,30.086002,47.000000
0.046875,-0.046875,0.103516,0.000000,28.998205,47.000000
0.011719,-0.039062,-0.007812,0.000000,30.644581,48.000000
0.017578,-0.080078,-0.007812,0.000000,31.897709,48.000000
0.029297,-0.119141,-0.005859,0.000000,30.115704,48.000000
0.056641,-0.154297,0.005859,0.000000,25.440680,48.000000
0.093750,-0.080078,1.261719,0.000000,23.117538,48.000000
0.046875,-0.082031,-1.304688,0.000000,24.653828,48.000000
0.437500,-0.083984,-1.275391,0.000000,23.138672,48.000000
0.587891,-0.042969,-1.259766,0.000000,21.760912,48.000000
1.708984,-0.000000,-0.181641,0.000000,29.717396,48.000000
1.755859,-0.000000,-0.117188,0.000000,31.625645,48.000000
1.798828,-0.056641,-0.044922,0.000000,30.107239,48.000000
2.654297,-0.179688,1.060547,0.000000,32.103184,48.000000
2.750000,-0.089844,0.927734,0.000000,30.982975,48.000000
0.009766,0.031250,0.025391,0.000000,29.283958,48.000000
0.041016,-0.033203,0.062500,0.000000,30.086002,48.000000
0.044922,-0.046875,0.103516,0.000000,28.998205,48.000000
0.011719,-0.039062,-0.007812,0.000000,30.633333,49.000000
0.017578,-0.080078,-0.007812,0.000000,31.892096,49.000000
0.029297,-0.119141,-0.005859,0.000000,30.111473,49.000000
0.056641,-0.154297,0.005859,0.000000,25.428255,49.000000
0.138672,-0.080078,1.257812,0.000000,23.159704,49.000000
0.431641,-0.083984,-1.277344,0.000000,23.117538,49.000000
0.568359,-0.042969,-1.269531,0.000000,21.731863,49.000000
1.714844,-0.000000,-0.103516,0.000000,29.982594,49.000000
1.751953,-0.000000,-0.152344,0.000000,31.048285,49.000000
1.796875,-0.000000,-0.095703,0.000000,28.068581,49.000000
2.658203,-0.179688,1.050781,0.000000,32.129864,49.000000
2.751953,-0.089844,0.921875,0.000000,31.078880,49.000000
0.041016,-0.033203,0.062500,0.000000,30.086002,49.000000
0.044922,-0.046875,0.103516,0.000000,28.987251,49.000000
0.011719,-0.039062,-0.007812,0.000000,30.652061,50.000000
0.017578,-0.080078,-0.007812,0.000000,31.900515,50.000000
0.029297,-0.119141,-0.005859,0.000000,30.119930,50.000000
0.056641,-0.154297,0.005859,0.000000,25.453072,50.000000
0.169922,-0.080078,1.253906,0.000000,23.138672,50.000000
0.083984,-0.082031,1.304688,0.000000,24.668676,50.000000
0.394531,-0.083984,-1.287109,0.000000,23.138672,50.000000
0.546875,-0.042969,-1.279297,0.000000,21.760912,50.000000
1.714844,-0.052734,-0.089844,0.000000,29.894499,50.000000
1.757812,-0.054688,-0.054688,0.000000,31.679077,50.000000
1.798828,-0.056641,-0.054688,0.000000,30.519239,50.000000
1.822266,-0.115234,-0.240234,0.000000,28.864906,50.000000
1.867188,-0.234375,-0.025391,0.000000,27.371927,50.000000
2.613281,-0.175781,1.050781,0.000000,29.014584,50.000000
2.654297,-0.179688,1.060547,0.000000,32.169571,50.000000
2.748047,-0.089844,0.937500,0.000000,31.182648,50.000000
0.041016,-0.033203,0.062500,0.000000,30.086002,50.000000
0.044922,-0.046875,0.103516,0.000000,28.992731,50.000000
0.011719,-0.039062,-0.007812,0.000000,30.652061,51.000000
0.017578,-0.080078,-0.007812,0.000000,31.900515,51.000000
0.029297,-0.119141,-0.005859,0.000000,30.119930,51.000000
0.056641,-0.154297,0.005859,0.000000,25.453072,51.000000
0.085938,-0.080078,1.261719,0.000000,23.138672,51.000000
0.419922,-0.083984,-1.279297,0.000000,23.074961,51.000000
0.556641,-0.042969,-1.273438,0.000000,21.702618,51.000000
1.796875,-0.056641,-0.103516,0.000000,25.820633,51.000000
1.824219,-0.000000,-0.246094,0.000000,28.438555,51.000000
1.837891,0.117188,-0.382812,0.000000,28.394781,51.000000
1.869141,0.121094,-0.433594,0.000000,26.512779,51.000000
2.640625,-0.175781,0.980469,0.000000,29.084850,51.000000
2.671875,-0.179688,1.013672,0.000000,32.271152,51.000000
2.759766,-0.089844,0.900391,0.000000,31.364035,51.000000
0.041016,-0.033203,0.062500,0.000000,30.086002,51.000000
0.044922,-0.046875,0.103516,0.000000,28.998205,51.000000
0.011719,-0.039062,-0.007812,0.000000,30.648323,52.000000
0.017578,-0.080078,-0.007812,0.000000,31.897709,52.000000
0.029297,-0.119141,-0.005859,0.000000,30.115704,52.000000
0.056641,-0.154297,0.005859,0.000000,25.440680,52.000000
0.121094,-0.080078,1.259766,0.000000,23.138672,52.000000
0.044922,-0.082031,1.304688,0.000000,24.638929,52.000000
0.408203,-0.083984,-1.283203,0.000000,23.096302,52.000000
1.699219,-0.052734,-0.242188,0.000000,27.450748,52.000000
1.746094,-0.109375,-0.177734,0.000000,30.098757,52.000000
1.794922,-0.113281,-0.089844,0.000000,30.068937,52.000000
1.832031,-0.171875,-0.076172,0.000000,28.426092,52.000000
2.601562,-0.175781,1.080078,0.000000,29.074114,52.000000
2.658203,-0.179688,1.050781,0.000000,32.258259,52.000000
2.755859,-0.089844,0.912109,0.000000,31.357685,52.000000
0.009766,0.031250,0.025391,0.000000,29.278833,52.000000
0.041016,-0.033203,0.062500,0.000000,30.090258,52.000000
0.044922,-0.046875,0.103516,0.000000,29.003672,52.000000
0.011719,-0.039062,-0.007812,0.000000,30.648323,53.000000
0.017578,-0.080078,-0.007812,0.000000,31.897709,53.000000
0.029297,-0.119141,-0.005859,0.000000,30.119930,53.000000
0.056641,-0.154297,0.005859,0.000000,25.453072,53.000000
0.203125,-0.080078,1.250000,0.000000,23.074961,53.000000
0.142578,-0.082031,1.298828,0.000000,24.638929,53.000000
0.396484,-0.083984,-1.287109,0.000000,23.117538,53.000000
0.541016,-0.042969,-1.279297,0.000000,21.731863,53.000000
1.699219,-0.000000,-0.250000,0.000000,32.619762,53.000000
1.744141,-0.000000,-0.226562,0.000000,34.261860,53.000000
1.789062,-0.000000,-0.203125,0.000000,32.855572,53.000000
1.833984,-0.000000,-0.167969,0.000000,29.074114,53.000000
1.841797,0.117188,-0.363281,0.000000,27.032913,53.000000
2.632812,-0.175781,1.003906,0.000000,28.965261,53.000000
2.658203,-0.179688,1.048828,0.000000,32.121876,53.000000
2.746094,-0.089844,0.941406,0.000000,31.089031,53.000000
0.009766,0.031250,0.025391,0.000000,29.283958,53.000000
0.041016,-0.033203,0.062500,0.000000,30.090258,53.000000
0.044922,-0.046875,0.103516,0.000000,28.998205,53.000000
0.011719,-0.039062,-0.007812,0.000000,30.644581,54.000000
0.017578,-0.080078,-0.007812,0.000000,31.897709,54.000000
0.029297,-0.119141,-0.005859,0.000000,30.115704,54.000000
0.056641,-0.154297,0.007812,0.000000,25.440680,54.000000
0.154297,-0.080078,1.255859,0.000000,23.117538,54.000000
0.074219,-0.082031,1.304688,0.000000,24.638929,54.000000
0.398438,-0.083984,-1.287109,0.000000,23.096302,54.000000
0.556641,-0.042969,-1.273438,0.000000,21.731863,54.000000
2.617188,-0.175781,1.041016,0.000000,28.970770,54.000000
2.664062,-0.179688,1.035156,0.000000,32.182728,54.000000
2.755859,-0.089844,0.910156,0.000000,31.254812,54.000000
1.695312,-0.054688,-0.462891,0.614669,25.105450,54.000000
1.750000,-0.000000,0.173828,-0.614669,26.655809,54.000000
1.789062,0.056641,0.179688,-0.614669,25.774918,54.000000
0.041016,-0.033203,0.062500,0.000000,30.090258,54.000000
0.046875,-0.046875,0.103516,0.000000,28.998205,54.000000
0.011719,-0.039062,-0.007812,0.000000,30.640835,55.000000
0.017578,-0.080078,-0.007812,0.000000,31.897709,55.000000
0.029297,-0.119141,-0.005859,0.000000,30.119930,55.000000
0.056641,-0.154297,0.005859,0.000000,25.440680,55.000000
0.166016,-0.080078,1.253906,0.000000,23.138672,55.000000
0.425781,-0.083984,-1.277344,0.000000,23.138672,55.000000
0.574219,-0.042969,-1.265625,0.000000,21.789770,55.000000
1.710938,-0.000000,-0.156250,0.000000,31.027765,55.000000
1.746094,-0.054688,-0.207031,0.000000,32.848816,55.000000
1.787109,-0.056641,-0.205078,0.000000,31.031193,55.000000
2.625000,-0.175781,1.021484,0.000000,29.003672,55.000000
2.662109,-0.179688,1.041016,0.000000,32.166935,55.000000
2.755859,-0.089844,0.914062,0.000000,31.102530,55.000000
0.041016,-0.033203,0.062500,0.000000,30.081741,55.000000
0.044922,-0.046875,0.103516,0.000000,28.992731,55.000000
0.011719,-0.039062,-0.007812,0.000000,30.648323,56.000000
0.017578,-0.080078,-0.007812,0.000000,31.897709,56.000000
0.029297,-0.119141,-0.005859,0.000000,30.119930,56.000000
0.056641,-0.154297,0.005859,0.000000,25.440680,56.000000
0.183594,-0.080078,1.251953,0.000000,23.159704,56.000000
0.083984,-0.082031,1.304688,0.000000,24.653828,56.000000
0.404297,-0.083984,-1.285156,0.000000,23.117538,56.000000
0.556641,-0.042969,-1.273438,0.000000,21.789770,56.000000
1.675781,-0.052734,0.009766,0.000000,29.057959,56.000000
1.714844,-0.052734,-0.103516,0.000000,32.600716,56.000000
1.751953,-0.054688,-0.152344,0.000000,33.789429,56.000000
1.789062,-0.056641,-0.181641,0.000000,32.370407,56.000000
1.824219,-0.115234,-0.214844,0.000000,28.162413,56.000000
2.621094,-0.175781,1.031250,0.000000,28.965261,56.000000
2.658203,-0.179688,1.050781,0.000000,32.164299,56.000000
2.750000,-0.089844,0.929688,0.000000,31.162756,56.000000
0.041016,-0.033203,0.062500,0.000000,30.090258,56.000000
0.044922,-0.046875,0.103516,0.000000,29.003672,56.000000
0.011719,-0.039062,-0.007812,0.000000,30.644581,57.000000
0.017578,-0.080078,-0.007812,0.000000,31.897709,57.000000
0.029297,-0.119141,-0.005859,0.000000,30.111473,57.000000
0.056641,-0.154297,0.005859,0.000000,25.428255,57.000000
0.097656,-0.080078,1.261719,0.000000,23.096302,57.000000
0.414062,-0.083984,-1.281250,0.000000,23.117538,57.000000
0.560547,-0.042969,-1.271484,0.000000,21.760912,57.000000
1.667969,-0.052734,0.175781,0.000000,28.567289,57.000000
1.716797,-0.000000,0.058594,0.000000,31.427023,57.000000
1.757812,-0.000000,0.044922,0.000000,31.892096,57.000000
1.796875,-0.000000,0.111328,0.000000,28.773714,57.000000
2.601562,-0.175781,1.080078,0.000000,28.976271,57.000000
2.654297,-0.179688,1.058594,0.000000,32.185356,57.000000
2.755859,-0.089844,0.914062,0.000000,31.209028,57.000000
0.041016,-0.033203,0.062500,0.000000,30.086002,57.000000
0.044922,-0.046875,0.103516,0.000000,28.992731,57.000000
0.011719,-0.039062,-0.007812,0.000000,30.648323,58.000000
0.017578,-0.080078,-0.007812,0.000000,31.897709,58.000000
0.029297,-0.119141,-0.005859,0.000000,30.119930,58.000000
0.056641,-0.154297,0.005859,0.000000,25.440680,58.000000
0.138672,-0.080078,1.257812,0.000000,23.117538,58.000000
0.417969,-0.083984,-1.281250,0.000000,23.096302,58.000000
0.572266,-0.042969,-1.267578,0.000000,21.731863,58.000000
2.603516,-0.175781,1.074219,0.000000,28.943161,58.000000
2.650391,-0.179688,1.070312,0.000000,32.132519,58.000000
2.746094,-0.089844,0.941406,0.000000,31.105898,58.000000
4.416016,-0.142578,1.208984,0.000000,30.358297,58.000000
