0.445312,-0.083984,-1.271484,0.000000,23.074961,0.000000
0.841797,-0.042969,-1.105469,0.000000,21.553360,0.000000
2.611328,-0.175781,1.054688,0.000000,28.998205,0.000000
2.691406,-0.089844,0.972656,0.000000,32.182728,0.000000
2.736328,-0.181641,0.957031,0.000000,31.139433,0.000000
4.414062,-0.142578,1.054688,0.000000,28.155777,0.000000
4.421875,-0.142578,1.193359,0.000000,31.209028,0.000000
4.453125,-0.144531,1.234375,0.000000,30.523090,0.000000
0.009766,0.031250,0.025391,0.000000,29.309490,0.000000
0.041016,-0.033203,0.062500,0.000000,30.090258,0.000000
0.044922,-0.046875,0.103516,0.000000,28.976271,0.000000
2.775391,-0.000000,0.853516,0.000000,31.126051,0.000000
0.011719,-0.039062,-0.007812,0.000000,30.637085,1.000000
0.017578,-0.080078,-0.007812,0.000000,31.903316,1.000000
0.029297,-0.119141,-0.005859,0.000000,30.149403,1.000000
0.056641,-0.154297,0.005859,0.000000,25.440680,1.000000
0.150391,-0.080078,1.255859,0.000000,23.031961,1.000000
0.431641,-0.083984,-1.275391,0.000000,23.031961,1.000000
0.916016,-0.042969,-1.044922,0.000000,21.958996,1.000000
1.453125,-0.046875,-0.238281,0.000000,24.149733,1.000000
1.494141,-0.000000,-0.244141,0.000000,26.560982,1.000000
1.523438,-0.000000,-0.312500,0.000000,27.466343,1.000000
2.621094,-0.175781,1.035156,0.000000,29.106243,1.000000
2.691406,-0.089844,0.972656,0.000000,32.227165,1.000000
2.728516,-0.181641,0.980469,0.000000,31.132748,1.000000
4.408203,-0.142578,1.080078,0.000000,28.055008,1.000000
4.417969,-0.142578,1.205078,0.000000,31.445742,1.000000
4.451172,-0.144531,1.236328,0.000000,31.136091,1.000000
0.009766,0.031250,0.025391,0.000000,29.309490,1.000000
0.041016,-0.033203,0.062500,0.000000,30.090258,1.000000
0.044922,-0.046875,0.103516,0.000000,28.976271,1.000000
2.769531,-0.000000,0.876953,0.000000,31.129400,1.000000
0.011719,-0.039062,-0.007812,0.000000,30.648323,2.000000
0.017578,-0.080078,-0.007812,0.000000,31.900515,2.000000
0.029297,-0.119141,-0.005859,0.000000,30.145205,2.000000
0.056641,-0.154297,0.005859,0.000000,25.440680,2.000000
0.095703,-0.080078,1.261719,0.000000,23.074961,2.000000
0.447266,-0.083984,-1.271484,0.000000,23.074961,2.000000
0.750000,-0.042969,-1.171875,0.000000,22.329962,2.000000
1.468750,-0.091797,0.046875,0.000000,24.199558,2.000000
1.500000,-0.189453,0.052734,0.000000,25.092026,2.000000
2.623047,-0.175781,1.027344,0.000000,28.970770,2.000000
2.691406,-0.089844,0.974609,0.000000,32.177471,2.000000
2.771484,-0.000000,0.869141,0.000000,31.105898,2.000000
4.421875,-0.142578,1.189453,0.000000,31.492191,2.000000
4.466797,-0.144531,1.183594,0.000000,31.332195,2.000000
1.582031,-0.000000,0.205078,0.614669,24.828735,2.000000
0.009766,0.031250,0.025391,0.000000,29.309490,2.000000
0.041016,-0.033203,0.062500,0.000000,30.094509,2.000000
0.044922,-0.046875,0.103516,0.000000,28.981766,2.000000
2.728516,-0.181641,0.978516,0.000000,31.105898,2.000000
0.011719,-0.039062,-0.007812,0.000000,30.640835,3.000000
0.017578,-0.080078,-0.007812,0.000000,31.900515,3.000000
0.029297,-0.119141,-0.005859,0.000000,30.145205,3.000000
0.056641,-0.154297,0.005859,0.000000,25.453072,3.000000
0.126953,-0.080078,1.259766,0.000000,23.096302,3.000000
0.011719,-0.082031,1.306641,0.000000,24.608978,3.000000
0.431641,-0.083984,-1.275391,0.000000,23.031961,3.000000
0.580078,-0.042969,-1.263672,0.000000,21.139433,3.000000
0.521484,0.630859,1.320312,0.000000,24.712917,3.000000
2.611328,-0.175781,1.056641,0.000000,29.047155,3.000000
2.691406,-0.089844,0.974609,0.000000,32.214142,3.000000
2.730469,-0.181641,0.970703,0.000000,31.156105,3.000000
4.417969,-0.142578,1.203125,0.000000,30.884905,3.000000
4.455078,-0.144531,1.224609,0.000000,30.618294,3.000000
0.009766,0.031250,0.025391,0.000000,29.309490,3.000000
0.041016,-0.033203,0.062500,0.000000,30.090258,3.000000
0.044922,-0.046875,0.103516,0.000000,28.976271,3.000000
1.501953,0.097656,-0.390625,0.000000,24.424797,3.000000
0.011719,-0.039062,-0.007812,0.000000,30.644581,4.000000
0.017578,-0.080078,-0.007812,0.000000,31.906118,4.000000
0.029297,-0.119141,-0.005859,0.000000,30.149403,4.000000
0.056641,-0.154297,0.005859,0.000000,25.440680,4.000000
0.150391,-0.080078,1.255859,0.000000,23.138672,4.000000
0.443359,-0.083984,-1.271484,0.000000,23.074961,4.000000
0.589844,-0.042969,-1.259766,0.000000,22.013971,4.000000
1.498047,-0.046875,-0.207031,0.000000,28.312298,4.000000
1.542969,-0.048828,-0.183594,0.000000,30.484419,4.000000
1.589844,-0.050781,-0.130859,0.000000,29.014584,4.000000
2.628906,-0.175781,1.011719,0.000000,29.180304,4.000000
2.693359,-0.089844,0.968750,0.000000,32.232361,4.000000
2.755859,-0.089844,0.914062,0.000000,31.146111,4.000000
4.419922,-0.142578,1.197266,0.000000,30.366289,4.000000
4.457031,-0.144531,1.214844,0.000000,30.136797,4.000000
0.009766,0.031250,0.025391,0.000000,29.309490,4.000000
0.041016,-0.033203,0.062500,0.000000,30.086002,4.000000
0.044922,-0.046875,0.103516,0.000000,28.976271,4.000000
0.011719,-0.039062,-0.007812,0.000000,30.648323,5.000000
0.017578,-0.080078,-0.007812,0.000000,31.900515,5.000000
0.029297,-0.119141,-0.005859,0.000000,30.141003,5.000000
0.056641,-0.154297,0.005859,0.000000,25.428255,5.000000
0.441406,-0.083984,-1.273438,0.000000,23.031961,5.000000
0.679688,-0.042969,-1.212891,0.000000,21.760912,5.000000
1.488281,-0.046875,-0.275391,0.000000,26.866364,5.000000
1.511719,-0.097656,-0.345703,0.000000,27.686380,5.000000
2.607422,-0.175781,1.064453,0.000000,29.084850,5.000000
2.689453,-0.089844,0.978516,0.000000,32.219357,5.000000
2.773438,-0.000000,0.863281,0.000000,31.156105,5.000000
4.419922,-0.142578,1.201172,0.000000,30.043213,5.000000
4.451172,-0.144531,1.238281,0.000000,29.795485,5.000000
0.009766,0.031250,0.025391,0.000000,29.309490,5.000000
0.041016,-0.033203,0.062500,0.000000,30.090258,5.000000
0.044922,-0.046875,0.103516,0.000000,28.970770,5.000000
0.804688,0.519531,1.171875,0.000000,24.183012,5.000000
0.962891,0.535156,1.097656,0.000000,25.670263,5.000000
2.732422,-0.181641,0.966797,0.000000,31.156105,5.000000
0.011719,-0.039062,-0.007812,0.000000,30.644581,6.000000
0.017578,-0.080078,-0.007812,0.000000,31.903316,6.000000
0.029297,-0.119141,-0.005859,0.000000,30.145205,6.000000
0.056641,-0.154297,0.005859,0.000000,25.440680,6.000000
0.109375,-0.080078,1.261719,0.000000,23.117538,6.000000
0.439453,-0.083984,-1.273438,0.000000,23.031961,6.000000
0.507812,-0.042969,-1.294922,0.000000,21.958996,6.000000
1.445312,-0.046875,0.283203,0.000000,23.996737,6.000000
1.500000,-0.000000,-0.207031,0.000000,26.464037,6.000000
1.537109,-0.048828,-0.232422,0.000000,30.098757,6.000000
1.582031,-0.050781,-0.199219,0.000000,29.444826,6.000000
2.621094,-0.175781,1.035156,0.000000,29.095560,6.000000
2.689453,-0.089844,0.978516,0.000000,32.227165,6.000000
2.751953,-0.089844,0.921875,0.000000,31.182648,6.000000
4.416016,-0.142578,1.208984,0.000000,29.969492,6.000000
4.451172,-0.144531,1.236328,0.000000,29.717396,6.000000
0.009766,0.031250,0.025391,0.000000,29.309490,6.000000
0.041016,-0.033203,0.062500,0.000000,30.094509,6.000000
0.046875,-0.046875,0.103516,0.000000,28.981766,6.000000
0.337891,0.568359,1.361328,0.000000,24.132998,6.000000
0.011719,-0.039062,-0.007812,0.000000,30.644581,7.000000
0.017578,-0.080078,-0.007812,0.000000,31.903316,7.000000
0.029297,-0.119141,-0.005859,0.000000,30.149403,7.000000
0.056641,-0.154297,0.005859,0.000000,25.453072,7.000000
0.099609,-0.080078,1.261719,0.000000,23.053514,7.000000
0.054688,-0.082031,1.304688,0.000000,24.593925,7.000000
0.414062,-0.083984,-1.283203,0.000000,23.031961,7.000000
0.658203,-0.042969,-1.224609,0.000000,21.643528,7.000000
1.486328,-0.046875,-0.283203,0.000000,27.109631,7.000000
1.539062,-0.097656,-0.203125,0.000000,29.079485,7.000000
1.587891,-0.099609,-0.128906,0.000000,28.337843,7.000000
2.621094,-0.175781,1.031250,0.000000,29.036325,7.000000
2.691406,-0.089844,0.972656,0.000000,32.190605,7.000000
2.751953,-0.089844,0.921875,0.000000,31.109262,7.000000
4.408203,-0.142578,1.238281,0.000000,30.128372,7.000000
4.445312,-0.144531,1.257812,0.000000,29.898945,7.000000
0.009766,0.031250,0.025391,0.000000,29.314579,7.000000
0.041016,-0.033203,0.062500,0.000000,30.094509,7.000000
0.044922,-0.046875,0.103516,0.000000,28.981766,7.000000
0.011719,-0.039062,-0.007812,0.000000,30.644581,8.000000
0.017578,-0.080078,-0.007812,0.000000,31.903316,8.000000
0.029297,-0.119141,-0.005859,0.000000,30.141003,8.000000
0.056641,-0.154297,0.005859,0.000000,25.428255,8.000000
0.171875,-0.080078,1.253906,0.000000,23.138672,8.000000
0.398438,-0.083984,-1.287109,0.000000,23.053514,8.000000
0.761719,-0.042969,-1.162109,0.000000,21.760912,8.000000
1.322266,-0.044922,-0.544922,0.000000,23.560259,8.000000
1.462891,-0.091797,-0.132812,0.000000,28.401060,8.000000
1.500000,-0.093750,-0.179688,0.000000,31.858253,8.000000
1.537109,-0.097656,-0.205078,0.000000,32.648178,8.000000
1.585938,-0.000000,-0.166016,0.000000,30.867157,8.000000
1.607422,0.101562,-0.285156,0.000000,26.720978,8.000000
2.603516,-0.175781,1.074219,0.000000,28.932068,8.000000
2.685547,-0.089844,0.988281,0.000000,32.111206,8.000000
2.765625,-0.000000,0.884766,0.000000,31.010593,8.000000
4.408203,-0.142578,1.238281,0.000000,30.314085,8.000000
4.449219,-0.144531,1.246094,0.000000,30.077478,8.000000
0.009766,0.031250,0.025391,0.000000,29.304396,8.000000
0.041016,-0.033203,0.062500,0.000000,30.094509,8.000000
0.044922,-0.046875,0.103516,0.000000,28.981766,8.000000
1.544922,-0.000000,-0.173828,0.000000,32.615009,8.000000
0.011719,-0.039062,-0.007812,0.000000,30.644581,9.000000
0.017578,-0.080078,-0.007812,0.000000,31.900515,9.000000
0.029297,-0.119141,-0.005859,0.000000,30.141003,9.000000
0.056641,-0.154297,0.005859,0.000000,25.428255,9.000000
0.130859,-0.080078,1.259766,0.000000,23.074961,9.000000
0.431641,-0.083984,-1.275391,0.000000,23.053514,9.000000
0.818359,-0.042969,-1.123047,0.000000,21.903316,9.000000
1.466797,-0.046875,-0.115234,0.000000,26.148972,9.000000
1.500000,-0.093750,-0.177734,0.000000,29.694159,9.000000
1.527344,-0.146484,-0.248047,0.000000,29.319662,9.000000
2.623047,-0.175781,1.027344,0.000000,29.052561,9.000000
2.697266,-0.089844,0.955078,0.000000,32.208923,9.000000
2.775391,-0.000000,0.857422,0.000000,31.112625,9.000000
4.414062,-0.142578,1.218750,0.000000,30.622059,9.000000
4.451172,-0.144531,1.236328,0.000000,30.402067,9.000000
0.009766,0.031250,0.025391,0.000000,29.304396,9.000000
0.041016,-0.033203,0.062500,0.000000,30.090258,9.000000
0.046875,-0.046875,0.103516,0.000000,28.976271,9.000000
2.736328,-0.181641,0.955078,0.000000,31.095785,9.000000
0.011719,-0.039062,-0.007812,0.000000,30.644581,10.000000
0.017578,-0.080078,-0.007812,0.000000,31.900515,10.000000
0.029297,-0.119141,-0.005859,0.000000,30.145205,10.000000
0.056641,-0.154297,0.005859,0.000000,25.428255,10.000000
0.060547,-0.080078,1.263672,0.000000,23.074961,10.000000
0.142578,-0.082031,-1.298828,0.000000,24.593925,10.000000
0.457031,-0.083984,-1.267578,0.000000,23.010300,10.000000
1.470703,-0.000000,-0.083984,0.000000,24.424797,10.000000
1.511719,-0.000000,-0.078125,0.000000,26.981005,10.000000
1.392578,-0.291016,-0.625000,0.000000,28.494194,10.000000
1.435547,-0.298828,-0.626953,0.000000,27.909885,10.000000
2.623047,-0.175781,1.025391,0.000000,29.009130,10.000000
2.691406,-0.089844,0.972656,0.000000,32.193226,10.000000
2.732422,-0.181641,0.968750,0.000000,31.176027,10.000000
4.416016,-0.142578,1.210938,0.000000,30.948204,10.000000
4.455078,-0.144531,1.224609,0.000000,30.733517,10.000000
0.009766,0.031250,0.025391,0.000000,29.314579,10.000000
0.041016,-0.033203,0.062500,0.000000,30.090258,10.000000
0.044922,-0.046875,0.103516,0.000000,28.981766,10.000000
2.771484,-0.000000,0.865234,0.000000,31.166077,10.000000
0.011719,-0.039062,-0.007812,0.000000,30.644581,11.000000
0.017578,-0.080078,-0.007812,0.000000,31.906118,11.000000
0.029297,-0.119141,-0.005859,0.000000,30.153597,11.000000
0.056641,-0.154297,0.005859,0.000000,25.453072,11.000000
0.058594,-0.082031,-1.304688,0.000000,24.608978,11.000000
0.404297,-0.083984,-1.285156,0.000000,23.031961,11.000000
0.363281,-0.042969,1.341797,0.000000,22.201080,11.000000
1.292969,-0.044922,0.613281,0.000000,23.710678,11.000000
1.470703,-0.046875,-0.037109,0.000000,27.109631,11.000000
1.503906,-0.000000,-0.177734,0.000000,30.468851,11.000000
1.537109,-0.048828,-0.222656,0.000000,30.806265,11.000000
1.570312,-0.000000,-0.279297,0.000000,27.151674,11.000000
2.617188,-0.175781,1.042969,0.000000,29.030899,11.000000
2.693359,-0.089844,0.966797,0.000000,32.211533,11.000000
2.734375,-0.181641,0.962891,0.000000,31.149445,11.000000
4.414062,-0.142578,1.218750,0.000000,31.238516,11.000000
4.445312,-0.144531,1.255859,0.000000,31.003706,11.000000
0.009766,0.031250,0.025391,0.000000,29.309490,11.000000
0.041016,-0.033203,0.062500,0.000000,30.094509,11.000000
0.044922,-0.046875,0.103516,0.000000,28.981766,11.000000
1.015625,0.548828,1.101562,0.000000,24.440449,11.000000
2.775391,-0.000000,0.857422,0.000000,31.132748,11.000000
0.011719,-0.039062,-0.007812,0.000000,30.644581,12.000000
0.017578,-0.080078,-0.007812,0.000000,31.906118,12.000000
0.029297,-0.119141,-0.005859,0.000000,30.149403,12.000000
0.056641,-0.154297,0.005859,0.000000,25.440680,12.000000
0.125000,-0.080078,1.259766,0.000000,23.096302,12.000000
0.400391,-0.083984,-1.287109,0.000000,22.922562,12.000000
0.460938,-0.042969,1.310547,0.000000,20.899052,12.000000
1.458984,0.189453,-0.355469,0.000000,25.751879,12.000000
1.529297,0.242188,-0.140625,0.000000,26.608654,12.000000
2.623047,-0.175781,1.029297,0.000000,29.030899,12.000000
2.695312,-0.089844,0.964844,0.000000,32.198463,12.000000
2.779297,-0.000000,0.845703,0.000000,31.136091,12.000000
4.414062,-0.142578,1.216797,0.000000,31.351326,12.000000
4.449219,-0.144531,1.242188,0.000000,31.102530,12.000000
0.009766,0.031250,0.025391,0.000000,29.314579,12.000000
0.041016,-0.033203,0.062500,0.000000,30.094509,12.000000
0.044922,-0.046875,0.103516,0.000000,28.976271,12.000000
1.468750,-0.332031,-0.158203,0.000000,24.638929,12.000000
2.740234,-0.181641,0.947266,0.000000,31.136091,12.000000
0.011719,-0.039062,-0.007812,0.000000,30.644581,13.000000
0.017578,-0.080078,-0.007812,0.000000,31.900515,13.000000
0.029297,-0.119141,-0.005859,0.000000,30.145205,13.000000
0.056641,-0.154297,0.005859,0.000000,25.453072,13.000000
0.148438,-0.080078,1.257812,0.000000,23.138672,13.000000
0.291016,-0.083984,-1.316406,0.000000,23.031961,13.000000
0.642578,-0.042969,1.232422,0.000000,21.702618,13.000000
1.425781,-0.091797,-0.353516,0.000000,27.671558,13.000000
1.490234,-0.093750,-0.246094,0.000000,32.073650,13.000000
1.533203,-0.097656,-0.232422,0.000000,32.509075,13.000000
1.578125,-0.050781,-0.232422,0.000000,29.552065,13.000000
2.632812,-0.175781,1.003906,0.000000,28.992731,13.000000
2.699219,-0.089844,0.951172,0.000000,32.214142,13.000000
2.736328,-0.181641,0.957031,0.000000,31.152777,13.000000
4.417969,-0.142578,1.039062,0.000000,28.115749,13.000000
4.419922,-0.142578,1.197266,0.000000,31.373541,13.000000
4.451172,-0.144531,1.240234,0.000000,30.951693,13.000000
0.009766,0.031250,0.025391,0.000000,29.309490,13.000000
0.041016,-0.033203,0.062500,0.000000,30.090258,13.000000
0.044922,-0.046875,0.103516,0.000000,28.976271,13.000000
2.775391,-0.000000,0.853516,0.000000,31.139433,13.000000
0.011719,-0.039062,-0.007812,0.000000,30.637085,14.000000
0.017578,-0.080078,-0.007812,0.000000,31.900515,14.000000
0.029297,-0.119141,-0.005859,0.000000,30.145205,14.000000
0.056641,-0.154297,0.005859,0.000000,25.440680,14.000000
0.126953,-0.080078,1.259766,0.000000,23.096302,14.000000
0.097656,-0.082031,1.302734,0.000000,24.638929,14.000000
0.304688,-0.083984,-1.312500,0.000000,23.579348,14.000000
1.470703,-0.000000,-0.068359,0.000000,28.573324,14.000000
1.503906,-0.000000,-0.167969,0.000000,32.304489,14.000000
1.542969,-0.048828,-0.183594,0.000000,32.683437,14.000000
1.589844,-0.000000,-0.142578,0.000000,29.637878,14.000000
2.619141,-0.175781,1.037109,0.000000,29.063351,14.000000
2.691406,-0.089844,0.972656,0.000000,32.214142,14.000000
2.753906,-0.089844,0.916016,0.000000,31.136091,14.000000
4.416016,-0.142578,1.048828,0.000000,28.135809,14.000000
4.419922,-0.142578,1.199219,0.000000,31.309767,14.000000
4.449219,-0.144531,1.242188,0.000000,30.700378,14.000000
1.427734,-0.044922,0.101562,-0.614669,24.899586,14.000000
0.009766,0.031250,0.025391,0.000000,29.314579,14.000000
0.041016,-0.033203,0.062500,0.000000,30.094509,14.000000
0.044922,-0.046875,0.103516,0.000000,28.970770,14.000000
0.011719,-0.039062,-0.007812,0.000000,30.637085,15.000000
0.017578,-0.080078,-0.007812,0.000000,31.900515,15.000000
0.029297,-0.119141,-0.005859,0.000000,30.145205,15.000000
0.056641,-0.154297,0.005859,0.000000,25.440680,15.000000
0.097656,-0.080078,1.261719,0.000000,23.117538,15.000000
0.005859,-0.082031,-1.306641,0.000000,24.608978,15.000000
0.396484,-0.083984,-1.287109,0.000000,22.787537,15.000000
0.871094,-0.042969,1.082031,0.000000,20.791813,15.000000
1.466797,-0.046875,-0.111328,0.000000,27.435097,15.000000
1.490234,-0.046875,-0.255859,0.000000,30.265333,15.000000
1.527344,-0.048828,-0.281250,0.000000,29.903389,15.000000
2.625000,-0.175781,1.021484,0.000000,29.047155,15.000000
2.693359,-0.089844,0.964844,0.000000,32.198463,15.000000
2.734375,-0.181641,0.958984,0.000000,31.132748,15.000000
4.410156,-0.142578,1.070312,0.000000,28.142475,15.000000
4.417969,-0.142578,1.207031,0.000000,31.464382,15.000000
4.453125,-0.144531,1.228516,0.000000,31.014034,15.000000
1.417969,-0.089844,0.169922,-0.614669,23.710678,15.000000
0.009766,0.031250,0.025391,0.000000,29.309490,15.000000
0.041016,-0.033203,0.062500,0.000000,30.090258,15.000000
0.044922,-0.046875,0.103516,0.000000,28.981766,15.000000
2.775391,-0.000000,0.855469,0.000000,31.129400,15.000000
0.011719,-0.039062,-0.007812,0.000000,30.644581,16.000000
0.017578,-0.080078,-0.007812,0.000000,31.906118,16.000000
0.029297,-0.119141,-0.005859,0.000000,30.153597,16.000000
0.056641,-0.154297,0.005859,0.000000,25.453072,16.000000
0.134766,-0.080078,1.257812,0.000000,23.096302,16.000000
0.195312,-0.082031,-1.291016,0.000000,24.593925,16.000000
0.955078,-0.042969,-0.953125,0.000000,22.405493,16.000000
1.455078,-0.091797,-0.207031,0.000000,28.444771,16.000000
1.488281,-0.046875,-0.269531,0.000000,32.068260,16.000000
1.523438,-0.097656,-0.292969,0.000000,32.309597,16.000000
1.570312,-0.050781,-0.279297,0.000000,28.853613,16.000000
2.623047,-0.175781,1.027344,0.000000,29.068735,16.000000
2.691406,-0.089844,0.972656,0.000000,32.201080,16.000000
2.732422,-0.181641,0.970703,0.000000,31.136091,16.000000
4.404297,-0.142578,1.251953,0.000000,31.109262,16.000000
4.437500,-0.144531,1.289062,0.000000,30.637085,16.000000
4.888672,-0.308594,0.707031,0.000000,31.146111,16.000000
4.949219,-0.623047,0.162109,0.000000,30.157787,16.000000
1.386719,-0.087891,-0.074219,-0.614669,22.227165,16.000000
1.427734,-0.089844,-0.039062,-0.614669,24.216040,16.000000
0.009766,0.031250,0.025391,0.000000,29.314579,16.000000
0.041016,-0.033203,0.062500,0.000000,30.098757,16.000000
0.044922,-0.046875,0.103516,0.000000,28.981766,16.000000
2.771484,-0.000000,0.869141,0.000000,31.119343,16.000000
0.011719,-0.039062,-0.007812,0.000000,30.640835,17.000000
0.017578,-0.080078,-0.007812,0.000000,31.903316,17.000000
0.029297,-0.119141,-0.005859,0.000000,30.145205,17.000000
0.056641,-0.154297,0.005859,0.000000,25.440680,17.000000
0.130859,-0.080078,1.259766,0.000000,23.053514,17.000000
0.271484,-0.082031,-1.277344,0.000000,24.487062,17.000000
0.941406,-0.042969,-0.966797,0.000000,21.846914,17.000000
1.462891,-0.046875,-0.169922,0.000000,26.503075,17.000000
1.486328,-0.046875,-0.279297,0.000000,30.216026,17.000000
1.527344,-0.000000,-0.285156,0.000000,30.314085,17.000000
2.628906,-0.175781,1.013672,0.000000,29.036325,17.000000
2.695312,-0.089844,0.962891,0.000000,32.193226,17.000000
2.736328,-0.181641,0.957031,0.000000,31.112625,17.000000
4.414062,-0.142578,1.218750,0.000000,31.303337,17.000000
4.453125,-0.144531,1.230469,0.000000,30.849337,17.000000
4.875000,-0.308594,0.792969,0.000000,30.802656,17.000000
4.947266,-0.623047,0.210938,0.000000,29.294189,17.000000
1.388672,-0.042969,-0.056641,-0.614669,20.718821,17.000000
1.421875,-0.089844,0.142578,-0.614669,21.789770,17.000000
0.009766,0.031250,0.025391,0.000000,29.304396,17.000000
0.041016,-0.033203,0.062500,0.000000,30.090258,17.000000
0.044922,-0.046875,0.103516,0.000000,28.976271,17.000000
1.013672,-0.421875,0.785156,0.000000,18.920946,17.000000
2.777344,-0.000000,0.851562,0.000000,31.109262,17.000000
0.011719,-0.039062,-0.007812,0.000000,30.640835,18.000000
0.017578,-0.080078,-0.007812,0.000000,31.900515,18.000000
0.029297,-0.119141,-0.005859,0.000000,30.145205,18.000000
0.056641,-0.154297,0.005859,0.000000,25.440680,18.000000
0.125000,-0.080078,1.259766,0.000000,23.096302,18.000000
0.146484,-0.082031,1.298828,0.000000,24.712917,18.000000
0.718750,-0.042969,-1.142578,0.000000,22.355284,18.000000
1.494141,-0.093750,-0.226562,0.000000,29.227255,18.000000
1.525391,-0.097656,-0.283203,0.000000,30.170334,18.000000
1.546875,-0.099609,-0.378906,0.000000,27.474117,18.000000
2.617188,-0.175781,1.042969,0.000000,29.052561,18.000000
2.689453,-0.089844,0.976562,0.000000,32.159019,18.000000
2.773438,-0.000000,0.863281,0.000000,31.044870,18.000000
4.400391,-0.142578,1.107422,0.000000,28.000294,18.000000
4.414062,-0.142578,1.218750,0.000000,31.351326,18.000000
4.453125,-0.144531,1.232422,0.000000,30.913151,18.000000
4.802734,-0.306641,0.966797,0.000000,29.951963,18.000000
4.884766,-0.308594,0.738281,0.000000,31.417633,18.000000
4.964844,-0.468750,0.173828,0.000000,30.056095,18.000000
1.376953,-0.130859,0.154297,-0.614669,22.278868,18.000000
1.427734,-0.089844,0.070312,-0.614669,23.692158,18.000000
0.009766,0.031250,0.025391,0.000000,29.309490,18.000000
0.041016,-0.033203,0.062500,0.000000,30.094509,18.000000
0.044922,-0.046875,0.103516,0.000000,28.981766,18.000000
0.011719,-0.039062,-0.007812,0.000000,30.640835,19.000000
0.017578,-0.080078,-0.007812,0.000000,31.897709,19.000000
0.029297,-0.119141,-0.005859,0.000000,30.141003,19.000000
0.056641,-0.154297,0.005859,0.000000,25.428255,19.000000
0.158203,-0.080078,1.255859,0.000000,23.074961,19.000000
0.398438,-0.082031,1.244141,0.000000,23.961994,19.000000
1.150391,-0.126953,0.693359,0.000000,21.271048,19.000000
2.625000,-0.175781,1.019531,0.000000,29.020029,19.000000
2.691406,-0.089844,0.972656,0.000000,32.219357,19.000000
2.730469,-0.181641,0.976562,0.000000,31.172712,19.000000
4.410156,-0.142578,1.230469,0.000000,31.218880,19.000000
4.443359,-0.144531,1.263672,0.000000,30.718821,19.000000
4.886719,-0.308594,0.728516,0.000000,30.417873,19.000000
4.951172,-0.623047,-0.029297,0.000000,28.992731,19.000000
1.378906,-0.087891,0.152344,-0.614669,24.329693,19.000000
0.009766,0.031250,0.025391,0.000000,29.309490,19.000000
0.041016,-0.033203,0.062500,0.000000,30.090258,19.000000
0.046875,-0.046875,0.103516,0.000000,28.976271,19.000000
2.771484,-0.000000,0.869141,0.000000,31.169397,19.000000
0.011719,-0.039062,-0.007812,0.000000,30.640835,20.000000
0.017578,-0.080078,-0.007812,0.000000,31.903316,20.000000
0.029297,-0.119141,-0.005859,0.000000,30.145205,20.000000
0.056641,-0.154297,0.005859,0.000000,25.453072,20.000000
0.150391,-0.080078,1.255859,0.000000,23.096302,20.000000
0.378906,-0.082031,1.250000,0.000000,24.199558,20.000000
0.921875,-0.126953,0.978516,0.000000,23.598354,20.000000
1.119141,-0.087891,0.822266,0.000000,24.913616,20.000000
1.373047,-0.044922,0.406250,0.000000,24.969297,20.000000
2.611328,-0.175781,1.054688,0.000000,29.014584,20.000000
2.689453,-0.089844,0.976562,0.000000,32.159019,20.000000
2.728516,-0.181641,0.978516,0.000000,31.055101,20.000000
4.416016,-0.142578,1.214844,0.000000,31.248301,20.000000
4.449219,-0.144531,1.244141,0.000000,30.806265,20.000000
4.894531,-0.308594,0.664062,0.000000,30.989897,20.000000
4.951172,-0.623047,0.001953,0.000000,29.712759,20.000000
0.009766,0.031250,0.025391,0.000000,29.309490,20.000000
0.041016,-0.033203,0.062500,0.000000,30.098757,20.000000
0.044922,-0.046875,0.103516,0.000000,28.981766,20.000000
0.011719,-0.039062,-0.007812,0.000000,30.640835,21.000000
0.017578,-0.080078,-0.007812,0.000000,31.903316,21.000000
0.029297,-0.119141,-0.005859,0.000000,30.145205,21.000000
0.056641,-0.154297,0.005859,0.000000,25.453072,21.000000
0.275391,-0.080078,-1.234375,0.000000,23.138672,21.000000
0.943359,-0.041016,-0.906250,0.000000,24.048338,21.000000
1.328125,-0.000000,-0.244141,0.000000,25.888317,21.000000
1.386719,-0.042969,-0.089844,0.000000,27.520485,21.000000
1.429688,-0.044922,-0.072266,0.000000,25.132175,21.000000
2.619141,-0.175781,1.037109,0.000000,29.063351,21.000000
2.689453,-0.089844,0.976562,0.000000,32.193226,21.000000
2.726562,-0.181641,0.980469,0.000000,31.109262,21.000000
4.416016,-0.142578,1.212891,0.000000,31.261314,21.000000
4.447266,-0.144531,1.253906,0.000000,30.751818,21.000000
4.882812,-0.308594,0.746094,0.000000,31.014034,21.000000
4.951172,-0.623047,0.099609,0.000000,29.749720,21.000000
0.009766,0.031250,0.025391,0.000000,29.309490,21.000000
0.041016,-0.033203,0.062500,0.000000,30.090258,21.000000
0.044922,-0.046875,0.103516,0.000000,28.970770,21.000000
0.011719,-0.039062,-0.007812,0.000000,30.640835,22.000000
0.017578,-0.080078,-0.007812,0.000000,31.903316,22.000000
0.029297,-0.119141,-0.005859,0.000000,30.149403,22.000000
0.056641,-0.154297,0.005859,0.000000,25.453072,22.000000
0.238281,-0.080078,-1.242188,0.000000,23.053514,22.000000
0.650391,-0.041016,-1.134766,0.000000,23.463530,22.000000
1.300781,0.083984,-0.349609,0.000000,19.731279,22.000000
1.384766,-0.042969,0.115234,0.000000,22.878017,22.000000
1.386719,-0.044922,0.351562,0.000000,22.041201,22.000000
2.617188,-0.175781,1.042969,0.000000,29.036325,22.000000
2.687500,-0.089844,0.982422,0.000000,32.198463,22.000000
2.765625,-0.000000,0.884766,0.000000,31.115986,22.000000
4.414062,-0.142578,1.222656,0.000000,31.231981,22.000000
4.441406,-0.144531,1.269531,0.000000,30.704073,22.000000
4.787109,-0.154297,1.074219,0.000000,29.965117,22.000000
4.876953,-0.308594,0.787109,0.000000,31.335388,22.000000
4.962891,-0.468750,0.218750,0.000000,29.991306,22.000000
0.009766,0.031250,0.025391,0.000000,29.309490,22.000000
0.041016,-0.033203,0.062500,0.000000,30.094509,22.000000
0.046875,-0.046875,0.103516,0.000000,28.981766,22.000000
1.011719,-0.378906,0.810547,0.000000,19.294189,22.000000
2.722656,-0.181641,0.994141,0.000000,31.112625,22.000000
0.011719,-0.039062,-0.007812,0.000000,30.644581,23.000000
0.017578,-0.080078,-0.007812,0.000000,31.903316,23.000000
0.029297,-0.119141,-0.005859,0.000000,30.141003,23.000000
0.056641,-0.154297,0.005859,0.000000,25.428255,23.000000
0.503906,-0.080078,-1.162109,0.000000,23.096302,23.000000
1.085938,-0.000000,-0.730469,0.000000,25.224442,23.000000
1.304688,-0.042969,-0.339844,0.000000,27.604225,23.000000
1.367188,-0.042969,-0.255859,0.000000,27.701153,23.000000
1.386719,-0.000000,-0.353516,0.000000,23.926970,23.000000
1.496094,-0.193359,-0.378906,0.000000,24.548449,23.000000
2.609375,-0.175781,1.058594,0.000000,29.020029,23.000000
2.689453,-0.089844,0.976562,0.000000,32.187981,23.000000
2.775391,-0.000000,0.859375,0.000000,31.109262,23.000000
4.414062,-0.142578,1.220703,0.000000,31.209028,23.000000
4.451172,-0.144531,1.238281,0.000000,30.751818,23.000000
4.878906,-0.308594,0.777344,0.000000,30.962147,23.000000
4.949219,-0.623047,0.119141,0.000000,29.561684,23.000000
0.009766,0.031250,0.025391,0.000000,29.314579,23.000000
0.041016,-0.033203,0.062500,0.000000,30.090258,23.000000
0.046875,-0.046875,0.103516,0.000000,28.976271,23.000000
0.585938,0.630859,1.292969,0.000000,24.502491,23.000000
0.011719,-0.039062,-0.007812,0.000000,30.633333,24.000000
0.017578,-0.080078,-0.007812,0.000000,31.900515,24.000000
0.029297,-0.119141,-0.005859,0.000000,30.153597,24.000000
0.056641,-0.154297,0.005859,0.000000,25.453072,24.000000
0.642578,-0.119141,1.087891,0.000000,22.528530,24.000000
1.148438,-0.123047,0.615234,0.000000,25.263393,24.000000
1.337891,-0.083984,0.158203,0.000000,27.185017,24.000000
1.386719,-0.087891,0.078125,0.000000,26.599161,24.000000
1.408203,-0.044922,0.259766,0.000000,24.014006,24.000000
2.617188,-0.175781,1.041016,0.000000,29.036325,24.000000
2.689453,-0.089844,0.978516,0.000000,32.195847,24.000000
2.730469,-0.181641,0.974609,0.000000,31.129400,24.000000
4.417969,-0.142578,1.208984,0.000000,31.290451,24.000000
4.474609,-0.144531,1.152344,0.000000,31.085649,24.000000
4.882812,-0.308594,0.746094,0.000000,30.906107,24.000000
4.951172,-0.623047,0.085938,0.000000,29.493900,24.000000
0.009766,0.031250,0.025391,0.000000,29.319662,24.000000
0.041016,-0.033203,0.062500,0.000000,30.090258,24.000000
0.046875,-0.046875,0.103516,0.000000,28.976271,24.000000
2.771484,-0.000000,0.869141,0.000000,31.122698,24.000000
0.011719,-0.039062,-0.007812,0.000000,30.640835,25.000000
0.017578,-0.080078,-0.007812,0.000000,31.903316,25.000000
0.029297,-0.119141,-0.005859,0.000000,30.149403,25.000000
0.056641,-0.154297,0.005859,0.000000,25.453072,25.000000
0.500000,-0.080078,-1.162109,0.000000,21.335388,25.000000
1.298828,-0.000000,-0.158203,0.000000,21.846914,25.000000
1.347656,-0.042969,-0.070312,0.000000,27.986506,25.000000
1.390625,-0.042969,-0.023438,0.000000,27.566360,25.000000
1.402344,-0.044922,0.281250,0.000000,23.117538,25.000000
2.611328,-0.175781,1.056641,0.000000,29.084850,25.000000
2.689453,-0.089844,0.978516,0.000000,32.229763,25.000000
2.732422,-0.181641,0.966797,0.000000,31.182648,25.000000
4.414062,-0.142578,1.220703,0.000000,31.267805,25.000000
4.431641,-0.144531,1.308594,0.000000,30.777311,25.000000
4.814453,-0.306641,0.902344,0.000000,29.876663,25.000000
4.886719,-0.308594,0.722656,0.000000,31.072100,25.000000
4.951172,-0.623047,0.074219,0.000000,29.661417,25.000000
0.009766,0.031250,0.025391,0.000000,29.314579,25.000000
0.041016,-0.033203,0.062500,0.000000,30.090258,25.000000
0.044922,-0.046875,0.103516,0.000000,28.970770,25.000000
2.773438,-0.000000,0.863281,0.000000,31.176027,25.000000
0.011719,-0.039062,-0.007812,0.000000,30.637085,26.000000
0.017578,-0.080078,-0.007812,0.000000,31.900515,26.000000
0.029297,-0.119141,-0.005859,0.000000,30.149403,26.000000
0.056641,-0.154297,0.005859,0.000000,25.440680,26.000000
0.697266,-0.119141,1.052734,0.000000,22.479733,26.000000
1.183594,-0.082031,0.554688,0.000000,25.786392,26.000000
1.349609,-0.042969,0.009766,0.000000,27.497364,26.000000
1.376953,-0.042969,-0.195312,0.000000,26.910814,26.000000
2.615234,-0.175781,1.048828,0.000000,29.020029,26.000000
2.693359,-0.089844,0.968750,0.000000,32.216751,26.000000
2.736328,-0.181641,0.955078,0.000000,31.225435,26.000000
4.414062,-0.142578,1.218750,0.000000,31.222158,26.000000
4.453125,-0.144531,1.230469,0.000000,30.666985,26.000000
4.888672,-0.308594,0.710938,0.000000,31.031193,26.000000
4.951172,-0.623047,0.025391,0.000000,29.585638,26.000000
0.009766,0.031250,0.025391,0.000000,29.309490,26.000000
0.041016,-0.033203,0.062500,0.000000,30.098757,26.000000
0.044922,-0.046875,0.103516,0.000000,28.981766,26.000000
0.011719,-0.039062,-0.007812,0.000000,30.644581,27.000000
0.017578,-0.080078,-0.007812,0.000000,31.906118,27.000000
0.029297,-0.119141,-0.005859,0.000000,30.145205,27.000000
0.056641,-0.154297,0.005859,0.000000,25.440680,27.000000
0.115234,-0.080078,1.259766,0.000000,22.528530,27.000000
0.708984,-0.123047,1.093750,0.000000,22.329962,27.000000
1.228516,-0.167969,0.531250,0.000000,21.072100,27.000000
1.330078,-0.087891,0.396484,0.000000,21.760912,27.000000
2.617188,-0.175781,1.041016,0.000000,29.009130,27.000000
2.689453,-0.089844,0.976562,0.000000,32.190605,27.000000
2.753906,-0.089844,0.919922,0.000000,31.102530,27.000000
4.412109,-0.142578,1.226562,0.000000,31.248301,27.000000
4.419922,-0.144531,1.347656,0.000000,30.565237,27.000000
4.738281,-0.298828,-0.601562,0.000000,30.622059,27.000000
4.767578,-0.150391,-0.742188,0.000000,30.989897,27.000000
4.888672,-0.308594,0.710938,0.000000,31.082266,27.000000
4.951172,-0.623047,0.048828,0.000000,29.694159,27.000000
0.009766,0.031250,0.025391,0.000000,29.309490,27.000000
0.041016,-0.033203,0.062500,0.000000,30.090258,27.000000
0.044922,-0.046875,0.103516,0.000000,28.981766,27.000000
0.011719,-0.039062,-0.007812,0.000000,30.640835,28.000000
0.017578,-0.080078,-0.007812,0.000000,31.903316,28.000000
0.029297,-0.119141,-0.005859,0.000000,30.149403,28.000000
0.056641,-0.154297,0.005859,0.000000,25.440680,28.000000
0.544922,-0.039062,-1.144531,0.000000,22.741579,28.000000
0.892578,-0.000000,-0.957031,0.000000,23.180634,28.000000
1.250000,0.042969,-0.505859,0.000000,21.643528,28.000000
2.615234,-0.175781,1.044922,0.000000,28.981766,28.000000
2.691406,-0.089844,0.972656,0.000000,32.193226,28.000000
2.730469,-0.181641,0.970703,0.000000,31.122698,28.000000
4.406250,-0.142578,1.089844,0.000000,27.930916,28.000000
4.414062,-0.142578,1.218750,0.000000,31.277525,28.000000
4.429688,-0.144531,1.310547,0.000000,30.784569,28.000000
4.740234,-0.298828,-0.587891,0.000000,32.697464,28.000000
4.779297,-0.150391,-0.660156,0.000000,33.153404,28.000000
4.884766,-0.308594,0.740234,0.000000,31.031193,28.000000
4.951172,-0.623047,0.076172,0.000000,29.722029,28.000000
0.009766,0.031250,0.025391,0.000000,29.309490,28.000000
0.041016,-0.033203,0.062500,0.000000,30.090258,28.000000
0.046875,-0.046875,0.103516,0.000000,28.981766,28.000000
1.070312,-0.449219,0.603516,0.000000,20.453230,28.000000
0.994141,-0.421875,0.808594,0.000000,19.590414,28.000000
0.011719,-0.039062,-0.007812,0.000000,30.644581,29.000000
0.017578,-0.080078,-0.007812,0.000000,31.906118,29.000000
0.029297,-0.119141,-0.005859,0.000000,30.149403,29.000000
0.056641,-0.154297,0.005859,0.000000,25.440680,29.000000
0.427734,-0.080078,1.191406,0.000000,21.986570,29.000000
1.068359,-0.164062,0.736328,0.000000,22.671717,29.000000
1.324219,-0.083984,0.248047,0.000000,24.698219,29.000000
1.367188,-0.087891,0.246094,0.000000,24.623980,29.000000
2.619141,-0.175781,1.039062,0.000000,28.959747,29.000000
2.693359,-0.089844,0.968750,0.000000,32.185356,29.000000
2.732422,-0.181641,0.966797,0.000000,31.146111,29.000000
4.416016,-0.142578,1.214844,0.000000,31.312979,29.000000
4.441406,-0.144531,1.275391,0.000000,30.948204,29.000000
4.740234,-0.298828,-0.585938,0.000000,33.769417,29.000000
4.775391,-0.300781,-0.634766,0.000000,34.352070,29.000000
4.757812,-0.152344,-1.015625,0.000000,30.640835,29.000000
4.882812,-0.308594,0.755859,0.000000,30.899052,29.000000
4.951172,-0.623047,0.072266,0.000000,29.523081,29.000000
0.009766,0.031250,0.025391,0.000000,29.314579,29.000000
0.041016,-0.033203,0.062500,0.000000,30.094509,29.000000
0.044922,-0.046875,0.103516,0.000000,28.981766,29.000000
2.773438,-0.000000,0.861328,0.000000,31.142773,29.000000
0.011719,-0.039062,-0.007812,0.000000,30.640835,30.000000
0.017578,-0.080078,-0.007812,0.000000,31.900515,30.000000
0.029297,-0.119141,-0.005859,0.000000,30.145205,30.000000
0.056641,-0.154297,0.005859,0.000000,25.440680,30.000000
0.376953,-0.080078,-1.208984,0.000000,23.636120,30.000000
0.857422,-0.041016,-0.988281,0.000000,25.976952,30.000000
1.134766,-0.042969,-0.730469,0.000000,25.390760,30.000000
1.125000,-0.042969,-0.816406,0.000000,23.802113,30.000000
2.619141,-0.175781,1.037109,0.000000,29.052561,30.000000
2.691406,-0.089844,0.970703,0.000000,32.203697,30.000000
2.755859,-0.089844,0.914062,0.000000,31.122698,30.000000
4.414062,-0.142578,1.218750,0.000000,31.309767,30.000000
4.445312,-0.144531,1.261719,0.000000,30.993353,30.000000
4.705078,-0.296875,-0.544922,0.000000,29.237619,30.000000
4.740234,-0.298828,-0.589844,0.000000,33.995007,30.000000
4.775391,-0.300781,-0.632812,0.000000,34.631462,30.000000
4.765625,-0.152344,-0.978516,0.000000,30.958664,30.000000
4.886719,-0.308594,0.724609,0.000000,30.899052,30.000000
4.951172,-0.623047,0.023438,0.000000,29.618956,30.000000
0.009766,0.031250,0.025391,0.000000,29.309490,30.000000
0.041016,-0.033203,0.062500,0.000000,30.090258,30.000000
0.044922,-0.046875,0.103516,0.000000,28.970770,30.000000
0.011719,-0.039062,-0.007812,0.000000,30.640835,31.000000
0.017578,-0.080078,-0.007812,0.000000,31.906118,31.000000
0.029297,-0.119141,-0.005859,0.000000,30.149403,31.000000
0.056641,-0.154297,0.005859,0.000000,25.453072,31.000000
0.210938,-0.080078,1.248047,0.000000,23.654881,31.000000
0.625000,-0.041016,-1.148438,0.000000,26.031445,31.000000
1.126953,-0.042969,-0.744141,0.000000,25.465427,31.000000
1.070312,-0.042969,-0.888672,0.000000,23.673559,31.000000
2.623047,-0.175781,1.029297,0.000000,29.079485,31.000000
2.693359,-0.089844,0.968750,0.000000,32.214142,31.000000
2.732422,-0.181641,0.966797,0.000000,31.142773,31.000000
4.417969,-0.142578,1.203125,0.000000,31.296900,31.000000
4.445312,-0.144531,1.257812,0.000000,30.913151,31.000000
4.740234,-0.298828,-0.589844,0.000000,33.688446,31.000000
4.775391,-0.300781,-0.636719,0.000000,34.268364,31.000000
4.753906,-0.152344,-1.035156,0.000000,30.553783,31.000000
4.888672,-0.308594,0.712891,0.000000,30.909630,31.000000
4.951172,-0.623047,0.021484,0.000000,29.642597,31.000000
0.009766,0.031250,0.025391,0.000000,29.309490,31.000000
0.041016,-0.033203,0.062500,0.000000,30.090258,31.000000
0.044922,-0.046875,0.103516,0.000000,28.976271,31.000000
2.773438,-0.000000,0.861328,0.000000,31.139433,31.000000
0.011719,-0.039062,-0.007812,0.000000,30.644581,32.000000
0.017578,-0.080078,-0.007812,0.000000,31.903316,32.000000
0.029297,-0.119141,-0.005859,0.000000,30.141003,32.000000
0.056641,-0.154297,0.005859,0.000000,25.440680,32.000000
0.519531,-0.080078,-1.154297,0.000000,23.283796,32.000000
0.904297,-0.041016,-0.947266,0.000000,24.983105,32.000000
1.173828,-0.000000,-0.664062,0.000000,23.891661,32.000000
1.183594,-0.000000,-0.732422,0.000000,20.827854,32.000000
2.615234,-0.175781,1.048828,0.000000,29.074114,32.000000
2.689453,-0.089844,0.976562,0.000000,32.211533,32.000000
2.732422,-0.181641,0.966797,0.000000,31.169397,32.000000
4.402344,-0.142578,1.101562,0.000000,27.951845,32.000000
4.412109,-0.142578,1.226562,0.000000,31.267805,32.000000
4.423828,-0.144531,1.330078,0.000000,30.751818,32.000000
4.742188,-0.298828,-0.580078,0.000000,32.464985,32.000000
4.771484,-0.300781,-0.658203,0.000000,32.915909,32.000000
4.890625,-0.308594,0.697266,0.000000,31.031193,32.000000
4.951172,-0.623047,0.044922,0.000000,29.912260,32.000000
0.009766,0.031250,0.025391,0.000000,29.304396,32.000000
0.041016,-0.033203,0.062500,0.000000,30.094509,32.000000
0.044922,-0.046875,0.103516,0.000000,28.981766,32.000000
2.773438,-0.000000,0.861328,0.000000,31.162756,32.000000
0.011719,-0.039062,-0.007812,0.000000,30.640835,33.000000
0.017578,-0.080078,-0.007812,0.000000,31.903316,33.000000
0.029297,-0.119141,-0.005859,0.000000,30.149403,33.000000
0.056641,-0.154297,0.005859,0.000000,25.453072,33.000000
0.341797,-0.080078,-1.218750,0.000000,23.747484,33.000000
0.876953,-0.041016,-0.970703,0.000000,26.095943,33.000000
1.134766,-0.042969,-0.728516,0.000000,25.250448,33.000000
1.160156,-0.000000,-0.765625,0.000000,22.278868,33.000000
2.626953,-0.175781,1.019531,0.000000,29.063351,33.000000
2.693359,-0.089844,0.966797,0.000000,32.190605,33.000000
2.736328,-0.181641,0.957031,0.000000,31.122698,33.000000
4.410156,-0.142578,1.230469,0.000000,31.238516,33.000000
4.421875,-0.144531,1.341797,0.000000,30.572857,33.000000
4.738281,-0.298828,-0.599609,0.000000,30.166155,33.000000
4.759766,-0.300781,-0.748047,0.000000,30.546131,33.000000
4.886719,-0.308594,0.726562,0.000000,31.085649,33.000000
4.951172,-0.623047,0.074219,0.000000,29.795485,33.000000
0.009766,0.031250,0.025391,0.000000,29.309490,33.000000
0.041016,-0.033203,0.062500,0.000000,30.090258,33.000000
0.046875,-0.046875,0.103516,0.000000,28.976271,33.000000
2.777344,-0.000000,0.849609,0.000000,31.119343,33.000000
0.011719,-0.039062,-0.007812,0.000000,30.637085,34.000000
0.017578,-0.080078,-0.007812,0.000000,31.897709,34.000000
0.029297,-0.119141,-0.005859,0.000000,30.145205,34.000000
0.056641,-0.154297,0.005859,0.000000,25.440680,34.000000
0.380859,-0.080078,-1.207031,0.000000,23.909351,34.000000
1.013672,-0.041016,-0.826172,0.000000,26.910814,34.000000
1.230469,-0.042969,-0.552734,0.000000,27.092699,34.000000
1.267578,-0.000000,-0.572266,0.000000,25.010593,34.000000
2.609375,-0.175781,1.060547,0.000000,29.020029,34.000000
2.687500,-0.089844,0.982422,0.000000,32.182728,34.000000
2.751953,-0.089844,0.923828,0.000000,31.099159,34.000000
4.404297,-0.142578,1.095703,0.000000,28.014036,34.000000
4.414062,-0.142578,1.220703,0.000000,31.267805,34.000000
4.451172,-0.144531,1.236328,0.000000,30.678144,34.000000
4.892578,-0.308594,0.689453,0.000000,30.982975,34.000000
4.951172,-0.623047,0.007812,0.000000,29.576073,34.000000
0.009766,0.031250,0.025391,0.000000,29.309490,34.000000
0.041016,-0.033203,0.062500,0.000000,30.090258,34.000000
0.044922,-0.046875,0.103516,0.000000,28.976271,34.000000
0.011719,-0.039062,-0.007812,0.000000,30.640835,35.000000
0.017578,-0.080078,-0.007812,0.000000,31.903316,35.000000
0.029297,-0.119141,-0.005859,0.000000,30.145205,35.000000
0.056641,-0.154297,0.005859,0.000000,25.453072,35.000000
0.421875,-0.080078,-1.193359,0.000000,21.335388,35.000000
1.265625,0.082031,-0.324219,0.000000,19.395193,35.000000
1.349609,-0.042969,-0.037109,0.000000,25.910646,35.000000
1.382812,-0.042969,0.140625,0.000000,24.377506,35.000000
2.617188,-0.175781,1.042969,0.000000,29.052561,35.000000
2.689453,-0.089844,0.980469,0.000000,32.201080,35.000000
2.726562,-0.181641,0.982422,0.000000,31.109262,35.000000
4.414062,-0.142578,1.216797,0.000000,31.267805,35.000000
4.449219,-0.144531,1.242188,0.000000,30.955181,35.000000
4.814453,-0.306641,0.912109,0.000000,29.938768,35.000000
4.888672,-0.308594,0.714844,0.000000,31.068705,35.000000
4.951172,-0.623047,0.046875,0.000000,29.661417,35.000000
0.009766,0.031250,0.025391,0.000000,29.304396,35.000000
0.041016,-0.033203,0.062500,0.000000,30.090258,35.000000
0.044922,-0.046875,0.103516,0.000000,28.976271,35.000000
1.242188,-0.246094,0.332031,0.000000,19.190781,35.000000
0.011719,-0.039062,-0.007812,0.000000,30.644581,36.000000
0.017578,-0.080078,-0.007812,0.000000,31.903316,36.000000
0.029297,-0.119141,-0.005859,0.000000,30.145205,36.000000
0.056641,-0.154297,0.005859,0.000000,25.440680,36.000000
0.320312,-0.080078,-1.224609,0.000000,20.681858,36.000000
1.306641,-0.082031,-0.017578,0.000000,22.833012,36.000000
1.345703,-0.083984,-0.068359,0.000000,27.993406,36.000000
1.388672,-0.087891,0.001953,0.000000,26.702459,36.000000
2.613281,-0.175781,1.050781,0.000000,29.052561,36.000000
2.689453,-0.089844,0.980469,0.000000,32.198463,36.000000
2.726562,-0.181641,0.986328,0.000000,31.095785,36.000000
4.412109,-0.142578,1.222656,0.000000,31.222158,36.000000
4.445312,-0.144531,1.261719,0.000000,30.659531,36.000000
4.884766,-0.308594,0.730469,0.000000,30.867157,36.000000
4.951172,-0.623047,0.017578,0.000000,29.604708,36.000000
0.009766,0.031250,0.025391,0.000000,29.309490,36.000000
0.041016,-0.033203,0.062500,0.000000,30.098757,36.000000
0.044922,-0.046875,0.103516,0.000000,28.981766,36.000000
2.769531,-0.000000,0.876953,0.000000,31.085649,36.000000
0.011719,-0.039062,-0.007812,0.000000,30.640835,37.000000
0.017578,-0.080078,-0.007812,0.000000,31.900515,37.000000
0.029297,-0.119141,-0.005859,0.000000,30.145205,37.000000
0.056641,-0.154297,0.005859,0.000000,25.453072,37.000000
0.484375,-0.080078,-1.169922,0.000000,23.502480,37.000000
1.007812,-0.041016,-0.833984,0.000000,26.170004,37.000000
1.259766,-0.042969,-0.482422,0.000000,27.363964,37.000000
1.328125,-0.042969,-0.414062,0.000000,26.839472,37.000000
1.273438,-0.000000,-0.652344,0.000000,23.263359,37.000000
2.613281,-0.175781,1.050781,0.000000,28.987251,37.000000
2.689453,-0.089844,0.980469,0.000000,32.180099,37.000000
2.755859,-0.089844,0.914062,0.000000,31.129400,37.000000
4.414062,-0.142578,1.214844,0.000000,31.195858,37.000000
4.443359,-0.144531,1.267578,0.000000,30.644581,37.000000
4.884766,-0.308594,0.736328,0.000000,31.010593,37.000000
4.951172,-0.623047,0.068359,0.000000,29.863237,37.000000
0.009766,0.031250,0.025391,0.000000,29.314579,37.000000
0.041016,-0.033203,0.062500,0.000000,30.094509,37.000000
0.044922,-0.046875,0.103516,0.000000,28.981766,37.000000
0.011719,-0.039062,-0.007812,0.000000,30.637085,38.000000
0.017578,-0.080078,-0.007812,0.000000,31.900515,38.000000
0.029297,-0.119141,-0.005859,0.000000,30.145205,38.000000
0.056641,-0.154297,0.005859,0.000000,25.440680,38.000000
0.333984,-0.080078,1.220703,0.000000,22.355284,38.000000
1.048828,-0.164062,0.765625,0.000000,23.074961,38.000000
1.320312,-0.083984,0.271484,0.000000,25.682016,38.000000
1.363281,-0.130859,0.242188,0.000000,25.921768,38.000000
1.337891,-0.089844,0.500000,0.000000,22.430380,38.000000
2.619141,-0.175781,1.037109,0.000000,29.057959,38.000000
2.691406,-0.089844,0.972656,0.000000,32.216751,38.000000
2.753906,-0.089844,0.916016,0.000000,31.169397,38.000000
4.416016,-0.142578,1.214844,0.000000,31.238516,38.000000
4.439453,-0.144531,1.277344,0.000000,30.692980,38.000000
4.884766,-0.308594,0.734375,0.000000,31.344959,38.000000
4.949219,-0.623047,0.117188,0.000000,29.973864,38.000000
0.009766,0.031250,0.025391,0.000000,29.309490,38.000000
0.041016,-0.033203,0.062500,0.000000,30.090258,38.000000
0.044922,-0.046875,0.103516,0.000000,28.976271,38.000000
1.304688,-0.167969,0.306641,0.000000,25.658478,38.000000
0.011719,-0.039062,-0.007812,0.000000,30.640835,39.000000
0.017578,-0.080078,-0.007812,0.000000,31.900515,39.000000
0.029297,-0.119141,-0.005859,0.000000,30.141003,39.000000
0.056641,-0.154297,0.005859,0.000000,25.428255,39.000000
0.433594,-0.080078,1.189453,0.000000,23.031961,39.000000
0.972656,-0.082031,0.871094,0.000000,25.843311,39.000000
1.345703,-0.083984,0.070312,0.000000,27.846172,39.000000
1.386719,-0.042969,-0.095703,0.000000,28.082109,39.000000
1.431641,-0.044922,-0.003906,0.000000,25.352942,39.000000
1.501953,-0.000000,-0.396484,0.000000,24.593925,39.000000
2.613281,-0.175781,1.052734,0.000000,28.976271,39.000000
2.689453,-0.089844,0.976562,0.000000,32.185356,39.000000
2.771484,-0.000000,0.867188,0.000000,31.122698,39.000000
4.412109,-0.142578,1.226562,0.000000,31.283993,39.000000
4.445312,-0.144531,1.261719,0.000000,30.791813,39.000000
4.886719,-0.308594,0.728516,0.000000,30.795429,39.000000
4.951172,-0.623047,0.017578,0.000000,29.474337,39.000000
0.009766,0.031250,0.025391,0.000000,29.309490,39.000000
0.041016,-0.033203,0.062500,0.000000,30.090258,39.000000
0.044922,-0.046875,0.103516,0.000000,28.970770,39.000000
2.730469,-0.181641,0.974609,0.000000,31.112625,39.000000
0.011719,-0.039062,-0.007812,0.000000,30.640835,40.000000
0.017578,-0.080078,-0.007812,0.000000,31.900515,40.000000
0.029297,-0.119141,-0.005859,0.000000,30.145205,40.000000
0.056641,-0.154297,0.005859,0.000000,25.440680,40.000000
0.105469,-0.080078,1.261719,0.000000,23.031961,40.000000
0.410156,-0.082031,-1.240234,0.000000,25.024271,40.000000
1.109375,-0.042969,-0.769531,0.000000,25.428255,40.000000
1.265625,-0.087891,-0.570312,0.000000,25.693739,40.000000
1.214844,-0.089844,-0.751953,0.000000,23.873898,40.000000
2.617188,-0.175781,1.042969,0.000000,29.057959,40.000000
2.693359,-0.089844,0.970703,0.000000,32.203697,40.000000
2.736328,-0.181641,0.953125,0.000000,31.142773,40.000000
4.410156,-0.142578,1.232422,0.000000,31.162756,40.000000
4.445312,-0.144531,1.261719,0.000000,30.637085,40.000000
4.890625,-0.308594,0.691406,0.000000,30.809870,40.000000
4.951172,-0.623047,-0.097656,0.000000,29.324738,40.000000
0.009766,0.031250,0.025391,0.000000,29.309490,40.000000
0.041016,-0.033203,0.062500,0.000000,30.090258,40.000000
0.046875,-0.046875,0.103516,0.000000,28.976271,40.000000
0.011719,-0.039062,-0.007812,0.000000,30.637085,41.000000
0.017578,-0.080078,-0.007812,0.000000,31.900515,41.000000
0.029297,-0.119141,-0.005859,0.000000,30.145205,41.000000
0.056641,-0.154297,0.005859,0.000000,25.453072,41.000000
0.541016,-0.041016,-1.191406,0.000000,25.010593,41.000000
0.804688,-0.042969,-1.083984,0.000000,22.355284,41.000000
1.503906,0.093750,-0.152344,0.000000,24.548449,41.000000
2.621094,-0.175781,1.033203,0.000000,29.009130,41.000000
2.693359,-0.089844,0.970703,0.000000,32.177471,41.000000
2.773438,-0.000000,0.863281,0.000000,31.072100,41.000000
4.412109,-0.142578,1.226562,0.000000,31.231981,41.000000
4.445312,-0.144531,1.259766,0.000000,30.722500,41.000000
4.890625,-0.308594,0.703125,0.000000,30.553783,41.000000
4.951172,-0.623047,-0.060547,0.000000,29.415113,41.000000
1.335938,-0.087891,0.375000,0.614669,22.810333,41.000000
1.400391,-0.044922,0.296875,0.614669,23.944517,41.000000
0.009766,0.031250,0.025391,0.000000,29.314579,41.000000
0.041016,-0.033203,0.062500,0.000000,30.086002,41.000000
0.044922,-0.046875,0.103516,0.000000,28.976271,41.000000
1.091797,0.464844,0.642578,0.000000,19.912260,41.000000
2.734375,-0.181641,0.964844,0.000000,31.068705,41.000000
0.011719,-0.039062,-0.007812,0.000000,30.637085,42.000000
0.017578,-0.080078,-0.007812,0.000000,31.903316,42.000000
0.029297,-0.119141,-0.005859,0.000000,30.149403,42.000000
0.056641,-0.154297,0.005859,0.000000,25.453072,42.000000
0.072266,-0.080078,1.263672,0.000000,22.988531,42.000000
0.335938,-0.082031,1.261719,0.000000,24.248816,42.000000
0.748047,-0.126953,1.117188,0.000000,23.324385,42.000000
0.333984,-0.130859,-1.343750,0.000000,23.344538,42.000000
1.451172,-0.000000,-0.251953,0.000000,25.224442,42.000000
1.500000,-0.046875,-0.199219,0.000000,28.876173,42.000000
1.539062,-0.048828,-0.216797,0.000000,29.095560,42.000000
2.621094,-0.175781,1.035156,0.000000,28.992731,42.000000
2.689453,-0.089844,0.976562,0.000000,32.172207,42.000000
2.773438,-0.000000,0.863281,0.000000,31.115986,42.000000
4.410156,-0.142578,1.234375,0.000000,31.248301,42.000000
4.445312,-0.144531,1.261719,0.000000,30.770042,42.000000
4.808594,-0.154297,0.972656,0.000000,30.115704,42.000000
4.878906,-0.308594,0.773438,0.000000,31.376705,42.000000
4.960938,-0.468750,0.265625,0.000000,29.604708,42.000000
0.009766,0.031250,0.025391,0.000000,29.309490,42.000000
0.041016,-0.033203,0.062500,0.000000,30.090258,42.000000
0.044922,-0.046875,0.103516,0.000000,28.976271,42.000000
2.730469,-0.181641,0.970703,0.000000,31.112625,42.000000
0.011719,-0.039062,-0.007812,0.000000,30.633333,43.000000
0.017578,-0.080078,-0.007812,0.000000,31.900515,43.000000
0.029297,-0.119141,-0.005859,0.000000,30.149403,43.000000
0.056641,-0.154297,0.007812,0.000000,25.453072,43.000000
0.443359,-0.041016,-1.230469,0.000000,24.361626,43.000000
1.033203,-0.000000,-0.869141,0.000000,21.003706,43.000000
1.468750,-0.091797,-0.064453,0.000000,25.037907,43.000000
1.498047,-0.046875,-0.210938,0.000000,28.254261,43.000000
1.537109,-0.048828,-0.232422,0.000000,28.432327,43.000000
2.611328,-0.175781,1.058594,0.000000,29.030899,43.000000
2.689453,-0.089844,0.980469,0.000000,32.193226,43.000000
2.730469,-0.181641,0.972656,0.000000,31.129400,43.000000
4.410156,-0.142578,1.232422,0.000000,31.122698,43.000000
4.443359,-0.144531,1.263672,0.000000,30.614525,43.000000
4.882812,-0.308594,0.750000,0.000000,31.132748,43.000000
4.949219,-0.623047,0.132812,0.000000,30.111473,43.000000
1.384766,-0.087891,0.089844,0.614669,22.855574,43.000000
1.423828,-0.044922,0.136719,0.614669,23.263359,43.000000
0.009766,0.031250,0.025391,0.000000,29.314579,43.000000
0.041016,-0.033203,0.062500,0.000000,30.090258,43.000000
0.044922,-0.046875,0.103516,0.000000,28.981766,43.000000
1.130859,0.464844,0.572266,0.000000,18.864906,43.000000
2.771484,-0.000000,0.869141,0.000000,31.122698,43.000000
0.011719,-0.039062,-0.007812,0.000000,30.637085,44.000000
0.017578,-0.080078,-0.007812,0.000000,31.900515,44.000000
0.029297,-0.119141,-0.005859,0.000000,30.145205,44.000000
0.056641,-0.154297,0.005859,0.000000,25.440680,44.000000
0.109375,-0.080078,1.261719,0.000000,23.096302,44.000000
0.300781,-0.082031,-1.271484,0.000000,24.440449,44.000000
0.607422,-0.042969,-1.205078,0.000000,19.731279,44.000000
1.445312,-0.046875,-0.277344,0.000000,28.591383,44.000000
1.492188,-0.046875,-0.244141,0.000000,31.958996,44.000000
1.533203,-0.048828,-0.250000,0.000000,31.684975,44.000000
1.566406,-0.050781,-0.292969,0.000000,27.528164,44.000000
2.611328,-0.175781,1.058594,0.000000,28.970770,44.000000
2.689453,-0.089844,0.976562,0.000000,32.174839,44.000000
2.728516,-0.181641,0.976562,0.000000,31.112625,44.000000
4.414062,-0.142578,1.218750,0.000000,31.105898,44.000000
4.441406,-0.144531,1.273438,0.000000,30.538464,44.000000
4.873047,-0.308594,0.812500,0.000000,30.874264,44.000000
4.960938,-0.468750,0.271484,0.000000,29.344984,44.000000
1.361328,-0.087891,0.269531,0.614669,24.683474,44.000000
1.412109,-0.089844,0.216797,0.614669,26.963564,44.000000
0.009766,0.031250,0.025391,0.000000,29.309490,44.000000
0.041016,-0.033203,0.062500,0.000000,30.090258,44.000000
0.046875,-0.046875,0.103516,0.000000,28.976271,44.000000
0.933594,-0.294922,0.929688,0.000000,19.444826,44.000000
0.857422,0.648438,1.177734,0.000000,24.563660,44.000000
0.011719,-0.039062,-0.007812,0.000000,30.640835,45.000000
0.017578,-0.080078,-0.007812,0.000000,31.900515,45.000000
0.029297,-0.119141,-0.005859,0.000000,30.145205,45.000000
0.056641,-0.154297,0.005859,0.000000,25.440680,45.000000
0.103516,-0.080078,1.261719,0.000000,23.074961,45.000000
0.128906,-0.082031,1.300781,0.000000,24.593925,45.000000
0.167969,-0.083984,1.335938,0.000000,23.364597,45.000000
1.416016,-0.091797,-0.396484,0.000000,26.803354,45.000000
1.486328,-0.093750,-0.267578,0.000000,30.253059,45.000000
1.533203,-0.097656,-0.234375,0.000000,30.203613,45.000000
1.576172,-0.050781,-0.236328,0.000000,26.875290,45.000000
2.617188,-0.175781,1.042969,0.000000,29.041744,45.000000
2.689453,-0.089844,0.978516,0.000000,32.221962,45.000000
2.728516,-0.181641,0.976562,0.000000,31.182648,45.000000
4.408203,-0.142578,1.083984,0.000000,28.055008,45.000000
4.419922,-0.142578,1.201172,0.000000,31.448854,45.000000
4.455078,-0.144531,1.222656,0.000000,31.034616,45.000000
1.429688,-0.044922,0.052734,0.614669,24.424797,45.000000
0.009766,0.031250,0.025391,0.000000,29.304396,45.000000
0.041016,-0.033203,0.062500,0.000000,30.090258,45.000000
0.044922,-0.046875,0.103516,0.000000,28.970770,45.000000
0.011719,-0.039062,-0.007812,0.000000,30.644581,46.000000
0.017578,-0.080078,-0.007812,0.000000,31.903316,46.000000
0.029297,-0.119141,-0.005859,0.000000,30.149403,46.000000
0.056641,-0.154297,0.005859,0.000000,25.453072,46.000000
0.126953,-0.080078,1.259766,0.000000,23.053514,46.000000
0.296875,-0.083984,-1.314453,0.000000,23.961994,46.000000
1.466797,-0.000000,-0.138672,0.000000,29.185545,46.000000
1.498047,-0.000000,-0.220703,0.000000,30.666985,46.000000
1.529297,0.048828,-0.277344,0.000000,29.912260,46.000000
1.560547,0.050781,-0.324219,0.000000,26.304279,46.000000
2.623047,-0.175781,1.025391,0.000000,29.057959,46.000000
2.691406,-0.089844,0.970703,0.000000,32.216751,46.000000
2.775391,-0.000000,0.857422,0.000000,31.169397,46.000000
4.414062,-0.142578,1.056641,0.000000,28.286598,46.000000
4.421875,-0.142578,1.187500,0.000000,31.338581,46.000000
4.457031,-0.144531,1.218750,0.000000,30.689276,46.000000
1.384766,-0.042969,0.128906,0.614669,24.409090,46.000000
1.423828,-0.044922,0.150391,0.614669,26.637009,46.000000
0.009766,0.031250,0.025391,0.000000,29.309490,46.000000
0.041016,-0.033203,0.062500,0.000000,30.086002,46.000000
0.044922,-0.046875,0.103516,0.000000,28.976271,46.000000
0.361328,0.748047,1.363281,0.000000,24.313637,46.000000
2.734375,-0.181641,0.960938,0.000000,31.166077,46.000000
0.011719,-0.039062,-0.007812,0.000000,30.629578,47.000000
0.017578,-0.080078,-0.007812,0.000000,31.900515,47.000000
0.029297,-0.119141,-0.005859,0.000000,30.149403,47.000000
0.056641,-0.154297,0.005859,0.000000,25.453072,47.000000
0.064453,-0.080078,1.263672,0.000000,23.138672,47.000000
0.267578,-0.083984,-1.320312,0.000000,23.222193,47.000000
0.257812,-0.087891,1.363281,0.000000,23.560259,47.000000
1.464844,0.091797,0.126953,0.000000,25.587086,47.000000
1.509766,0.093750,0.058594,0.000000,27.032913,47.000000
1.550781,0.097656,-0.044922,0.000000,27.126497,47.000000
2.625000,-0.175781,1.021484,0.000000,29.068735,47.000000
2.693359,-0.089844,0.968750,0.000000,32.221962,47.000000
2.755859,-0.089844,0.914062,0.000000,31.146111,47.000000
4.406250,-0.142578,1.083984,0.000000,28.095596,47.000000
4.416016,-0.142578,1.212891,0.000000,31.414497,47.000000
4.451172,-0.144531,1.234375,0.000000,31.038036,47.000000
1.416016,-0.044922,0.201172,0.614669,24.166405,47.000000
0.009766,0.031250,0.025391,0.000000,29.314579,47.000000
0.041016,-0.033203,0.062500,0.000000,30.090258,47.000000
0.044922,-0.046875,0.103516,0.000000,28.976271,47.000000
0.011719,-0.039062,-0.007812,0.000000,30.648323,48.000000
0.017578,-0.080078,-0.007812,0.000000,31.900515,48.000000
0.029297,-0.119141,-0.005859,0.000000,30.145205,48.000000
0.056641,-0.154297,0.005859,0.000000,25.453072,48.000000
0.087891,-0.080078,1.261719,0.000000,23.096302,48.000000
0.556641,-0.083984,-1.226562,0.000000,22.900347,48.000000
1.455078,-0.138672,-0.183594,0.000000,28.175653,48.000000
1.476562,-0.189453,-0.273438,0.000000,30.145205,48.000000
1.507812,-0.193359,-0.324219,0.000000,29.623693,48.000000
2.607422,-0.175781,1.066406,0.000000,29.041744,48.000000
2.685547,-0.089844,0.988281,0.000000,32.177471,48.000000
2.748047,-0.089844,0.935547,0.000000,31.115986,48.000000
4.423828,-0.142578,1.181641,0.000000,31.492191,48.000000
4.460938,-0.144531,1.205078,0.000000,31.274288,48.000000
1.429688,-0.089844,0.005859,0.614669,24.727564,48.000000
0.009766,0.031250,0.025391,0.000000,29.309490,48.000000
0.041016,-0.033203,0.062500,0.000000,30.094509,48.000000
0.044922,-0.046875,0.103516,0.000000,28.976271,48.000000
0.011719,-0.039062,-0.007812,0.000000,30.640835,49.000000
0.017578,-0.080078,-0.007812,0.000000,31.903316,49.000000
0.029297,-0.119141,-0.005859,0.000000,30.149403,49.000000
0.056641,-0.154297,0.005859,0.000000,25.440680,49.000000
0.134766,-0.080078,1.257812,0.000000,23.074961,49.000000
0.056641,-0.082031,-1.304688,0.000000,24.593925,49.000000
0.355469,-0.083984,-1.298828,0.000000,23.053514,49.000000
1.378906,-0.089844,0.376953,0.000000,23.765770,49.000000
1.457031,-0.091797,-0.189453,0.000000,28.369568,49.000000
1.492188,-0.093750,-0.238281,0.000000,30.145205,49.000000
1.525391,-0.097656,-0.281250,0.000000,28.095596,49.000000
2.619141,-0.175781,1.037109,0.000000,29.009130,49.000000
2.693359,-0.089844,0.968750,0.000000,32.211533,49.000000
2.732422,-0.181641,0.964844,0.000000,31.129400,49.000000
4.414062,-0.142578,1.216797,0.000000,31.024338,49.000000
4.455078,-0.144531,1.220703,0.000000,30.784569,49.000000
0.009766,0.031250,0.025391,0.000000,29.314579,49.000000
0.041016,-0.033203,0.062500,0.000000,30.098757,49.000000
0.044922,-0.046875,0.103516,0.000000,28.981766,49.000000
0.671875,0.582031,1.275391,0.000000,26.031445,49.000000
