0.056641,-0.154297,0.005859,0.000000,25.526682,0.000000
0.339844,-0.080078,-1.218750,0.000000,22.013971,0.000000
0.308594,-0.041016,1.271484,0.000000,23.283796,0.000000
0.431641,-0.000000,1.279297,0.000000,21.986570,0.000000
1.697266,-0.052734,-0.267578,0.000000,29.854265,0.000000
1.742188,-0.054688,-0.230469,0.000000,30.232525,0.000000
1.785156,-0.056641,-0.224609,0.000000,27.693773,0.000000
2.527344,-0.263672,1.228516,0.000000,29.400181,0.000000
2.601562,-0.267578,1.164062,0.000000,32.748505,0.000000
2.666016,-0.181641,1.136719,0.000000,32.027607,0.000000
0.041016,-0.033203,0.062500,0.000000,30.153597,0.000000
0.044922,-0.046875,0.103516,0.000000,29.057959,0.000000
1.214844,0.357422,0.068359,0.000000,19.294189,0.000000
0.011719,-0.039062,-0.007812,0.000000,30.740847,1.000000
0.017578,-0.080078,-0.007812,0.000000,31.986570,1.000000
0.029297,-0.119141,-0.003906,0.000000,30.216026,1.000000
0.056641,-0.154297,0.005859,0.000000,25.514500,1.000000
0.333984,-0.080078,-1.220703,0.000000,22.041201,1.000000
0.320312,-0.041016,1.267578,0.000000,23.304138,1.000000
0.433594,-0.000000,1.277344,0.000000,21.958996,1.000000
1.646484,-0.105469,-0.300781,0.000000,27.024305,1.000000
1.693359,-0.052734,-0.279297,0.000000,30.141003,1.000000
1.744141,-0.000000,-0.224609,0.000000,30.681858,1.000000
1.787109,0.056641,-0.210938,0.000000,29.405165,1.000000
1.796875,0.056641,-0.394531,0.000000,26.646420,1.000000
2.542969,-0.263672,1.195312,0.000000,29.405165,1.000000
2.605469,-0.267578,1.158203,0.000000,32.769211,1.000000
2.669922,-0.181641,1.128906,0.000000,32.022160,1.000000
0.041016,-0.033203,0.062500,0.000000,30.157787,1.000000
0.044922,-0.046875,0.103516,0.000000,29.068735,1.000000
1.214844,0.357422,0.078125,0.000000,19.395193,1.000000
0.011719,-0.039062,-0.007812,0.000000,30.737183,2.000000
0.017578,-0.080078,-0.007812,0.000000,31.986570,2.000000
0.029297,-0.119141,-0.003906,0.000000,30.216026,2.000000
0.056641,-0.154297,0.007812,0.000000,25.514500,2.000000
0.351562,-0.080078,-1.214844,0.000000,22.068258,2.000000
0.316406,-0.041016,1.269531,0.000000,23.324385,2.000000
0.435547,-0.000000,1.277344,0.000000,21.986570,2.000000
1.671875,-0.337891,-0.572266,0.000000,27.573959,2.000000
1.771484,-0.171875,-0.472656,0.000000,26.766935,2.000000
2.564453,-0.263672,1.148438,0.000000,29.532763,2.000000
2.609375,-0.267578,1.148438,0.000000,32.771507,2.000000
2.664062,-0.181641,1.142578,0.000000,31.978317,2.000000
0.041016,-0.033203,0.062500,0.000000,30.153597,2.000000
0.044922,-0.046875,0.103516,0.000000,29.057959,2.000000
1.214844,0.357422,0.056641,0.000000,19.138138,2.000000
1.759766,0.337891,0.167969,0.000000,24.983105,2.000000
0.011719,-0.039062,-0.007812,0.000000,30.744507,3.000000
0.017578,-0.080078,-0.007812,0.000000,31.986570,3.000000
0.029297,-0.119141,-0.003906,0.000000,30.216026,3.000000
0.056641,-0.154297,0.005859,0.000000,25.514500,3.000000
0.378906,-0.080078,-1.207031,0.000000,22.013971,3.000000
0.279297,-0.041016,1.277344,0.000000,23.283796,3.000000
0.421875,-0.000000,1.283203,0.000000,21.986570,3.000000
1.669922,-0.052734,-0.150391,0.000000,28.337843,3.000000
1.705078,-0.052734,-0.199219,0.000000,31.231981,3.000000
1.728516,-0.000000,-0.328125,0.000000,30.273497,3.000000
1.794922,-0.287109,-0.285156,0.000000,27.379873,3.000000
2.535156,-0.263672,1.212891,0.000000,29.350031,3.000000
2.599609,-0.267578,1.171875,0.000000,32.730011,3.000000
2.666016,-0.181641,1.136719,0.000000,31.978317,3.000000
0.041016,-0.033203,0.062500,0.000000,30.157787,3.000000
0.044922,-0.046875,0.103516,0.000000,29.063351,3.000000
1.214844,0.357422,0.078125,0.000000,19.190781,3.000000
0.011719,-0.039062,-0.007812,0.000000,30.748165,4.000000
0.017578,-0.080078,-0.007812,0.000000,31.989319,4.000000
0.029297,-0.119141,-0.003906,0.000000,30.224283,4.000000
0.056641,-0.154297,0.005859,0.000000,25.526682,4.000000
0.367188,-0.080078,-1.210938,0.000000,22.041201,4.000000
0.292969,-0.041016,1.275391,0.000000,23.283796,4.000000
0.416016,-0.000000,1.285156,0.000000,21.958996,4.000000
1.673828,-0.105469,-0.011719,0.000000,29.164539,4.000000
1.716797,-0.052734,0.001953,0.000000,32.322334,4.000000
1.757812,-0.054688,0.044922,0.000000,31.726028,4.000000
1.785156,0.056641,0.216797,0.000000,28.312298,4.000000
2.539062,-0.263672,1.205078,0.000000,29.380192,4.000000
2.597656,-0.267578,1.175781,0.000000,32.704460,4.000000
2.652344,-0.181641,1.167969,0.000000,31.886473,4.000000
0.041016,-0.033203,0.062500,0.000000,30.161974,4.000000
0.044922,-0.046875,0.103516,0.000000,29.068735,4.000000
1.212891,0.357422,0.089844,0.000000,19.294189,4.000000
1.445312,-0.562500,-0.912109,0.000000,26.063814,4.000000
0.011719,-0.039062,-0.007812,0.000000,30.740847,5.000000
0.017578,-0.080078,-0.007812,0.000000,31.986570,5.000000
0.029297,-0.119141,-0.003906,0.000000,30.216026,5.000000
0.056641,-0.154297,0.005859,0.000000,25.502283,5.000000
0.361328,-0.080078,-1.212891,0.000000,21.986570,5.000000
0.279297,-0.041016,1.277344,0.000000,23.283796,5.000000
0.400391,-0.000000,1.289062,0.000000,21.931246,5.000000
1.656250,-0.158203,-0.212891,0.000000,28.853613,5.000000
1.699219,-0.160156,-0.189453,0.000000,31.743505,5.000000
1.740234,-0.220703,-0.134766,0.000000,32.253094,5.000000
1.785156,-0.224609,-0.035156,0.000000,30.958664,5.000000
1.736328,-0.402344,0.462891,0.000000,26.928469,5.000000
1.804688,0.175781,-0.501953,0.000000,26.720978,5.000000
2.541016,-0.263672,1.201172,0.000000,29.339931,5.000000
2.603516,-0.267578,1.162109,0.000000,32.762321,5.000000
2.660156,-0.181641,1.152344,0.000000,32.005768,5.000000
0.041016,-0.033203,0.062500,0.000000,30.161974,5.000000
0.044922,-0.046875,0.103516,0.000000,29.063351,5.000000
1.214844,0.357422,0.070312,0.000000,19.344984,5.000000
1.634766,0.287109,-0.794922,0.000000,25.877110,5.000000
0.011719,-0.039062,-0.007812,0.000000,30.740847,6.000000
0.017578,-0.080078,-0.007812,0.000000,31.986570,6.000000
0.029297,-0.119141,-0.003906,0.000000,30.216026,6.000000
0.056641,-0.154297,0.005859,0.000000,25.502283,6.000000
0.332031,-0.080078,-1.220703,0.000000,21.986570,6.000000
0.289062,-0.041016,1.275391,0.000000,23.304138,6.000000
0.388672,-0.000000,1.292969,0.000000,21.986570,6.000000
1.656250,-0.105469,-0.244141,0.000000,27.551123,6.000000
1.697266,-0.107422,-0.246094,0.000000,30.748165,6.000000
1.728516,-0.109375,-0.304688,0.000000,29.689497,6.000000
1.810547,-0.287109,-0.169922,0.000000,27.315887,6.000000
2.533203,-0.263672,1.218750,0.000000,29.484129,6.000000
2.603516,-0.267578,1.162109,0.000000,32.828487,6.000000
2.660156,-0.181641,1.150391,0.000000,32.076344,6.000000
0.041016,-0.033203,0.062500,0.000000,30.157787,6.000000
0.044922,-0.046875,0.103516,0.000000,29.068735,6.000000
1.214844,0.357422,0.052734,0.000000,19.242792,6.000000
0.011719,-0.039062,-0.007812,0.000000,30.737183,7.000000
0.017578,-0.080078,-0.007812,0.000000,31.986570,7.000000
0.029297,-0.119141,-0.003906,0.000000,30.220158,7.000000
0.056641,-0.154297,0.005859,0.000000,25.514500,7.000000
0.322266,-0.080078,-1.224609,0.000000,22.013971,7.000000
0.320312,-0.041016,1.269531,0.000000,23.283796,7.000000
0.408203,-0.000000,1.287109,0.000000,21.986570,7.000000
1.695312,-0.000000,-0.281250,0.000000,27.323938,7.000000
1.740234,0.054688,-0.246094,0.000000,27.032913,7.000000
0.619141,2.417969,-0.023438,0.000000,24.913616,7.000000
2.564453,-0.263672,1.150391,0.000000,29.459606,7.000000
2.607422,-0.267578,1.150391,0.000000,32.810333,7.000000
2.662109,-0.181641,1.146484,0.000000,32.003033,7.000000
0.041016,-0.033203,0.062500,0.000000,30.149403,7.000000
0.044922,-0.046875,0.103516,0.000000,29.057959,7.000000
1.214844,0.357422,0.060547,0.000000,19.190781,7.000000
1.421875,-0.494141,0.908203,0.000000,24.048338,7.000000
0.011719,-0.039062,-0.007812,0.000000,30.744507,8.000000
0.017578,-0.080078,-0.007812,0.000000,31.986570,8.000000
0.029297,-0.119141,-0.003906,0.000000,30.220158,8.000000
0.056641,-0.154297,0.005859,0.000000,25.526682,8.000000
0.310547,-0.080078,-1.226562,0.000000,21.986570,8.000000
0.298828,-0.041016,1.273438,0.000000,23.263359,8.000000
0.492188,-0.042969,1.255859,0.000000,21.958996,8.000000
1.673828,-0.052734,-0.101562,0.000000,28.904211,8.000000
1.714844,-0.052734,-0.091797,0.000000,32.484638,8.000000
1.757812,-0.054688,-0.054688,0.000000,31.763807,8.000000
1.728516,-0.337891,-0.367188,0.000000,26.454224,8.000000
1.808594,-0.287109,-0.191406,0.000000,27.242758,8.000000
2.550781,-0.263672,1.181641,0.000000,29.395193,8.000000
2.601562,-0.267578,1.167969,0.000000,32.704460,8.000000
2.654297,-0.181641,1.164062,0.000000,31.849752,8.000000
0.041016,-0.033203,0.062500,0.000000,30.157787,8.000000
0.044922,-0.046875,0.103516,0.000000,29.057959,8.000000
1.214844,0.357422,0.083984,0.000000,19.242792,8.000000
0.011719,-0.039062,-0.007812,0.000000,30.740847,9.000000
0.017578,-0.080078,-0.007812,0.000000,31.983822,9.000000
0.029297,-0.119141,-0.003906,0.000000,30.216026,9.000000
0.056641,-0.154297,0.005859,0.000000,25.514500,9.000000
0.359375,-0.080078,-1.212891,0.000000,22.041201,9.000000
0.304688,-0.041016,1.271484,0.000000,23.283796,9.000000
0.427734,-0.000000,1.281250,0.000000,21.931246,9.000000
1.671875,-0.052734,-0.134766,0.000000,28.651039,9.000000
1.714844,-0.052734,-0.089844,0.000000,32.347702,9.000000
1.757812,-0.054688,-0.042969,0.000000,32.631626,9.000000
1.794922,-0.113281,0.054688,0.000000,29.680157,9.000000
2.537109,-0.263672,1.207031,0.000000,29.148718,9.000000
2.601562,-0.267578,1.166016,0.000000,32.681099,9.000000
2.660156,-0.181641,1.150391,0.000000,31.945143,9.000000
0.041016,-0.033203,0.062500,0.000000,30.161974,9.000000
0.044922,-0.046875,0.103516,0.000000,29.063351,9.000000
1.214844,0.357422,0.068359,0.000000,19.344984,9.000000
0.011719,-0.039062,-0.007812,0.000000,30.740847,10.000000
0.017578,-0.080078,-0.007812,0.000000,31.986570,10.000000
0.029297,-0.119141,-0.003906,0.000000,30.220158,10.000000
0.056641,-0.154297,0.007812,0.000000,25.514500,10.000000
0.371094,-0.080078,-1.208984,0.000000,22.013971,10.000000
0.291016,-0.041016,1.275391,0.000000,23.263359,10.000000
0.435547,-0.000000,1.277344,0.000000,21.931246,10.000000
1.669922,-0.052734,-0.152344,0.000000,27.581547,10.000000
1.712891,-0.052734,-0.119141,0.000000,31.031193,10.000000
1.755859,-0.000000,-0.099609,0.000000,30.648323,10.000000
2.539062,-0.263672,1.201172,0.000000,29.242792,10.000000
2.605469,-0.267578,1.158203,0.000000,32.734642,10.000000
2.669922,-0.181641,1.128906,0.000000,32.011238,10.000000
0.041016,-0.033203,0.062500,0.000000,30.157787,10.000000
0.044922,-0.046875,0.103516,0.000000,29.063351,10.000000
1.214844,0.357422,0.060547,0.000000,19.395193,10.000000
0.011719,-0.039062,-0.007812,0.000000,30.748165,11.000000
0.017578,-0.080078,-0.007812,0.000000,31.989319,11.000000
0.029297,-0.119141,-0.003906,0.000000,30.224283,11.000000
0.056641,-0.154297,0.005859,0.000000,25.526682,11.000000
0.349609,-0.080078,-1.216797,0.000000,22.013971,11.000000
0.298828,-0.041016,1.273438,0.000000,23.283796,11.000000
0.441406,-0.000000,1.275391,0.000000,21.903316,11.000000
1.708984,-0.052734,-0.169922,0.000000,30.094509,11.000000
1.757812,-0.054688,-0.054688,0.000000,30.094509,11.000000
1.794922,-0.113281,0.041016,0.000000,28.055008,11.000000
2.552734,-0.263672,1.173828,0.000000,29.415113,11.000000
2.603516,-0.267578,1.162109,0.000000,32.743889,11.000000
2.662109,-0.181641,1.146484,0.000000,31.970047,11.000000
0.041016,-0.033203,0.062500,0.000000,30.157787,11.000000
0.044922,-0.046875,0.103516,0.000000,29.063351,11.000000
1.214844,0.357422,0.064453,0.000000,19.294189,11.000000
0.011719,-0.039062,-0.007812,0.000000,30.744507,12.000000
0.017578,-0.080078,-0.007812,0.000000,31.986570,12.000000
0.029297,-0.119141,-0.003906,0.000000,30.220158,12.000000
0.056641,-0.154297,0.007812,0.000000,25.526682,12.000000
0.337891,-0.080078,-1.220703,0.000000,21.986570,12.000000
0.324219,-0.041016,1.267578,0.000000,23.283796,12.000000
0.416016,-0.000000,1.283203,0.000000,21.958996,12.000000
1.667969,-0.105469,-0.148438,0.000000,26.560982,12.000000
1.707031,-0.107422,-0.152344,0.000000,30.546131,12.000000
1.748047,-0.054688,-0.185547,0.000000,30.870712,12.000000
1.779297,-0.056641,-0.261719,0.000000,27.824726,12.000000
2.544922,-0.263672,1.193359,0.000000,29.434946,12.000000
2.605469,-0.267578,1.158203,0.000000,32.736958,12.000000
2.656250,-0.181641,1.162109,0.000000,31.925674,12.000000
0.041016,-0.033203,0.062500,0.000000,30.157787,12.000000
0.044922,-0.046875,0.103516,0.000000,29.068735,12.000000
1.214844,0.357422,0.074219,0.000000,19.294189,12.000000
0.011719,-0.039062,-0.007812,0.000000,30.748165,13.000000
0.017578,-0.080078,-0.007812,0.000000,31.989319,13.000000
0.029297,-0.119141,-0.003906,0.000000,30.224283,13.000000
0.056641,-0.154297,0.007812,0.000000,25.538830,13.000000
0.347656,-0.080078,-1.216797,0.000000,22.013971,13.000000
0.318359,-0.041016,1.269531,0.000000,23.304138,13.000000
0.447266,-0.000000,1.273438,0.000000,22.013971,13.000000
1.679688,-0.052734,-0.355469,0.000000,29.786369,13.000000
1.726562,-0.054688,-0.330078,0.000000,28.898617,13.000000
1.779297,-0.167969,-0.212891,0.000000,26.748611,13.000000
1.820312,-0.115234,-0.242188,0.000000,26.665180,13.000000
2.566406,-0.263672,1.146484,0.000000,29.523081,13.000000
2.611328,-0.267578,1.144531,0.000000,32.780674,13.000000
2.666016,-0.181641,1.134766,0.000000,32.005768,13.000000
0.041016,-0.033203,0.062500,0.000000,30.161974,13.000000
0.044922,-0.046875,0.103516,0.000000,29.063351,13.000000
1.212891,0.357422,0.099609,0.000000,19.242792,13.000000
0.011719,-0.039062,-0.007812,0.000000,30.744507,14.000000
0.017578,-0.080078,-0.007812,0.000000,31.989319,14.000000
0.029297,-0.119141,-0.003906,0.000000,30.220158,14.000000
0.056641,-0.154297,0.005859,0.000000,25.514500,14.000000
0.335938,-0.080078,-1.220703,0.000000,22.041201,14.000000
0.314453,-0.041016,1.269531,0.000000,23.283796,14.000000
0.433594,-0.000000,1.277344,0.000000,21.958996,14.000000
1.683594,-0.000000,-0.339844,0.000000,27.058638,14.000000
1.750000,0.054688,-0.175781,0.000000,26.998377,14.000000
1.796875,-0.000000,-0.089844,0.000000,28.195440,14.000000
1.824219,-0.056641,-0.244141,0.000000,27.803173,14.000000
2.537109,-0.263672,1.208984,0.000000,29.314579,14.000000
2.603516,-0.267578,1.160156,0.000000,32.741577,14.000000
2.662109,-0.181641,1.146484,0.000000,32.008507,14.000000
0.041016,-0.033203,0.062500,0.000000,30.157787,14.000000
0.044922,-0.046875,0.105469,0.000000,29.057959,14.000000
1.214844,0.357422,0.062500,0.000000,19.294189,14.000000
0.011719,-0.039062,-0.007812,0.000000,30.744507,15.000000
0.017578,-0.080078,-0.007812,0.000000,31.983822,15.000000
0.029297,-0.119141,-0.003906,0.000000,30.220158,15.000000
0.056641,-0.154297,0.005859,0.000000,25.526682,15.000000
0.349609,-0.080078,-1.216797,0.000000,22.013971,15.000000
0.314453,-0.041016,1.269531,0.000000,23.263359,15.000000
0.412109,-0.000000,1.285156,0.000000,21.931246,15.000000
1.695312,-0.107422,-0.263672,0.000000,29.020029,15.000000
1.755859,-0.054688,0.068359,0.000000,30.017338,15.000000
1.798828,-0.000000,0.072266,0.000000,29.052561,15.000000
1.837891,-0.000000,-0.117188,0.000000,28.075350,15.000000
1.861328,0.058594,-0.265625,0.000000,27.032913,15.000000
2.542969,-0.263672,1.195312,0.000000,29.405165,15.000000
2.599609,-0.267578,1.171875,0.000000,32.794388,15.000000
2.658203,-0.271484,1.138672,0.000000,32.019432,15.000000
0.041016,-0.033203,0.062500,0.000000,30.157787,15.000000
0.044922,-0.046875,0.103516,0.000000,29.063351,15.000000
1.214844,0.357422,0.076172,0.000000,19.294189,15.000000
0.011719,-0.039062,-0.007812,0.000000,30.748165,16.000000
0.017578,-0.080078,-0.007812,0.000000,31.992065,16.000000
0.029297,-0.119141,-0.005859,0.000000,30.220158,16.000000
0.056641,-0.154297,0.005859,0.000000,25.514500,16.000000
0.367188,-0.080078,-1.210938,0.000000,22.013971,16.000000
0.281250,-0.041016,1.277344,0.000000,23.242825,16.000000
0.392578,-0.000000,1.291016,0.000000,21.875208,16.000000
1.660156,-0.105469,-0.214844,0.000000,29.523081,16.000000
1.707031,-0.107422,-0.158203,0.000000,33.257210,16.000000
1.753906,-0.054688,-0.121094,0.000000,33.590763,16.000000
1.792969,-0.113281,-0.107422,0.000000,31.014034,16.000000
2.537109,-0.263672,1.208984,0.000000,29.449759,16.000000
2.603516,-0.267578,1.162109,0.000000,32.826221,16.000000
2.664062,-0.271484,1.125000,0.000000,32.084415,16.000000
0.041016,-0.033203,0.062500,0.000000,30.161974,16.000000
0.044922,-0.046875,0.103516,0.000000,29.063351,16.000000
1.212891,0.357422,0.087891,0.000000,19.242792,16.000000
0.011719,-0.039062,-0.007812,0.000000,30.744507,17.000000
0.017578,-0.080078,-0.007812,0.000000,31.986570,17.000000
0.029297,-0.119141,-0.003906,0.000000,30.220158,17.000000
0.056641,-0.154297,0.007812,0.000000,25.514500,17.000000
0.314453,-0.080078,-1.226562,0.000000,22.013971,17.000000
0.308594,-0.041016,1.271484,0.000000,23.283796,17.000000
0.429688,-0.000000,1.279297,0.000000,21.958996,17.000000
1.648438,-0.109375,0.603516,0.000000,28.555191,17.000000
2.544922,-0.263672,1.193359,0.000000,29.138138,17.000000
2.605469,-0.267578,1.158203,0.000000,32.683437,17.000000
2.662109,-0.181641,1.144531,0.000000,32.013969,17.000000
0.041016,-0.033203,0.062500,0.000000,30.157787,17.000000
0.044922,-0.046875,0.103516,0.000000,29.063351,17.000000
1.214844,0.357422,0.083984,0.000000,19.344984,17.000000
0.011719,-0.039062,-0.007812,0.000000,30.740847,18.000000
0.017578,-0.080078,-0.007812,0.000000,31.989319,18.000000
0.029297,-0.119141,-0.003906,0.000000,30.224283,18.000000
0.056641,-0.154297,0.007812,0.000000,25.526682,18.000000
0.355469,-0.080078,-1.214844,0.000000,22.095150,18.000000
0.302734,-0.041016,1.273438,0.000000,23.283796,18.000000
0.410156,-0.000000,1.285156,0.000000,21.931246,18.000000
1.669922,-0.052734,-0.156250,0.000000,31.354507,18.000000
1.707031,-0.107422,-0.156250,0.000000,34.810123,18.000000
1.753906,-0.054688,-0.128906,0.000000,34.540821,18.000000
1.794922,-0.000000,-0.126953,0.000000,30.930714,18.000000
2.544922,-0.263672,1.189453,0.000000,29.294189,18.000000
2.601562,-0.267578,1.166016,0.000000,32.718414,18.000000
2.658203,-0.181641,1.154297,0.000000,31.964525,18.000000
0.041016,-0.033203,0.062500,0.000000,30.157787,18.000000
0.044922,-0.046875,0.103516,0.000000,29.063351,18.000000
1.212891,0.357422,0.087891,0.000000,19.242792,18.000000
0.011719,-0.039062,-0.007812,0.000000,30.744507,19.000000
0.017578,-0.080078,-0.007812,0.000000,31.986570,19.000000
0.029297,-0.119141,-0.003906,0.000000,30.220158,19.000000
0.056641,-0.154297,0.005859,0.000000,25.526682,19.000000
0.337891,-0.080078,-1.220703,0.000000,22.068258,19.000000
0.318359,-0.041016,1.269531,0.000000,23.304138,19.000000
0.421875,-0.000000,1.283203,0.000000,21.986570,19.000000
1.710938,-0.052734,-0.152344,0.000000,29.698816,19.000000
1.750000,-0.000000,-0.185547,0.000000,29.036325,19.000000
1.785156,-0.224609,-0.068359,0.000000,27.604225,19.000000
1.787109,-0.230469,-0.380859,0.000000,29.278833,19.000000
1.816406,-0.175781,-0.458984,0.000000,28.135809,19.000000
2.550781,-0.263672,1.177734,0.000000,29.518230,19.000000
2.607422,-0.267578,1.152344,0.000000,32.750809,19.000000
2.673828,-0.181641,1.121094,0.000000,31.945143,19.000000
0.041016,-0.033203,0.062500,0.000000,30.157787,19.000000
0.044922,-0.046875,0.103516,0.000000,29.068735,19.000000
1.214844,0.357422,0.068359,0.000000,19.190781,19.000000
0.011719,-0.039062,-0.007812,0.000000,30.737183,20.000000
0.017578,-0.080078,-0.007812,0.000000,31.986570,20.000000
0.029297,-0.119141,-0.003906,0.000000,30.224283,20.000000
0.056641,-0.154297,0.007812,0.000000,25.526682,20.000000
0.314453,-0.080078,-1.226562,0.000000,22.013971,20.000000
0.318359,-0.041016,1.269531,0.000000,23.242825,20.000000
0.435547,-0.000000,1.277344,0.000000,21.903316,20.000000
1.712891,-0.052734,-0.111328,0.000000,30.305998,20.000000
1.755859,-0.054688,-0.068359,0.000000,31.906118,20.000000
1.794922,0.056641,0.126953,0.000000,29.074114,20.000000
1.755859,-0.345703,-0.435547,0.000000,26.766935,20.000000
2.539062,-0.263672,1.203125,0.000000,29.370161,20.000000
2.599609,-0.267578,1.169922,0.000000,32.736958,20.000000
2.654297,-0.181641,1.166016,0.000000,31.914511,20.000000
0.041016,-0.033203,0.062500,0.000000,30.157787,20.000000
0.044922,-0.046875,0.103516,0.000000,29.063351,20.000000
1.212891,0.357422,0.085938,0.000000,19.294189,20.000000
1.796875,-0.056641,0.074219,0.000000,29.052561,20.000000
1.306641,0.345703,1.250000,0.000000,24.248816,20.000000
0.011719,-0.039062,-0.007812,0.000000,30.740847,21.000000
0.017578,-0.080078,-0.007812,0.000000,31.986570,21.000000
0.029297,-0.119141,-0.003906,0.000000,30.220158,21.000000
0.056641,-0.154297,0.005859,0.000000,25.526682,21.000000
0.332031,-0.080078,-1.220703,0.000000,22.013971,21.000000
0.304688,-0.041016,1.273438,0.000000,23.304138,21.000000
0.421875,-0.000000,1.283203,0.000000,21.986570,21.000000
1.707031,-0.107422,-0.169922,0.000000,29.804579,21.000000
1.740234,-0.164062,-0.199219,0.000000,30.951693,21.000000
1.777344,-0.167969,-0.236328,0.000000,29.623693,21.000000
1.814453,-0.115234,-0.289062,0.000000,26.532125,21.000000
2.541016,-0.263672,1.199219,0.000000,29.132839,21.000000
2.607422,-0.267578,1.154297,0.000000,32.683437,21.000000
2.669922,-0.271484,1.109375,0.000000,32.005768,21.000000
0.041016,-0.033203,0.062500,0.000000,30.153597,21.000000
0.044922,-0.046875,0.103516,0.000000,29.063351,21.000000
1.216797,0.357422,0.046875,0.000000,19.294189,21.000000
0.011719,-0.039062,-0.007812,0.000000,30.744507,22.000000
0.017578,-0.080078,-0.007812,0.000000,31.986570,22.000000
0.029297,-0.119141,-0.003906,0.000000,30.216026,22.000000
0.056641,-0.154297,0.005859,0.000000,25.514500,22.000000
0.359375,-0.080078,-1.212891,0.000000,22.013971,22.000000
0.292969,-0.041016,1.275391,0.000000,23.283796,22.000000
0.419922,-0.000000,1.283203,0.000000,21.903316,22.000000
1.716797,-0.052734,-0.037109,0.000000,30.362295,22.000000
1.757812,-0.054688,-0.015625,0.000000,31.495270,22.000000
1.794922,0.056641,0.115234,0.000000,29.781805,22.000000
2.546875,-0.263672,1.189453,0.000000,29.319662,22.000000
2.603516,-0.267578,1.162109,0.000000,32.771507,22.000000
2.664062,-0.271484,1.123047,0.000000,32.049335,22.000000
0.041016,-0.033203,0.062500,0.000000,30.157787,22.000000
0.044922,-0.046875,0.103516,0.000000,29.063351,22.000000
1.212891,0.357422,0.103516,0.000000,19.242792,22.000000
0.011719,-0.039062,-0.007812,0.000000,30.748165,23.000000
0.017578,-0.080078,-0.007812,0.000000,31.986570,23.000000
0.029297,-0.119141,-0.003906,0.000000,30.216026,23.000000
0.056641,-0.154297,0.007812,0.000000,25.502283,23.000000
0.359375,-0.080078,-1.212891,0.000000,22.041201,23.000000
0.285156,-0.041016,1.277344,0.000000,23.324385,23.000000
0.408203,-0.000000,1.287109,0.000000,21.986570,23.000000
1.716797,-0.000000,-0.072266,0.000000,28.299467,23.000000
1.751953,-0.000000,-0.156250,0.000000,29.898945,23.000000
1.783203,0.056641,-0.238281,0.000000,28.808136,23.000000
1.816406,0.115234,-0.277344,0.000000,26.042261,23.000000
2.535156,-0.263672,1.212891,0.000000,29.395193,23.000000
2.601562,-0.267578,1.166016,0.000000,32.757717,23.000000
2.658203,-0.271484,1.136719,0.000000,31.945143,23.000000
0.041016,-0.033203,0.062500,0.000000,30.153597,23.000000
0.044922,-0.046875,0.103516,0.000000,29.057959,23.000000
1.212891,0.357422,0.109375,0.000000,19.294189,23.000000
0.011719,-0.039062,-0.007812,0.000000,30.744507,24.000000
0.017578,-0.080078,-0.007812,0.000000,31.986570,24.000000
0.029297,-0.119141,-0.003906,0.000000,30.216026,24.000000
0.056641,-0.154297,0.005859,0.000000,25.526682,24.000000
0.335938,-0.080078,-1.220703,0.000000,22.013971,24.000000
0.312500,-0.041016,1.269531,0.000000,23.304138,24.000000
0.425781,-0.000000,1.281250,0.000000,21.986570,24.000000
1.660156,-0.105469,-0.212891,0.000000,27.656685,24.000000
1.710938,-0.107422,-0.107422,0.000000,31.903316,24.000000
1.755859,-0.054688,-0.089844,0.000000,32.000294,24.000000
1.796875,-0.056641,-0.082031,0.000000,28.668777,24.000000
2.537109,-0.263672,1.207031,0.000000,29.434946,24.000000
2.599609,-0.267578,1.167969,0.000000,32.732327,24.000000
2.660156,-0.181641,1.152344,0.000000,31.931246,24.000000
0.041016,-0.033203,0.062500,0.000000,30.157787,24.000000
0.044922,-0.046875,0.103516,0.000000,29.068735,24.000000
1.216797,0.357422,0.050781,0.000000,19.294189,24.000000
0.011719,-0.039062,-0.007812,0.000000,30.751818,25.000000
0.017578,-0.080078,-0.007812,0.000000,31.992065,25.000000
0.029297,-0.119141,-0.003906,0.000000,30.220158,25.000000
0.056641,-0.154297,0.005859,0.000000,25.514500,25.000000
0.367188,-0.080078,-1.210938,0.000000,22.013971,25.000000
0.285156,-0.041016,1.277344,0.000000,23.283796,25.000000
0.419922,-0.000000,1.283203,0.000000,21.931246,25.000000
1.673828,-0.052734,0.080078,0.000000,32.116543,25.000000
1.716797,-0.052734,0.035156,0.000000,34.500950,25.000000
1.759766,-0.000000,-0.011719,0.000000,34.094257,25.000000
1.796875,-0.000000,-0.101562,0.000000,30.659531,25.000000
2.560547,-0.263672,1.158203,0.000000,29.454685,25.000000
2.605469,-0.267578,1.156250,0.000000,32.718414,25.000000
2.664062,-0.181641,1.142578,0.000000,31.892096,25.000000
1.630859,-0.050781,0.126953,-0.614669,27.767012,25.000000
0.041016,-0.033203,0.062500,0.000000,30.161974,25.000000
0.044922,-0.046875,0.103516,0.000000,29.068735,25.000000
1.214844,0.357422,0.083984,0.000000,19.344984,25.000000
0.011719,-0.039062,-0.007812,0.000000,30.748165,26.000000
0.017578,-0.080078,-0.007812,0.000000,31.992065,26.000000
0.029297,-0.119141,-0.003906,0.000000,30.220158,26.000000
0.056641,-0.154297,0.005859,0.000000,25.502283,26.000000
0.357422,-0.080078,-1.214844,0.000000,22.013971,26.000000
0.275391,-0.041016,1.279297,0.000000,23.283796,26.000000
0.386719,-0.000000,1.292969,0.000000,21.903316,26.000000
1.675781,-0.052734,-0.037109,0.000000,31.911715,26.000000
1.716797,-0.052734,-0.052734,0.000000,34.369572,26.000000
1.755859,-0.054688,-0.078125,0.000000,33.079239,26.000000
1.785156,-0.113281,-0.199219,0.000000,27.528164,26.000000
2.548828,-0.263672,1.183594,0.000000,29.360107,26.000000
2.605469,-0.267578,1.156250,0.000000,32.757717,26.000000
2.664062,-0.181641,1.142578,0.000000,31.983822,26.000000
0.041016,-0.033203,0.062500,0.000000,30.161974,26.000000
0.044922,-0.046875,0.103516,0.000000,29.063351,26.000000
1.214844,0.357422,0.072266,0.000000,19.294189,26.000000
0.011719,-0.039062,-0.007812,0.000000,30.755470,27.000000
0.017578,-0.080078,-0.007812,0.000000,31.989319,27.000000
0.029297,-0.119141,-0.003906,0.000000,30.220158,27.000000
0.056641,-0.154297,0.007812,0.000000,25.514500,27.000000
0.310547,-0.080078,-1.226562,0.000000,21.986570,27.000000
0.345703,-0.041016,1.261719,0.000000,23.263359,27.000000
0.511719,-0.042969,1.248047,0.000000,21.958996,27.000000
1.675781,-0.000000,-0.044922,0.000000,29.057959,27.000000
1.716797,-0.000000,-0.035156,0.000000,31.248301,27.000000
1.755859,-0.000000,-0.113281,0.000000,29.934362,27.000000
2.527344,-0.263672,1.228516,0.000000,29.420080,27.000000
2.599609,-0.267578,1.169922,0.000000,32.782963,27.000000
2.667969,-0.181641,1.132812,0.000000,32.103184,27.000000
0.041016,-0.033203,0.062500,0.000000,30.161974,27.000000
0.044922,-0.046875,0.103516,0.000000,29.063351,27.000000
1.214844,0.357422,0.058594,0.000000,19.344984,27.000000
0.011719,-0.039062,-0.007812,0.000000,30.748165,28.000000
0.017578,-0.080078,-0.007812,0.000000,31.992065,28.000000
0.029297,-0.119141,-0.003906,0.000000,30.220158,28.000000
0.056641,-0.154297,0.005859,0.000000,25.514500,28.000000
0.361328,-0.080078,-1.212891,0.000000,22.068258,28.000000
0.304688,-0.041016,1.271484,0.000000,23.304138,28.000000
0.417969,-0.000000,1.283203,0.000000,21.931246,28.000000
1.716797,0.052734,-0.033203,0.000000,27.450748,28.000000
2.542969,-0.263672,1.197266,0.000000,29.222063,28.000000
2.607422,-0.267578,1.154297,0.000000,32.727695,28.000000
2.673828,-0.181641,1.121094,0.000000,32.052044,28.000000
4.376953,-0.287109,1.326172,0.000000,30.195316,28.000000
4.402344,-0.289062,1.378906,0.000000,29.973864,28.000000
0.041016,-0.033203,0.062500,0.000000,30.157787,28.000000
0.044922,-0.046875,0.103516,0.000000,29.063351,28.000000
1.214844,0.357422,0.072266,0.000000,19.242792,28.000000
0.011719,-0.039062,-0.007812,0.000000,30.744507,29.000000
0.017578,-0.080078,-0.007812,0.000000,31.986570,29.000000
0.029297,-0.119141,-0.003906,0.000000,30.220158,29.000000
0.056641,-0.154297,0.005859,0.000000,25.526682,29.000000
0.320312,-0.080078,-1.224609,0.000000,21.986570,29.000000
0.330078,-0.041016,1.265625,0.000000,23.263359,29.000000
0.445312,-0.000000,1.275391,0.000000,21.958996,29.000000
1.712891,-0.052734,-0.109375,0.000000,28.075350,29.000000
1.755859,-0.000000,-0.097656,0.000000,26.560982,29.000000
2.533203,-0.263672,1.214844,0.000000,29.405165,29.000000
2.595703,-0.267578,1.177734,0.000000,32.750809,29.000000
2.656250,-0.181641,1.162109,0.000000,31.972805,29.000000
4.414062,-0.287109,1.191406,0.000000,31.364035,29.000000
4.466797,-0.289062,1.152344,0.000000,30.867157,29.000000
1.591797,-0.050781,0.095703,-0.614669,27.067179,29.000000
0.041016,-0.033203,0.062500,0.000000,30.157787,29.000000
0.044922,-0.046875,0.103516,0.000000,29.063351,29.000000
1.214844,0.357422,0.068359,0.000000,19.242792,29.000000
2.767578,-2.021484,-3.101562,0.000000,27.909885,29.000000
0.011719,-0.039062,-0.007812,0.000000,30.744507,30.000000
0.017578,-0.080078,-0.007812,0.000000,31.986570,30.000000
0.029297,-0.119141,-0.003906,0.000000,30.216026,30.000000
0.056641,-0.154297,0.005859,0.000000,25.502283,30.000000
0.349609,-0.080078,-1.216797,0.000000,22.013971,30.000000
0.308594,-0.041016,1.271484,0.000000,23.263359,30.000000
0.505859,-0.042969,1.251953,0.000000,21.903316,30.000000
1.707031,0.052734,-0.185547,0.000000,27.387806,30.000000
1.751953,-0.000000,-0.148438,0.000000,26.294096,30.000000
2.558594,-0.263672,1.160156,0.000000,29.439888,30.000000
2.611328,-0.267578,1.144531,0.000000,32.787537,30.000000
2.666016,-0.181641,1.136719,0.000000,32.024883,30.000000
4.417969,-0.287109,1.175781,0.000000,31.078880,30.000000
4.462891,-0.289062,1.169922,0.000000,30.480532,30.000000
1.587891,-0.050781,0.134766,-0.614669,26.803354,30.000000
1.625000,-0.050781,0.181641,-0.614669,25.670263,30.000000
0.041016,-0.033203,0.062500,0.000000,30.157787,30.000000
0.044922,-0.046875,0.103516,0.000000,29.057959,30.000000
1.214844,0.357422,0.064453,0.000000,19.344984,30.000000
0.011719,-0.039062,-0.007812,0.000000,30.744507,31.000000
0.017578,-0.080078,-0.007812,0.000000,31.986570,31.000000
0.029297,-0.119141,-0.003906,0.000000,30.216026,31.000000
0.056641,-0.154297,0.005859,0.000000,25.514500,31.000000
0.343750,-0.080078,-1.218750,0.000000,22.041201,31.000000
0.306641,-0.041016,1.271484,0.000000,23.304138,31.000000
0.388672,-0.000000,1.292969,0.000000,21.986570,31.000000
1.546875,-0.000000,0.154297,0.000000,25.611013,31.000000
1.652344,0.052734,-0.281250,0.000000,27.810369,31.000000
1.701172,0.052734,-0.238281,0.000000,30.141003,31.000000
1.748047,0.054688,-0.193359,0.000000,28.932068,31.000000
2.541016,-0.263672,1.201172,0.000000,29.380192,31.000000
2.603516,-0.267578,1.162109,0.000000,32.746197,31.000000
2.667969,-0.181641,1.134766,0.000000,31.972805,31.000000
4.412109,-0.287109,1.199219,0.000000,30.891983,31.000000
4.455078,-0.289062,1.195312,0.000000,30.257154,31.000000
4.882812,-0.308594,0.750000,0.000000,30.799046,31.000000
1.593750,-0.000000,0.056641,-0.614669,26.493349,31.000000
0.041016,-0.033203,0.062500,0.000000,30.157787,31.000000
0.044922,-0.046875,0.103516,0.000000,29.063351,31.000000
1.212891,0.357422,0.097656,0.000000,19.294189,31.000000
3.023438,-2.021484,-2.853516,0.000000,27.331972,31.000000
0.011719,-0.039062,-0.007812,0.000000,30.748165,32.000000
0.017578,-0.080078,-0.007812,0.000000,31.989319,32.000000
0.029297,-0.119141,-0.003906,0.000000,30.220158,32.000000
0.056641,-0.154297,0.005859,0.000000,25.514500,32.000000
0.351562,-0.080078,-1.216797,0.000000,22.041201,32.000000
0.314453,-0.041016,1.269531,0.000000,23.283796,32.000000
0.507812,-0.042969,1.250000,0.000000,21.958996,32.000000
1.691406,-0.052734,-0.292969,0.000000,27.379873,32.000000
2.554688,-0.263672,1.171875,0.000000,29.429996,32.000000
2.609375,-0.267578,1.148438,0.000000,32.771507,32.000000
2.669922,-0.181641,1.128906,0.000000,32.008507,32.000000
4.416016,-0.287109,1.189453,0.000000,30.831442,32.000000
4.458984,-0.289062,1.181641,0.000000,30.187004,32.000000
0.041016,-0.033203,0.062500,0.000000,30.153597,32.000000
0.044922,-0.046875,0.103516,0.000000,29.057959,32.000000
1.214844,0.357422,0.070312,0.000000,19.344984,32.000000
2.996094,-2.021484,-2.880859,0.000000,27.347998,32.000000
0.011719,-0.039062,-0.007812,0.000000,30.740847,33.000000
0.017578,-0.080078,-0.007812,0.000000,31.986570,33.000000
0.029297,-0.119141,-0.003906,0.000000,30.220158,33.000000
0.056641,-0.154297,0.005859,0.000000,25.514500,33.000000
0.339844,-0.080078,-1.218750,0.000000,22.013971,33.000000
0.308594,-0.041016,1.271484,0.000000,23.304138,33.000000
0.416016,-0.000000,1.283203,0.000000,21.958996,33.000000
1.687500,-0.160156,-0.281250,0.000000,26.776070,33.000000
2.542969,-0.263672,1.193359,0.000000,29.324738,33.000000
2.601562,-0.267578,1.164062,0.000000,32.736958,33.000000
2.660156,-0.181641,1.150391,0.000000,32.000294,33.000000
4.416016,-0.287109,1.187500,0.000000,30.934217,33.000000
4.458984,-0.289062,1.179688,0.000000,30.358297,33.000000
4.888672,-0.308594,0.714844,0.000000,30.740847,33.000000
0.041016,-0.033203,0.062500,0.000000,30.157787,33.000000
0.044922,-0.046875,0.103516,0.000000,29.063351,33.000000
1.214844,0.357422,0.082031,0.000000,19.294189,33.000000
2.958984,-2.021484,-2.919922,0.000000,27.403627,33.000000
0.011719,-0.039062,-0.007812,0.000000,30.744507,34.000000
0.017578,-0.080078,-0.007812,0.000000,31.989319,34.000000
0.029297,-0.119141,-0.003906,0.000000,30.224283,34.000000
0.056641,-0.154297,0.005859,0.000000,25.526682,34.000000
0.306641,-0.080078,-1.228516,0.000000,22.041201,34.000000
0.304688,-0.041016,1.273438,0.000000,23.263359,34.000000
0.412109,-0.000000,1.285156,0.000000,21.931246,34.000000
2.548828,-0.263672,1.183594,0.000000,29.425041,34.000000
2.607422,-0.267578,1.154297,0.000000,32.792107,34.000000
2.664062,-0.181641,1.142578,0.000000,32.003033,34.000000
4.408203,-0.287109,1.210938,0.000000,30.863598,34.000000
4.453125,-0.289062,1.207031,0.000000,30.240749,34.000000
4.886719,-0.308594,0.724609,0.000000,30.849337,34.000000
0.041016,-0.033203,0.062500,0.000000,30.157787,34.000000
0.044922,-0.046875,0.103516,0.000000,29.063351,34.000000
1.216797,0.357422,0.050781,0.000000,19.294189,34.000000
1.542969,-0.097656,-0.167969,0.000000,23.979401,34.000000
3.060547,-2.021484,-2.812500,0.000000,27.331972,34.000000
0.011719,-0.039062,-0.007812,0.000000,30.737183,35.000000
0.017578,-0.080078,-0.007812,0.000000,31.983822,35.000000
0.029297,-0.119141,-0.003906,0.000000,30.216026,35.000000
0.056641,-0.154297,0.005859,0.000000,25.514500,35.000000
0.320312,-0.080078,-1.224609,0.000000,22.068258,35.000000
0.306641,-0.041016,1.271484,0.000000,23.283796,35.000000
0.458984,-0.000000,1.269531,0.000000,21.875208,35.000000
1.472656,-0.000000,0.007812,0.000000,25.865873,35.000000
1.511719,-0.000000,0.064453,0.000000,29.041744,35.000000
1.552734,-0.000000,0.062500,0.000000,28.948696,35.000000
1.652344,-0.000000,-0.283203,0.000000,26.522463,35.000000
1.691406,-0.000000,-0.298828,0.000000,28.382193,35.000000
1.736328,0.054688,-0.273438,0.000000,27.015680,35.000000
2.548828,-0.263672,1.185547,0.000000,29.360107,35.000000
2.605469,-0.267578,1.154297,0.000000,32.776093,35.000000
2.664062,-0.271484,1.123047,0.000000,32.005768,35.000000
4.412109,-0.287109,1.201172,0.000000,30.831442,35.000000
4.455078,-0.289062,1.197266,0.000000,30.199467,35.000000
4.724609,-0.449219,-0.615234,0.000000,30.663260,35.000000
4.753906,-0.453125,-0.705078,0.000000,31.420765,35.000000
4.878906,-0.308594,0.773438,0.000000,30.503798,35.000000
0.041016,-0.033203,0.062500,0.000000,30.161974,35.000000
0.044922,-0.046875,0.103516,0.000000,29.063351,35.000000
1.212891,0.357422,0.093750,0.000000,19.344984,35.000000
3.003906,-2.021484,-2.873047,0.000000,27.355989,35.000000
0.011719,-0.039062,-0.007812,0.000000,30.737183,36.000000
0.017578,-0.080078,-0.007812,0.000000,31.986570,36.000000
0.029297,-0.119141,-0.003906,0.000000,30.216026,36.000000
0.056641,-0.154297,0.005859,0.000000,25.502283,36.000000
0.345703,-0.080078,-1.216797,0.000000,21.986570,36.000000
0.316406,-0.041016,1.269531,0.000000,23.263359,36.000000
0.488281,-0.000000,1.257812,0.000000,21.903316,36.000000
1.470703,-0.046875,-0.058594,0.000000,26.053051,36.000000
1.513672,-0.000000,-0.025391,0.000000,29.580858,36.000000
1.554688,-0.000000,-0.044922,0.000000,29.030899,36.000000
2.544922,-0.263672,1.191406,0.000000,29.324738,36.000000
2.605469,-0.267578,1.156250,0.000000,32.741577,36.000000
2.666016,-0.181641,1.140625,0.000000,32.005768,36.000000
4.414062,-0.287109,1.197266,0.000000,30.955181,36.000000
4.458984,-0.289062,1.187500,0.000000,30.366289,36.000000
4.734375,-0.449219,-0.531250,0.000000,32.543064,36.000000
4.773438,-0.453125,-0.550781,0.000000,33.420277,36.000000
4.810547,-0.457031,-0.593750,0.000000,30.457140,36.000000
4.857422,-0.464844,0.835938,0.000000,30.565237,36.000000
0.041016,-0.033203,0.062500,0.000000,30.157787,36.000000
0.044922,-0.046875,0.103516,0.000000,29.057959,36.000000
1.214844,0.357422,0.064453,0.000000,19.344984,36.000000
0.445312,0.630859,1.349609,0.000000,26.222139,36.000000
2.990234,-2.021484,-2.886719,0.000000,27.427252,36.000000
0.011719,-0.039062,-0.007812,0.000000,30.737183,37.000000
0.017578,-0.080078,-0.007812,0.000000,31.983822,37.000000
0.029297,-0.119141,-0.003906,0.000000,30.216026,37.000000
0.056641,-0.154297,0.007812,0.000000,25.514500,37.000000
0.306641,-0.080078,-1.228516,0.000000,22.041201,37.000000
0.314453,-0.041016,1.269531,0.000000,23.324385,37.000000
0.546875,-0.042969,1.232422,0.000000,21.986570,37.000000
1.470703,-0.046875,0.027344,0.000000,23.463530,37.000000
1.486328,-0.046875,-0.279297,0.000000,25.976952,37.000000
1.513672,-0.097656,-0.339844,0.000000,26.304279,37.000000
1.681641,0.107422,-0.332031,0.000000,28.959747,37.000000
1.722656,0.109375,-0.337891,0.000000,28.627275,37.000000
2.554688,-0.263672,1.171875,0.000000,29.415113,37.000000
2.609375,-0.267578,1.148438,0.000000,32.785248,37.000000
2.666016,-0.181641,1.138672,0.000000,31.992065,37.000000
4.410156,-0.287109,1.205078,0.000000,30.888445,37.000000
4.447266,-0.289062,1.228516,0.000000,30.232525,37.000000
4.761719,-0.603516,-0.519531,0.000000,30.729847,37.000000
4.867188,-0.464844,0.767578,0.000000,30.795429,37.000000
0.041016,-0.033203,0.062500,0.000000,30.161974,37.000000
0.044922,-0.046875,0.103516,0.000000,29.068735,37.000000
1.212891,0.357422,0.087891,0.000000,19.242792,37.000000
1.478516,-0.142578,-0.287109,0.000000,25.932861,37.000000
3.101562,-2.021484,-2.767578,0.000000,27.291647,37.000000
0.011719,-0.039062,-0.007812,0.000000,30.737183,38.000000
0.017578,-0.080078,-0.007812,0.000000,31.989319,38.000000
0.029297,-0.119141,-0.003906,0.000000,30.220158,38.000000
0.056641,-0.154297,0.005859,0.000000,25.514500,38.000000
0.328125,-0.080078,-1.222656,0.000000,22.068258,38.000000
0.294922,-0.041016,1.275391,0.000000,23.324385,38.000000
0.431641,-0.000000,1.279297,0.000000,22.095150,38.000000
1.486328,-0.093750,-0.271484,0.000000,23.560259,38.000000
2.541016,-0.263672,1.201172,0.000000,29.425041,38.000000
2.605469,-0.267578,1.158203,0.000000,32.778385,38.000000
2.666016,-0.181641,1.136719,0.000000,32.011238,38.000000
4.414062,-0.287109,1.195312,0.000000,30.842186,38.000000
4.445312,-0.289062,1.236328,0.000000,30.115704,38.000000
4.734375,-0.449219,-0.541016,0.000000,30.937717,38.000000
4.765625,-0.453125,-0.626953,0.000000,31.737688,38.000000
4.867188,-0.464844,0.771484,0.000000,30.625820,38.000000
0.041016,-0.033203,0.062500,0.000000,30.157787,38.000000
0.044922,-0.046875,0.103516,0.000000,29.063351,38.000000
1.214844,0.357422,0.068359,0.000000,19.138138,38.000000
1.505859,-0.146484,-0.361328,0.000000,24.548449,38.000000
3.035156,-2.021484,-2.839844,0.000000,27.339993,38.000000
0.011719,-0.039062,-0.007812,0.000000,30.733517,39.000000
0.017578,-0.080078,-0.007812,0.000000,31.983822,39.000000
0.029297,-0.119141,-0.003906,0.000000,30.216026,39.000000
0.056641,-0.154297,0.005859,0.000000,25.514500,39.000000
0.359375,-0.080078,-1.212891,0.000000,22.013971,39.000000
0.263672,-0.041016,1.281250,0.000000,23.283796,39.000000
0.287109,-0.000000,1.318359,0.000000,21.958996,39.000000
1.496094,-0.046875,-0.228516,0.000000,25.185139,39.000000
2.541016,-0.263672,1.201172,0.000000,29.410143,39.000000
2.603516,-0.267578,1.162109,0.000000,32.757717,39.000000
2.664062,-0.181641,1.140625,0.000000,31.978317,39.000000
4.414062,-0.287109,1.193359,0.000000,30.899052,39.000000
4.457031,-0.289062,1.187500,0.000000,30.277573,39.000000
4.734375,-0.449219,-0.542969,0.000000,31.622656,39.000000
4.769531,-0.453125,-0.585938,0.000000,32.445244,39.000000
4.867188,-0.464844,0.765625,0.000000,30.707766,39.000000
0.041016,-0.033203,0.062500,0.000000,30.157787,39.000000
0.044922,-0.046875,0.103516,0.000000,29.057959,39.000000
1.212891,0.357422,0.089844,0.000000,19.294189,39.000000
3.000000,-2.021484,-2.876953,0.000000,27.379873,39.000000
0.011719,-0.039062,-0.007812,0.000000,30.737183,40.000000
0.017578,-0.080078,-0.007812,0.000000,31.983822,40.000000
0.029297,-0.119141,-0.003906,0.000000,30.216026,40.000000
0.056641,-0.154297,0.005859,0.000000,25.514500,40.000000
0.355469,-0.080078,-1.214844,0.000000,22.013971,40.000000
0.292969,-0.041016,1.275391,0.000000,23.283796,40.000000
0.453125,-0.042969,1.271484,0.000000,22.041201,40.000000
1.509766,-0.000000,-0.097656,0.000000,23.304138,40.000000
2.544922,-0.263672,1.193359,0.000000,29.425041,40.000000
2.607422,-0.267578,1.154297,0.000000,32.780674,40.000000
2.666016,-0.181641,1.136719,0.000000,32.005768,40.000000
4.412109,-0.287109,1.197266,0.000000,30.895519,40.000000
4.449219,-0.289062,1.218750,0.000000,30.224283,40.000000
4.740234,-0.449219,-0.486328,0.000000,31.589653,40.000000
4.761719,-0.603516,-0.511719,0.000000,32.214142,40.000000
4.890625,-0.308594,0.695312,0.000000,30.762762,40.000000
0.041016,-0.033203,0.062500,0.000000,30.161974,40.000000
0.044922,-0.046875,0.103516,0.000000,29.068735,40.000000
1.214844,0.357422,0.074219,0.000000,19.294189,40.000000
0.246094,0.615234,1.361328,0.000000,23.304138,40.000000
3.021484,-2.021484,-2.853516,0.000000,27.347998,40.000000
0.011719,-0.039062,-0.007812,0.000000,30.748165,41.000000
0.017578,-0.080078,-0.007812,0.000000,31.989319,41.000000
0.029297,-0.119141,-0.003906,0.000000,30.220158,41.000000
0.056641,-0.154297,0.005859,0.000000,25.514500,41.000000
0.345703,-0.080078,-1.216797,0.000000,21.986570,41.000000
0.312500,-0.041016,1.271484,0.000000,23.283796,41.000000
0.402344,-0.000000,1.289062,0.000000,22.041201,41.000000
1.640625,-0.214844,-0.460938,0.000000,26.222139,41.000000
2.539062,-0.263672,1.203125,0.000000,29.360107,41.000000
2.605469,-0.267578,1.156250,0.000000,32.769211,41.000000
2.666016,-0.181641,1.136719,0.000000,32.033051,41.000000
4.414062,-0.287109,1.197266,0.000000,30.891983,41.000000
4.451172,-0.289062,1.208984,0.000000,30.240749,41.000000
4.736328,-0.449219,-0.513672,0.000000,32.695129,41.000000
4.775391,-0.453125,-0.546875,0.000000,33.527611,41.000000
4.806641,-0.457031,-0.621094,0.000000,30.374266,41.000000
4.865234,-0.464844,0.785156,0.000000,30.718821,41.000000
0.041016,-0.033203,0.062500,0.000000,30.157787,41.000000
0.044922,-0.046875,0.103516,0.000000,29.063351,41.000000
1.214844,0.357422,0.066406,0.000000,19.294189,41.000000
2.990234,-2.021484,-2.888672,0.000000,27.363964,41.000000
0.011719,-0.039062,-0.007812,0.000000,30.744507,42.000000
0.017578,-0.080078,-0.007812,0.000000,31.992065,42.000000
0.029297,-0.119141,-0.003906,0.000000,30.220158,42.000000
0.056641,-0.154297,0.007812,0.000000,25.526682,42.000000
0.345703,-0.080078,-1.216797,0.000000,21.986570,42.000000
0.322266,-0.041016,1.267578,0.000000,23.263359,42.000000
0.474609,-0.000000,1.263672,0.000000,21.986570,42.000000
1.671875,-0.214844,-0.332031,0.000000,27.058638,42.000000
2.544922,-0.263672,1.191406,0.000000,29.439888,42.000000
2.605469,-0.267578,1.156250,0.000000,32.805782,42.000000
2.666016,-0.181641,1.138672,0.000000,32.033051,42.000000
4.410156,-0.287109,1.207031,0.000000,30.863598,42.000000
4.451172,-0.289062,1.212891,0.000000,30.253059,42.000000
4.738281,-0.449219,-0.503906,0.000000,32.455128,42.000000
4.777344,-0.453125,-0.519531,0.000000,33.234585,42.000000
4.820312,-0.457031,-0.509766,0.000000,30.086002,42.000000
4.865234,-0.464844,0.785156,0.000000,30.791813,42.000000
0.041016,-0.033203,0.062500,0.000000,30.157787,42.000000
0.044922,-0.046875,0.103516,0.000000,29.063351,42.000000
1.214844,0.357422,0.076172,0.000000,19.294189,42.000000
3.023438,-2.021484,-2.851562,0.000000,27.363964,42.000000
0.011719,-0.039062,-0.007812,0.000000,30.740847,43.000000
0.017578,-0.080078,-0.007812,0.000000,31.989319,43.000000
0.029297,-0.119141,-0.003906,0.000000,30.220158,43.000000
0.056641,-0.154297,0.005859,0.000000,25.514500,43.000000
0.316406,-0.080078,-1.224609,0.000000,22.041201,43.000000
0.316406,-0.041016,1.269531,0.000000,23.304138,43.000000
0.451172,-0.000000,1.273438,0.000000,21.875208,43.000000
1.482422,-0.093750,-0.287109,0.000000,24.608978,43.000000
1.658203,-0.214844,-0.394531,0.000000,26.785183,43.000000
2.546875,-0.263672,1.187500,0.000000,29.400181,43.000000
2.603516,-0.267578,1.160156,0.000000,32.755417,43.000000
2.662109,-0.181641,1.146484,0.000000,31.981070,43.000000
4.412109,-0.287109,1.201172,0.000000,30.867157,43.000000
4.453125,-0.289062,1.207031,0.000000,30.203613,43.000000
4.738281,-0.449219,-0.496094,0.000000,32.216751,43.000000
4.777344,-0.453125,-0.513672,0.000000,32.900345,43.000000
4.863281,-0.464844,0.792969,0.000000,30.762762,43.000000
0.041016,-0.033203,0.062500,0.000000,30.157787,43.000000
0.044922,-0.046875,0.103516,0.000000,29.057959,43.000000
1.214844,0.357422,0.060547,0.000000,19.344984,43.000000
3.037109,-2.021484,-2.837891,0.000000,27.331972,43.000000
0.011719,-0.039062,-0.007812,0.000000,30.744507,44.000000
0.017578,-0.080078,-0.007812,0.000000,31.989319,44.000000
0.029297,-0.119141,-0.003906,0.000000,30.216026,44.000000
0.056641,-0.154297,0.005859,0.000000,25.502283,44.000000
0.337891,-0.080078,-1.220703,0.000000,21.986570,44.000000
0.320312,-0.041016,1.269531,0.000000,23.263359,44.000000
0.386719,-0.000000,1.292969,0.000000,22.013971,44.000000
1.445312,-0.000000,-0.277344,0.000000,25.078558,44.000000
1.503906,-0.000000,-0.169922,0.000000,26.314438,44.000000
1.666016,-0.160156,-0.388672,0.000000,27.134905,44.000000
2.546875,-0.263672,1.189453,0.000000,29.324738,44.000000
2.605469,-0.267578,1.156250,0.000000,32.746197,44.000000
2.662109,-0.181641,1.148438,0.000000,31.989319,44.000000
4.410156,-0.287109,1.207031,0.000000,30.877813,44.000000
4.453125,-0.289062,1.208984,0.000000,30.261246,44.000000
4.738281,-0.449219,-0.503906,0.000000,32.314697,44.000000
4.777344,-0.453125,-0.517578,0.000000,33.081375,44.000000
4.820312,-0.457031,-0.503906,0.000000,29.872192,44.000000
4.863281,-0.464844,0.798828,0.000000,30.791813,44.000000
0.041016,-0.033203,0.062500,0.000000,30.153597,44.000000
0.044922,-0.046875,0.103516,0.000000,29.057959,44.000000
1.214844,0.357422,0.058594,0.000000,19.344984,44.000000
1.548828,-0.000000,-0.134766,0.000000,24.771212,44.000000
3.025391,-2.021484,-2.851562,0.000000,27.355989,44.000000
0.011719,-0.039062,-0.007812,0.000000,30.737183,45.000000
0.017578,-0.080078,-0.007812,0.000000,31.981070,45.000000
0.029297,-0.119141,-0.003906,0.000000,30.216026,45.000000
0.056641,-0.154297,0.005859,0.000000,25.514500,45.000000
0.341797,-0.080078,-1.218750,0.000000,22.041201,45.000000
0.308594,-0.041016,1.271484,0.000000,23.283796,45.000000
0.478516,-0.000000,1.261719,0.000000,21.986570,45.000000
1.468750,-0.046875,-0.089844,0.000000,25.717089,45.000000
1.492188,-0.046875,-0.248047,0.000000,27.299744,45.000000
1.503906,-0.146484,-0.367188,0.000000,25.634811,45.000000
1.654297,-0.214844,-0.412109,0.000000,26.512779,45.000000
2.544922,-0.263672,1.191406,0.000000,29.420080,45.000000
2.605469,-0.267578,1.156250,0.000000,32.785248,45.000000
2.666016,-0.181641,1.136719,0.000000,31.997551,45.000000
4.408203,-0.287109,1.212891,0.000000,30.870712,45.000000
4.449219,-0.289062,1.222656,0.000000,30.232525,45.000000
4.738281,-0.449219,-0.509766,0.000000,32.516380,45.000000
4.775391,-0.453125,-0.541016,0.000000,33.338501,45.000000
4.808594,-0.457031,-0.605469,0.000000,30.157787,45.000000
4.865234,-0.464844,0.787109,0.000000,30.689276,45.000000
0.041016,-0.033203,0.062500,0.000000,30.161974,45.000000
0.044922,-0.046875,0.103516,0.000000,29.063351,45.000000
1.214844,0.357422,0.064453,0.000000,19.294189,45.000000
3.025391,-2.021484,-2.851562,0.000000,27.363964,45.000000
0.011719,-0.039062,-0.007812,0.000000,30.740847,46.000000
0.017578,-0.080078,-0.007812,0.000000,31.989319,46.000000
0.029297,-0.119141,-0.003906,0.000000,30.224283,46.000000
0.056641,-0.154297,0.005859,0.000000,25.526682,46.000000
0.345703,-0.080078,-1.216797,0.000000,22.068258,46.000000
0.308594,-0.041016,1.271484,0.000000,23.304138,46.000000
0.365234,-0.000000,1.300781,0.000000,22.068258,46.000000
1.511719,0.046875,-0.050781,0.000000,24.653828,46.000000
2.548828,-0.263672,1.181641,0.000000,29.405165,46.000000
2.607422,-0.267578,1.152344,0.000000,32.771507,46.000000
2.667969,-0.181641,1.130859,0.000000,32.008507,46.000000
4.412109,-0.287109,1.203125,0.000000,30.874264,46.000000
4.451172,-0.289062,1.214844,0.000000,30.191162,46.000000
4.740234,-0.449219,-0.490234,0.000000,31.225435,46.000000
4.761719,-0.603516,-0.515625,0.000000,31.889284,46.000000
4.867188,-0.464844,0.775391,0.000000,30.784569,46.000000
0.041016,-0.033203,0.062500,0.000000,30.157787,46.000000
0.044922,-0.046875,0.103516,0.000000,29.063351,46.000000
1.214844,0.357422,0.064453,0.000000,19.344984,46.000000
0.244141,0.568359,1.380859,0.000000,23.961994,46.000000
3.050781,-2.021484,-2.822266,0.000000,27.307823,46.000000
0.011719,-0.039062,-0.007812,0.000000,30.740847,47.000000
0.017578,-0.080078,-0.007812,0.000000,31.986570,47.000000
0.029297,-0.119141,-0.003906,0.000000,30.220158,47.000000
0.056641,-0.154297,0.005859,0.000000,25.526682,47.000000
0.314453,-0.080078,-1.226562,0.000000,22.013971,47.000000
0.312500,-0.041016,1.271484,0.000000,23.263359,47.000000
0.349609,-0.000000,1.304688,0.000000,21.903316,47.000000
1.492188,-0.093750,-0.232422,0.000000,25.092026,47.000000
2.539062,-0.263672,1.203125,0.000000,29.350031,47.000000
2.605469,-0.267578,1.158203,0.000000,32.739269,47.000000
2.664062,-0.181641,1.140625,0.000000,32.005768,47.000000
4.414062,-0.287109,1.189453,0.000000,30.884905,47.000000
4.457031,-0.289062,1.193359,0.000000,30.228407,47.000000
4.734375,-0.449219,-0.533203,0.000000,31.619667,47.000000
4.769531,-0.453125,-0.583984,0.000000,32.402996,47.000000
4.865234,-0.464844,0.789062,0.000000,30.729847,47.000000
0.041016,-0.033203,0.062500,0.000000,30.157787,47.000000
0.044922,-0.046875,0.103516,0.000000,29.063351,47.000000
1.212891,0.357422,0.087891,0.000000,19.294189,47.000000
1.507812,-0.146484,-0.347656,0.000000,24.814426,47.000000
3.011719,-2.021484,-2.865234,0.000000,27.347998,47.000000
0.011719,-0.039062,-0.007812,0.000000,30.737183,48.000000
0.017578,-0.080078,-0.007812,0.000000,31.986570,48.000000
0.029297,-0.119141,-0.003906,0.000000,30.216026,48.000000
0.056641,-0.154297,0.005859,0.000000,25.514500,48.000000
0.359375,-0.080078,-1.212891,0.000000,22.041201,48.000000
0.298828,-0.041016,1.273438,0.000000,23.304138,48.000000
0.451172,-0.000000,1.271484,0.000000,21.903316,48.000000
1.505859,-0.142578,-0.048828,0.000000,24.248816,48.000000
2.544922,-0.263672,1.191406,0.000000,29.400181,48.000000
2.605469,-0.267578,1.158203,0.000000,32.778385,48.000000
2.660156,-0.271484,1.132812,0.000000,31.981070,48.000000
4.414062,-0.287109,1.191406,0.000000,30.941216,48.000000
4.457031,-0.289062,1.191406,0.000000,30.310043,48.000000
4.865234,-0.464844,0.781250,0.000000,30.799046,48.000000
0.041016,-0.033203,0.062500,0.000000,30.153597,48.000000
0.044922,-0.046875,0.103516,0.000000,29.057959,48.000000
1.214844,0.357422,0.078125,0.000000,19.344984,48.000000
2.974609,-2.021484,-2.902344,0.000000,27.435097,48.000000
0.011719,-0.039062,-0.007812,0.000000,30.740847,49.000000
0.017578,-0.080078,-0.007812,0.000000,31.989319,49.000000
0.029297,-0.119141,-0.003906,0.000000,30.220158,49.000000
0.056641,-0.154297,0.005859,0.000000,25.526682,49.000000
0.326172,-0.080078,-1.222656,0.000000,22.013971,49.000000
0.326172,-0.041016,1.267578,0.000000,23.324385,49.000000
0.451172,-0.000000,1.273438,0.000000,21.931246,49.000000
1.468750,-0.046875,0.103516,0.000000,24.082399,49.000000
1.503906,-0.093750,-0.146484,0.000000,26.009729,49.000000
1.537109,-0.097656,-0.214844,0.000000,25.453072,49.000000
1.681641,0.107422,-0.332031,0.000000,28.169039,49.000000
1.712891,0.164062,-0.363281,0.000000,27.075703,49.000000
2.537109,-0.263672,1.207031,0.000000,29.415113,49.000000
2.601562,-0.267578,1.166016,0.000000,32.750809,49.000000
2.664062,-0.181641,1.144531,0.000000,31.958996,49.000000
4.414062,-0.287109,1.191406,0.000000,30.913151,49.000000
4.455078,-0.289062,1.195312,0.000000,30.289778,49.000000
4.734375,-0.449219,-0.539062,0.000000,32.617386,49.000000
4.773438,-0.453125,-0.554688,0.000000,33.492775,49.000000
4.808594,-0.457031,-0.607422,0.000000,30.503798,49.000000
4.859375,-0.464844,0.816406,0.000000,30.618294,49.000000
0.041016,-0.033203,0.062500,0.000000,30.157787,49.000000
0.044922,-0.046875,0.103516,0.000000,29.063351,49.000000
1.216797,0.357422,0.050781,0.000000,19.294189,49.000000
3.027344,-2.021484,-2.847656,0.000000,27.315887,49.000000
0.011719,-0.039062,-0.007812,0.000000,30.744507,50.000000
0.017578,-0.080078,-0.007812,0.000000,31.989319,50.000000
0.029297,-0.119141,-0.003906,0.000000,30.216026,50.000000
0.056641,-0.154297,0.005859,0.000000,25.502283,50.000000
0.353516,-0.080078,-1.214844,0.000000,22.068258,50.000000
0.318359,-0.041016,1.269531,0.000000,23.304138,50.000000
0.433594,-0.000000,1.277344,0.000000,21.958996,50.000000
1.511719,-0.000000,-0.083984,0.000000,26.702459,50.000000
1.544922,-0.048828,-0.166016,0.000000,27.259117,50.000000
2.556641,-0.263672,1.166016,0.000000,29.425041,50.000000
2.607422,-0.267578,1.154297,0.000000,32.769211,50.000000
2.666016,-0.181641,1.138672,0.000000,31.986570,50.000000
4.414062,-0.287109,1.197266,0.000000,30.895519,50.000000
4.453125,-0.289062,1.205078,0.000000,30.257154,50.000000
4.724609,-0.449219,-0.617188,0.000000,30.406023,50.000000
4.751953,-0.453125,-0.720703,0.000000,31.072100,50.000000
4.857422,-0.464844,0.835938,0.000000,30.692980,50.000000
1.472656,-0.000000,0.042969,0.614669,23.521826,50.000000
0.041016,-0.033203,0.062500,0.000000,30.157787,50.000000
0.044922,-0.046875,0.103516,0.000000,29.063351,50.000000
1.214844,0.357422,0.066406,0.000000,19.242792,50.000000
3.003906,-2.021484,-2.873047,0.000000,27.395723,50.000000
0.011719,-0.039062,-0.007812,0.000000,30.744507,51.000000
0.017578,-0.080078,-0.007812,0.000000,31.986570,51.000000
0.029297,-0.119141,-0.003906,0.000000,30.220158,51.000000
0.056641,-0.154297,0.005859,0.000000,25.514500,51.000000
0.324219,-0.080078,-1.222656,0.000000,22.013971,51.000000
0.314453,-0.041016,1.269531,0.000000,23.283796,51.000000
0.435547,-0.000000,1.277344,0.000000,21.931246,51.000000
1.642578,0.052734,-0.337891,0.000000,27.781513,51.000000
1.687500,0.052734,-0.318359,0.000000,29.542425,51.000000
1.732422,0.054688,-0.302734,0.000000,27.810369,51.000000
2.542969,-0.263672,1.197266,0.000000,29.415113,51.000000
2.601562,-0.267578,1.166016,0.000000,32.778385,51.000000
2.660156,-0.181641,1.152344,0.000000,32.013969,51.000000
4.416016,-0.287109,1.189453,0.000000,30.909630,51.000000
4.462891,-0.289062,1.167969,0.000000,30.322157,51.000000
4.882812,-0.308594,0.748047,0.000000,30.561422,51.000000
1.507812,-0.000000,0.121094,0.614669,27.611757,51.000000
1.550781,-0.000000,0.115234,0.614669,28.739016,51.000000
1.591797,0.050781,0.091797,0.614669,25.954962,51.000000
0.041016,-0.033203,0.062500,0.000000,30.166155,51.000000
0.044922,-0.046875,0.103516,0.000000,29.068735,51.000000
1.216797,0.357422,0.046875,0.000000,19.344984,51.000000
2.976562,-2.021484,-2.900391,0.000000,27.419392,51.000000
0.011719,-0.039062,-0.007812,0.000000,30.740847,52.000000
0.017578,-0.080078,-0.007812,0.000000,31.983822,52.000000
0.029297,-0.119141,-0.003906,0.000000,30.216026,52.000000
0.056641,-0.154297,0.007812,0.000000,25.514500,52.000000
0.341797,-0.080078,-1.218750,0.000000,22.013971,52.000000
0.298828,-0.041016,1.273438,0.000000,23.304138,52.000000
0.433594,-0.000000,1.279297,0.000000,21.986570,52.000000
1.642578,-0.000000,-0.335938,0.000000,28.048206,52.000000
1.689453,-0.000000,-0.312500,0.000000,29.777237,52.000000
1.734375,-0.000000,-0.289062,0.000000,28.020893,52.000000
2.537109,-0.263672,1.207031,0.000000,29.420080,52.000000
2.599609,-0.267578,1.171875,0.000000,32.792107,52.000000
2.660156,-0.271484,1.134766,0.000000,32.016701,52.000000
4.412109,-0.287109,1.201172,0.000000,30.958664,52.000000
4.460938,-0.289062,1.175781,0.000000,30.374266,52.000000
4.861328,-0.464844,0.810547,0.000000,30.453230,52.000000
0.041016,-0.033203,0.062500,0.000000,30.153597,52.000000
0.044922,-0.046875,0.103516,0.000000,29.057959,52.000000
1.214844,0.357422,0.074219,0.000000,19.344984,52.000000
2.974609,-2.021484,-2.902344,0.000000,27.435097,52.000000
0.011719,-0.039062,-0.007812,0.000000,30.737183,53.000000
0.017578,-0.080078,-0.007812,0.000000,31.986570,53.000000
0.029297,-0.119141,-0.003906,0.000000,30.220158,53.000000
0.056641,-0.154297,0.005859,0.000000,25.526682,53.000000
0.326172,-0.080078,-1.222656,0.000000,22.041201,53.000000
0.328125,-0.041016,1.267578,0.000000,23.304138,53.000000
0.408203,-0.000000,1.287109,0.000000,21.931246,53.000000
1.689453,-0.000000,-0.316406,0.000000,27.267273,53.000000
2.558594,-0.263672,1.164062,0.000000,29.405165,53.000000
2.609375,-0.267578,1.150391,0.000000,32.766914,53.000000
2.662109,-0.181641,1.146484,0.000000,32.003033,53.000000
4.416016,-0.287109,1.187500,0.000000,31.072100,53.000000
4.460938,-0.289062,1.173828,0.000000,30.480532,53.000000
4.880859,-0.308594,0.755859,0.000000,30.700378,53.000000
1.552734,-0.048828,0.056641,0.614669,25.622929,53.000000
1.589844,-0.050781,0.113281,0.614669,25.987906,53.000000
0.041016,-0.033203,0.062500,0.000000,30.157787,53.000000
0.044922,-0.046875,0.103516,0.000000,29.063351,53.000000
1.214844,0.357422,0.058594,0.000000,19.242792,53.000000
2.916016,-2.021484,-2.960938,0.000000,27.558748,53.000000
0.011719,-0.039062,-0.007812,0.000000,30.737183,54.000000
0.017578,-0.080078,-0.007812,0.000000,31.986570,54.000000
0.029297,-0.119141,-0.003906,0.000000,30.220158,54.000000
0.056641,-0.154297,0.005859,0.000000,25.526682,54.000000
