4.894531,-0.308594,0.671875,0.000000,31.014034,0.000000
4.951172,-0.623047,-0.021484,0.000000,29.745117,0.000000
0.009766,0.031250,0.025391,0.000000,29.309490,0.000000
0.041016,-0.033203,0.062500,0.000000,30.090258,0.000000
0.044922,-0.046875,0.103516,0.000000,28.976271,0.000000
0.011719,-0.039062,-0.007812,0.000000,30.652061,1.000000
0.017578,-0.080078,-0.007812,0.000000,31.897709,1.000000
0.029297,-0.119141,-0.005859,0.000000,30.136797,1.000000
0.056641,-0.154297,0.005859,0.000000,25.428255,1.000000
0.410156,-0.080078,-1.197266,0.000000,23.521826,1.000000
0.621094,-0.041016,-1.150391,0.000000,25.092026,1.000000
0.921875,-0.042969,-0.986328,0.000000,23.909351,1.000000
0.996094,-0.042969,-0.970703,0.000000,22.355284,1.000000
2.623047,-0.175781,1.027344,0.000000,29.068735,1.000000
2.691406,-0.089844,0.972656,0.000000,32.211533,1.000000
2.726562,-0.181641,0.982422,0.000000,31.156105,1.000000
4.400391,-0.142578,1.113281,0.000000,27.916906,1.000000
4.412109,-0.142578,1.228516,0.000000,31.335388,1.000000
4.427734,-0.144531,1.316406,0.000000,31.089031,1.000000
4.693359,-0.445312,-0.542969,0.000000,29.227255,1.000000
4.738281,-0.298828,-0.603516,0.000000,33.951515,1.000000
4.773438,-0.300781,-0.644531,0.000000,34.632957,1.000000
4.791016,-0.152344,-0.849609,0.000000,31.152777,1.000000
4.890625,-0.308594,0.695312,0.000000,31.007151,1.000000
4.951172,-0.623047,0.013672,0.000000,29.858753,1.000000
0.009766,0.031250,0.025391,0.000000,29.304396,1.000000
0.041016,-0.033203,0.062500,0.000000,30.086002,1.000000
0.044922,-0.046875,0.103516,0.000000,28.976271,1.000000
0.011719,-0.039062,-0.007812,0.000000,30.652061,2.000000
0.017578,-0.080078,-0.007812,0.000000,31.900515,2.000000
0.029297,-0.119141,-0.005859,0.000000,30.141003,2.000000
0.056641,-0.154297,0.005859,0.000000,25.440680,2.000000
0.832031,-0.039062,-0.955078,0.000000,23.747484,2.000000
0.767578,-0.041016,-1.058594,0.000000,24.361626,2.000000
0.357422,-0.083984,-1.298828,0.000000,21.673174,2.000000
2.621094,-0.175781,1.031250,0.000000,29.106243,2.000000
2.691406,-0.089844,0.970703,0.000000,32.224564,2.000000
2.755859,-0.089844,0.914062,0.000000,31.169397,2.000000
4.416016,-0.142578,1.214844,0.000000,31.335388,2.000000
4.443359,-0.144531,1.265625,0.000000,31.085649,2.000000
4.736328,-0.298828,-0.621094,0.000000,33.277676,2.000000
4.773438,-0.300781,-0.644531,0.000000,33.912880,2.000000
4.789062,-0.304688,-0.816406,0.000000,30.358297,2.000000
4.890625,-0.308594,0.693359,0.000000,30.979511,2.000000
4.951172,-0.623047,0.007812,0.000000,29.694159,2.000000
0.009766,0.031250,0.025391,0.000000,29.309490,2.000000
0.041016,-0.033203,0.062500,0.000000,30.086002,2.000000
0.044922,-0.046875,0.103516,0.000000,28.976271,2.000000
1.183594,0.464844,0.451172,0.000000,19.242792,2.000000
0.011719,-0.039062,-0.007812,0.000000,30.644581,3.000000
0.017578,-0.080078,-0.007812,0.000000,31.897709,3.000000
0.029297,-0.119141,-0.005859,0.000000,30.141003,3.000000
0.056641,-0.154297,0.005859,0.000000,25.440680,3.000000
0.611328,-0.080078,-1.107422,0.000000,22.304489,3.000000
0.464844,-0.082031,-1.220703,0.000000,23.820171,3.000000
0.591797,-0.083984,-1.210938,0.000000,22.671717,3.000000
0.626953,-0.042969,-1.240234,0.000000,21.430147,3.000000
2.621094,-0.175781,1.031250,0.000000,29.036325,3.000000
2.691406,-0.089844,0.972656,0.000000,32.201080,3.000000
2.753906,-0.089844,0.917969,0.000000,31.162756,3.000000
4.417969,-0.142578,1.203125,0.000000,31.383026,3.000000
4.449219,-0.144531,1.242188,0.000000,31.231981,3.000000
4.654297,-0.000000,0.294922,0.000000,29.609463,3.000000
4.734375,-0.449219,-0.537109,0.000000,32.780674,3.000000
4.779297,-0.300781,-0.603516,0.000000,33.314274,3.000000
4.890625,-0.308594,0.699219,0.000000,30.993353,3.000000
4.951172,-0.623047,0.007812,0.000000,29.849771,3.000000
0.009766,0.031250,0.025391,0.000000,29.309490,3.000000
0.041016,-0.033203,0.062500,0.000000,30.086002,3.000000
0.044922,-0.046875,0.103516,0.000000,28.970770,3.000000
0.011719,-0.039062,-0.007812,0.000000,30.648323,4.000000
0.017578,-0.080078,-0.007812,0.000000,31.900515,4.000000
0.029297,-0.119141,-0.005859,0.000000,30.141003,4.000000
0.056641,-0.154297,0.005859,0.000000,25.440680,4.000000
0.757812,-0.119141,1.009766,0.000000,22.304489,4.000000
0.701172,-0.082031,1.103516,0.000000,24.014006,4.000000
0.505859,-0.083984,1.248047,0.000000,22.648178,4.000000
2.619141,-0.175781,1.037109,0.000000,29.063351,4.000000
2.691406,-0.089844,0.970703,0.000000,32.219357,4.000000
2.753906,-0.089844,0.917969,0.000000,31.182648,4.000000
4.408203,-0.142578,1.082031,0.000000,27.909885,4.000000
4.421875,-0.142578,1.191406,0.000000,31.344959,4.000000
4.470703,-0.144531,1.164062,0.000000,31.225435,4.000000
4.701172,-0.296875,-0.570312,0.000000,30.297895,4.000000
4.736328,-0.298828,-0.619141,0.000000,34.623981,4.000000
4.775391,-0.300781,-0.636719,0.000000,35.220528,4.000000
4.791016,-0.304688,-0.812500,0.000000,31.717264,4.000000
4.888672,-0.308594,0.716797,0.000000,30.979511,4.000000
4.951172,-0.623047,0.085938,0.000000,29.656719,4.000000
0.009766,0.031250,0.025391,0.000000,29.304396,4.000000
0.041016,-0.033203,0.062500,0.000000,30.090258,4.000000
0.044922,-0.046875,0.103516,0.000000,28.970770,4.000000
0.011719,-0.039062,-0.007812,0.000000,30.655798,5.000000
0.017578,-0.080078,-0.007812,0.000000,31.900515,5.000000
0.029297,-0.119141,-0.005859,0.000000,30.141003,5.000000
0.056641,-0.154297,0.005859,0.000000,25.440680,5.000000
0.585938,-0.080078,1.121094,0.000000,23.873898,5.000000
0.558594,-0.082031,1.181641,0.000000,25.465427,5.000000
0.449219,-0.083984,-1.269531,0.000000,24.149733,5.000000
0.984375,-0.000000,-0.982422,0.000000,22.329962,5.000000
2.625000,-0.175781,1.023438,0.000000,29.068735,5.000000
2.693359,-0.089844,0.966797,0.000000,32.203697,5.000000
2.753906,-0.089844,0.917969,0.000000,31.152777,5.000000
4.414062,-0.142578,1.220703,0.000000,31.277525,5.000000
4.433594,-0.144531,1.300781,0.000000,30.820669,5.000000
4.740234,-0.298828,-0.583984,0.000000,32.973228,5.000000
4.781250,-0.150391,-0.650391,0.000000,33.459614,5.000000
4.886719,-0.308594,0.722656,0.000000,30.934217,5.000000
4.951172,-0.623047,0.044922,0.000000,29.722029,5.000000
0.009766,0.031250,0.025391,0.000000,29.304396,5.000000
0.041016,-0.033203,0.062500,0.000000,30.086002,5.000000
0.044922,-0.046875,0.103516,0.000000,28.970770,5.000000
0.011719,-0.039062,-0.007812,0.000000,30.652061,6.000000
0.017578,-0.080078,-0.007812,0.000000,31.900515,6.000000
0.029297,-0.119141,-0.005859,0.000000,30.141003,6.000000
0.056641,-0.154297,0.005859,0.000000,25.440680,6.000000
0.531250,-0.080078,1.148438,0.000000,24.166405,6.000000
0.408203,-0.041016,-1.242188,0.000000,25.740313,6.000000
0.775391,-0.042969,-1.103516,0.000000,24.065401,6.000000
0.589844,-0.042969,-1.257812,0.000000,22.148439,6.000000
2.615234,-0.175781,1.046875,0.000000,29.063351,6.000000
2.689453,-0.089844,0.976562,0.000000,32.198463,6.000000
2.751953,-0.089844,0.923828,0.000000,31.132748,6.000000
4.414062,-0.142578,1.222656,0.000000,31.258064,6.000000
4.447266,-0.144531,1.250000,0.000000,30.715137,6.000000
4.888672,-0.308594,0.703125,0.000000,30.993353,6.000000
4.951172,-0.623047,0.080078,0.000000,29.661417,6.000000
0.009766,0.031250,0.025391,0.000000,29.309490,6.000000
0.041016,-0.033203,0.062500,0.000000,30.086002,6.000000
0.044922,-0.046875,0.103516,0.000000,28.976271,6.000000
0.011719,-0.039062,-0.007812,0.000000,30.648323,7.000000
0.017578,-0.080078,-0.007812,0.000000,31.900515,7.000000
0.029297,-0.119141,-0.005859,0.000000,30.141003,7.000000
0.056641,-0.154297,0.005859,0.000000,25.428255,7.000000
0.812500,-0.039062,-0.972656,0.000000,21.986570,7.000000
0.810547,-0.041016,-1.027344,0.000000,23.783979,7.000000
0.970703,-0.042969,-0.937500,0.000000,23.074961,7.000000
1.076172,-0.000000,-0.882812,0.000000,22.718416,7.000000
2.617188,-0.175781,1.044922,0.000000,29.063351,7.000000
2.689453,-0.089844,0.976562,0.000000,32.219357,7.000000
2.728516,-0.181641,0.976562,0.000000,31.179338,7.000000
4.414062,-0.142578,1.216797,0.000000,31.271048,7.000000
4.429688,-0.144531,1.314453,0.000000,30.625820,7.000000
4.812500,-0.306641,0.919922,0.000000,29.863237,7.000000
4.886719,-0.308594,0.722656,0.000000,31.003706,7.000000
4.951172,-0.623047,0.064453,0.000000,29.604708,7.000000
0.009766,0.031250,0.025391,0.000000,29.309490,7.000000
0.041016,-0.033203,0.062500,0.000000,30.090258,7.000000
0.046875,-0.046875,0.103516,0.000000,28.976271,7.000000
2.769531,-0.000000,0.871094,0.000000,31.169397,7.000000
0.011719,-0.039062,-0.007812,0.000000,30.648323,8.000000
0.017578,-0.080078,-0.007812,0.000000,31.897709,8.000000
0.029297,-0.119141,-0.005859,0.000000,30.141003,8.000000
0.056641,-0.154297,0.005859,0.000000,25.440680,8.000000
0.669922,-0.039062,1.076172,0.000000,25.670263,8.000000
1.085938,-0.082031,-0.724609,0.000000,27.474117,8.000000
1.150391,-0.042969,-0.705078,0.000000,25.865873,8.000000
0.765625,-0.042969,-1.160156,0.000000,22.988531,8.000000
2.615234,-0.175781,1.044922,0.000000,29.057959,8.000000
2.689453,-0.089844,0.980469,0.000000,32.190605,8.000000
2.748047,-0.089844,0.933594,0.000000,31.142773,8.000000
4.414062,-0.142578,1.220703,0.000000,31.258064,8.000000
4.443359,-0.144531,1.265625,0.000000,30.777311,8.000000
4.882812,-0.308594,0.750000,0.000000,30.806265,8.000000
4.951172,-0.623047,0.000000,0.000000,29.370161,8.000000
0.009766,0.031250,0.025391,0.000000,29.309490,8.000000
0.041016,-0.033203,0.062500,0.000000,30.090258,8.000000
0.044922,-0.046875,0.103516,0.000000,28.976271,8.000000
0.011719,-0.039062,-0.007812,0.000000,30.648323,9.000000
0.017578,-0.080078,-0.007812,0.000000,31.900515,9.000000
0.029297,-0.119141,-0.005859,0.000000,30.145205,9.000000
0.056641,-0.154297,0.005859,0.000000,25.440680,9.000000
0.765625,-0.080078,-1.007812,0.000000,24.668676,9.000000
0.914062,-0.041016,-0.935547,0.000000,25.763414,9.000000
1.109375,-0.000000,-0.769531,0.000000,24.265112,9.000000
1.261719,-0.000000,-0.585938,0.000000,23.463530,9.000000
1.349609,-0.089844,-0.470703,0.000000,23.483049,9.000000
2.621094,-0.175781,1.029297,0.000000,29.095560,9.000000
2.691406,-0.089844,0.972656,0.000000,32.227165,9.000000
2.728516,-0.181641,0.976562,0.000000,31.189257,9.000000
4.417969,-0.142578,1.205078,0.000000,31.296900,9.000000
4.447266,-0.144531,1.251953,0.000000,30.784569,9.000000
4.880859,-0.308594,0.759766,0.000000,30.881361,9.000000
4.951172,-0.623047,0.083984,0.000000,29.415113,9.000000
0.009766,0.031250,0.025391,0.000000,29.304396,9.000000
0.041016,-0.033203,0.062500,0.000000,30.094509,9.000000
0.044922,-0.046875,0.103516,0.000000,28.981766,9.000000
0.011719,-0.039062,-0.007812,0.000000,30.652061,10.000000
0.017578,-0.080078,-0.007812,0.000000,31.897709,10.000000
0.029297,-0.119141,-0.005859,0.000000,30.141003,10.000000
0.056641,-0.154297,0.005859,0.000000,25.428255,10.000000
1.121094,-0.158203,0.570312,0.000000,22.810333,10.000000
0.955078,-0.123047,0.886719,0.000000,25.010593,10.000000
0.976562,-0.083984,-0.929688,0.000000,24.099331,10.000000
1.328125,-0.000000,-0.410156,0.000000,23.654881,10.000000
1.394531,0.044922,-0.322266,0.000000,22.900347,10.000000
2.617188,-0.175781,1.042969,0.000000,29.020029,10.000000
2.691406,-0.089844,0.974609,0.000000,32.185356,10.000000
2.730469,-0.181641,0.972656,0.000000,31.142773,10.000000
4.408203,-0.142578,1.080078,0.000000,27.895807,10.000000
4.416016,-0.142578,1.212891,0.000000,31.215599,10.000000
4.451172,-0.144531,1.236328,0.000000,30.718821,10.000000
4.884766,-0.308594,0.742188,0.000000,31.261314,10.000000
4.964844,-0.468750,0.175781,0.000000,29.652018,10.000000
0.009766,0.031250,0.025391,0.000000,29.309490,10.000000
0.041016,-0.033203,0.062500,0.000000,30.086002,10.000000
0.044922,-0.046875,0.103516,0.000000,28.976271,10.000000
0.011719,-0.039062,-0.007812,0.000000,30.644581,11.000000
0.017578,-0.080078,-0.007812,0.000000,31.900515,11.000000
0.029297,-0.119141,-0.005859,0.000000,30.145205,11.000000
0.056641,-0.154297,0.005859,0.000000,25.440680,11.000000
1.210938,-0.080078,0.367188,0.000000,27.075703,11.000000
1.468750,-0.046875,-0.107422,0.000000,25.037907,11.000000
1.496094,-0.000000,-0.230469,0.000000,25.390760,11.000000
2.623047,-0.175781,1.027344,0.000000,29.063351,11.000000
2.693359,-0.089844,0.968750,0.000000,32.195847,11.000000
2.753906,-0.089844,0.917969,0.000000,31.162756,11.000000
4.416016,-0.142578,1.214844,0.000000,31.267805,11.000000
4.451172,-0.144531,1.236328,0.000000,30.795429,11.000000
4.884766,-0.308594,0.734375,0.000000,30.629578,11.000000
4.951172,-0.623047,0.001953,0.000000,29.273705,11.000000
1.199219,-0.076172,0.251953,0.614669,21.172712,11.000000
1.285156,-0.082031,0.236328,0.614669,28.762178,11.000000
1.333984,-0.083984,0.195312,0.614669,27.084209,11.000000
1.386719,-0.042969,0.093750,0.614669,23.654881,11.000000
0.009766,0.031250,0.025391,0.000000,29.309490,11.000000
0.041016,-0.033203,0.062500,0.000000,30.086002,11.000000
0.044922,-0.046875,0.103516,0.000000,28.976271,11.000000
0.583984,0.615234,1.253906,0.000000,23.010300,11.000000
0.011719,-0.039062,-0.007812,0.000000,30.648323,12.000000
0.017578,-0.080078,-0.007812,0.000000,31.900515,12.000000
0.029297,-0.119141,-0.005859,0.000000,30.141003,12.000000
0.056641,-0.154297,0.005859,0.000000,25.428255,12.000000
1.152344,-0.080078,-0.525391,0.000000,26.473829,12.000000
1.220703,-0.082031,-0.464844,0.000000,27.881683,12.000000
1.277344,-0.000000,-0.437500,0.000000,25.910646,12.000000
1.144531,-0.000000,-0.789062,0.000000,21.205740,12.000000
1.455078,-0.091797,-0.212891,0.000000,26.998377,12.000000
1.494141,-0.000000,-0.236328,0.000000,28.674675,12.000000
1.542969,-0.000000,-0.193359,0.000000,26.803354,12.000000
2.615234,-0.175781,1.044922,0.000000,29.095560,12.000000
2.689453,-0.089844,0.980469,0.000000,32.203697,12.000000
2.726562,-0.181641,0.980469,0.000000,31.166077,12.000000
4.417969,-0.142578,1.207031,0.000000,31.296900,12.000000
4.453125,-0.144531,1.232422,0.000000,30.802656,12.000000
4.812500,-0.306641,0.912109,0.000000,29.973864,12.000000
4.894531,-0.308594,0.667969,0.000000,31.458178,12.000000
4.951172,-0.623047,0.041016,0.000000,30.220158,12.000000
0.009766,0.031250,0.025391,0.000000,29.309490,12.000000
0.041016,-0.033203,0.062500,0.000000,30.086002,12.000000
0.044922,-0.046875,0.103516,0.000000,28.970770,12.000000
1.230469,-0.000000,-0.449219,0.000000,27.867514,12.000000
0.876953,0.521484,0.945312,0.000000,18.750612,12.000000
0.275391,0.970703,-1.181641,0.000000,24.313637,12.000000
0.011719,-0.039062,-0.007812,0.000000,30.644581,13.000000
0.017578,-0.080078,-0.007812,0.000000,31.897709,13.000000
0.029297,-0.119141,-0.005859,0.000000,30.136797,13.000000
0.056641,-0.154297,0.005859,0.000000,25.440680,13.000000
1.285156,-0.044922,-0.626953,0.000000,25.378191,13.000000
1.429688,-0.046875,-0.349609,0.000000,26.998377,13.000000
1.494141,-0.142578,-0.197266,0.000000,27.497364,13.000000
1.533203,-0.146484,-0.216797,0.000000,24.871384,13.000000
2.609375,-0.175781,1.060547,0.000000,29.009130,13.000000
2.687500,-0.089844,0.982422,0.000000,32.174839,13.000000
2.722656,-0.181641,0.992188,0.000000,31.092409,13.000000
4.396484,-0.283203,1.099609,0.000000,28.115749,13.000000
4.419922,-0.142578,1.195312,0.000000,31.439510,13.000000
4.457031,-0.144531,1.216797,0.000000,30.948204,13.000000
4.871094,-0.308594,0.828125,0.000000,31.367207,13.000000
4.955078,-0.468750,0.355469,0.000000,29.872192,13.000000
1.259766,-0.080078,0.125000,0.614669,18.808136,13.000000
1.277344,-0.082031,0.273438,0.614669,23.783979,13.000000
1.302734,-0.083984,0.343750,0.614669,24.487062,13.000000
1.365234,-0.042969,0.263672,0.614669,23.838154,13.000000
0.009766,0.031250,0.025391,0.000000,29.304396,13.000000
0.041016,-0.033203,0.062500,0.000000,30.090258,13.000000
0.044922,-0.046875,0.103516,0.000000,28.976271,13.000000
2.767578,-0.000000,0.882812,0.000000,31.089031,13.000000
0.011719,-0.039062,-0.007812,0.000000,30.652061,14.000000
0.017578,-0.080078,-0.007812,0.000000,31.903316,14.000000
0.029297,-0.119141,-0.005859,0.000000,30.141003,14.000000
0.056641,-0.154297,0.005859,0.000000,25.440680,14.000000
0.267578,-0.080078,-1.236328,0.000000,22.600714,14.000000
0.626953,-0.041016,-1.148438,0.000000,24.082399,14.000000
0.996094,-0.042969,-0.910156,0.000000,22.900347,14.000000
1.000000,-0.042969,-0.966797,0.000000,21.613680,14.000000
1.453125,-0.183594,-0.146484,0.000000,26.117233,14.000000
1.482422,-0.283203,-0.111328,0.000000,26.919651,14.000000
0.410156,0.679688,1.335938,0.000000,25.224442,14.000000
2.611328,-0.175781,1.054688,0.000000,29.047155,14.000000
2.687500,-0.089844,0.982422,0.000000,32.180099,14.000000
2.751953,-0.089844,0.925781,0.000000,31.112625,14.000000
4.410156,-0.142578,1.236328,0.000000,30.881361,14.000000
4.441406,-0.144531,1.271484,0.000000,30.433622,14.000000
4.884766,-0.464844,0.644531,0.000000,30.453230,14.000000
4.927734,-0.779297,0.111328,0.000000,29.532763,14.000000
0.009766,0.031250,0.025391,0.000000,29.299295,14.000000
0.041016,-0.033203,0.062500,0.000000,30.086002,14.000000
0.044922,-0.046875,0.103516,0.000000,28.976271,14.000000
1.300781,0.189453,-0.750000,0.000000,25.105450,14.000000
1.474609,-0.291016,-0.394531,0.000000,25.145477,14.000000
0.011719,-0.039062,-0.007812,0.000000,30.640835,15.000000
0.017578,-0.080078,-0.007812,0.000000,31.897709,15.000000
0.029297,-0.119141,-0.005859,0.000000,30.145205,15.000000
0.056641,-0.154297,0.005859,0.000000,25.453072,15.000000
0.304688,-0.080078,1.228516,0.000000,23.617279,15.000000
0.107422,-0.082031,1.302734,0.000000,26.263403,15.000000
1.416016,-0.044922,-0.203125,0.000000,26.776070,15.000000
1.455078,-0.091797,-0.207031,0.000000,30.402067,15.000000
1.496094,-0.093750,-0.214844,0.000000,30.663260,15.000000
1.539062,-0.048828,-0.207031,0.000000,26.963564,15.000000
2.626953,-0.175781,1.015625,0.000000,29.052561,15.000000
2.693359,-0.089844,0.968750,0.000000,32.208923,15.000000
2.751953,-0.089844,0.921875,0.000000,31.146111,15.000000
4.419922,-0.142578,1.033203,0.000000,28.419847,15.000000
4.416016,-0.287109,1.189453,0.000000,31.417633,15.000000
4.460938,-0.144531,1.203125,0.000000,30.670708,15.000000
1.345703,-0.083984,-0.070312,0.614669,26.159500,15.000000
1.378906,-0.042969,-0.171875,0.614669,24.653828,15.000000
0.009766,0.031250,0.025391,0.000000,29.304396,15.000000
0.041016,-0.033203,0.062500,0.000000,30.086002,15.000000
0.044922,-0.046875,0.103516,0.000000,28.976271,15.000000
0.738281,0.630859,1.212891,0.000000,24.927605,15.000000
0.011719,-0.039062,-0.007812,0.000000,30.644581,16.000000
0.017578,-0.080078,-0.007812,0.000000,31.897709,16.000000
0.029297,-0.119141,-0.005859,0.000000,30.141003,16.000000
0.056641,-0.154297,0.005859,0.000000,25.440680,16.000000
0.109375,-0.080078,1.261719,0.000000,22.922562,16.000000
0.605469,-0.082031,1.156250,0.000000,24.248816,16.000000
1.167969,-0.083984,0.671875,0.000000,24.927605,16.000000
1.369141,-0.089844,-0.410156,0.000000,28.267225,16.000000
1.447266,-0.091797,-0.251953,0.000000,32.513950,16.000000
1.488281,-0.142578,-0.240234,0.000000,33.384563,16.000000
1.531250,-0.097656,-0.246094,0.000000,30.791813,16.000000
2.619141,-0.175781,1.037109,0.000000,29.003672,16.000000
2.689453,-0.089844,0.976562,0.000000,32.169571,16.000000
2.751953,-0.089844,0.925781,0.000000,31.112625,16.000000
4.406250,-0.142578,1.085938,0.000000,28.068581,16.000000
4.414062,-0.142578,1.222656,0.000000,31.376705,16.000000
4.445312,-0.144531,1.257812,0.000000,30.962147,16.000000
1.382812,-0.087891,0.117188,0.614669,26.532125,16.000000
0.009766,0.031250,0.025391,0.000000,29.309490,16.000000
0.041016,-0.033203,0.062500,0.000000,30.086002,16.000000
0.044922,-0.046875,0.103516,0.000000,28.976271,16.000000
0.011719,-0.039062,-0.007812,0.000000,30.644581,17.000000
0.017578,-0.080078,-0.007812,0.000000,31.900515,17.000000
0.029297,-0.119141,-0.005859,0.000000,30.145205,17.000000
0.056641,-0.154297,0.005859,0.000000,25.453072,17.000000
0.220703,-0.080078,1.246094,0.000000,23.117538,17.000000
0.921875,-0.042969,-0.984375,0.000000,24.183012,17.000000
1.212891,0.042969,-0.677734,0.000000,22.922562,17.000000
1.425781,-0.044922,-0.128906,0.000000,27.050079,17.000000
1.455078,-0.046875,-0.220703,0.000000,32.278866,17.000000
1.496094,-0.046875,-0.228516,0.000000,32.798950,17.000000
1.537109,-0.000000,-0.236328,0.000000,29.153997,17.000000
2.625000,-0.175781,1.023438,0.000000,29.047155,17.000000
2.691406,-0.089844,0.974609,0.000000,32.166935,17.000000
2.724609,-0.181641,0.988281,0.000000,31.034616,17.000000
4.408203,-0.283203,1.048828,0.000000,28.142475,17.000000
4.427734,-0.142578,1.167969,0.000000,31.829849,17.000000
4.468750,-0.144531,1.175781,0.000000,31.667261,17.000000
0.009766,0.031250,0.025391,0.000000,29.304396,17.000000
0.041016,-0.033203,0.062500,0.000000,30.086002,17.000000
0.044922,-0.046875,0.103516,0.000000,28.970770,17.000000
1.050781,-0.478516,0.775391,0.000000,20.086002,17.000000
0.667969,0.582031,1.277344,0.000000,26.981005,17.000000
0.011719,-0.039062,-0.007812,0.000000,30.640835,18.000000
0.017578,-0.080078,-0.007812,0.000000,31.897709,18.000000
0.029297,-0.119141,-0.005859,0.000000,30.145205,18.000000
0.056641,-0.154297,0.005859,0.000000,25.428255,18.000000
0.117188,-0.080078,1.259766,0.000000,23.074961,18.000000
0.191406,-0.082031,-1.292969,0.000000,24.456041,18.000000
0.570312,-0.042969,-1.222656,0.000000,21.271048,18.000000
1.425781,-0.138672,-0.341797,0.000000,24.183012,18.000000
1.464844,-0.142578,-0.357422,0.000000,26.283890,18.000000
2.611328,-0.175781,1.056641,0.000000,29.009130,18.000000
2.689453,-0.089844,0.976562,0.000000,32.135178,18.000000
2.753906,-0.089844,0.916016,0.000000,31.024338,18.000000
4.416016,-0.287109,1.185547,0.000000,30.659531,18.000000
4.470703,-0.144531,1.164062,0.000000,30.453230,18.000000
1.322266,-0.173828,0.390625,0.614669,23.996737,18.000000
1.388672,-0.179688,0.298828,0.614669,24.517864,18.000000
0.009766,0.031250,0.025391,0.000000,29.309490,18.000000
0.041016,-0.033203,0.062500,0.000000,30.094509,18.000000
0.044922,-0.046875,0.103516,0.000000,28.976271,18.000000
1.173828,0.464844,0.480469,0.000000,18.750612,18.000000
0.011719,-0.039062,-0.007812,0.000000,30.644581,19.000000
0.017578,-0.080078,-0.007812,0.000000,31.897709,19.000000
0.029297,-0.119141,-0.005859,0.000000,30.145205,19.000000
0.056641,-0.154297,0.005859,0.000000,25.440680,19.000000
0.130859,-0.080078,1.259766,0.000000,23.074961,19.000000
0.142578,-0.082031,-1.298828,0.000000,24.623980,19.000000
0.802734,-0.083984,-1.082031,0.000000,23.521826,19.000000
1.406250,-0.000000,-0.433594,0.000000,26.830471,19.000000
1.484375,-0.000000,-0.296875,0.000000,29.956352,19.000000
1.537109,-0.048828,-0.226562,0.000000,28.998205,19.000000
2.623047,-0.175781,1.027344,0.000000,29.052561,19.000000
2.695312,-0.089844,0.960938,0.000000,32.301933,19.000000
2.732422,-0.181641,0.968750,0.000000,31.328999,19.000000
4.402344,-0.287109,1.234375,0.000000,29.375179,19.000000
4.457031,-0.144531,1.216797,0.000000,29.143431,19.000000
1.380859,-0.130859,-0.101562,0.614669,25.250448,19.000000
1.414062,-0.134766,0.181641,0.614669,26.702459,19.000000
0.009766,0.031250,0.025391,0.000000,29.309490,19.000000
0.041016,-0.033203,0.062500,0.000000,30.086002,19.000000
0.044922,-0.046875,0.103516,0.000000,28.970770,19.000000
2.773438,-0.000000,0.863281,0.000000,31.322598,19.000000
0.011719,-0.039062,-0.007812,0.000000,30.644581,20.000000
0.017578,-0.080078,-0.007812,0.000000,31.897709,20.000000
0.029297,-0.119141,-0.005859,0.000000,30.141003,20.000000
0.056641,-0.154297,0.005859,0.000000,25.440680,20.000000
0.083984,-0.080078,1.263672,0.000000,23.096302,20.000000
0.099609,-0.082031,1.302734,0.000000,24.608978,20.000000
0.281250,-0.083984,-1.318359,0.000000,22.648178,20.000000
1.402344,-0.089844,-0.271484,0.000000,24.487062,20.000000
1.458984,-0.046875,-0.191406,0.000000,30.519239,20.000000
1.503906,-0.046875,-0.162109,0.000000,32.332500,20.000000
1.546875,-0.048828,-0.152344,0.000000,30.899052,20.000000
1.582031,-0.099609,-0.171875,0.000000,26.222139,20.000000
2.619141,-0.175781,1.037109,0.000000,29.025467,20.000000
2.685547,-0.089844,0.988281,0.000000,32.127201,20.000000
2.761719,-0.000000,0.900391,0.000000,30.958664,20.000000
4.398438,-0.287109,1.250000,0.000000,28.536982,20.000000
0.009766,0.031250,0.025391,0.000000,29.304396,20.000000
0.041016,-0.033203,0.062500,0.000000,30.081741,20.000000
0.044922,-0.046875,0.103516,0.000000,28.970770,20.000000
2.718750,-0.181641,1.005859,0.000000,30.913151,20.000000
0.011719,-0.039062,-0.007812,0.000000,30.648323,21.000000
0.017578,-0.080078,-0.007812,0.000000,31.897709,21.000000
0.029297,-0.119141,-0.005859,0.000000,30.141003,21.000000
0.056641,-0.154297,0.005859,0.000000,25.440680,21.000000
0.136719,-0.080078,1.257812,0.000000,23.096302,21.000000
0.074219,-0.082031,-1.304688,0.000000,24.623980,21.000000
0.500000,-0.083984,-1.251953,0.000000,23.242825,21.000000
1.164062,-0.042969,-0.757812,0.000000,22.405493,21.000000
1.435547,0.046875,-0.322266,0.000000,27.895807,21.000000
1.486328,0.046875,-0.277344,0.000000,29.273705,21.000000
1.517578,0.146484,-0.300781,0.000000,25.843311,21.000000
2.615234,-0.175781,1.046875,0.000000,28.970770,21.000000
2.689453,-0.089844,0.976562,0.000000,32.124538,21.000000
2.771484,-0.000000,0.867188,0.000000,31.003706,21.000000
0.009766,0.031250,0.025391,0.000000,29.304396,21.000000
0.041016,-0.033203,0.062500,0.000000,30.086002,21.000000
0.044922,-0.046875,0.103516,0.000000,28.976271,21.000000
0.087891,0.679688,1.394531,0.000000,25.477747,21.000000
2.732422,-0.181641,0.968750,0.000000,30.976044,21.000000
0.011719,-0.039062,-0.007812,0.000000,30.648323,22.000000
0.017578,-0.080078,-0.007812,0.000000,31.900515,22.000000
0.029297,-0.119141,-0.005859,0.000000,30.145205,22.000000
0.056641,-0.154297,0.005859,0.000000,25.440680,22.000000
0.103516,-0.080078,1.261719,0.000000,23.138672,22.000000
0.093750,-0.082031,-1.302734,0.000000,24.593925,22.000000
0.642578,-0.042969,-1.187500,0.000000,22.878017,22.000000
1.167969,-0.000000,-0.755859,0.000000,20.755470,22.000000
1.388672,-0.044922,-0.347656,0.000000,24.487062,22.000000
1.431641,0.046875,-0.341797,0.000000,27.895807,22.000000
1.470703,0.046875,-0.355469,0.000000,28.981766,22.000000
2.621094,-0.175781,1.033203,0.000000,29.003672,22.000000
2.689453,-0.089844,0.978516,0.000000,32.121876,22.000000
2.720703,-0.181641,1.000000,0.000000,31.000257,22.000000
0.009766,0.031250,0.025391,0.000000,29.314579,22.000000
0.041016,-0.033203,0.062500,0.000000,30.086002,22.000000
0.044922,-0.046875,0.103516,0.000000,28.976271,22.000000
0.011719,-0.039062,-0.007812,0.000000,30.652061,23.000000
0.017578,-0.080078,-0.007812,0.000000,31.897709,23.000000
0.029297,-0.119141,-0.005859,0.000000,30.141003,23.000000
0.056641,-0.154297,0.005859,0.000000,25.428255,23.000000
0.097656,-0.080078,1.261719,0.000000,23.117538,23.000000
0.417969,-0.083984,-1.281250,0.000000,22.988531,23.000000
1.412109,-0.224609,0.078125,0.000000,21.303337,23.000000
1.462891,-0.091797,-0.146484,0.000000,28.609365,23.000000
1.501953,-0.093750,-0.152344,0.000000,31.055101,23.000000
1.544922,-0.048828,-0.158203,0.000000,30.503798,23.000000
2.613281,-0.175781,1.052734,0.000000,28.915375,23.000000
2.691406,-0.089844,0.976562,0.000000,32.065559,23.000000
2.753906,-0.089844,0.916016,0.000000,30.916670,23.000000
0.009766,0.031250,0.025391,0.000000,29.304396,23.000000
0.041016,-0.033203,0.062500,0.000000,30.086002,23.000000
0.044922,-0.046875,0.103516,0.000000,28.970770,23.000000
0.011719,-0.039062,-0.007812,0.000000,30.648323,24.000000
0.017578,-0.080078,-0.007812,0.000000,31.900515,24.000000
0.029297,-0.119141,-0.005859,0.000000,30.141003,24.000000
0.056641,-0.154297,0.005859,0.000000,25.440680,24.000000
0.099609,-0.080078,1.261719,0.000000,23.096302,24.000000
0.455078,-0.083984,-1.267578,0.000000,22.988531,24.000000
1.417969,-0.179688,0.082031,0.000000,25.728716,24.000000
1.466797,-0.138672,-0.027344,0.000000,30.595634,24.000000
1.503906,-0.142578,-0.083984,0.000000,31.786892,24.000000
1.548828,-0.048828,-0.121094,0.000000,30.576660,24.000000
1.587891,-0.050781,-0.138672,0.000000,27.535831,24.000000
2.617188,-0.175781,1.042969,0.000000,28.926510,24.000000
2.693359,-0.089844,0.966797,0.000000,32.070957,24.000000
2.761719,-0.089844,0.896484,0.000000,30.986437,24.000000
0.009766,0.031250,0.025391,0.000000,29.309490,24.000000
0.041016,-0.033203,0.062500,0.000000,30.090258,24.000000
0.044922,-0.046875,0.103516,0.000000,28.981766,24.000000
0.011719,-0.039062,-0.007812,0.000000,30.652061,25.000000
0.017578,-0.080078,-0.007812,0.000000,31.900515,25.000000
0.029297,-0.119141,-0.005859,0.000000,30.141003,25.000000
0.056641,-0.154297,0.005859,0.000000,25.440680,25.000000
0.156250,-0.080078,1.255859,0.000000,23.074961,25.000000
0.406250,-0.083984,-1.285156,0.000000,23.096302,25.000000
0.914062,-0.042969,-1.046875,0.000000,22.013971,25.000000
1.410156,-0.089844,-0.232422,0.000000,25.682016,25.000000
1.464844,-0.138672,-0.068359,0.000000,30.220158,25.000000
1.505859,-0.093750,-0.123047,0.000000,32.140488,25.000000
1.537109,-0.097656,-0.207031,0.000000,31.280760,25.000000
1.570312,-0.000000,-0.287109,0.000000,27.788744,25.000000
2.632812,-0.175781,1.003906,0.000000,29.025467,25.000000
2.693359,-0.089844,0.968750,0.000000,32.140488,25.000000
2.755859,-0.089844,0.912109,0.000000,31.162756,25.000000
0.009766,0.031250,0.025391,0.000000,29.299295,25.000000
0.041016,-0.033203,0.062500,0.000000,30.090258,25.000000
0.044922,-0.046875,0.103516,0.000000,28.970770,25.000000
0.011719,-0.039062,-0.007812,0.000000,30.652061,26.000000
0.017578,-0.080078,-0.007812,0.000000,31.900515,26.000000
0.029297,-0.119141,-0.005859,0.000000,30.141003,26.000000
0.056641,-0.154297,0.005859,0.000000,25.428255,26.000000
0.068359,-0.080078,1.263672,0.000000,23.096302,26.000000
0.109375,-0.082031,1.302734,0.000000,24.608978,26.000000
0.429688,-0.083984,-1.277344,0.000000,23.010300,26.000000
0.750000,-0.042969,-1.169922,0.000000,22.201080,26.000000
1.330078,-0.044922,-0.529297,0.000000,24.653828,26.000000
1.449219,-0.091797,-0.240234,0.000000,30.068937,26.000000
1.486328,-0.142578,-0.248047,0.000000,31.467480,26.000000
1.490234,-0.193359,-0.396484,0.000000,28.293037,26.000000
2.621094,-0.175781,1.033203,0.000000,29.014584,26.000000
2.691406,-0.089844,0.976562,0.000000,32.159019,26.000000
2.759766,-0.089844,0.902344,0.000000,31.241781,26.000000
0.009766,0.031250,0.025391,0.000000,29.304396,26.000000
0.041016,-0.033203,0.062500,0.000000,30.090258,26.000000
0.046875,-0.046875,0.103516,0.000000,28.970770,26.000000
0.011719,-0.039062,-0.007812,0.000000,30.648323,27.000000
0.017578,-0.080078,-0.007812,0.000000,31.900515,27.000000
0.029297,-0.119141,-0.005859,0.000000,30.145205,27.000000
0.056641,-0.154297,0.005859,0.000000,25.453072,27.000000
0.121094,-0.080078,1.259766,0.000000,23.074961,27.000000
0.404297,-0.083984,-1.285156,0.000000,23.031961,27.000000
0.607422,-0.042969,-1.250000,0.000000,21.818436,27.000000
1.464844,-0.046875,-0.146484,0.000000,29.020029,27.000000
1.503906,-0.000000,-0.162109,0.000000,32.169571,27.000000
1.544922,-0.000000,-0.166016,0.000000,31.690863,27.000000
1.566406,-0.000000,-0.302734,0.000000,27.626785,27.000000
2.628906,-0.175781,1.013672,0.000000,29.057959,27.000000
2.695312,-0.089844,0.962891,0.000000,32.169571,27.000000
2.761719,-0.089844,0.896484,0.000000,31.195858,27.000000
0.009766,0.031250,0.025391,0.000000,29.309490,27.000000
0.041016,-0.033203,0.062500,0.000000,30.086002,27.000000
0.046875,-0.046875,0.103516,0.000000,28.970770,27.000000
0.906250,0.597656,1.167969,0.000000,24.742163,27.000000
0.011719,-0.039062,-0.007812,0.000000,30.652061,28.000000
0.017578,-0.080078,-0.007812,0.000000,31.897709,28.000000
0.029297,-0.119141,-0.005859,0.000000,30.141003,28.000000
0.056641,-0.154297,0.005859,0.000000,25.440680,28.000000
0.119141,-0.080078,1.259766,0.000000,23.096302,28.000000
0.437500,-0.083984,-1.273438,0.000000,23.010300,28.000000
0.580078,-0.042969,-1.263672,0.000000,21.986570,28.000000
1.466797,0.046875,0.117188,0.000000,24.785666,28.000000
1.505859,0.046875,-0.152344,0.000000,26.757784,28.000000
1.525391,0.097656,-0.279297,0.000000,26.928469,28.000000
2.611328,-0.175781,1.058594,0.000000,28.992731,28.000000
2.687500,-0.089844,0.984375,0.000000,32.140488,28.000000
2.753906,-0.089844,0.916016,0.000000,31.176027,28.000000
0.009766,0.031250,0.025391,0.000000,29.309490,28.000000
0.041016,-0.033203,0.062500,0.000000,30.081741,28.000000
0.046875,-0.046875,0.103516,0.000000,28.970770,28.000000
0.738281,0.568359,1.193359,0.000000,23.838154,28.000000
0.605469,0.630859,1.285156,0.000000,25.415792,28.000000
0.011719,-0.039062,-0.007812,0.000000,30.655798,29.000000
0.017578,-0.080078,-0.007812,0.000000,31.903316,29.000000
0.029297,-0.119141,-0.005859,0.000000,30.145205,29.000000
0.056641,-0.154297,0.005859,0.000000,25.440680,29.000000
0.054688,-0.080078,1.263672,0.000000,23.138672,29.000000
0.453125,-0.083984,-1.267578,0.000000,23.096302,29.000000
0.521484,-0.042969,-1.289062,0.000000,22.227165,29.000000
1.417969,-0.089844,-0.177734,0.000000,25.105450,29.000000
1.455078,-0.091797,0.207031,0.000000,26.910814,29.000000
1.460938,-0.283203,0.273438,0.000000,24.578819,29.000000
1.507812,-0.000000,-0.380859,0.000000,28.014036,29.000000
1.568359,-0.000000,-0.294922,0.000000,27.916906,29.000000
2.636719,-0.175781,0.992188,0.000000,29.025467,29.000000
2.697266,-0.089844,0.958984,0.000000,32.180099,29.000000
2.755859,-0.089844,0.910156,0.000000,31.218880,29.000000
0.011719,0.031250,0.025391,0.000000,29.304396,29.000000
0.041016,-0.033203,0.062500,0.000000,30.086002,29.000000
0.044922,-0.046875,0.103516,0.000000,28.970770,29.000000
0.445312,0.519531,1.349609,0.000000,22.013971,29.000000
0.726562,0.535156,1.265625,0.000000,25.465427,29.000000
0.011719,-0.039062,-0.007812,0.000000,30.648323,30.000000
0.017578,-0.080078,-0.007812,0.000000,31.900515,30.000000
0.029297,-0.119141,-0.005859,0.000000,30.145205,30.000000
0.056641,-0.154297,0.005859,0.000000,25.453072,30.000000
0.128906,-0.080078,1.259766,0.000000,23.117538,30.000000
0.445312,-0.083984,-1.271484,0.000000,23.031961,30.000000
0.220703,-0.042969,-1.373047,0.000000,22.121876,30.000000
1.128906,-0.089844,0.876953,0.000000,23.856062,30.000000
1.492188,-0.046875,-0.253906,0.000000,29.444826,30.000000
1.537109,-0.000000,-0.226562,0.000000,30.744507,30.000000
1.582031,-0.050781,-0.203125,0.000000,28.267225,30.000000
2.623047,-0.175781,1.027344,0.000000,28.915375,30.000000
2.697266,-0.089844,0.958984,0.000000,32.151085,30.000000
2.763672,-0.089844,0.888672,0.000000,31.222158,30.000000
0.009766,0.031250,0.025391,0.000000,29.309490,30.000000
0.041016,-0.033203,0.062500,0.000000,30.081741,30.000000
0.044922,-0.046875,0.103516,0.000000,28.970770,30.000000
0.011719,-0.039062,-0.007812,0.000000,30.648323,31.000000
0.017578,-0.080078,-0.007812,0.000000,31.900515,31.000000
0.029297,-0.119141,-0.005859,0.000000,30.141003,31.000000
0.056641,-0.154297,0.005859,0.000000,25.440680,31.000000
0.136719,-0.080078,1.257812,0.000000,23.138672,31.000000
0.443359,-0.083984,-1.271484,0.000000,23.031961,31.000000
0.091797,-0.042969,-1.386719,0.000000,20.791813,31.000000
1.380859,-0.224609,0.308594,0.000000,21.875208,31.000000
1.462891,-0.138672,0.101562,0.000000,27.101173,31.000000
1.509766,-0.093750,0.015625,0.000000,29.708117,31.000000
1.552734,-0.048828,-0.054688,0.000000,30.610754,31.000000
1.593750,-0.000000,-0.087891,0.000000,29.175055,31.000000
2.613281,-0.175781,1.054688,0.000000,29.047155,31.000000
2.685547,-0.089844,0.988281,0.000000,32.229763,31.000000
2.750000,-0.089844,0.931641,0.000000,31.325798,31.000000
0.009766,0.031250,0.025391,0.000000,29.309490,31.000000
0.041016,-0.033203,0.062500,0.000000,30.090258,31.000000
0.044922,-0.046875,0.103516,0.000000,28.981766,31.000000
0.011719,-0.039062,-0.007812,0.000000,30.644581,32.000000
0.017578,-0.080078,-0.007812,0.000000,31.900515,32.000000
0.029297,-0.119141,-0.005859,0.000000,30.141003,32.000000
0.056641,-0.154297,0.005859,0.000000,25.440680,32.000000
0.148438,-0.080078,1.257812,0.000000,23.074961,32.000000
0.437500,-0.083984,-1.273438,0.000000,23.010300,32.000000
1.423828,-0.134766,-0.056641,0.000000,23.856062,32.000000
1.466797,-0.091797,-0.101562,0.000000,29.849771,32.000000
1.503906,-0.046875,-0.164062,0.000000,32.281437,32.000000
1.544922,-0.048828,-0.167969,0.000000,31.994808,32.000000
1.587891,-0.050781,-0.140625,0.000000,28.518696,32.000000
2.623047,-0.175781,1.027344,0.000000,29.014584,32.000000
2.697266,-0.089844,0.957031,0.000000,32.227165,32.000000
2.763672,-0.089844,0.890625,0.000000,31.357685,32.000000
0.009766,0.031250,0.025391,0.000000,29.309490,32.000000
0.041016,-0.033203,0.062500,0.000000,30.081741,32.000000
0.044922,-0.046875,0.103516,0.000000,28.970770,32.000000
0.011719,-0.039062,-0.007812,0.000000,30.644581,33.000000
0.017578,-0.080078,-0.007812,0.000000,31.897709,33.000000
0.029297,-0.119141,-0.005859,0.000000,30.141003,33.000000
0.056641,-0.154297,0.005859,0.000000,25.440680,33.000000
0.126953,-0.080078,1.259766,0.000000,23.096302,33.000000
0.425781,-0.083984,-1.279297,0.000000,23.053514,33.000000
0.939453,-0.042969,-1.025391,0.000000,22.329962,33.000000
1.402344,-0.089844,-0.271484,0.000000,25.276299,33.000000
1.468750,-0.091797,-0.037109,0.000000,28.948696,33.000000
1.509766,-0.093750,-0.037109,0.000000,29.190781,33.000000
1.535156,-0.000000,-0.248047,0.000000,28.382193,33.000000
1.558594,0.099609,-0.322266,0.000000,27.315887,33.000000
2.611328,-0.175781,1.058594,0.000000,28.893017,33.000000
2.687500,-0.089844,0.986328,0.000000,32.190605,33.000000
2.750000,-0.089844,0.931641,0.000000,31.319393,33.000000
0.009766,0.031250,0.025391,0.000000,29.309490,33.000000
0.041016,-0.033203,0.062500,0.000000,30.086002,33.000000
0.044922,-0.046875,0.103516,0.000000,28.976271,33.000000
0.435547,0.748047,1.339844,0.000000,24.548449,33.000000
0.011719,-0.039062,-0.007812,0.000000,30.648323,34.000000
0.017578,-0.080078,-0.007812,0.000000,31.900515,34.000000
0.029297,-0.119141,-0.005859,0.000000,30.141003,34.000000
0.056641,-0.154297,0.005859,0.000000,25.440680,34.000000
0.128906,-0.080078,1.259766,0.000000,23.117538,34.000000
0.287109,-0.083984,-1.316406,0.000000,23.222193,34.000000
1.470703,-0.091797,0.005859,0.000000,30.852905,34.000000
1.486328,-0.093750,-0.263672,0.000000,30.633333,34.000000
1.519531,-0.048828,-0.328125,0.000000,30.842186,34.000000
1.558594,-0.000000,-0.339844,0.000000,29.100906,34.000000
2.613281,-0.175781,1.048828,0.000000,29.036325,34.000000
2.685547,-0.089844,0.988281,0.000000,32.159019,34.000000
2.748047,-0.089844,0.933594,0.000000,31.152777,34.000000
1.373047,-0.087891,0.207031,-0.614669,24.698219,34.000000
1.427734,-0.089844,0.064453,-0.614669,29.355072,34.000000
0.009766,0.031250,0.025391,0.000000,29.304396,34.000000
0.041016,-0.033203,0.062500,0.000000,30.081741,34.000000
0.044922,-0.046875,0.103516,0.000000,28.970770,34.000000
0.011719,-0.039062,-0.007812,0.000000,30.648323,35.000000
0.017578,-0.080078,-0.007812,0.000000,31.900515,35.000000
0.029297,-0.119141,-0.005859,0.000000,30.136797,35.000000
0.056641,-0.154297,0.005859,0.000000,25.415792,35.000000
0.072266,-0.080078,1.263672,0.000000,23.074961,35.000000
0.103516,-0.082031,-1.302734,0.000000,24.593925,35.000000
0.294922,-0.083984,-1.314453,0.000000,22.600714,35.000000
1.488281,-0.097656,-0.435547,0.000000,25.263393,35.000000
1.515625,-0.099609,-0.490234,0.000000,25.786392,35.000000
2.628906,-0.175781,1.013672,0.000000,29.063351,35.000000
2.697266,-0.089844,0.955078,0.000000,32.245331,35.000000
2.736328,-0.181641,0.955078,0.000000,31.215599,35.000000
1.367188,-0.130859,0.222656,-0.614669,22.380461,35.000000
1.427734,-0.089844,0.048828,-0.614669,27.641762,35.000000
1.468750,-0.091797,-0.041016,-0.614669,29.385197,35.000000
1.513672,-0.046875,-0.015625,-0.614669,27.902851,35.000000
0.009766,0.031250,0.025391,0.000000,29.309490,35.000000
0.041016,-0.033203,0.062500,0.000000,30.090258,35.000000
0.044922,-0.046875,0.103516,0.000000,28.976271,35.000000
2.777344,-0.000000,0.849609,0.000000,31.199154,35.000000
0.011719,-0.039062,-0.007812,0.000000,30.652061,36.000000
0.017578,-0.080078,-0.007812,0.000000,31.900515,36.000000
0.029297,-0.119141,-0.005859,0.000000,30.145205,36.000000
0.056641,-0.154297,0.005859,0.000000,25.440680,36.000000
0.107422,-0.080078,1.261719,0.000000,23.096302,36.000000
0.080078,-0.082031,1.304688,0.000000,24.608978,36.000000
0.521484,-0.126953,1.238281,0.000000,22.900347,36.000000
1.500000,-0.000000,-0.195312,0.000000,26.674530,36.000000
1.529297,-0.000000,-0.281250,0.000000,27.596678,36.000000
1.558594,-0.000000,-0.345703,0.000000,26.364880,36.000000
2.611328,-0.175781,1.058594,0.000000,28.981766,36.000000
2.685547,-0.089844,0.990234,0.000000,32.127201,36.000000
2.753906,-0.089844,0.917969,0.000000,31.159431,36.000000
4.417969,-0.142578,1.207031,0.000000,28.909796,36.000000
4.458984,-0.144531,1.207031,0.000000,28.750612,36.000000
1.318359,-0.087891,0.431641,-0.614669,25.158739,36.000000
1.371094,-0.134766,0.390625,-0.614669,26.665180,36.000000
1.308594,-0.230469,0.634766,-0.614669,23.617279,36.000000
0.009766,0.031250,0.025391,0.000000,29.304396,36.000000
0.041016,-0.033203,0.062500,0.000000,30.086002,36.000000
0.044922,-0.046875,0.103516,0.000000,28.970770,36.000000
1.308594,-0.173828,0.435547,-0.614669,25.158739,36.000000
0.011719,-0.039062,-0.007812,0.000000,30.652061,37.000000
0.017578,-0.080078,-0.007812,0.000000,31.897709,37.000000
0.029297,-0.119141,-0.005859,0.000000,30.136797,37.000000
0.056641,-0.154297,0.005859,0.000000,25.415792,37.000000
0.152344,-0.080078,1.255859,0.000000,23.117538,37.000000
0.275391,-0.082031,-1.277344,0.000000,24.440449,37.000000
1.462891,0.091797,0.132812,0.000000,25.340261,37.000000
1.492188,0.142578,-0.205078,0.000000,26.866364,37.000000
1.519531,0.097656,-0.312500,0.000000,25.453072,37.000000
2.603516,-0.175781,1.074219,0.000000,29.014584,37.000000
2.689453,-0.089844,0.980469,0.000000,32.289135,37.000000
2.757812,-0.089844,0.906250,0.000000,31.417633,37.000000
4.417969,-0.142578,1.207031,0.000000,30.674429,37.000000
4.460938,-0.144531,1.203125,0.000000,30.394140,37.000000
1.337891,-0.042969,-0.167969,-0.614669,21.205740,37.000000
1.384766,-0.087891,0.097656,-0.614669,26.812412,37.000000
1.425781,-0.044922,0.123047,-0.614669,27.032913,37.000000
0.009766,0.031250,0.025391,0.000000,29.309490,37.000000
0.041016,-0.033203,0.062500,0.000000,30.090258,37.000000
0.046875,-0.046875,0.103516,0.000000,28.970770,37.000000
1.035156,-0.367188,-0.980469,0.000000,24.048338,37.000000
0.914062,-0.378906,1.144531,0.000000,25.763414,37.000000
1.353516,-0.388672,0.656250,0.000000,25.024271,37.000000
0.011719,-0.039062,-0.007812,0.000000,30.648323,38.000000
0.017578,-0.080078,-0.007812,0.000000,31.900515,38.000000
0.029297,-0.119141,-0.005859,0.000000,30.141003,38.000000
0.056641,-0.154297,0.005859,0.000000,25.440680,38.000000
0.197266,-0.080078,1.250000,0.000000,23.117538,38.000000
0.240234,-0.082031,1.283203,0.000000,24.727564,38.000000
0.626953,-0.083984,-1.193359,0.000000,23.673559,38.000000
1.128906,-0.042969,-0.810547,0.000000,22.304489,38.000000
1.425781,-0.134766,0.015625,0.000000,21.461281,38.000000
1.466797,-0.046875,-0.123047,0.000000,29.513374,38.000000
1.507812,-0.000000,-0.138672,0.000000,31.192558,38.000000
1.548828,-0.000000,-0.134766,0.000000,29.025467,38.000000
2.605469,-0.175781,1.068359,0.000000,29.003672,38.000000
2.683594,-0.089844,0.992188,0.000000,32.105862,38.000000
2.748047,-0.089844,0.937500,0.000000,30.951693,38.000000
4.412109,-0.142578,1.062500,0.000000,28.221682,38.000000
4.421875,-0.142578,1.189453,0.000000,31.684975,38.000000
4.460938,-0.144531,1.201172,0.000000,31.467480,38.000000
0.009766,0.031250,0.025391,0.000000,29.304396,38.000000
0.041016,-0.033203,0.062500,0.000000,30.090258,38.000000
0.044922,-0.046875,0.103516,0.000000,28.976271,38.000000
0.341797,1.386719,-0.095703,0.000000,19.637878,38.000000
0.011719,-0.039062,-0.007812,0.000000,30.640835,39.000000
0.017578,-0.080078,-0.007812,0.000000,31.897709,39.000000
0.029297,-0.119141,-0.005859,0.000000,30.141003,39.000000
0.056641,-0.154297,0.005859,0.000000,25.428255,39.000000
0.085938,-0.080078,1.263672,0.000000,23.180634,39.000000
0.623047,-0.041016,-1.150391,0.000000,24.456041,39.000000
1.500000,0.046875,-0.203125,0.000000,25.465427,39.000000
1.544922,-0.097656,-0.150391,0.000000,25.145477,39.000000
2.617188,-0.175781,1.042969,0.000000,29.036325,39.000000
2.687500,-0.089844,0.982422,0.000000,32.224564,39.000000
2.750000,-0.089844,0.927734,0.000000,31.202448,39.000000
4.412109,-0.142578,1.064453,0.000000,28.202015,39.000000
4.416016,-0.142578,1.210938,0.000000,31.277525,39.000000
4.447266,-0.144531,1.253906,0.000000,30.603201,39.000000
1.333984,-0.042969,-0.201172,-0.614669,23.263359,39.000000
1.388672,-0.087891,0.001953,-0.614669,27.058638,39.000000
1.427734,-0.089844,0.062500,-0.614669,26.138418,39.000000
0.009766,0.031250,0.025391,0.000000,29.304396,39.000000
0.041016,-0.033203,0.062500,0.000000,30.086002,39.000000
0.044922,-0.046875,0.103516,0.000000,28.976271,39.000000
0.011719,-0.039062,-0.007812,0.000000,30.648323,40.000000
0.017578,-0.080078,-0.007812,0.000000,31.900515,40.000000
0.029297,-0.119141,-0.005859,0.000000,30.145205,40.000000
0.056641,-0.154297,0.005859,0.000000,25.440680,40.000000
0.203125,-0.080078,1.250000,0.000000,22.695129,40.000000
1.056641,-0.082031,0.767578,0.000000,25.185139,40.000000
1.320312,-0.083984,0.271484,0.000000,29.518230,40.000000
1.378906,-0.087891,0.158203,0.000000,30.629578,40.000000
1.425781,-0.089844,0.095703,0.000000,28.633228,40.000000
1.451172,-0.138672,-0.210938,0.000000,26.928469,40.000000
1.480469,-0.189453,-0.255859,0.000000,27.075703,40.000000
2.605469,-0.175781,1.070312,0.000000,29.047155,40.000000
2.687500,-0.089844,0.986328,0.000000,32.227165,40.000000
2.751953,-0.089844,0.923828,0.000000,31.228710,40.000000
4.400391,-0.142578,1.107422,0.000000,28.075350,40.000000
4.414062,-0.142578,1.220703,0.000000,31.535099,40.000000
4.453125,-0.144531,1.232422,0.000000,31.166077,40.000000
4.892578,-0.308594,0.677734,0.000000,29.537598,40.000000
4.951172,-0.623047,0.021484,0.000000,28.830935,40.000000
0.009766,0.031250,0.025391,0.000000,29.309490,40.000000
0.041016,-0.033203,0.062500,0.000000,30.090258,40.000000
0.044922,-0.046875,0.103516,0.000000,28.976271,40.000000
0.011719,-0.039062,-0.007812,0.000000,30.648323,41.000000
0.017578,-0.080078,-0.007812,0.000000,31.900515,41.000000
0.029297,-0.119141,-0.005859,0.000000,30.141003,41.000000
0.056641,-0.154297,0.005859,0.000000,25.440680,41.000000
0.490234,-0.080078,-1.167969,0.000000,21.238516,41.000000
1.291016,-0.082031,0.199219,0.000000,25.237465,41.000000
1.341797,-0.083984,0.130859,0.000000,31.348145,41.000000
1.386719,-0.042969,0.105469,0.000000,32.255676,41.000000
1.419922,-0.044922,0.171875,0.000000,29.527924,41.000000
1.492188,-0.046875,-0.253906,0.000000,26.201361,41.000000
2.617188,-0.175781,1.042969,0.000000,29.074114,41.000000
2.689453,-0.089844,0.976562,0.000000,32.216751,41.000000
2.751953,-0.089844,0.921875,0.000000,31.209028,41.000000
4.402344,-0.142578,1.099609,0.000000,27.958799,41.000000
4.412109,-0.142578,1.226562,0.000000,31.212315,41.000000
4.451172,-0.144531,1.238281,0.000000,30.759117,41.000000
4.800781,-0.306641,0.978516,0.000000,29.863237,41.000000
4.884766,-0.308594,0.740234,0.000000,31.519823,41.000000
4.947266,-0.623047,0.208984,0.000000,30.457140,41.000000
0.009766,0.031250,0.025391,0.000000,29.304396,41.000000
0.041016,-0.033203,0.062500,0.000000,30.090258,41.000000
0.044922,-0.046875,0.103516,0.000000,28.981766,41.000000
0.011719,-0.039062,-0.007812,0.000000,30.655798,42.000000
0.017578,-0.080078,-0.007812,0.000000,31.900515,42.000000
0.029297,-0.119141,-0.005859,0.000000,30.145205,42.000000
0.056641,-0.154297,0.005859,0.000000,25.453072,42.000000
0.849609,-0.119141,0.933594,0.000000,22.810333,42.000000
1.185547,-0.123047,0.542969,0.000000,26.263403,42.000000
1.306641,-0.083984,0.326172,0.000000,27.930916,42.000000
1.322266,-0.087891,0.421875,0.000000,26.683859,42.000000
0.738281,-0.089844,-1.222656,0.000000,24.712917,42.000000
1.425781,-0.046875,-0.369141,0.000000,28.208580,42.000000
1.494141,-0.000000,-0.244141,0.000000,29.973864,42.000000
1.535156,-0.000000,-0.246094,0.000000,28.280151,42.000000
2.613281,-0.175781,1.050781,0.000000,29.036325,42.000000
2.691406,-0.089844,0.972656,0.000000,32.206310,42.000000
2.751953,-0.089844,0.923828,0.000000,31.156105,42.000000
4.412109,-0.142578,1.228516,0.000000,31.105898,42.000000
4.447266,-0.144531,1.251953,0.000000,30.670708,42.000000
4.880859,-0.308594,0.761719,0.000000,30.425755,42.000000
4.951172,-0.623047,0.052734,0.000000,29.169800,42.000000
0.009766,0.031250,0.025391,0.000000,29.304396,42.000000
0.041016,-0.033203,0.062500,0.000000,30.086002,42.000000
0.044922,-0.046875,0.103516,0.000000,28.976271,42.000000
0.011719,-0.039062,-0.007812,0.000000,30.648323,43.000000
0.017578,-0.080078,-0.007812,0.000000,31.900515,43.000000
0.029297,-0.119141,-0.005859,0.000000,30.141003,43.000000
0.056641,-0.154297,0.005859,0.000000,25.440680,43.000000
0.498047,-0.119141,1.160156,0.000000,21.398790,43.000000
0.464844,-0.082031,1.220703,0.000000,22.479733,43.000000
0.996094,-0.000000,-0.910156,0.000000,22.741579,43.000000
1.312500,0.042969,-0.458984,0.000000,25.158739,43.000000
1.318359,0.089844,-0.548828,0.000000,24.593925,43.000000
1.451172,-0.091797,-0.226562,0.000000,27.641762,43.000000
1.488281,-0.093750,-0.255859,0.000000,30.207754,43.000000
1.525391,-0.000000,-0.300781,0.000000,29.084850,43.000000
2.615234,-0.175781,1.048828,0.000000,29.047155,43.000000
2.689453,-0.089844,0.976562,0.000000,32.216751,43.000000
2.728516,-0.181641,0.976562,0.000000,31.156105,43.000000
4.419922,-0.142578,1.195312,0.000000,31.205740,43.000000
4.451172,-0.144531,1.240234,0.000000,30.704073,43.000000
4.810547,-0.154297,0.960938,0.000000,30.182842,43.000000
4.884766,-0.308594,0.732422,0.000000,31.458178,43.000000
4.949219,-0.623047,0.171875,0.000000,29.813656,43.000000
0.009766,0.031250,0.025391,0.000000,29.309490,43.000000
0.041016,-0.033203,0.062500,0.000000,30.090258,43.000000
0.044922,-0.046875,0.103516,0.000000,28.976271,43.000000
1.019531,0.464844,0.753906,0.000000,19.777237,43.000000
2.771484,-0.000000,0.871094,0.000000,31.142773,43.000000
0.011719,-0.039062,-0.007812,0.000000,30.637085,44.000000
0.017578,-0.080078,-0.007812,0.000000,31.900515,44.000000
0.029297,-0.119141,-0.005859,0.000000,30.145205,44.000000
0.056641,-0.154297,0.005859,0.000000,25.440680,44.000000
1.125000,-0.080078,0.580078,0.000000,26.599161,44.000000
1.302734,-0.082031,0.087891,0.000000,29.772661,44.000000
1.347656,-0.083984,-0.023438,0.000000,30.269417,44.000000
1.388672,-0.042969,-0.082031,0.000000,29.237619,44.000000
1.419922,-0.000000,-0.177734,0.000000,27.242758,44.000000
1.429688,-0.046875,-0.347656,0.000000,26.201361,44.000000
1.462891,-0.142578,-0.365234,0.000000,27.259117,44.000000
2.613281,-0.175781,1.052734,0.000000,29.020029,44.000000
2.689453,-0.089844,0.978516,0.000000,32.195847,44.000000
2.755859,-0.089844,0.914062,0.000000,31.182648,44.000000
4.414062,-0.142578,1.216797,0.000000,31.248301,44.000000
4.449219,-0.144531,1.244141,0.000000,30.780941,44.000000
4.882812,-0.308594,0.746094,0.000000,30.689276,44.000000
4.951172,-0.623047,0.035156,0.000000,29.185545,44.000000
0.009766,0.031250,0.025391,0.000000,29.304396,44.000000
0.041016,-0.033203,0.062500,0.000000,30.081741,44.000000
0.044922,-0.046875,0.103516,0.000000,28.970770,44.000000
0.011719,-0.039062,-0.007812,0.000000,30.648323,45.000000
0.017578,-0.080078,-0.007812,0.000000,31.897709,45.000000
0.029297,-0.119141,-0.005859,0.000000,30.141003,45.000000
0.056641,-0.154297,0.005859,0.000000,25.440680,45.000000
0.724609,-0.191406,0.972656,0.000000,19.395193,45.000000
1.177734,-0.080078,0.460938,0.000000,27.050079,45.000000
1.306641,-0.082031,-0.041016,0.000000,29.894499,45.000000
1.337891,-0.042969,-0.177734,0.000000,29.057959,45.000000
1.316406,-0.000000,-0.451172,0.000000,24.983105,45.000000
1.388672,0.044922,-0.345703,0.000000,22.741579,45.000000
1.451172,-0.000000,-0.248047,0.000000,23.673559,45.000000
2.619141,-0.175781,1.037109,0.000000,29.063351,45.000000
2.689453,-0.089844,0.978516,0.000000,32.206310,45.000000
2.748047,-0.089844,0.935547,0.000000,31.142773,45.000000
4.402344,-0.142578,1.101562,0.000000,27.944880,45.000000
4.414062,-0.142578,1.216797,0.000000,31.283993,45.000000
4.451172,-0.144531,1.240234,0.000000,30.842186,45.000000
4.892578,-0.308594,0.689453,0.000000,31.149445,45.000000
4.951172,-0.623047,0.035156,0.000000,29.938768,45.000000
0.009766,0.031250,0.025391,0.000000,29.309490,45.000000
0.041016,-0.033203,0.062500,0.000000,30.086002,45.000000
0.044922,-0.046875,0.103516,0.000000,28.970770,45.000000
0.011719,-0.039062,-0.007812,0.000000,30.652061,46.000000
0.017578,-0.080078,-0.007812,0.000000,31.900515,46.000000
0.029297,-0.119141,-0.005859,0.000000,30.145205,46.000000
0.056641,-0.154297,0.005859,0.000000,25.453072,46.000000
1.162109,-0.039062,-0.505859,0.000000,24.116198,46.000000
1.257812,-0.041016,-0.361328,0.000000,26.283890,46.000000
1.326172,-0.000000,-0.253906,0.000000,25.728716,46.000000
1.371094,-0.000000,-0.230469,0.000000,21.818436,46.000000
2.619141,-0.175781,1.039062,0.000000,29.052561,46.000000
2.689453,-0.089844,0.978516,0.000000,32.211533,46.000000
2.726562,-0.181641,0.982422,0.000000,31.169397,46.000000
4.414062,-0.142578,1.218750,0.000000,31.248301,46.000000
4.443359,-0.144531,1.269531,0.000000,30.744507,46.000000
4.882812,-0.308594,0.753906,0.000000,30.951693,46.000000
4.951172,-0.623047,0.085938,0.000000,29.590414,46.000000
0.009766,0.031250,0.025391,0.000000,29.309490,46.000000
0.041016,-0.033203,0.062500,0.000000,30.086002,46.000000
0.044922,-0.046875,0.103516,0.000000,28.970770,46.000000
0.732422,0.521484,1.060547,0.000000,19.493900,46.000000
2.769531,-0.000000,0.875000,0.000000,31.159431,46.000000
0.011719,-0.039062,-0.007812,0.000000,30.637085,47.000000
0.017578,-0.080078,-0.007812,0.000000,31.897709,47.000000
0.029297,-0.119141,-0.005859,0.000000,30.141003,47.000000
0.056641,-0.154297,0.005859,0.000000,25.440680,47.000000
0.560547,-0.080078,-1.134766,0.000000,24.638929,47.000000
0.787109,-0.082031,-1.042969,0.000000,26.127838,47.000000
0.902344,-0.083984,-1.000000,0.000000,23.873898,47.000000
1.093750,-0.000000,-0.859375,0.000000,21.492191,47.000000
1.248047,0.044922,-0.701172,0.000000,22.528530,47.000000
1.480469,-0.093750,-0.304688,0.000000,25.976952,47.000000
1.525391,-0.000000,-0.304688,0.000000,26.138418,47.000000
2.617188,-0.175781,1.041016,0.000000,29.057959,47.000000
2.689453,-0.089844,0.976562,0.000000,32.198463,47.000000
2.753906,-0.089844,0.919922,0.000000,31.156105,47.000000
4.412109,-0.142578,1.226562,0.000000,31.222158,47.000000
4.441406,-0.144531,1.271484,0.000000,30.685570,47.000000
4.882812,-0.308594,0.744141,0.000000,31.159431,47.000000
4.966797,-0.468750,0.125000,0.000000,29.740509,47.000000
0.009766,0.031250,0.025391,0.000000,29.309490,47.000000
0.041016,-0.033203,0.062500,0.000000,30.086002,47.000000
0.044922,-0.046875,0.103516,0.000000,28.976271,47.000000
0.011719,-0.039062,-0.007812,0.000000,30.644581,48.000000
0.017578,-0.080078,-0.007812,0.000000,31.897709,48.000000
0.029297,-0.119141,-0.005859,0.000000,30.141003,48.000000
0.056641,-0.154297,0.005859,0.000000,25.440680,48.000000
1.253906,-0.039062,0.183594,0.000000,26.541765,48.000000
1.234375,-0.041016,-0.431641,0.000000,28.543060,48.000000
1.230469,-0.042969,-0.554688,0.000000,26.998377,48.000000
0.921875,-0.042969,-1.039062,0.000000,22.922562,48.000000
2.619141,-0.175781,1.037109,0.000000,29.068735,48.000000
2.691406,-0.089844,0.972656,0.000000,32.216751,48.000000
2.753906,-0.089844,0.917969,0.000000,31.152777,48.000000
4.412109,-0.142578,1.222656,0.000000,31.228710,48.000000
4.445312,-0.144531,1.255859,0.000000,30.674429,48.000000
4.880859,-0.308594,0.765625,0.000000,30.989897,48.000000
4.951172,-0.623047,0.101562,0.000000,29.556877,48.000000
0.009766,0.031250,0.025391,0.000000,29.304396,48.000000
0.041016,-0.033203,0.062500,0.000000,30.086002,48.000000
0.044922,-0.046875,0.103516,0.000000,28.976271,48.000000
0.011719,-0.039062,-0.007812,0.000000,30.644581,49.000000
0.017578,-0.080078,-0.007812,0.000000,31.894903,49.000000
0.029297,-0.119141,-0.005859,0.000000,30.136797,49.000000
0.056641,-0.154297,0.005859,0.000000,25.440680,49.000000
0.617188,-0.080078,-1.105469,0.000000,24.533184,49.000000
0.451172,-0.082031,-1.226562,0.000000,25.352942,49.000000
0.746094,-0.126953,1.119141,0.000000,23.483049,49.000000
1.072266,-0.087891,0.882812,0.000000,23.242825,49.000000
2.611328,-0.175781,1.054688,0.000000,29.020029,49.000000
2.689453,-0.089844,0.976562,0.000000,32.206310,49.000000
2.732422,-0.181641,0.970703,0.000000,31.192558,49.000000
4.416016,-0.142578,1.214844,0.000000,31.235250,49.000000
4.460938,-0.144531,1.205078,0.000000,30.737183,49.000000
4.886719,-0.308594,0.720703,0.000000,30.884905,49.000000
4.951172,-0.623047,0.054688,0.000000,29.464523,49.000000
0.009766,0.031250,0.025391,0.000000,29.304396,49.000000
0.041016,-0.033203,0.062500,0.000000,30.086002,49.000000
0.044922,-0.046875,0.103516,0.000000,28.970770,49.000000
2.771484,-0.000000,0.865234,0.000000,31.179338,49.000000
0.011719,-0.039062,-0.007812,0.000000,30.648323,50.000000
0.017578,-0.080078,-0.007812,0.000000,31.897709,50.000000
0.029297,-0.119141,-0.005859,0.000000,30.141003,50.000000
0.056641,-0.154297,0.005859,0.000000,25.440680,50.000000
0.857422,-0.080078,-0.929688,0.000000,24.393328,50.000000
0.898438,-0.041016,-0.951172,0.000000,25.289167,50.000000
0.873047,-0.083984,-1.027344,0.000000,23.424227,50.000000
0.826172,-0.042969,-1.119141,0.000000,22.068258,50.000000
2.611328,-0.175781,1.056641,0.000000,29.030899,50.000000
2.689453,-0.089844,0.978516,0.000000,32.185356,50.000000
2.728516,-0.181641,0.980469,0.000000,31.112625,50.000000
4.416016,-0.142578,1.214844,0.000000,31.258064,50.000000
4.457031,-0.144531,1.216797,0.000000,30.820669,50.000000
4.884766,-0.308594,0.736328,0.000000,30.989897,50.000000
4.951172,-0.623047,0.044922,0.000000,29.735897,50.000000
0.009766,0.031250,0.025391,0.000000,29.304396,50.000000
0.041016,-0.033203,0.062500,0.000000,30.090258,50.000000
0.044922,-0.046875,0.103516,0.000000,28.976271,50.000000
2.771484,-0.000000,0.871094,0.000000,31.109262,50.000000
0.011719,-0.039062,-0.007812,0.000000,30.648323,51.000000
0.017578,-0.080078,-0.007812,0.000000,31.900515,51.000000
0.029297,-0.119141,-0.005859,0.000000,30.141003,51.000000
0.056641,-0.154297,0.005859,0.000000,25.453072,51.000000
0.488281,-0.039062,-1.169922,0.000000,22.671717,51.000000
0.564453,-0.041016,-1.179688,0.000000,24.313637,51.000000
0.673828,-0.042969,-1.169922,0.000000,23.096302,51.000000
0.947266,-0.042969,-1.017578,0.000000,22.833012,51.000000
1.111328,-0.000000,-0.902344,0.000000,22.576786,51.000000
