4.384766,-0.142578,1.320312,0.000000,31.367207,0.000000
4.455078,-0.144531,1.224609,0.000000,31.051695,0.000000
4.652344,-0.000000,0.330078,0.000000,29.991306,0.000000
4.693359,-0.000000,0.306641,0.000000,30.820669,0.000000
4.736328,-0.148438,-0.244141,0.000000,29.849771,0.000000
4.742188,-0.298828,-0.580078,0.000000,33.600250,0.000000
4.785156,-0.300781,-0.560547,0.000000,34.568214,0.000000
4.828125,-0.152344,-0.601562,0.000000,31.824146,0.000000
4.851562,-0.308594,0.929688,0.000000,30.637085,0.000000
4.927734,-0.779297,0.117188,0.000000,29.925535,0.000000
0.037109,-0.035156,0.064453,0.000000,30.090258,0.000000
0.044922,-0.046875,0.103516,0.000000,29.009130,0.000000
1.171875,-0.449219,0.369141,0.000000,21.367207,0.000000
1.230469,-0.464844,0.304688,0.000000,19.684830,0.000000
0.011719,-0.039062,-0.007812,0.000000,30.689276,1.000000
0.027344,-0.076172,-0.009766,0.000000,31.886473,1.000000
0.029297,-0.119141,-0.005859,0.000000,30.098757,1.000000
0.056641,-0.154297,0.007812,0.000000,25.378191,1.000000
0.263672,0.039062,-1.240234,0.000000,23.521826,1.000000
0.226562,0.041016,-1.289062,0.000000,24.345690,1.000000
0.443359,0.042969,1.275391,0.000000,22.504200,1.000000
1.925781,-0.246094,-0.291016,0.000000,26.541765,1.000000
1.957031,-0.250000,-0.347656,0.000000,27.781513,1.000000
2.621094,-0.175781,1.033203,0.000000,29.434946,1.000000
2.703125,-0.089844,0.943359,0.000000,32.636360,1.000000
2.767578,-0.089844,0.876953,0.000000,31.939590,1.000000
4.388672,-0.142578,1.310547,0.000000,31.338581,1.000000
4.458984,-0.144531,1.207031,0.000000,31.017471,1.000000
4.648438,-0.000000,0.375000,0.000000,29.772661,1.000000
4.691406,-0.000000,0.357422,0.000000,30.696680,1.000000
4.740234,-0.148438,-0.144531,0.000000,29.454685,1.000000
4.742188,-0.298828,-0.566406,0.000000,32.685780,1.000000
4.787109,-0.300781,-0.546875,0.000000,33.827374,1.000000
4.832031,-0.152344,-0.562500,0.000000,31.489109,1.000000
4.869141,-0.464844,0.761719,0.000000,30.895519,1.000000
4.945312,-0.623047,0.230469,0.000000,29.781805,1.000000
0.037109,-0.035156,0.064453,0.000000,30.094509,1.000000
0.044922,-0.046875,0.103516,0.000000,29.014584,1.000000
1.179688,-0.449219,0.347656,0.000000,21.430147,1.000000
1.236328,-0.464844,0.283203,0.000000,19.731279,1.000000
4.902344,-0.935547,0.058594,0.000000,29.740509,1.000000
0.011719,-0.039062,-0.007812,0.000000,30.678144,2.000000
0.027344,-0.076172,-0.009766,0.000000,31.883659,2.000000
0.029297,-0.119141,-0.005859,0.000000,30.094509,2.000000
0.056641,-0.154297,0.007812,0.000000,25.365585,2.000000
0.263672,0.039062,-1.240234,0.000000,23.541084,2.000000
0.171875,0.041016,-1.296875,0.000000,24.345690,2.000000
0.472656,0.042969,1.263672,0.000000,22.504200,2.000000
2.619141,-0.175781,1.035156,0.000000,29.454685,2.000000
2.697266,-0.089844,0.955078,0.000000,32.622135,2.000000
2.755859,-0.089844,0.910156,0.000000,31.942368,2.000000
4.298828,-0.142578,1.453125,0.000000,27.634279,2.000000
4.394531,-0.142578,1.289062,0.000000,31.335388,2.000000
4.468750,-0.144531,1.177734,0.000000,31.014034,2.000000
4.650391,-0.000000,0.357422,0.000000,29.890047,2.000000
4.691406,-0.000000,0.345703,0.000000,30.737183,2.000000
4.744141,-0.000000,-0.072266,0.000000,29.395193,2.000000
4.744141,-0.298828,-0.548828,0.000000,32.805782,2.000000
4.787109,-0.300781,-0.539062,0.000000,33.941013,2.000000
4.832031,-0.152344,-0.576172,0.000000,31.550322,2.000000
4.861328,-0.308594,0.876953,0.000000,30.965624,2.000000
4.929688,-0.623047,0.458984,0.000000,29.415113,2.000000
0.037109,-0.035156,0.064453,0.000000,30.094509,2.000000
0.044922,-0.046875,0.103516,0.000000,29.014584,2.000000
1.177734,-0.449219,0.353516,0.000000,21.367207,2.000000
1.228516,-0.464844,0.312500,0.000000,19.637878,2.000000
0.011719,-0.039062,-0.007812,0.000000,30.681858,3.000000
0.027344,-0.076172,-0.009766,0.000000,31.886473,3.000000
0.029297,-0.119141,-0.005859,0.000000,30.098757,3.000000
0.056641,-0.154297,0.007812,0.000000,25.378191,3.000000
0.250000,0.039062,-1.242188,0.000000,23.502480,3.000000
0.216797,0.041016,-1.291016,0.000000,24.345690,3.000000
0.460938,0.042969,1.267578,0.000000,22.504200,3.000000
1.958984,-0.187500,-0.380859,0.000000,27.581547,3.000000
2.619141,-0.175781,1.037109,0.000000,29.350031,3.000000
2.699219,-0.089844,0.953125,0.000000,32.600716,3.000000
2.761719,-0.089844,0.896484,0.000000,31.939590,3.000000
4.384766,-0.142578,1.322266,0.000000,31.319393,3.000000
4.457031,-0.144531,1.216797,0.000000,31.010593,3.000000
4.646484,-0.000000,0.392578,0.000000,29.813656,3.000000
4.691406,-0.000000,0.339844,0.000000,30.740847,3.000000
4.744141,-0.000000,-0.095703,0.000000,29.439888,3.000000
4.742188,-0.298828,-0.568359,0.000000,32.915909,3.000000
4.785156,-0.300781,-0.564453,0.000000,34.097641,3.000000
4.824219,-0.152344,-0.632812,0.000000,31.766699,3.000000
4.869141,-0.464844,0.763672,0.000000,31.014034,3.000000
4.925781,-0.779297,0.193359,0.000000,30.115704,3.000000
0.037109,-0.035156,0.064453,0.000000,30.094509,3.000000
0.046875,-0.046875,0.103516,0.000000,29.014584,3.000000
1.173828,-0.449219,0.367188,0.000000,21.430147,3.000000
1.224609,-0.464844,0.326172,0.000000,19.731279,3.000000
0.011719,-0.039062,-0.007812,0.000000,30.674429,4.000000
0.027344,-0.076172,-0.009766,0.000000,31.880844,4.000000
0.029297,-0.119141,-0.005859,0.000000,30.094509,4.000000
0.056641,-0.154297,0.007812,0.000000,25.378191,4.000000
0.257812,0.039062,-1.240234,0.000000,23.521826,4.000000
0.212891,0.041016,-1.291016,0.000000,24.313637,4.000000
0.439453,0.042969,1.275391,0.000000,22.504200,4.000000
1.937500,-0.250000,-0.451172,0.000000,27.795965,4.000000
2.623047,-0.175781,1.027344,0.000000,29.365137,4.000000
2.703125,-0.089844,0.941406,0.000000,32.619762,4.000000
2.769531,-0.089844,0.871094,0.000000,31.950689,4.000000
4.298828,-0.142578,1.457031,0.000000,27.686380,4.000000
4.394531,-0.142578,1.289062,0.000000,31.376705,4.000000
4.468750,-0.144531,1.177734,0.000000,31.048285,4.000000
4.648438,-0.000000,0.367188,0.000000,29.921114,4.000000
4.693359,-0.000000,0.320312,0.000000,30.795429,4.000000
4.744141,-0.000000,-0.093750,0.000000,29.370161,4.000000
4.744141,-0.298828,-0.560547,0.000000,32.966652,4.000000
4.785156,-0.300781,-0.554688,0.000000,34.068806,4.000000
4.824219,-0.152344,-0.625000,0.000000,31.574568,4.000000
4.853516,-0.308594,0.919922,0.000000,30.740847,4.000000
4.919922,-0.779297,0.296875,0.000000,29.523081,4.000000
0.037109,-0.035156,0.064453,0.000000,30.090258,4.000000
0.044922,-0.046875,0.103516,0.000000,29.009130,4.000000
1.173828,-0.449219,0.365234,0.000000,21.461281,4.000000
1.228516,-0.464844,0.310547,0.000000,19.731279,4.000000
3.771484,-1.703125,-1.871094,0.000000,24.785666,4.000000
0.011719,-0.039062,-0.007812,0.000000,30.674429,5.000000
0.027344,-0.076172,-0.009766,0.000000,31.883659,5.000000
0.029297,-0.119141,-0.005859,0.000000,30.098757,5.000000
0.056641,-0.154297,0.007812,0.000000,25.378191,5.000000
0.269531,0.039062,-1.238281,0.000000,23.502480,5.000000
0.214844,0.041016,-1.291016,0.000000,24.297523,5.000000
0.488281,0.042969,1.257812,0.000000,22.455126,5.000000
2.626953,-0.175781,1.017578,0.000000,29.429996,5.000000
2.701172,-0.089844,0.947266,0.000000,32.624512,5.000000
2.757812,-0.089844,0.906250,0.000000,31.947918,5.000000
4.326172,-0.000000,1.380859,0.000000,27.737864,5.000000
4.402344,-0.142578,1.259766,0.000000,31.445742,5.000000
4.474609,-0.144531,1.148438,0.000000,31.129400,5.000000
4.650391,-0.000000,0.355469,0.000000,29.907827,5.000000
4.691406,-0.000000,0.337891,0.000000,30.685570,5.000000
4.744141,-0.298828,-0.548828,0.000000,32.567177,5.000000
4.794922,-0.150391,-0.539062,0.000000,33.701427,5.000000
4.824219,-0.152344,-0.638672,0.000000,31.051695,5.000000
4.851562,-0.308594,0.935547,0.000000,30.711452,5.000000
4.929688,-0.623047,0.474609,0.000000,29.185545,5.000000
0.037109,-0.035156,0.064453,0.000000,30.094509,5.000000
0.044922,-0.046875,0.103516,0.000000,29.020029,5.000000
1.175781,-0.449219,0.359375,0.000000,21.430147,5.000000
1.232422,-0.464844,0.298828,0.000000,19.731279,5.000000
0.011719,-0.039062,-0.007812,0.000000,30.670708,6.000000
0.027344,-0.076172,-0.009766,0.000000,31.883659,6.000000
0.029297,-0.119141,-0.005859,0.000000,30.094509,6.000000
0.056641,-0.154297,0.007812,0.000000,25.365585,6.000000
0.248047,0.039062,-1.242188,0.000000,23.541084,6.000000
0.187500,0.041016,-1.294922,0.000000,24.361626,6.000000
0.460938,0.042969,1.267578,0.000000,22.528530,6.000000
2.626953,-0.175781,1.017578,0.000000,29.360107,6.000000
2.701172,-0.089844,0.943359,0.000000,32.612629,6.000000
2.761719,-0.089844,0.890625,0.000000,31.942368,6.000000
4.314453,-0.000000,1.416016,0.000000,27.745171,6.000000
4.394531,-0.142578,1.287109,0.000000,31.398790,6.000000
4.462891,-0.144531,1.193359,0.000000,31.048285,6.000000
4.648438,-0.000000,0.371094,0.000000,29.872192,6.000000
4.691406,-0.000000,0.345703,0.000000,30.670708,6.000000
4.744141,-0.000000,-0.089844,0.000000,29.074114,6.000000
4.742188,-0.298828,-0.570312,0.000000,33.283794,6.000000
4.792969,-0.150391,-0.554688,0.000000,34.398064,6.000000
4.822266,-0.152344,-0.648438,0.000000,31.886473,6.000000
4.863281,-0.308594,0.871094,0.000000,30.799046,6.000000
4.933594,-0.623047,0.427734,0.000000,29.527924,6.000000
0.037109,-0.035156,0.064453,0.000000,30.098757,6.000000
0.044922,-0.046875,0.103516,0.000000,29.014584,6.000000
1.177734,-0.449219,0.349609,0.000000,21.430147,6.000000
1.238281,-0.464844,0.275391,0.000000,19.731279,6.000000
0.011719,-0.039062,-0.007812,0.000000,30.670708,7.000000
0.027344,-0.076172,-0.009766,0.000000,31.880844,7.000000
0.029297,-0.119141,-0.005859,0.000000,30.098757,7.000000
0.056641,-0.154297,0.007812,0.000000,25.378191,7.000000
0.230469,0.039062,-1.246094,0.000000,23.521826,7.000000
0.187500,0.041016,-1.294922,0.000000,24.345690,7.000000
0.472656,0.042969,1.263672,0.000000,22.504200,7.000000
2.626953,-0.175781,1.015625,0.000000,29.420080,7.000000
2.705078,-0.089844,0.937500,0.000000,32.655254,7.000000
2.765625,-0.089844,0.882812,0.000000,31.978317,7.000000
4.318359,-0.142578,1.394531,0.000000,27.759743,7.000000
4.394531,-0.142578,1.289062,0.000000,31.386185,7.000000
4.464844,-0.144531,1.189453,0.000000,31.058506,7.000000
4.648438,-0.000000,0.380859,0.000000,29.890047,7.000000
4.691406,-0.000000,0.349609,0.000000,30.729847,7.000000
4.744141,-0.000000,-0.091797,0.000000,29.283958,7.000000
4.742188,-0.298828,-0.568359,0.000000,33.040596,7.000000
4.785156,-0.300781,-0.558594,0.000000,34.174717,7.000000
4.826172,-0.152344,-0.617188,0.000000,31.824146,7.000000
4.865234,-0.308594,0.853516,0.000000,30.795429,7.000000
4.935547,-0.623047,0.398438,0.000000,29.405165,7.000000
0.037109,-0.035156,0.064453,0.000000,30.098757,7.000000
0.044922,-0.046875,0.103516,0.000000,29.020029,7.000000
1.173828,-0.449219,0.363281,0.000000,21.430147,7.000000
1.232422,-0.464844,0.294922,0.000000,19.731279,7.000000
0.011719,-0.039062,-0.007812,0.000000,30.681858,8.000000
0.027344,-0.076172,-0.009766,0.000000,31.886473,8.000000
0.029297,-0.119141,-0.005859,0.000000,30.094509,8.000000
0.056641,-0.154297,0.007812,0.000000,25.365585,8.000000
0.244141,0.039062,-1.244141,0.000000,23.521826,8.000000
0.207031,0.041016,-1.291016,0.000000,24.329693,8.000000
0.457031,0.042969,1.269531,0.000000,22.479733,8.000000
2.623047,-0.175781,1.029297,0.000000,29.380192,8.000000
2.701172,-0.089844,0.947266,0.000000,32.600716,8.000000
2.761719,-0.089844,0.892578,0.000000,31.925674,8.000000
4.314453,-0.142578,1.408203,0.000000,27.767012,8.000000
4.392578,-0.142578,1.291016,0.000000,31.367207,8.000000
4.464844,-0.144531,1.191406,0.000000,31.044870,8.000000
4.648438,-0.000000,0.380859,0.000000,29.827234,8.000000
4.691406,-0.000000,0.345703,0.000000,30.588055,8.000000
4.744141,-0.000000,-0.099609,0.000000,29.068735,8.000000
4.744141,-0.298828,-0.562500,0.000000,32.966652,8.000000
4.794922,-0.150391,-0.541016,0.000000,33.948017,8.000000
4.832031,-0.000000,-0.583984,0.000000,31.212315,8.000000
4.865234,-0.308594,0.857422,0.000000,30.835026,8.000000
4.925781,-0.779297,0.203125,0.000000,29.680157,8.000000
0.037109,-0.035156,0.064453,0.000000,30.098757,8.000000
0.044922,-0.046875,0.103516,0.000000,29.014584,8.000000
1.179688,-0.449219,0.347656,0.000000,21.398790,8.000000
1.236328,-0.464844,0.279297,0.000000,19.684830,8.000000
0.011719,-0.039062,-0.007812,0.000000,30.689276,9.000000
0.027344,-0.076172,-0.009766,0.000000,31.889284,9.000000
0.029297,-0.119141,-0.005859,0.000000,30.102999,9.000000
0.056641,-0.154297,0.007812,0.000000,25.378191,9.000000
0.275391,0.039062,-1.238281,0.000000,23.502480,9.000000
0.232422,0.041016,-1.287109,0.000000,24.313637,9.000000
0.437500,0.042969,1.275391,0.000000,22.430380,9.000000
2.623047,-0.175781,1.025391,0.000000,29.400181,9.000000
2.703125,-0.089844,0.943359,0.000000,32.624512,9.000000
2.763672,-0.089844,0.890625,0.000000,31.950689,9.000000
4.304688,-0.142578,1.439453,0.000000,27.745171,9.000000
4.392578,-0.142578,1.296875,0.000000,31.386185,9.000000
4.462891,-0.144531,1.193359,0.000000,31.031193,9.000000
4.648438,-0.000000,0.375000,0.000000,29.845274,9.000000
4.691406,-0.000000,0.339844,0.000000,30.722500,9.000000
4.744141,-0.000000,-0.113281,0.000000,29.314579,9.000000
4.742188,-0.298828,-0.576172,0.000000,33.186893,9.000000
4.792969,-0.150391,-0.558594,0.000000,34.166405,9.000000
4.826172,-0.152344,-0.621094,0.000000,31.405081,9.000000
4.863281,-0.308594,0.869141,0.000000,30.806265,9.000000
4.921875,-0.779297,0.259766,0.000000,29.609463,9.000000
0.037109,-0.035156,0.064453,0.000000,30.094509,9.000000
0.044922,-0.046875,0.103516,0.000000,29.014584,9.000000
1.173828,-0.449219,0.365234,0.000000,21.430147,9.000000
1.234375,-0.464844,0.291016,0.000000,19.637878,9.000000
0.011719,-0.039062,-0.007812,0.000000,30.681858,10.000000
0.027344,-0.076172,-0.009766,0.000000,31.886473,10.000000
0.029297,-0.119141,-0.005859,0.000000,30.098757,10.000000
0.056641,-0.154297,0.007812,0.000000,25.378191,10.000000
0.267578,0.039062,-1.238281,0.000000,23.541084,10.000000
0.216797,0.041016,-1.291016,0.000000,24.345690,10.000000
0.466797,0.042969,1.265625,0.000000,22.528530,10.000000
2.625000,-0.175781,1.023438,0.000000,29.370161,10.000000
2.703125,-0.089844,0.943359,0.000000,32.631626,10.000000
2.763672,-0.089844,0.886719,0.000000,31.931246,10.000000
4.314453,-0.000000,1.416016,0.000000,27.693773,10.000000
4.398438,-0.142578,1.277344,0.000000,31.392492,10.000000
4.468750,-0.144531,1.175781,0.000000,31.038036,10.000000
4.646484,-0.000000,0.388672,0.000000,29.827234,10.000000
4.689453,-0.000000,0.363281,0.000000,30.629578,10.000000
4.744141,-0.298828,-0.564453,0.000000,32.873539,10.000000
4.794922,-0.150391,-0.535156,0.000000,33.821972,10.000000
4.830078,-0.152344,-0.580078,0.000000,30.867157,10.000000
4.863281,-0.308594,0.865234,0.000000,30.909630,10.000000
4.931641,-0.623047,0.435547,0.000000,29.513374,10.000000
0.037109,-0.035156,0.064453,0.000000,30.094509,10.000000
0.044922,-0.046875,0.103516,0.000000,29.009130,10.000000
1.175781,-0.449219,0.357422,0.000000,21.430147,10.000000
1.232422,-0.464844,0.296875,0.000000,19.684830,10.000000
0.011719,-0.039062,-0.007812,0.000000,30.685570,11.000000
0.027344,-0.076172,-0.009766,0.000000,31.889284,11.000000
0.029297,-0.119141,-0.005859,0.000000,30.107239,11.000000
0.056641,-0.154297,0.007812,0.000000,25.390760,11.000000
0.271484,0.039062,-1.238281,0.000000,23.483049,11.000000
0.218750,0.041016,-1.289062,0.000000,24.297523,11.000000
0.460938,0.042969,1.267578,0.000000,22.455126,11.000000
2.623047,-0.175781,1.025391,0.000000,29.405165,11.000000
2.701172,-0.089844,0.947266,0.000000,32.641090,11.000000
2.759766,-0.089844,0.898438,0.000000,31.950689,11.000000
4.312500,-0.000000,1.417969,0.000000,27.759743,11.000000
4.394531,-0.142578,1.289062,0.000000,31.427023,11.000000
4.464844,-0.144531,1.191406,0.000000,31.075491,11.000000
4.648438,-0.000000,0.384766,0.000000,29.925535,11.000000
4.691406,-0.000000,0.357422,0.000000,30.733517,11.000000
4.744141,-0.000000,-0.054688,0.000000,29.111576,11.000000
4.744141,-0.298828,-0.554688,0.000000,32.926991,11.000000
4.796875,-0.150391,-0.523438,0.000000,33.769417,11.000000
4.832031,-0.152344,-0.576172,0.000000,30.542299,11.000000
4.857422,-0.308594,0.896484,0.000000,30.806265,11.000000
4.919922,-0.779297,0.291016,0.000000,29.314579,11.000000
0.037109,-0.035156,0.064453,0.000000,30.090258,11.000000
0.044922,-0.046875,0.103516,0.000000,29.014584,11.000000
1.177734,-0.449219,0.353516,0.000000,21.398790,11.000000
1.238281,-0.464844,0.273438,0.000000,19.684830,11.000000
0.011719,-0.039062,-0.007812,0.000000,30.678144,12.000000
0.027344,-0.076172,-0.009766,0.000000,31.883659,12.000000
0.029297,-0.119141,-0.005859,0.000000,30.098757,12.000000
0.056641,-0.154297,0.007812,0.000000,25.378191,12.000000
0.230469,0.039062,-1.246094,0.000000,23.579348,12.000000
0.189453,0.041016,-1.294922,0.000000,24.393328,12.000000
0.470703,0.042969,1.263672,0.000000,22.552725,12.000000
2.623047,-0.175781,1.025391,0.000000,29.355072,12.000000
2.701172,-0.089844,0.943359,0.000000,32.615009,12.000000
2.763672,-0.089844,0.888672,0.000000,31.931246,12.000000
4.310547,-0.000000,1.429688,0.000000,27.759743,12.000000
4.390625,-0.142578,1.298828,0.000000,31.386185,12.000000
4.460938,-0.144531,1.199219,0.000000,31.055101,12.000000
4.648438,-0.000000,0.375000,0.000000,29.876663,12.000000
4.691406,-0.000000,0.343750,0.000000,30.652061,12.000000
4.744141,-0.000000,-0.103516,0.000000,29.201233,12.000000
4.744141,-0.298828,-0.558594,0.000000,32.975418,12.000000
4.796875,-0.150391,-0.521484,0.000000,33.745651,12.000000
4.832031,-0.152344,-0.572266,0.000000,30.421816,12.000000
4.859375,-0.308594,0.884766,0.000000,30.806265,12.000000
4.921875,-0.779297,0.263672,0.000000,29.420080,12.000000
0.037109,-0.035156,0.064453,0.000000,30.090258,12.000000
0.044922,-0.046875,0.103516,0.000000,29.014584,12.000000
1.179688,-0.449219,0.347656,0.000000,21.430147,12.000000
1.238281,-0.464844,0.269531,0.000000,19.684830,12.000000
0.011719,-0.039062,-0.007812,0.000000,30.678144,13.000000
0.027344,-0.076172,-0.009766,0.000000,31.886473,13.000000
0.029297,-0.119141,-0.005859,0.000000,30.098757,13.000000
0.056641,-0.154297,0.007812,0.000000,25.365585,13.000000
0.244141,0.039062,-1.244141,0.000000,23.463530,13.000000
0.214844,0.041016,-1.291016,0.000000,24.313637,13.000000
0.464844,0.042969,1.267578,0.000000,22.504200,13.000000
2.628906,-0.175781,1.013672,0.000000,29.400181,13.000000
2.703125,-0.089844,0.941406,0.000000,32.626884,13.000000
2.763672,-0.089844,0.884766,0.000000,31.942368,13.000000
4.306641,-0.000000,1.437500,0.000000,27.774269,13.000000
4.390625,-0.142578,1.304688,0.000000,31.383026,13.000000
4.460938,-0.144531,1.201172,0.000000,31.055101,13.000000
4.648438,-0.000000,0.373047,0.000000,29.863237,13.000000
4.691406,-0.000000,0.339844,0.000000,30.625820,13.000000
4.744141,-0.000000,-0.117188,0.000000,29.164539,13.000000
4.742188,-0.298828,-0.570312,0.000000,32.953472,13.000000
4.794922,-0.150391,-0.529297,0.000000,33.741982,13.000000
4.832031,-0.152344,-0.578125,0.000000,30.449316,13.000000
4.859375,-0.308594,0.892578,0.000000,30.791813,13.000000
4.921875,-0.779297,0.279297,0.000000,29.324738,13.000000
0.037109,-0.035156,0.064453,0.000000,30.094509,13.000000
0.044922,-0.046875,0.103516,0.000000,29.014584,13.000000
1.175781,-0.449219,0.361328,0.000000,21.367207,13.000000
1.228516,-0.464844,0.308594,0.000000,19.684830,13.000000
0.011719,-0.039062,-0.007812,0.000000,30.678144,14.000000
0.027344,-0.076172,-0.009766,0.000000,31.883659,14.000000
0.029297,-0.119141,-0.005859,0.000000,30.098757,14.000000
0.056641,-0.154297,0.007812,0.000000,25.378191,14.000000
0.263672,0.039062,-1.240234,0.000000,23.502480,14.000000
0.203125,0.041016,-1.292969,0.000000,24.345690,14.000000
0.474609,0.042969,1.263672,0.000000,22.576786,14.000000
2.623047,-0.175781,1.029297,0.000000,29.390198,14.000000
2.701172,-0.089844,0.945312,0.000000,32.619762,14.000000
2.763672,-0.089844,0.890625,0.000000,31.947918,14.000000
4.308594,-0.142578,1.423828,0.000000,27.817554,14.000000
4.390625,-0.142578,1.302734,0.000000,31.411362,14.000000
4.460938,-0.144531,1.199219,0.000000,31.075491,14.000000
4.648438,-0.000000,0.380859,0.000000,29.867718,14.000000
4.691406,-0.000000,0.351562,0.000000,30.704073,14.000000
4.744141,-0.000000,-0.066406,0.000000,29.175055,14.000000
4.744141,-0.298828,-0.560547,0.000000,32.999428,14.000000
4.794922,-0.150391,-0.533203,0.000000,33.870338,14.000000
4.830078,-0.152344,-0.591797,0.000000,30.748165,14.000000
4.859375,-0.308594,0.888672,0.000000,30.852905,14.000000
4.931641,-0.623047,0.447266,0.000000,29.439888,14.000000
0.037109,-0.035156,0.064453,0.000000,30.090258,14.000000
0.044922,-0.046875,0.103516,0.000000,29.009130,14.000000
1.177734,-0.449219,0.355469,0.000000,21.398790,14.000000
1.236328,-0.464844,0.279297,0.000000,19.684830,14.000000
0.011719,-0.039062,-0.007812,0.000000,30.681858,15.000000
0.027344,-0.076172,-0.009766,0.000000,31.886473,15.000000
0.029297,-0.119141,-0.005859,0.000000,30.102999,15.000000
0.056641,-0.154297,0.007812,0.000000,25.390760,15.000000
0.269531,0.039062,-1.238281,0.000000,23.502480,15.000000
0.128906,-0.000000,1.302734,0.000000,24.313637,15.000000
0.453125,0.042969,1.271484,0.000000,22.479733,15.000000
2.625000,-0.175781,1.021484,0.000000,29.410143,15.000000
2.671875,-0.179688,1.015625,0.000000,32.619762,15.000000
2.765625,-0.089844,0.882812,0.000000,31.936810,15.000000
4.306641,-0.142578,1.431641,0.000000,27.752462,15.000000
4.390625,-0.142578,1.302734,0.000000,31.376705,15.000000
4.460938,-0.144531,1.199219,0.000000,31.065308,15.000000
4.648438,-0.000000,0.375000,0.000000,29.921114,15.000000
4.691406,-0.000000,0.341797,0.000000,30.755470,15.000000
4.744141,-0.298828,-0.554688,0.000000,32.909245,15.000000
4.794922,-0.150391,-0.529297,0.000000,33.798492,15.000000
4.828125,-0.152344,-0.595703,0.000000,30.696680,15.000000
4.869141,-0.308594,0.828125,0.000000,30.944712,15.000000
4.923828,-0.779297,0.218750,0.000000,29.881128,15.000000
0.037109,-0.035156,0.064453,0.000000,30.094509,15.000000
0.044922,-0.046875,0.103516,0.000000,29.014584,15.000000
1.177734,-0.449219,0.351562,0.000000,21.367207,15.000000
1.236328,-0.464844,0.281250,0.000000,19.637878,15.000000
0.011719,-0.039062,-0.007812,0.000000,30.681858,16.000000
0.027344,-0.076172,-0.009766,0.000000,31.886473,16.000000
0.029297,-0.119141,-0.005859,0.000000,30.098757,16.000000
0.056641,-0.154297,0.007812,0.000000,25.365585,16.000000
0.287109,0.039062,-1.234375,0.000000,23.521826,16.000000
0.224609,0.041016,-1.289062,0.000000,24.313637,16.000000
0.457031,0.042969,1.269531,0.000000,22.479733,16.000000
2.625000,-0.175781,1.023438,0.000000,29.375179,16.000000
2.703125,-0.089844,0.939453,0.000000,32.615009,16.000000
2.765625,-0.089844,0.882812,0.000000,31.934029,16.000000
4.306641,-0.142578,1.429688,0.000000,27.767012,16.000000
4.390625,-0.142578,1.300781,0.000000,31.386185,16.000000
4.460938,-0.144531,1.203125,0.000000,31.078880,16.000000
4.650391,-0.000000,0.341797,0.000000,29.951963,16.000000
4.693359,-0.000000,0.320312,0.000000,30.802656,16.000000
4.744141,-0.000000,-0.085938,0.000000,29.304396,16.000000
4.744141,-0.298828,-0.556641,0.000000,32.992893,16.000000
4.792969,-0.150391,-0.548828,0.000000,33.975925,16.000000
4.826172,-0.152344,-0.623047,0.000000,31.195858,16.000000
4.863281,-0.308594,0.871094,0.000000,30.780941,16.000000
4.921875,-0.779297,0.285156,0.000000,29.299295,16.000000
0.037109,-0.035156,0.064453,0.000000,30.090258,16.000000
0.044922,-0.046875,0.103516,0.000000,29.009130,16.000000
1.173828,-0.449219,0.363281,0.000000,21.367207,16.000000
1.232422,-0.464844,0.294922,0.000000,19.590414,16.000000
0.011719,-0.039062,-0.007812,0.000000,30.685570,17.000000
0.027344,-0.076172,-0.009766,0.000000,31.889284,17.000000
0.029297,-0.119141,-0.005859,0.000000,30.098757,17.000000
0.056641,-0.154297,0.007812,0.000000,25.378191,17.000000
0.234375,0.039062,-1.246094,0.000000,23.443922,17.000000
0.197266,0.041016,-1.292969,0.000000,24.313637,17.000000
0.484375,0.042969,1.259766,0.000000,22.479733,17.000000
2.621094,-0.175781,1.033203,0.000000,29.395193,17.000000
2.703125,-0.089844,0.943359,0.000000,32.619762,17.000000
2.765625,-0.089844,0.882812,0.000000,31.934029,17.000000
4.304688,-0.142578,1.437500,0.000000,27.774269,17.000000
4.392578,-0.142578,1.294922,0.000000,31.405081,17.000000
4.462891,-0.144531,1.193359,0.000000,31.068705,17.000000
4.646484,-0.000000,0.386719,0.000000,29.867718,17.000000
4.691406,-0.000000,0.357422,0.000000,30.704073,17.000000
4.744141,-0.000000,-0.103516,0.000000,29.309490,17.000000
4.742188,-0.298828,-0.576172,0.000000,33.174366,17.000000
4.783203,-0.300781,-0.566406,0.000000,34.214394,17.000000
4.824219,-0.152344,-0.632812,0.000000,31.604685,17.000000
4.863281,-0.308594,0.865234,0.000000,30.813473,17.000000
4.929688,-0.623047,0.455078,0.000000,29.405165,17.000000
0.037109,-0.035156,0.064453,0.000000,30.098757,17.000000
0.044922,-0.046875,0.103516,0.000000,29.020029,17.000000
1.179688,-0.449219,0.349609,0.000000,21.335388,17.000000
1.238281,-0.464844,0.269531,0.000000,19.542425,17.000000
0.011719,-0.039062,-0.007812,0.000000,30.681858,18.000000
0.027344,-0.076172,-0.009766,0.000000,31.886473,18.000000
0.029297,-0.119141,-0.005859,0.000000,30.098757,18.000000
0.056641,-0.154297,0.007812,0.000000,25.365585,18.000000
0.216797,0.039062,-1.248047,0.000000,23.521826,18.000000
0.183594,0.041016,-1.294922,0.000000,24.377506,18.000000
0.474609,0.042969,1.263672,0.000000,22.552725,18.000000
2.628906,-0.175781,1.013672,0.000000,29.410143,18.000000
2.705078,-0.089844,0.935547,0.000000,32.636360,18.000000
2.765625,-0.089844,0.880859,0.000000,31.950689,18.000000
4.296875,-0.000000,1.466797,0.000000,27.759743,18.000000
4.390625,-0.142578,1.300781,0.000000,31.405081,18.000000
4.464844,-0.144531,1.185547,0.000000,31.078880,18.000000
4.650391,-0.000000,0.347656,0.000000,29.894499,18.000000
4.693359,-0.000000,0.333984,0.000000,30.737183,18.000000
4.744141,-0.000000,-0.093750,0.000000,29.304396,18.000000
4.742188,-0.298828,-0.566406,0.000000,33.184807,18.000000
4.792969,-0.150391,-0.556641,0.000000,34.227539,18.000000
4.822266,-0.152344,-0.646484,0.000000,31.631615,18.000000
4.863281,-0.464844,0.789062,0.000000,30.806265,18.000000
4.923828,-0.779297,0.212891,0.000000,29.912260,18.000000
0.037109,-0.035156,0.064453,0.000000,30.094509,18.000000
0.044922,-0.046875,0.103516,0.000000,29.014584,18.000000
1.177734,-0.449219,0.351562,0.000000,21.398790,18.000000
1.236328,-0.464844,0.281250,0.000000,19.684830,18.000000
3.775391,-1.703125,-1.859375,0.000000,24.828735,18.000000
0.011719,-0.039062,-0.007812,0.000000,30.678144,19.000000
0.027344,-0.076172,-0.009766,0.000000,31.883659,19.000000
0.029297,-0.119141,-0.005859,0.000000,30.098757,19.000000
0.056641,-0.154297,0.007812,0.000000,25.378191,19.000000
0.248047,0.039062,-1.242188,0.000000,23.541084,19.000000
0.203125,0.041016,-1.292969,0.000000,24.329693,19.000000
0.464844,0.042969,1.267578,0.000000,22.479733,19.000000
2.625000,-0.175781,1.023438,0.000000,29.370161,19.000000
2.703125,-0.089844,0.941406,0.000000,32.622135,19.000000
2.765625,-0.089844,0.880859,0.000000,31.967287,19.000000
4.308594,-0.142578,1.425781,0.000000,27.795965,19.000000
4.394531,-0.142578,1.289062,0.000000,31.420765,19.000000
4.464844,-0.144531,1.187500,0.000000,31.085649,19.000000
4.648438,-0.000000,0.373047,0.000000,29.881128,19.000000
4.689453,-0.000000,0.365234,0.000000,30.659531,19.000000
4.744141,-0.298828,-0.554688,0.000000,32.935837,19.000000
4.792969,-0.150391,-0.548828,0.000000,34.034637,19.000000
4.822266,-0.152344,-0.648438,0.000000,31.442627,19.000000
4.857422,-0.308594,0.900391,0.000000,30.726175,19.000000
4.945312,-0.623047,0.261719,0.000000,29.754318,19.000000
0.037109,-0.035156,0.064453,0.000000,30.094509,19.000000
0.044922,-0.046875,0.103516,0.000000,29.014584,19.000000
1.177734,-0.449219,0.355469,0.000000,21.398790,19.000000
1.238281,-0.464844,0.275391,0.000000,19.684830,19.000000
0.011719,-0.039062,-0.007812,0.000000,30.681858,20.000000
0.027344,-0.076172,-0.009766,0.000000,31.886473,20.000000
0.029297,-0.119141,-0.005859,0.000000,30.098757,20.000000
0.056641,-0.154297,0.007812,0.000000,25.365585,20.000000
0.210938,0.039062,-1.250000,0.000000,23.521826,20.000000
0.205078,0.041016,-1.292969,0.000000,24.313637,20.000000
0.472656,0.042969,1.263672,0.000000,22.455126,20.000000
2.619141,-0.175781,1.037109,0.000000,29.344984,20.000000
2.701172,-0.089844,0.945312,0.000000,32.610249,20.000000
2.763672,-0.089844,0.890625,0.000000,31.945143,20.000000
4.314453,-0.000000,1.414062,0.000000,27.752462,20.000000
4.398438,-0.142578,1.275391,0.000000,31.423895,20.000000
4.466797,-0.144531,1.179688,0.000000,31.075491,20.000000
4.648438,-0.000000,0.361328,0.000000,29.885590,20.000000
4.691406,-0.000000,0.345703,0.000000,30.711452,20.000000
4.744141,-0.298828,-0.558594,0.000000,32.975418,20.000000
4.791016,-0.150391,-0.562500,0.000000,34.183014,20.000000
4.820312,-0.152344,-0.666016,0.000000,31.806992,20.000000
4.849609,-0.308594,0.945312,0.000000,30.569048,20.000000
4.935547,-0.623047,0.388672,0.000000,28.959747,20.000000
0.037109,-0.035156,0.064453,0.000000,30.090258,20.000000
0.044922,-0.046875,0.103516,0.000000,29.014584,20.000000
1.175781,-0.449219,0.359375,0.000000,21.367207,20.000000
1.236328,-0.464844,0.277344,0.000000,19.637878,20.000000
0.011719,-0.039062,-0.007812,0.000000,30.689276,21.000000
0.027344,-0.076172,-0.009766,0.000000,31.886473,21.000000
0.029297,-0.119141,-0.005859,0.000000,30.098757,21.000000
0.056641,-0.154297,0.007812,0.000000,25.365585,21.000000
0.257812,0.039062,-1.240234,0.000000,23.521826,21.000000
0.203125,0.041016,-1.292969,0.000000,24.345690,21.000000
0.470703,0.042969,1.265625,0.000000,22.504200,21.000000
2.632812,-0.175781,1.001953,0.000000,29.370161,21.000000
2.707031,-0.089844,0.929688,0.000000,32.659966,21.000000
2.765625,-0.089844,0.880859,0.000000,31.981070,21.000000
4.318359,-0.000000,1.402344,0.000000,27.745171,21.000000
4.400391,-0.142578,1.267578,0.000000,31.417633,21.000000
4.472656,-0.144531,1.156250,0.000000,31.051695,21.000000
4.648438,-0.000000,0.373047,0.000000,29.818186,21.000000
4.691406,-0.000000,0.345703,0.000000,30.678144,21.000000
4.744141,-0.000000,-0.085938,0.000000,29.159271,21.000000
4.744141,-0.298828,-0.564453,0.000000,33.038437,21.000000
4.792969,-0.150391,-0.556641,0.000000,34.245548,21.000000
4.822266,-0.152344,-0.642578,0.000000,31.917303,21.000000
4.857422,-0.308594,0.904297,0.000000,30.629578,21.000000
4.931641,-0.623047,0.439453,0.000000,28.887409,21.000000
0.037109,-0.035156,0.064453,0.000000,30.094509,21.000000
0.044922,-0.046875,0.103516,0.000000,29.014584,21.000000
1.171875,-0.449219,0.369141,0.000000,21.367207,21.000000
1.228516,-0.464844,0.314453,0.000000,19.637878,21.000000
0.011719,-0.039062,-0.007812,0.000000,30.685570,22.000000
0.027344,-0.076172,-0.009766,0.000000,31.886473,22.000000
0.029297,-0.119141,-0.005859,0.000000,30.098757,22.000000
0.056641,-0.154297,0.007812,0.000000,25.378191,22.000000
0.226562,0.039062,-1.248047,0.000000,23.521826,22.000000
0.189453,0.041016,-1.294922,0.000000,24.345690,22.000000
0.478516,0.042969,1.261719,0.000000,22.528530,22.000000
2.628906,-0.175781,1.013672,0.000000,29.375179,22.000000
2.708984,-0.089844,0.921875,0.000000,32.645817,22.000000
2.771484,-0.089844,0.865234,0.000000,31.967287,22.000000
4.324219,-0.142578,1.375000,0.000000,27.737864,22.000000
4.398438,-0.142578,1.275391,0.000000,31.389339,22.000000
4.468750,-0.144531,1.175781,0.000000,31.055101,22.000000
4.648438,-0.000000,0.369141,0.000000,29.872192,22.000000
4.693359,-0.000000,0.330078,0.000000,30.737183,22.000000
4.744141,-0.000000,-0.076172,0.000000,29.190781,22.000000
4.744141,-0.298828,-0.562500,0.000000,32.814880,22.000000
4.785156,-0.300781,-0.556641,0.000000,34.070507,22.000000
4.826172,-0.152344,-0.621094,0.000000,31.861084,22.000000
4.869141,-0.308594,0.835938,0.000000,30.670708,22.000000
4.947266,-0.623047,0.214844,0.000000,29.405165,22.000000
0.037109,-0.035156,0.064453,0.000000,30.094509,22.000000
0.044922,-0.046875,0.103516,0.000000,29.020029,22.000000
1.177734,-0.449219,0.349609,0.000000,21.430147,22.000000
1.236328,-0.464844,0.275391,0.000000,19.684830,22.000000
0.011719,-0.039062,-0.007812,0.000000,30.685570,23.000000
0.027344,-0.076172,-0.009766,0.000000,31.886473,23.000000
0.029297,-0.119141,-0.005859,0.000000,30.094509,23.000000
0.056641,-0.154297,0.007812,0.000000,25.365585,23.000000
0.218750,0.039062,-1.248047,0.000000,23.521826,23.000000
0.144531,0.041016,-1.300781,0.000000,24.345690,23.000000
0.492188,0.042969,1.255859,0.000000,22.479733,23.000000
1.769531,-0.281250,-0.169922,0.000000,27.671558,23.000000
2.625000,-0.175781,1.021484,0.000000,29.344984,23.000000
2.705078,-0.089844,0.933594,0.000000,32.617386,23.000000
2.769531,-0.089844,0.871094,0.000000,31.970047,23.000000
4.304688,-0.142578,1.439453,0.000000,27.723217,23.000000
4.386719,-0.142578,1.312500,0.000000,31.367207,23.000000
4.457031,-0.144531,1.216797,0.000000,31.017471,23.000000
4.648438,-0.000000,0.361328,0.000000,29.827234,23.000000
4.693359,-0.000000,0.330078,0.000000,30.744507,23.000000
4.744141,-0.000000,-0.064453,0.000000,29.025467,23.000000
4.744141,-0.298828,-0.562500,0.000000,32.636360,23.000000
4.785156,-0.300781,-0.556641,0.000000,33.798492,23.000000
4.828125,-0.000000,-0.625000,0.000000,31.436392,23.000000
4.853516,-0.308594,0.923828,0.000000,30.622059,23.000000
0.037109,-0.035156,0.064453,0.000000,30.094509,23.000000
0.044922,-0.046875,0.103516,0.000000,29.014584,23.000000
1.181641,-0.449219,0.341797,0.000000,21.367207,23.000000
1.240234,-0.464844,0.257812,0.000000,19.637878,23.000000
0.011719,-0.039062,-0.007812,0.000000,30.692980,24.000000
0.027344,-0.076172,-0.009766,0.000000,31.889284,24.000000
0.029297,-0.119141,-0.005859,0.000000,30.102999,24.000000
0.056641,-0.154297,0.007812,0.000000,25.390760,24.000000
0.232422,0.039062,-1.246094,0.000000,23.521826,24.000000
0.197266,0.041016,-1.292969,0.000000,24.329693,24.000000
0.474609,0.042969,1.263672,0.000000,22.479733,24.000000
1.943359,-0.123047,-0.248047,0.000000,28.388491,24.000000
2.626953,-0.175781,1.015625,0.000000,29.449759,24.000000
2.701172,-0.089844,0.947266,0.000000,32.650539,24.000000
2.763672,-0.089844,0.888672,0.000000,31.981070,24.000000
4.316406,-0.142578,1.402344,0.000000,27.686380,24.000000
4.398438,-0.142578,1.273438,0.000000,31.360861,24.000000
4.472656,-0.144531,1.154297,0.000000,31.051695,24.000000
4.650391,-0.000000,0.337891,0.000000,29.872192,24.000000
4.693359,-0.000000,0.304688,0.000000,30.715137,24.000000
4.742188,-0.000000,-0.146484,0.000000,29.339931,24.000000
4.742188,-0.298828,-0.576172,0.000000,32.734642,24.000000
4.785156,-0.300781,-0.558594,0.000000,33.939259,24.000000
4.826172,-0.152344,-0.611328,0.000000,31.684975,24.000000
4.855469,-0.308594,0.904297,0.000000,30.606977,24.000000
4.945312,-0.623047,0.234375,0.000000,29.479237,24.000000
0.037109,-0.035156,0.064453,0.000000,30.094509,24.000000
0.044922,-0.046875,0.103516,0.000000,29.014584,24.000000
1.177734,-0.449219,0.355469,0.000000,21.398790,24.000000
1.240234,-0.464844,0.265625,0.000000,19.684830,24.000000
0.011719,-0.039062,-0.007812,0.000000,30.685570,25.000000
0.027344,-0.076172,-0.009766,0.000000,31.886473,25.000000
0.029297,-0.119141,-0.005859,0.000000,30.098757,25.000000
0.056641,-0.154297,0.007812,0.000000,25.378191,25.000000
0.255859,0.039062,-1.242188,0.000000,23.502480,25.000000
0.181641,0.041016,-1.294922,0.000000,24.345690,25.000000
0.482422,0.042969,1.259766,0.000000,22.504200,25.000000
2.623047,-0.175781,1.027344,0.000000,29.410143,25.000000
2.701172,-0.089844,0.943359,0.000000,32.636360,25.000000
2.759766,-0.089844,0.902344,0.000000,31.945143,25.000000
4.318359,-0.000000,1.406250,0.000000,27.656685,25.000000
4.400391,-0.142578,1.267578,0.000000,31.398790,25.000000
4.470703,-0.144531,1.166016,0.000000,31.072100,25.000000
4.650391,-0.000000,0.349609,0.000000,29.898945,25.000000
4.693359,-0.000000,0.318359,0.000000,30.788193,25.000000
4.744141,-0.000000,-0.125000,0.000000,29.542425,25.000000
4.742188,-0.298828,-0.568359,0.000000,33.201462,25.000000
4.785156,-0.300781,-0.554688,0.000000,34.250450,25.000000
4.824219,-0.152344,-0.628906,0.000000,31.801258,25.000000
4.830078,-0.154297,1.072266,0.000000,30.362295,25.000000
4.929688,-0.779297,0.070312,0.000000,29.041744,25.000000
0.037109,-0.035156,0.064453,0.000000,30.094509,25.000000
0.044922,-0.046875,0.103516,0.000000,29.014584,25.000000
1.240234,-0.464844,0.263672,0.000000,19.590414,25.000000
0.011719,-0.039062,-0.007812,0.000000,30.681858,26.000000
0.027344,-0.076172,-0.009766,0.000000,31.883659,26.000000
0.029297,-0.119141,-0.005859,0.000000,30.094509,26.000000
0.056641,-0.154297,0.007812,0.000000,25.378191,26.000000
0.238281,0.039062,-1.244141,0.000000,23.502480,26.000000
0.193359,0.041016,-1.294922,0.000000,24.313637,26.000000
0.472656,0.042969,1.263672,0.000000,22.479733,26.000000
1.931641,-0.183594,-0.300781,0.000000,28.530895,26.000000
1.970703,-0.187500,-0.318359,0.000000,27.634279,26.000000
2.625000,-0.175781,1.025391,0.000000,29.365137,26.000000
2.667969,-0.179688,1.021484,0.000000,32.593548,26.000000
2.767578,-0.089844,0.878906,0.000000,31.914511,26.000000
4.308594,-0.142578,1.425781,0.000000,27.535831,26.000000
4.400391,-0.142578,1.269531,0.000000,31.360861,26.000000
4.472656,-0.144531,1.158203,0.000000,31.092409,26.000000
4.646484,-0.000000,0.392578,0.000000,29.867718,26.000000
4.689453,-0.000000,0.382812,0.000000,30.659531,26.000000
4.744141,-0.000000,-0.095703,0.000000,29.143431,26.000000
4.740234,-0.298828,-0.582031,0.000000,33.390537,26.000000
4.792969,-0.150391,-0.558594,0.000000,34.468475,26.000000
4.822266,-0.152344,-0.646484,0.000000,31.846914,26.000000
4.832031,-0.308594,1.023438,0.000000,30.625820,26.000000
4.933594,-0.623047,0.417969,0.000000,29.232441,26.000000
0.037109,-0.035156,0.064453,0.000000,30.098757,26.000000
0.044922,-0.046875,0.103516,0.000000,29.014584,26.000000
1.177734,-0.449219,0.351562,0.000000,21.430147,26.000000
1.236328,-0.464844,0.283203,0.000000,19.637878,26.000000
0.011719,-0.039062,-0.007812,0.000000,30.681858,27.000000
0.027344,-0.076172,-0.009766,0.000000,31.886473,27.000000
0.029297,-0.119141,-0.005859,0.000000,30.098757,27.000000
0.056641,-0.154297,0.007812,0.000000,25.378191,27.000000
0.261719,0.039062,-1.240234,0.000000,23.502480,27.000000
0.171875,0.041016,-1.296875,0.000000,24.345690,27.000000
0.484375,0.042969,1.259766,0.000000,22.504200,27.000000
1.816406,-0.287109,-0.074219,0.000000,27.745171,27.000000
1.919922,-0.306641,-0.271484,0.000000,27.307823,27.000000
2.636719,-0.175781,0.992188,0.000000,29.415113,27.000000
2.707031,-0.089844,0.931641,0.000000,32.638725,27.000000
2.765625,-0.089844,0.878906,0.000000,31.964525,27.000000
4.285156,-0.142578,1.492188,0.000000,27.543484,27.000000
4.390625,-0.142578,1.304688,0.000000,31.354507,27.000000
4.460938,-0.144531,1.199219,0.000000,31.099159,27.000000
4.646484,-0.000000,0.392578,0.000000,29.943172,27.000000
4.693359,-0.000000,0.318359,0.000000,30.762762,27.000000
4.740234,-0.298828,-0.589844,0.000000,32.669369,27.000000
4.791016,-0.150391,-0.568359,0.000000,33.749317,27.000000
4.812500,-0.152344,-0.714844,0.000000,30.644581,27.000000
4.845703,-0.308594,0.958984,0.000000,30.982975,27.000000
4.900391,-0.468750,0.824219,0.000000,29.263424,27.000000
0.037109,-0.035156,0.064453,0.000000,30.098757,27.000000
0.044922,-0.046875,0.103516,0.000000,29.020029,27.000000
1.179688,-0.449219,0.345703,0.000000,21.367207,27.000000
1.240234,-0.464844,0.263672,0.000000,19.590414,27.000000
0.011719,-0.039062,-0.007812,0.000000,30.678144,28.000000
0.027344,-0.076172,-0.009766,0.000000,31.883659,28.000000
0.029297,-0.119141,-0.005859,0.000000,30.094509,28.000000
0.056641,-0.154297,0.007812,0.000000,25.365585,28.000000
0.228516,0.039062,-1.246094,0.000000,23.502480,28.000000
0.185547,0.041016,-1.294922,0.000000,24.345690,28.000000
0.472656,0.042969,1.263672,0.000000,22.504200,28.000000
1.923828,-0.306641,-0.242188,0.000000,27.781513,28.000000
2.636719,-0.175781,0.992188,0.000000,29.484129,28.000000
2.705078,-0.089844,0.933594,0.000000,32.636360,28.000000
2.765625,-0.089844,0.880859,0.000000,31.931246,28.000000
4.398438,-0.142578,1.275391,0.000000,31.386185,28.000000
4.472656,-0.144531,1.162109,0.000000,31.065308,28.000000
4.650391,-0.000000,0.349609,0.000000,29.863237,28.000000
4.691406,-0.000000,0.335938,0.000000,30.648323,28.000000
4.736328,-0.298828,-0.623047,0.000000,30.996807,28.000000
4.777344,-0.300781,-0.621094,0.000000,32.127201,28.000000
4.859375,-0.308594,0.888672,0.000000,30.860037,28.000000
0.037109,-0.035156,0.064453,0.000000,30.094509,28.000000
0.044922,-0.046875,0.103516,0.000000,29.009130,28.000000
1.179688,-0.449219,0.345703,0.000000,21.398790,28.000000
1.236328,-0.464844,0.281250,0.000000,19.637878,28.000000
0.011719,-0.039062,-0.007812,0.000000,30.685570,29.000000
0.027344,-0.076172,-0.009766,0.000000,31.886473,29.000000
0.029297,-0.119141,-0.005859,0.000000,30.098757,29.000000
0.056641,-0.154297,0.007812,0.000000,25.378191,29.000000
0.238281,0.039062,-1.244141,0.000000,23.521826,29.000000
0.173828,0.041016,-1.296875,0.000000,24.329693,29.000000
0.498047,0.042969,1.253906,0.000000,22.479733,29.000000
1.884766,-0.300781,-0.230469,0.000000,27.824726,29.000000
1.931641,-0.246094,-0.255859,0.000000,30.402067,29.000000
1.970703,-0.250000,-0.271484,0.000000,28.920946,29.000000
2.626953,-0.175781,1.019531,0.000000,29.429996,29.000000
2.669922,-0.179688,1.019531,0.000000,32.605484,29.000000
2.769531,-0.089844,0.871094,0.000000,31.914511,29.000000
4.296875,-0.142578,1.458984,0.000000,27.671558,29.000000
4.394531,-0.142578,1.285156,0.000000,31.398790,29.000000
4.468750,-0.144531,1.175781,0.000000,31.038036,29.000000
4.646484,-0.000000,0.386719,0.000000,29.818186,29.000000
4.691406,-0.000000,0.357422,0.000000,30.663260,29.000000
4.867188,-0.464844,0.771484,0.000000,30.965624,29.000000
0.037109,-0.035156,0.064453,0.000000,30.094509,29.000000
0.044922,-0.046875,0.103516,0.000000,29.014584,29.000000
1.179688,-0.449219,0.347656,0.000000,21.398790,29.000000
1.234375,-0.464844,0.292969,0.000000,19.590414,29.000000
0.011719,-0.039062,-0.007812,0.000000,30.692980,30.000000
0.027344,-0.076172,-0.009766,0.000000,31.883659,30.000000
0.029297,-0.119141,-0.005859,0.000000,30.094509,30.000000
0.056641,-0.154297,0.007812,0.000000,25.365585,30.000000
0.207031,0.039062,-1.250000,0.000000,23.560259,30.000000
0.191406,0.041016,-1.294922,0.000000,24.361626,30.000000
0.457031,0.042969,1.269531,0.000000,22.504200,30.000000
1.873047,-0.240234,-0.359375,0.000000,27.168377,30.000000
1.923828,-0.246094,-0.310547,0.000000,30.119930,30.000000
1.976562,-0.187500,-0.275391,0.000000,28.802418,30.000000
2.621094,-0.175781,1.035156,0.000000,29.464523,30.000000
2.705078,-0.089844,0.935547,0.000000,32.650539,30.000000
2.769531,-0.089844,0.867188,0.000000,31.953461,30.000000
4.296875,-0.142578,1.462891,0.000000,27.737864,30.000000
4.390625,-0.142578,1.300781,0.000000,31.398790,30.000000
4.464844,-0.144531,1.183594,0.000000,31.061909,30.000000
4.650391,-0.000000,0.349609,0.000000,29.956352,30.000000
4.691406,-0.000000,0.343750,0.000000,30.806265,30.000000
4.869141,-0.464844,0.751953,0.000000,30.958664,30.000000
0.037109,-0.035156,0.064453,0.000000,30.094509,30.000000
0.044922,-0.046875,0.103516,0.000000,29.014584,30.000000
1.175781,-0.449219,0.359375,0.000000,21.398790,30.000000
1.234375,-0.464844,0.291016,0.000000,19.637878,30.000000
0.011719,-0.039062,-0.007812,0.000000,30.678144,31.000000
0.027344,-0.076172,-0.009766,0.000000,31.886473,31.000000
0.029297,-0.119141,-0.005859,0.000000,30.098757,31.000000
0.056641,-0.154297,0.007812,0.000000,25.378191,31.000000
0.279297,0.039062,-1.236328,0.000000,23.541084,31.000000
0.216797,0.041016,-1.291016,0.000000,24.329693,31.000000
0.441406,0.042969,1.275391,0.000000,22.504200,31.000000
2.599609,-0.175781,1.085938,0.000000,29.344984,31.000000
2.693359,-0.089844,0.966797,0.000000,32.631626,31.000000
2.761719,-0.089844,0.894531,0.000000,31.934029,31.000000
4.300781,-0.142578,1.451172,0.000000,27.759743,31.000000
4.394531,-0.142578,1.287109,0.000000,31.417633,31.000000
4.474609,-0.144531,1.152344,0.000000,31.132748,31.000000
4.648438,-0.000000,0.367188,0.000000,30.064661,31.000000
4.689453,-0.000000,0.363281,0.000000,30.762762,31.000000
4.875000,-0.308594,0.802734,0.000000,30.906107,31.000000
1.808594,-0.287109,0.195312,0.614669,26.117233,31.000000
1.849609,-0.294922,0.185547,0.614669,25.854607,31.000000
0.037109,-0.035156,0.064453,0.000000,30.098757,31.000000
0.044922,-0.046875,0.103516,0.000000,29.020029,31.000000
1.177734,-0.449219,0.353516,0.000000,21.461281,31.000000
1.234375,-0.464844,0.291016,0.000000,19.777237,31.000000
0.011719,-0.039062,-0.007812,0.000000,30.681858,32.000000
0.027344,-0.076172,-0.009766,0.000000,31.883659,32.000000
0.029297,-0.119141,-0.005859,0.000000,30.098757,32.000000
0.056641,-0.154297,0.007812,0.000000,25.378191,32.000000
0.248047,0.039062,-1.242188,0.000000,23.502480,32.000000
0.220703,0.041016,-1.289062,0.000000,24.329693,32.000000
0.443359,0.042969,1.273438,0.000000,22.479733,32.000000
1.904297,-0.240234,-0.111328,0.000000,28.668777,32.000000
1.937500,-0.246094,-0.208984,0.000000,29.444826,32.000000
1.980469,-0.187500,-0.238281,0.000000,28.155777,32.000000
2.632812,-0.175781,1.001953,0.000000,29.489017,32.000000
2.701172,-0.089844,0.945312,0.000000,32.650539,32.000000
2.765625,-0.089844,0.882812,0.000000,31.950689,32.000000
4.304688,-0.142578,1.435547,0.000000,27.824726,32.000000
4.392578,-0.142578,1.294922,0.000000,31.417633,32.000000
4.464844,-0.144531,1.183594,0.000000,31.089031,32.000000
4.644531,-0.000000,0.408203,0.000000,29.863237,32.000000
4.689453,-0.000000,0.380859,0.000000,30.603201,32.000000
4.869141,-0.308594,0.837891,0.000000,31.185953,32.000000
0.037109,-0.035156,0.064453,0.000000,30.094509,32.000000
0.044922,-0.046875,0.103516,0.000000,29.014584,32.000000
1.175781,-0.449219,0.357422,0.000000,21.398790,32.000000
1.236328,-0.464844,0.275391,0.000000,19.637878,32.000000
0.011719,-0.039062,-0.007812,0.000000,30.685570,33.000000
0.027344,-0.076172,-0.009766,0.000000,31.886473,33.000000
0.029297,-0.119141,-0.005859,0.000000,30.098757,33.000000
0.056641,-0.154297,0.007812,0.000000,25.378191,33.000000
0.226562,0.039062,-1.246094,0.000000,23.443922,33.000000
0.132812,0.041016,-1.300781,0.000000,24.297523,33.000000
0.486328,0.042969,1.257812,0.000000,22.455126,33.000000
1.927734,-0.306641,-0.220703,0.000000,28.234743,33.000000
1.976562,-0.250000,-0.224609,0.000000,27.874605,33.000000
2.656250,-0.175781,0.937500,0.000000,29.334873,33.000000
2.705078,-0.089844,0.931641,0.000000,32.586372,33.000000
2.759766,-0.089844,0.898438,0.000000,31.886473,33.000000
4.281250,-0.142578,1.503906,0.000000,27.708521,33.000000
4.384766,-0.142578,1.318359,0.000000,31.401937,33.000000
4.466797,-0.144531,1.181641,0.000000,31.162756,33.000000
4.646484,-0.000000,0.402344,0.000000,29.921114,33.000000
4.687500,-0.000000,0.388672,0.000000,30.553783,33.000000
4.873047,-0.308594,0.816406,0.000000,30.795429,33.000000
0.037109,-0.035156,0.064453,0.000000,30.090258,33.000000
0.044922,-0.046875,0.103516,0.000000,29.009130,33.000000
1.179688,-0.449219,0.349609,0.000000,21.367207,33.000000
1.232422,-0.464844,0.296875,0.000000,19.637878,33.000000
0.011719,-0.039062,-0.007812,0.000000,30.685570,34.000000
0.027344,-0.076172,-0.009766,0.000000,31.886473,34.000000
0.029297,-0.119141,-0.005859,0.000000,30.098757,34.000000
0.056641,-0.154297,0.007812,0.000000,25.378191,34.000000
0.250000,0.039062,-1.242188,0.000000,23.502480,34.000000
0.173828,0.041016,-1.296875,0.000000,24.313637,34.000000
0.472656,0.042969,1.263672,0.000000,22.479733,34.000000
1.886719,-0.367188,-0.404297,0.000000,27.759743,34.000000
1.957031,-0.312500,-0.294922,0.000000,28.419847,34.000000
2.615234,-0.175781,1.044922,0.000000,29.370161,34.000000
2.699219,-0.089844,0.949219,0.000000,32.622135,34.000000
2.765625,-0.089844,0.882812,0.000000,31.936810,34.000000
4.380859,-0.142578,1.330078,0.000000,31.303337,34.000000
4.453125,-0.144531,1.228516,0.000000,30.962147,34.000000
4.642578,-0.000000,0.433594,0.000000,29.670797,34.000000
4.687500,-0.000000,0.408203,0.000000,30.406023,34.000000
4.861328,-0.308594,0.876953,0.000000,30.625820,34.000000
0.037109,-0.035156,0.064453,0.000000,30.094509,34.000000
0.044922,-0.046875,0.103516,0.000000,29.009130,34.000000
1.179688,-0.449219,0.345703,0.000000,21.430147,34.000000
1.238281,-0.464844,0.275391,0.000000,19.637878,34.000000
0.011719,-0.039062,-0.007812,0.000000,30.681858,35.000000
0.027344,-0.076172,-0.009766,0.000000,31.883659,35.000000
0.029297,-0.119141,-0.005859,0.000000,30.098757,35.000000
0.056641,-0.154297,0.007812,0.000000,25.365585,35.000000
0.275391,0.039062,-1.236328,0.000000,23.560259,35.000000
0.203125,0.041016,-1.292969,0.000000,24.377506,35.000000
0.470703,0.042969,1.265625,0.000000,22.504200,35.000000
1.908203,-0.240234,-0.023438,0.000000,27.535831,35.000000
1.923828,-0.306641,-0.240234,0.000000,29.633156,35.000000
1.962891,-0.312500,-0.263672,0.000000,29.684830,35.000000
2.640625,-0.175781,0.982422,0.000000,29.216866,35.000000
2.705078,-0.089844,0.937500,0.000000,32.555138,35.000000
2.767578,-0.089844,0.876953,0.000000,31.875208,35.000000
4.292969,-0.142578,1.472656,0.000000,27.664129,35.000000
4.394531,-0.142578,1.289062,0.000000,31.395643,35.000000
4.468750,-0.144531,1.173828,0.000000,31.105898,35.000000
4.644531,-0.000000,0.414062,0.000000,29.758911,35.000000
4.687500,-0.000000,0.388672,0.000000,30.546131,35.000000
4.863281,-0.308594,0.869141,0.000000,30.809870,35.000000
0.037109,-0.035156,0.064453,0.000000,30.090258,35.000000
0.044922,-0.046875,0.103516,0.000000,29.014584,35.000000
1.179688,-0.449219,0.347656,0.000000,21.461281,35.000000
1.240234,-0.464844,0.263672,0.000000,19.777237,35.000000
0.011719,-0.039062,-0.007812,0.000000,30.685570,36.000000
0.027344,-0.076172,-0.009766,0.000000,31.883659,36.000000
0.029297,-0.119141,-0.005859,0.000000,30.094509,36.000000
0.056641,-0.154297,0.007812,0.000000,25.365585,36.000000
0.267578,0.039062,-1.238281,0.000000,23.502480,36.000000
0.210938,0.041016,-1.291016,0.000000,24.313637,36.000000
0.445312,0.042969,1.273438,0.000000,22.479733,36.000000
2.623047,-0.175781,1.029297,0.000000,29.360107,36.000000
2.703125,-0.089844,0.941406,0.000000,32.633995,36.000000
2.765625,-0.089844,0.882812,0.000000,31.967287,36.000000
4.392578,-0.142578,1.294922,0.000000,31.360861,36.000000
4.464844,-0.144531,1.185547,0.000000,31.017471,36.000000
4.646484,-0.000000,0.386719,0.000000,29.708117,36.000000
4.689453,-0.000000,0.378906,0.000000,30.584261,36.000000
4.865234,-0.308594,0.857422,0.000000,30.902580,36.000000
0.037109,-0.035156,0.064453,0.000000,30.090258,36.000000
0.044922,-0.046875,0.103516,0.000000,29.009130,36.000000
1.171875,-0.449219,0.371094,0.000000,21.398790,36.000000
1.226562,-0.464844,0.322266,0.000000,19.684830,36.000000
0.011719,-0.039062,-0.007812,0.000000,30.681858,37.000000
0.027344,-0.076172,-0.009766,0.000000,31.883659,37.000000
0.029297,-0.119141,-0.005859,0.000000,30.094509,37.000000
0.056641,-0.154297,0.007812,0.000000,25.378191,37.000000
0.232422,0.039062,-1.246094,0.000000,23.521826,37.000000
0.185547,0.041016,-1.294922,0.000000,24.329693,37.000000
0.470703,0.042969,1.263672,0.000000,22.430380,37.000000
2.615234,-0.175781,1.048828,0.000000,29.444826,37.000000
2.699219,-0.089844,0.949219,0.000000,32.624512,37.000000
2.765625,-0.089844,0.878906,0.000000,31.947918,37.000000
4.396484,-0.142578,1.279297,0.000000,31.322598,37.000000
4.466797,-0.144531,1.181641,0.000000,30.937717,37.000000
4.650391,-0.000000,0.343750,0.000000,29.712759,37.000000
4.689453,-0.000000,0.369141,0.000000,30.663260,37.000000
4.869141,-0.308594,0.839844,0.000000,30.874264,37.000000
0.037109,-0.035156,0.064453,0.000000,30.094509,37.000000
0.046875,-0.046875,0.103516,0.000000,29.014584,37.000000
1.230469,-0.464844,0.304688,0.000000,19.542425,37.000000
0.011719,-0.039062,-0.007812,0.000000,30.681858,38.000000
0.027344,-0.076172,-0.009766,0.000000,31.883659,38.000000
0.029297,-0.119141,-0.005859,0.000000,30.098757,38.000000
0.056641,-0.154297,0.007812,0.000000,25.378191,38.000000
0.257812,0.039062,-1.240234,0.000000,23.521826,38.000000
0.197266,0.041016,-1.292969,0.000000,24.361626,38.000000
0.460938,0.042969,1.267578,0.000000,22.528530,38.000000
2.623047,-0.175781,1.027344,0.000000,29.355072,38.000000
2.701172,-0.089844,0.947266,0.000000,32.579185,38.000000
2.759766,-0.089844,0.902344,0.000000,31.886473,38.000000
4.400391,-0.142578,1.269531,0.000000,31.306553,38.000000
4.472656,-0.144531,1.162109,0.000000,30.927206,38.000000
4.648438,-0.000000,0.373047,0.000000,29.768084,38.000000
4.689453,-0.000000,0.384766,0.000000,30.692980,38.000000
4.867188,-0.308594,0.843750,0.000000,30.870712,38.000000
0.037109,-0.035156,0.064453,0.000000,30.094509,38.000000
0.044922,-0.046875,0.103516,0.000000,29.009130,38.000000
1.179688,-0.449219,0.345703,0.000000,21.492191,38.000000
1.238281,-0.464844,0.275391,0.000000,19.684830,38.000000
0.011719,-0.039062,-0.007812,0.000000,30.681858,39.000000
0.027344,-0.076172,-0.009766,0.000000,31.883659,39.000000
0.029297,-0.119141,-0.005859,0.000000,30.094509,39.000000
0.056641,-0.154297,0.007812,0.000000,25.378191,39.000000
0.263672,0.039062,-1.240234,0.000000,23.502480,39.000000
0.203125,0.041016,-1.292969,0.000000,24.345690,39.000000
0.462891,0.042969,1.267578,0.000000,22.504200,39.000000
1.939453,-0.246094,-0.187500,0.000000,28.432327,39.000000
1.968750,-0.312500,-0.214844,0.000000,29.068735,39.000000
2.630859,-0.175781,1.005859,0.000000,29.508514,39.000000
2.712891,-0.089844,0.912109,0.000000,32.671719,39.000000
2.771484,-0.089844,0.861328,0.000000,31.947918,39.000000
4.302734,-0.142578,1.443359,0.000000,27.664129,39.000000
4.396484,-0.142578,1.279297,0.000000,31.325798,39.000000
4.468750,-0.144531,1.169922,0.000000,30.969101,39.000000
4.648438,-0.000000,0.363281,0.000000,29.872192,39.000000
4.689453,-0.000000,0.373047,0.000000,30.780941,39.000000
4.867188,-0.308594,0.841797,0.000000,30.791813,39.000000
0.037109,-0.035156,0.064453,0.000000,30.090258,39.000000
0.044922,-0.046875,0.103516,0.000000,29.009130,39.000000
1.175781,-0.449219,0.355469,0.000000,21.398790,39.000000
1.232422,-0.464844,0.292969,0.000000,19.684830,39.000000
0.011719,-0.039062,-0.007812,0.000000,30.681858,40.000000
0.027344,-0.076172,-0.009766,0.000000,31.886473,40.000000
0.029297,-0.119141,-0.005859,0.000000,30.098757,40.000000
0.056641,-0.154297,0.007812,0.000000,25.365585,40.000000
0.212891,0.039062,-1.250000,0.000000,23.541084,40.000000
0.158203,0.041016,-1.298828,0.000000,24.345690,40.000000
0.496094,0.042969,1.255859,0.000000,22.479733,40.000000
1.947266,-0.312500,-0.353516,0.000000,27.944880,40.000000
2.626953,-0.175781,1.017578,0.000000,29.242792,40.000000
2.705078,-0.089844,0.933594,0.000000,32.586372,40.000000
2.763672,-0.089844,0.890625,0.000000,31.920095,40.000000
4.298828,-0.142578,1.455078,0.000000,27.634279,40.000000
4.390625,-0.142578,1.298828,0.000000,31.316187,40.000000
4.464844,-0.144531,1.189453,0.000000,30.958664,40.000000
4.650391,-0.000000,0.341797,0.000000,29.916691,40.000000
4.691406,-0.000000,0.355469,0.000000,30.849337,40.000000
4.863281,-0.308594,0.865234,0.000000,30.748165,40.000000
0.037109,-0.035156,0.064453,0.000000,30.094509,40.000000
0.044922,-0.046875,0.103516,0.000000,29.014584,40.000000
1.175781,-0.449219,0.357422,0.000000,21.367207,40.000000
1.234375,-0.464844,0.289062,0.000000,19.684830,40.000000
0.011719,-0.039062,-0.007812,0.000000,30.685570,41.000000
0.027344,-0.076172,-0.009766,0.000000,31.886473,41.000000
0.029297,-0.119141,-0.005859,0.000000,30.094509,41.000000
0.056641,-0.154297,0.007812,0.000000,25.378191,41.000000
0.224609,0.039062,-1.248047,0.000000,23.521826,41.000000
0.199219,0.041016,-1.292969,0.000000,24.329693,41.000000
0.470703,0.042969,1.263672,0.000000,22.504200,41.000000
2.626953,-0.175781,1.015625,0.000000,29.444826,41.000000
2.701172,-0.089844,0.949219,0.000000,32.643456,41.000000
2.761719,-0.089844,0.896484,0.000000,31.945143,41.000000
4.304688,-0.142578,1.439453,0.000000,27.596678,41.000000
4.392578,-0.142578,1.294922,0.000000,31.325798,41.000000
4.460938,-0.144531,1.205078,0.000000,30.972572,41.000000
4.650391,-0.000000,0.359375,0.000000,29.907827,41.000000
4.691406,-0.000000,0.359375,0.000000,30.845762,41.000000
4.861328,-0.308594,0.876953,0.000000,30.759117,41.000000
0.037109,-0.035156,0.064453,0.000000,30.094509,41.000000
0.044922,-0.046875,0.103516,0.000000,29.014584,41.000000
1.177734,-0.449219,0.349609,0.000000,21.367207,41.000000
1.238281,-0.464844,0.269531,0.000000,19.684830,41.000000
0.011719,-0.039062,-0.007812,0.000000,30.685570,42.000000
0.027344,-0.076172,-0.009766,0.000000,31.889284,42.000000
0.029297,-0.119141,-0.005859,0.000000,30.102999,42.000000
0.056641,-0.154297,0.007812,0.000000,25.378191,42.000000
0.246094,0.039062,-1.244141,0.000000,23.483049,42.000000
0.189453,0.041016,-1.294922,0.000000,24.313637,42.000000
0.464844,0.042969,1.267578,0.000000,22.479733,42.000000
1.951172,-0.250000,-0.388672,0.000000,28.234743,42.000000
2.630859,-0.175781,1.007812,0.000000,29.380192,42.000000
2.707031,-0.089844,0.929688,0.000000,32.643456,42.000000
2.765625,-0.089844,0.884766,0.000000,31.956230,42.000000
4.296875,-0.142578,1.458984,0.000000,27.641762,42.000000
4.390625,-0.142578,1.300781,0.000000,31.303337,42.000000
4.462891,-0.144531,1.197266,0.000000,30.976044,42.000000
4.648438,-0.000000,0.367188,0.000000,29.925535,42.000000
4.689453,-0.000000,0.367188,0.000000,30.838608,42.000000
4.863281,-0.308594,0.873047,0.000000,30.780941,42.000000
0.037109,-0.035156,0.064453,0.000000,30.090258,42.000000
0.044922,-0.046875,0.103516,0.000000,29.009130,42.000000
1.175781,-0.449219,0.359375,0.000000,21.398790,42.000000
1.230469,-0.464844,0.304688,0.000000,19.684830,42.000000
0.011719,-0.039062,-0.007812,0.000000,30.681858,43.000000
0.027344,-0.076172,-0.009766,0.000000,31.883659,43.000000
0.029297,-0.119141,-0.005859,0.000000,30.098757,43.000000
0.056641,-0.154297,0.007812,0.000000,25.378191,43.000000
0.222656,0.039062,-1.248047,0.000000,23.521826,43.000000
0.187500,0.041016,-1.294922,0.000000,24.329693,43.000000
0.449219,0.042969,1.273438,0.000000,22.455126,43.000000
2.636719,-0.175781,0.992188,0.000000,29.420080,43.000000
2.707031,-0.089844,0.929688,0.000000,32.633995,43.000000
2.765625,-0.089844,0.884766,0.000000,31.942368,43.000000
4.296875,-0.142578,1.460938,0.000000,27.604225,43.000000
4.392578,-0.142578,1.296875,0.000000,31.309767,43.000000
4.464844,-0.144531,1.189453,0.000000,30.972572,43.000000
