2.531250,-0.263672,1.222656,0.000000,29.523081,0.000000
2.597656,-0.267578,1.173828,0.000000,32.803509,0.000000
2.656250,-0.181641,1.158203,0.000000,32.019432,0.000000
4.417969,-0.287109,1.177734,0.000000,30.729847,0.000000
4.490234,-0.433594,1.007812,0.000000,30.561422,0.000000
4.685547,-0.445312,-0.599609,0.000000,29.420080,0.000000
4.750000,-0.298828,-0.498047,0.000000,33.232521,0.000000
4.787109,-0.453125,-0.429688,0.000000,33.861420,0.000000
4.841797,-0.457031,-0.226562,0.000000,30.515385,0.000000
4.820312,-0.460938,0.808594,0.000000,29.637878,0.000000
4.859375,-0.464844,0.824219,0.000000,30.799046,0.000000
0.041016,-0.033203,0.062500,0.000000,30.124153,0.000000
0.052734,-0.042969,0.103516,0.000000,29.009130,0.000000
1.121094,-0.515625,0.292969,0.000000,19.030899,0.000000
2.726562,-2.003906,-3.087891,0.000000,27.930916,0.000000
2.476562,-2.021484,-3.337891,0.000000,27.737864,0.000000
4.720703,-0.597656,-0.521484,0.000000,33.209766,0.000000
0.011719,-0.039062,-0.007812,0.000000,30.784569,1.000000
0.017578,-0.080078,-0.007812,0.000000,32.003033,1.000000
0.041016,-0.115234,-0.007812,0.000000,30.273497,1.000000
0.056641,-0.154297,0.005859,0.000000,25.514500,1.000000
0.263672,-0.080078,-1.238281,0.000000,21.846914,1.000000
0.365234,-0.041016,1.255859,0.000000,23.222193,1.000000
0.460938,-0.000000,1.269531,0.000000,21.875208,1.000000
1.947266,0.246094,-0.011719,0.000000,27.573959,1.000000
1.980469,0.312500,0.005859,0.000000,29.263424,1.000000
2.029297,0.255859,0.019531,0.000000,28.142475,1.000000
2.552734,-0.263672,1.173828,0.000000,29.449759,1.000000
2.603516,-0.267578,1.160156,0.000000,32.810333,1.000000
2.654297,-0.181641,1.164062,0.000000,32.052044,1.000000
4.429688,-0.287109,1.136719,0.000000,30.681858,1.000000
4.464844,-0.433594,1.119141,0.000000,30.362295,1.000000
4.736328,-0.449219,-0.521484,0.000000,33.055664,1.000000
4.785156,-0.453125,-0.443359,0.000000,33.719910,1.000000
4.839844,-0.457031,-0.242188,0.000000,30.733517,1.000000
4.849609,-0.460938,0.601562,0.000000,30.111473,1.000000
4.867188,-0.464844,0.775391,0.000000,30.788193,1.000000
0.041016,-0.033203,0.062500,0.000000,30.128372,1.000000
0.052734,-0.042969,0.103516,0.000000,29.009130,1.000000
1.119141,-0.515625,0.298828,0.000000,18.976271,1.000000
2.750000,-2.003906,-3.068359,0.000000,27.846172,1.000000
2.673828,-2.021484,-3.183594,0.000000,27.481880,1.000000
0.011719,-0.039062,-0.007812,0.000000,30.784569,2.000000
0.017578,-0.080078,-0.007812,0.000000,32.000294,2.000000
0.041016,-0.115234,-0.007812,0.000000,30.269417,2.000000
0.056641,-0.154297,0.003906,0.000000,25.514500,2.000000
0.308594,-0.080078,-1.226562,0.000000,21.875208,2.000000
0.357422,-0.041016,1.259766,0.000000,23.242825,2.000000
0.443359,-0.000000,1.275391,0.000000,21.875208,2.000000
1.945312,0.246094,-0.109375,0.000000,29.299295,2.000000
1.988281,0.250000,-0.015625,0.000000,30.128372,2.000000
2.027344,0.255859,0.089844,0.000000,28.842287,2.000000
2.531250,-0.263672,1.220703,0.000000,29.484129,2.000000
2.603516,-0.267578,1.160156,0.000000,32.776093,2.000000
2.660156,-0.181641,1.150391,0.000000,32.013969,2.000000
4.412109,-0.287109,1.203125,0.000000,30.689276,2.000000
4.439453,-0.433594,1.214844,0.000000,30.421816,2.000000
4.748047,-0.298828,-0.513672,0.000000,33.289909,2.000000
4.783203,-0.453125,-0.470703,0.000000,34.026051,2.000000
4.835938,-0.457031,-0.320312,0.000000,31.109262,2.000000
4.839844,-0.460938,0.677734,0.000000,29.849771,2.000000
4.861328,-0.464844,0.802734,0.000000,30.770042,2.000000
0.041016,-0.033203,0.062500,0.000000,30.128372,2.000000
0.052734,-0.042969,0.103516,0.000000,29.009130,2.000000
1.117188,-0.515625,0.310547,0.000000,18.920946,2.000000
2.769531,-2.003906,-3.050781,0.000000,27.803173,2.000000
2.777344,-2.021484,-3.091797,0.000000,27.442930,2.000000
0.011719,-0.039062,-0.007812,0.000000,30.788193,3.000000
0.017578,-0.080078,-0.007812,0.000000,32.000294,3.000000
0.041016,-0.115234,-0.007812,0.000000,30.269417,3.000000
0.056641,-0.154297,0.005859,0.000000,25.514500,3.000000
0.291016,-0.080078,-1.232422,0.000000,21.931246,3.000000
0.333984,-0.041016,1.265625,0.000000,23.283796,3.000000
0.427734,-0.000000,1.279297,0.000000,21.903316,3.000000
2.615234,-0.263672,1.029297,0.000000,29.365137,3.000000
2.621094,-0.267578,1.119141,0.000000,32.769211,3.000000
2.662109,-0.181641,1.148438,0.000000,32.000294,3.000000
4.412109,-0.287109,1.203125,0.000000,30.704073,3.000000
4.451172,-0.433594,1.166016,0.000000,30.402067,3.000000
4.718750,-0.597656,-0.523438,0.000000,32.968845,3.000000
4.787109,-0.453125,-0.431641,0.000000,33.535316,3.000000
4.841797,-0.457031,-0.210938,0.000000,30.346285,3.000000
4.835938,-0.460938,0.707031,0.000000,29.854265,3.000000
4.867188,-0.464844,0.767578,0.000000,30.722500,3.000000
0.041016,-0.033203,0.062500,0.000000,30.128372,3.000000
0.052734,-0.042969,0.103516,0.000000,29.009130,3.000000
1.121094,-0.515625,0.291016,0.000000,18.976271,3.000000
2.763672,-2.003906,-3.054688,0.000000,27.759743,3.000000
2.589844,-2.021484,-3.251953,0.000000,27.489628,3.000000
0.011719,-0.039062,-0.007812,0.000000,30.777311,4.000000
0.017578,-0.080078,-0.007812,0.000000,32.003033,4.000000
0.041016,-0.115234,-0.007812,0.000000,30.273497,4.000000
0.056641,-0.154297,0.005859,0.000000,25.514500,4.000000
0.292969,-0.080078,-1.230469,0.000000,21.875208,4.000000
0.367188,-0.041016,1.255859,0.000000,23.222193,4.000000
0.455078,-0.000000,1.271484,0.000000,21.846914,4.000000
2.548828,-0.263672,1.183594,0.000000,29.454685,4.000000
2.613281,-0.267578,1.140625,0.000000,32.780674,4.000000
2.673828,-0.181641,1.121094,0.000000,32.027607,4.000000
4.416016,-0.287109,1.185547,0.000000,30.711452,4.000000
4.441406,-0.433594,1.205078,0.000000,30.398106,4.000000
4.751953,-0.298828,-0.494141,0.000000,33.081375,4.000000
4.785156,-0.453125,-0.453125,0.000000,33.736473,4.000000
4.835938,-0.457031,-0.304688,0.000000,30.588055,4.000000
4.867188,-0.464844,0.777344,0.000000,30.766405,4.000000
0.041016,-0.033203,0.062500,0.000000,30.132587,4.000000
0.052734,-0.042969,0.103516,0.000000,29.014584,4.000000
1.117188,-0.515625,0.308594,0.000000,19.084850,4.000000
2.753906,-2.003906,-3.064453,0.000000,27.839035,4.000000
2.800781,-2.021484,-3.070312,0.000000,27.442930,4.000000
4.720703,-0.597656,-0.509766,0.000000,33.077099,4.000000
0.011719,-0.039062,-0.007812,0.000000,30.788193,5.000000
0.017578,-0.080078,-0.007812,0.000000,32.003033,5.000000
0.041016,-0.115234,-0.007812,0.000000,30.273497,5.000000
0.056641,-0.154297,0.003906,0.000000,25.526682,5.000000
0.257812,-0.080078,-1.238281,0.000000,21.818436,5.000000
0.365234,-0.041016,1.255859,0.000000,23.222193,5.000000
0.406250,-0.000000,1.287109,0.000000,21.875208,5.000000
1.923828,0.246094,-0.304688,0.000000,27.979597,5.000000
1.953125,0.312500,-0.318359,0.000000,28.756399,5.000000
2.542969,-0.263672,1.195312,0.000000,29.434946,5.000000
2.607422,-0.267578,1.154297,0.000000,32.780674,5.000000
2.669922,-0.181641,1.128906,0.000000,32.065559,5.000000
4.416016,-0.287109,1.183594,0.000000,30.681858,5.000000
4.437500,-0.433594,1.220703,0.000000,30.350292,5.000000
4.750000,-0.298828,-0.501953,0.000000,33.092041,5.000000
4.783203,-0.453125,-0.455078,0.000000,33.760292,5.000000
4.837891,-0.457031,-0.300781,0.000000,30.827854,5.000000
4.847656,-0.460938,0.621094,0.000000,29.978231,5.000000
4.863281,-0.464844,0.798828,0.000000,30.751818,5.000000
0.041016,-0.033203,0.062500,0.000000,30.128372,5.000000
0.052734,-0.042969,0.103516,0.000000,29.009130,5.000000
1.125000,-0.515625,0.281250,0.000000,18.864906,5.000000
2.794922,-2.003906,-3.025391,0.000000,27.759743,5.000000
2.804688,-2.021484,-3.068359,0.000000,27.395723,5.000000
0.011719,-0.039062,-0.007812,0.000000,30.784569,6.000000
0.017578,-0.080078,-0.007812,0.000000,32.000294,6.000000
0.041016,-0.115234,-0.007812,0.000000,30.269417,6.000000
0.056641,-0.154297,0.005859,0.000000,25.514500,6.000000
0.296875,-0.080078,-1.230469,0.000000,21.846914,6.000000
0.339844,-0.041016,1.263672,0.000000,23.242825,6.000000
0.416016,-0.000000,1.283203,0.000000,21.931246,6.000000
2.554688,-0.263672,1.169922,0.000000,29.385197,6.000000
2.601562,-0.267578,1.166016,0.000000,32.762321,6.000000
2.654297,-0.181641,1.164062,0.000000,32.003033,6.000000
4.416016,-0.287109,1.183594,0.000000,30.733517,6.000000
4.445312,-0.433594,1.193359,0.000000,30.433622,6.000000
4.736328,-0.449219,-0.531250,0.000000,33.040596,6.000000
4.783203,-0.453125,-0.455078,0.000000,33.626709,6.000000
4.837891,-0.457031,-0.273438,0.000000,30.417873,6.000000
4.837891,-0.460938,0.695312,0.000000,29.822712,6.000000
4.865234,-0.464844,0.785156,0.000000,30.773680,6.000000
0.041016,-0.033203,0.062500,0.000000,30.124153,6.000000
0.052734,-0.042969,0.103516,0.000000,29.003672,6.000000
1.117188,-0.515625,0.308594,0.000000,18.920946,6.000000
2.775391,-2.003906,-3.044922,0.000000,27.781513,6.000000
2.730469,-2.021484,-3.134766,0.000000,27.489628,6.000000
0.011719,-0.039062,-0.007812,0.000000,30.784569,7.000000
0.017578,-0.080078,-0.007812,0.000000,32.003033,7.000000
0.041016,-0.115234,-0.007812,0.000000,30.269417,7.000000
0.056641,-0.154297,0.005859,0.000000,25.526682,7.000000
0.300781,-0.080078,-1.230469,0.000000,21.846914,7.000000
0.345703,-0.041016,1.261719,0.000000,23.263359,7.000000
0.427734,-0.000000,1.281250,0.000000,21.931246,7.000000
2.566406,-0.263672,1.142578,0.000000,29.469433,7.000000
2.615234,-0.267578,1.132812,0.000000,32.792107,7.000000
2.671875,-0.181641,1.125000,0.000000,32.013969,7.000000
4.412109,-0.287109,1.201172,0.000000,30.685570,7.000000
4.447266,-0.289062,1.226562,0.000000,30.269417,7.000000
4.716797,-0.597656,-0.548828,0.000000,32.968845,7.000000
4.785156,-0.453125,-0.439453,0.000000,33.602146,7.000000
4.841797,-0.457031,-0.218750,0.000000,30.515385,7.000000
4.837891,-0.460938,0.689453,0.000000,29.973864,7.000000
4.859375,-0.464844,0.814453,0.000000,30.817072,7.000000
0.041016,-0.033203,0.062500,0.000000,30.124153,7.000000
0.052734,-0.042969,0.103516,0.000000,29.003672,7.000000
1.121094,-0.515625,0.294922,0.000000,19.030899,7.000000
2.755859,-2.003906,-3.062500,0.000000,27.767012,7.000000
2.759766,-2.021484,-3.107422,0.000000,27.331972,7.000000
0.011719,-0.039062,-0.007812,0.000000,30.788193,8.000000
0.017578,-0.080078,-0.007812,0.000000,32.003033,8.000000
0.029297,-0.119141,-0.005859,0.000000,30.277573,8.000000
0.056641,-0.154297,0.005859,0.000000,25.550945,8.000000
0.300781,-0.080078,-1.230469,0.000000,21.846914,8.000000
0.349609,-0.041016,1.259766,0.000000,23.242825,8.000000
0.429688,-0.000000,1.279297,0.000000,21.846914,8.000000
1.898438,0.179688,-0.251953,0.000000,27.109631,8.000000
1.935547,0.183594,-0.273438,0.000000,29.095560,8.000000
1.970703,0.187500,-0.318359,0.000000,27.965744,8.000000
2.560547,-0.263672,1.160156,0.000000,29.474337,8.000000
2.605469,-0.267578,1.154297,0.000000,32.812607,8.000000
2.662109,-0.181641,1.146484,0.000000,32.054749,8.000000
4.417969,-0.287109,1.179688,0.000000,30.618294,8.000000
4.412109,-0.289062,1.349609,0.000000,29.938768,8.000000
4.734375,-0.449219,-0.531250,0.000000,33.136562,8.000000
4.783203,-0.453125,-0.462891,0.000000,33.856064,8.000000
4.837891,-0.457031,-0.281250,0.000000,30.849337,8.000000
4.839844,-0.460938,0.673828,0.000000,29.818186,8.000000
4.865234,-0.464844,0.789062,0.000000,30.715137,8.000000
0.041016,-0.033203,0.062500,0.000000,30.124153,8.000000
0.052734,-0.042969,0.103516,0.000000,29.009130,8.000000
1.119141,-0.515625,0.298828,0.000000,19.030899,8.000000
2.763672,-2.003906,-3.054688,0.000000,27.737864,8.000000
2.962891,-2.021484,-2.916016,0.000000,27.101173,8.000000
0.011719,-0.039062,-0.007812,0.000000,30.784569,9.000000
0.017578,-0.080078,-0.007812,0.000000,32.003033,9.000000
0.041016,-0.115234,-0.007812,0.000000,30.273497,9.000000
0.056641,-0.154297,0.003906,0.000000,25.526682,9.000000
0.269531,-0.080078,-1.236328,0.000000,21.875208,9.000000
0.367188,-0.041016,1.255859,0.000000,23.222193,9.000000
0.443359,-0.000000,1.275391,0.000000,21.846914,9.000000
1.980469,0.312500,-0.031250,0.000000,26.674530,9.000000
2.542969,-0.263672,1.193359,0.000000,29.449759,9.000000
2.601562,-0.267578,1.166016,0.000000,32.805782,9.000000
2.656250,-0.181641,1.162109,0.000000,32.054749,9.000000
4.402344,-0.287109,1.234375,0.000000,30.685570,9.000000
4.351562,-0.433594,1.500000,0.000000,29.912260,9.000000
4.736328,-0.449219,-0.529297,0.000000,33.036282,9.000000
4.787109,-0.453125,-0.429688,0.000000,33.758465,9.000000
4.841797,-0.457031,-0.210938,0.000000,30.663260,9.000000
4.853516,-0.464844,0.853516,0.000000,30.722500,9.000000
0.041016,-0.033203,0.062500,0.000000,30.124153,9.000000
0.052734,-0.042969,0.103516,0.000000,29.003672,9.000000
1.119141,-0.515625,0.302734,0.000000,19.030899,9.000000
2.771484,-2.003906,-3.048828,0.000000,27.795965,9.000000
3.005859,-2.021484,-2.871094,0.000000,27.209858,9.000000
0.011719,-0.039062,-0.007812,0.000000,30.784569,10.000000
0.017578,-0.080078,-0.007812,0.000000,32.000294,10.000000
0.041016,-0.115234,-0.007812,0.000000,30.269417,10.000000
0.056641,-0.154297,0.003906,0.000000,25.514500,10.000000
0.289062,-0.080078,-1.232422,0.000000,21.875208,10.000000
0.343750,-0.041016,1.261719,0.000000,23.263359,10.000000
0.427734,-0.000000,1.279297,0.000000,21.931246,10.000000
2.000000,0.320312,0.279297,0.000000,28.088860,10.000000
2.541016,-0.263672,1.201172,0.000000,29.439888,10.000000
2.601562,-0.267578,1.166016,0.000000,32.787537,10.000000
2.656250,-0.181641,1.160156,0.000000,32.046623,10.000000
4.410156,-0.287109,1.205078,0.000000,30.637085,10.000000
4.357422,-0.433594,1.482422,0.000000,29.731279,10.000000
4.720703,-0.597656,-0.505859,0.000000,33.001606,10.000000
4.791016,-0.453125,-0.384766,0.000000,33.671696,10.000000
4.845703,-0.457031,-0.119141,0.000000,30.599419,10.000000
4.832031,-0.460938,0.736328,0.000000,29.881128,10.000000
4.853516,-0.464844,0.853516,0.000000,30.733517,10.000000
0.041016,-0.033203,0.062500,0.000000,30.119930,10.000000
0.052734,-0.042969,0.103516,0.000000,28.998205,10.000000
1.121094,-0.515625,0.292969,0.000000,19.030899,10.000000
2.808594,-2.003906,-3.015625,0.000000,27.715876,10.000000
3.156250,-2.021484,-2.703125,0.000000,26.954817,10.000000
0.011719,-0.039062,-0.007812,0.000000,30.784569,11.000000
0.017578,-0.080078,-0.007812,0.000000,32.003033,11.000000
0.029297,-0.119141,-0.005859,0.000000,30.273497,11.000000
0.056641,-0.154297,0.005859,0.000000,25.526682,11.000000
0.322266,-0.080078,-1.224609,0.000000,21.875208,11.000000
0.330078,-0.041016,1.265625,0.000000,23.263359,11.000000
0.439453,-0.000000,1.277344,0.000000,21.931246,11.000000
2.570312,-0.263672,1.134766,0.000000,29.474337,11.000000
2.613281,-0.267578,1.136719,0.000000,32.812607,11.000000
2.664062,-0.181641,1.140625,0.000000,32.052044,11.000000
4.410156,-0.287109,1.207031,0.000000,30.644581,11.000000
4.376953,-0.433594,1.419922,0.000000,30.000000,11.000000
4.736328,-0.449219,-0.515625,0.000000,32.924774,11.000000
4.791016,-0.453125,-0.388672,0.000000,33.537239,11.000000
4.845703,-0.457031,-0.078125,0.000000,30.277573,11.000000
4.832031,-0.460938,0.732422,0.000000,29.813656,11.000000
4.865234,-0.464844,0.785156,0.000000,30.666985,11.000000
0.041016,-0.033203,0.062500,0.000000,30.128372,11.000000
0.052734,-0.042969,0.103516,0.000000,29.009130,11.000000
1.117188,-0.515625,0.308594,0.000000,18.976271,11.000000
2.798828,-2.003906,-3.023438,0.000000,27.715876,11.000000
3.033203,-2.021484,-2.841797,0.000000,27.160034,11.000000
0.011719,-0.039062,-0.007812,0.000000,30.784569,12.000000
0.017578,-0.080078,-0.007812,0.000000,32.003033,12.000000
0.041016,-0.115234,-0.007812,0.000000,30.273497,12.000000
0.056641,-0.154297,0.005859,0.000000,25.514500,12.000000
0.320312,-0.080078,-1.224609,0.000000,21.903316,12.000000
0.345703,-0.041016,1.261719,0.000000,23.283796,12.000000
0.419922,-0.000000,1.283203,0.000000,21.903316,12.000000
1.935547,0.306641,0.105469,0.000000,27.466343,12.000000
1.964844,0.312500,0.242188,0.000000,28.048206,12.000000
2.558594,-0.263672,1.162109,0.000000,29.454685,12.000000
2.609375,-0.267578,1.150391,0.000000,32.785248,12.000000
2.658203,-0.181641,1.154297,0.000000,32.011238,12.000000
4.412109,-0.287109,1.201172,0.000000,30.696680,12.000000
4.376953,-0.433594,1.423828,0.000000,30.149403,12.000000
4.738281,-0.449219,-0.509766,0.000000,33.128117,12.000000
4.787109,-0.453125,-0.417969,0.000000,33.914642,12.000000
4.841797,-0.457031,-0.199219,0.000000,31.095785,12.000000
4.833984,-0.460938,0.724609,0.000000,29.790930,12.000000
4.855469,-0.464844,0.841797,0.000000,30.773680,12.000000
0.041016,-0.033203,0.062500,0.000000,30.124153,12.000000
0.052734,-0.042969,0.103516,0.000000,29.009130,12.000000
1.119141,-0.515625,0.302734,0.000000,19.030899,12.000000
2.789062,-2.003906,-3.031250,0.000000,27.817554,12.000000
3.027344,-2.021484,-2.847656,0.000000,27.299744,12.000000
0.011719,-0.039062,-0.007812,0.000000,30.780941,13.000000
0.017578,-0.080078,-0.007812,0.000000,32.000294,13.000000
0.041016,-0.115234,-0.007812,0.000000,30.273497,13.000000
0.056641,-0.154297,0.005859,0.000000,25.514500,13.000000
0.304688,-0.080078,-1.228516,0.000000,21.846914,13.000000
0.326172,-0.041016,1.267578,0.000000,23.242825,13.000000
0.431641,-0.000000,1.279297,0.000000,21.903316,13.000000
1.943359,0.246094,-0.134766,0.000000,29.415113,13.000000
1.976562,0.312500,-0.126953,0.000000,29.991306,13.000000
2.564453,-0.263672,1.146484,0.000000,29.571281,13.000000
2.609375,-0.267578,1.150391,0.000000,32.808060,13.000000
2.662109,-0.181641,1.148438,0.000000,32.013969,13.000000
4.421875,-0.287109,1.166016,0.000000,30.748165,13.000000
4.476562,-0.433594,1.070312,0.000000,30.526939,13.000000
4.574219,-0.291016,-0.857422,0.000000,29.253120,13.000000
4.689453,-0.146484,-0.332031,0.000000,29.405165,13.000000
4.703125,-0.296875,-0.562500,0.000000,29.656719,13.000000
4.736328,-0.449219,-0.513672,0.000000,33.159702,13.000000
4.789062,-0.453125,-0.410156,0.000000,33.839947,13.000000
4.845703,-0.457031,-0.125000,0.000000,30.920185,13.000000
4.818359,-0.460938,0.820312,0.000000,30.008677,13.000000
4.849609,-0.464844,0.875000,0.000000,30.881361,13.000000
0.041016,-0.033203,0.062500,0.000000,30.119930,13.000000
0.052734,-0.042969,0.103516,0.000000,29.003672,13.000000
1.121094,-0.515625,0.291016,0.000000,19.084850,13.000000
2.742188,-2.003906,-3.074219,0.000000,27.881683,13.000000
2.501953,-2.021484,-3.318359,0.000000,27.626785,13.000000
0.011719,-0.039062,-0.007812,0.000000,30.780941,14.000000
0.017578,-0.080078,-0.007812,0.000000,31.997551,14.000000
0.041016,-0.115234,-0.007812,0.000000,30.269417,14.000000
0.056641,-0.154297,0.003906,0.000000,25.514500,14.000000
0.310547,-0.080078,-1.226562,0.000000,21.903316,14.000000
0.349609,-0.041016,1.259766,0.000000,23.263359,14.000000
0.439453,-0.000000,1.277344,0.000000,21.903316,14.000000
1.943359,0.246094,-0.125000,0.000000,27.923918,14.000000
1.976562,0.250000,-0.222656,0.000000,28.195440,14.000000
2.544922,-0.263672,1.193359,0.000000,29.547249,14.000000
2.603516,-0.267578,1.162109,0.000000,32.808060,14.000000
2.660156,-0.181641,1.152344,0.000000,32.016701,14.000000
4.416016,-0.287109,1.183594,0.000000,30.766405,14.000000
4.449219,-0.433594,1.175781,0.000000,30.484419,14.000000
4.738281,-0.449219,-0.498047,0.000000,33.085644,14.000000
4.787109,-0.453125,-0.419922,0.000000,33.714375,14.000000
4.843750,-0.457031,-0.183594,0.000000,30.515385,14.000000
4.818359,-0.460938,0.816406,0.000000,29.772661,14.000000
4.871094,-0.308594,0.820312,0.000000,30.906107,14.000000
0.041016,-0.033203,0.062500,0.000000,30.119930,14.000000
0.052734,-0.042969,0.103516,0.000000,29.003672,14.000000
1.117188,-0.515625,0.306641,0.000000,19.030899,14.000000
2.750000,-2.003906,-3.068359,0.000000,27.881683,14.000000
2.679688,-2.021484,-3.177734,0.000000,27.619278,14.000000
0.011719,-0.039062,-0.007812,0.000000,30.780941,15.000000
0.017578,-0.080078,-0.007812,0.000000,32.003033,15.000000
0.029297,-0.119141,-0.005859,0.000000,30.273497,15.000000
0.056641,-0.154297,0.005859,0.000000,25.514500,15.000000
0.275391,-0.080078,-1.234375,0.000000,21.846914,15.000000
0.353516,-0.041016,1.259766,0.000000,23.242825,15.000000
0.423828,-0.000000,1.281250,0.000000,21.931246,15.000000
1.937500,0.183594,-0.259766,0.000000,26.946053,15.000000
1.980469,0.250000,-0.169922,0.000000,28.469553,15.000000
2.025391,0.255859,-0.121094,0.000000,29.647308,15.000000
2.062500,0.261719,-0.169922,0.000000,28.457180,15.000000
2.533203,-0.263672,1.216797,0.000000,29.380192,15.000000
2.599609,-0.267578,1.171875,0.000000,32.764618,15.000000
2.658203,-0.181641,1.156250,0.000000,32.033051,15.000000
4.419922,-0.287109,1.173828,0.000000,30.685570,15.000000
4.431641,-0.433594,1.238281,0.000000,30.277573,15.000000
4.746094,-0.298828,-0.535156,0.000000,33.153404,15.000000
4.783203,-0.453125,-0.457031,0.000000,33.848907,15.000000
4.839844,-0.457031,-0.253906,0.000000,30.711452,15.000000
4.824219,-0.460938,0.783203,0.000000,29.698816,15.000000
4.853516,-0.464844,0.853516,0.000000,30.795429,15.000000
0.041016,-0.033203,0.062500,0.000000,30.119930,15.000000
0.052734,-0.042969,0.103516,0.000000,28.998205,15.000000
1.119141,-0.515625,0.296875,0.000000,18.920946,15.000000
2.750000,-2.003906,-3.066406,0.000000,27.781513,15.000000
2.744141,-2.021484,-3.123047,0.000000,27.442930,15.000000
4.716797,-0.597656,-0.542969,0.000000,33.136562,15.000000
0.011719,-0.039062,-0.007812,0.000000,30.780941,16.000000
0.017578,-0.080078,-0.007812,0.000000,32.000294,16.000000
0.041016,-0.115234,-0.007812,0.000000,30.269417,16.000000
0.056641,-0.154297,0.005859,0.000000,25.526682,16.000000
0.320312,-0.080078,-1.224609,0.000000,21.875208,16.000000
0.316406,-0.041016,1.269531,0.000000,23.263359,16.000000
0.400391,-0.000000,1.289062,0.000000,21.903316,16.000000
1.935547,0.246094,-0.224609,0.000000,27.867514,16.000000
1.982422,0.250000,-0.158203,0.000000,29.395193,16.000000
2.025391,0.255859,-0.126953,0.000000,29.030899,16.000000
2.574219,-0.263672,1.126953,0.000000,29.449759,16.000000
2.617188,-0.267578,1.130859,0.000000,32.794388,16.000000
2.671875,-0.181641,1.125000,0.000000,32.043915,16.000000
4.417969,-0.287109,1.179688,0.000000,30.678144,16.000000
4.416016,-0.433594,1.294922,0.000000,30.174507,16.000000
4.734375,-0.449219,-0.531250,0.000000,33.153404,16.000000
4.785156,-0.453125,-0.455078,0.000000,33.868557,16.000000
4.839844,-0.457031,-0.259766,0.000000,31.061909,16.000000
4.853516,-0.460938,0.570312,0.000000,30.111473,16.000000
4.875000,-0.464844,0.712891,0.000000,30.733517,16.000000
0.041016,-0.033203,0.062500,0.000000,30.124153,16.000000
0.052734,-0.042969,0.103516,0.000000,29.003672,16.000000
1.121094,-0.515625,0.292969,0.000000,19.030899,16.000000
2.791016,-2.003906,-3.029297,0.000000,27.774269,16.000000
2.810547,-2.021484,-3.062500,0.000000,27.395723,16.000000
0.011719,-0.039062,-0.007812,0.000000,30.777311,17.000000
0.017578,-0.080078,-0.007812,0.000000,32.000294,17.000000
0.041016,-0.115234,-0.007812,0.000000,30.273497,17.000000
0.056641,-0.154297,0.003906,0.000000,25.514500,17.000000
0.275391,-0.080078,-1.234375,0.000000,21.846914,17.000000
0.361328,-0.041016,1.257812,0.000000,23.222193,17.000000
0.447266,-0.000000,1.273438,0.000000,21.846914,17.000000
2.558594,-0.263672,1.162109,0.000000,29.580858,17.000000
2.611328,-0.267578,1.142578,0.000000,32.828487,17.000000
2.667969,-0.181641,1.130859,0.000000,32.041199,17.000000
4.416016,-0.287109,1.187500,0.000000,30.670708,17.000000
4.435547,-0.433594,1.226562,0.000000,30.338257,17.000000
4.750000,-0.298828,-0.511719,0.000000,33.106934,17.000000
4.785156,-0.453125,-0.451172,0.000000,33.821972,17.000000
4.837891,-0.457031,-0.279297,0.000000,30.955181,17.000000
4.837891,-0.460938,0.695312,0.000000,29.722029,17.000000
4.851562,-0.464844,0.861328,0.000000,30.711452,17.000000
0.041016,-0.033203,0.062500,0.000000,30.119930,17.000000
0.052734,-0.042969,0.103516,0.000000,29.003672,17.000000
1.119141,-0.515625,0.298828,0.000000,18.920946,17.000000
2.777344,-2.003906,-3.042969,0.000000,27.803173,17.000000
2.753906,-2.021484,-3.113281,0.000000,27.489628,17.000000
0.011719,-0.039062,-0.007812,0.000000,30.784569,18.000000
0.017578,-0.080078,-0.007812,0.000000,32.000294,18.000000
0.041016,-0.115234,-0.007812,0.000000,30.273497,18.000000
0.056641,-0.154297,0.003906,0.000000,25.526682,18.000000
0.289062,-0.080078,-1.232422,0.000000,21.846914,18.000000
0.361328,-0.041016,1.257812,0.000000,23.242825,18.000000
0.457031,-0.000000,1.269531,0.000000,21.903316,18.000000
1.929688,0.246094,-0.263672,0.000000,27.581547,18.000000
1.976562,0.250000,-0.224609,0.000000,28.254261,18.000000
2.546875,-0.263672,1.187500,0.000000,29.390198,18.000000
2.601562,-0.267578,1.164062,0.000000,32.771507,18.000000
2.656250,-0.181641,1.162109,0.000000,32.013969,18.000000
4.412109,-0.287109,1.199219,0.000000,30.692980,18.000000
4.431641,-0.433594,1.240234,0.000000,30.358297,18.000000
4.748047,-0.298828,-0.517578,0.000000,33.083511,18.000000
4.783203,-0.453125,-0.455078,0.000000,33.789429,18.000000
4.839844,-0.457031,-0.251953,0.000000,30.955181,18.000000
4.841797,-0.460938,0.664062,0.000000,30.102999,18.000000
4.855469,-0.464844,0.845703,0.000000,30.870712,18.000000
0.041016,-0.033203,0.062500,0.000000,30.124153,18.000000
0.052734,-0.042969,0.103516,0.000000,29.003672,18.000000
1.117188,-0.515625,0.306641,0.000000,19.030899,18.000000
2.785156,-2.003906,-3.037109,0.000000,27.774269,18.000000
2.802734,-2.021484,-3.068359,0.000000,27.411516,18.000000
0.011719,-0.039062,-0.007812,0.000000,30.777311,19.000000
0.017578,-0.080078,-0.007812,0.000000,32.000294,19.000000
0.041016,-0.115234,-0.007812,0.000000,30.269417,19.000000
0.056641,-0.154297,0.005859,0.000000,25.526682,19.000000
0.312500,-0.080078,-1.226562,0.000000,21.818436,19.000000
0.330078,-0.041016,1.265625,0.000000,23.201464,19.000000
0.414062,-0.000000,1.285156,0.000000,21.818436,19.000000
2.542969,-0.263672,1.197266,0.000000,29.464523,19.000000
2.601562,-0.267578,1.166016,0.000000,32.780674,19.000000
2.652344,-0.181641,1.167969,0.000000,32.005768,19.000000
4.419922,-0.287109,1.171875,0.000000,30.704073,19.000000
4.443359,-0.433594,1.201172,0.000000,30.322157,19.000000
4.718750,-0.597656,-0.533203,0.000000,33.044907,19.000000
4.785156,-0.453125,-0.441406,0.000000,33.615391,19.000000
4.841797,-0.457031,-0.230469,0.000000,30.342272,19.000000
4.828125,-0.460938,0.761719,0.000000,29.781805,19.000000
4.855469,-0.464844,0.835938,0.000000,30.740847,19.000000
0.041016,-0.033203,0.062500,0.000000,30.124153,19.000000
0.052734,-0.042969,0.103516,0.000000,29.003672,19.000000
1.117188,-0.515625,0.310547,0.000000,19.030899,19.000000
2.730469,-2.003906,-3.085938,0.000000,27.810369,19.000000
2.687500,-2.021484,-3.171875,0.000000,27.466343,19.000000
4.750000,-0.298828,-0.507812,0.000000,33.040596,19.000000
0.011719,-0.039062,-0.007812,0.000000,30.784569,20.000000
0.017578,-0.080078,-0.007812,0.000000,32.000294,20.000000
0.041016,-0.115234,-0.007812,0.000000,30.269417,20.000000
0.056641,-0.154297,0.005859,0.000000,25.514500,20.000000
0.283203,-0.080078,-1.234375,0.000000,21.903316,20.000000
0.363281,-0.041016,1.255859,0.000000,23.242825,20.000000
0.460938,-0.000000,1.269531,0.000000,21.875208,20.000000
2.558594,-0.263672,1.162109,0.000000,29.415113,20.000000
2.603516,-0.267578,1.162109,0.000000,32.776093,20.000000
2.652344,-0.181641,1.167969,0.000000,32.024883,20.000000
4.419922,-0.287109,1.169922,0.000000,30.722500,20.000000
4.455078,-0.433594,1.152344,0.000000,30.445398,20.000000
4.750000,-0.298828,-0.509766,0.000000,33.064251,20.000000
4.785156,-0.453125,-0.437500,0.000000,33.745651,20.000000
4.839844,-0.457031,-0.255859,0.000000,30.659531,20.000000
4.824219,-0.460938,0.781250,0.000000,29.633156,20.000000
4.853516,-0.464844,0.851562,0.000000,30.755470,20.000000
0.041016,-0.033203,0.062500,0.000000,30.128372,20.000000
0.052734,-0.042969,0.103516,0.000000,29.009130,20.000000
2.755859,-2.003906,-3.062500,0.000000,27.853298,20.000000
2.705078,-2.021484,-3.154297,0.000000,27.573959,20.000000
0.011719,-0.039062,-0.007812,0.000000,30.784569,21.000000
0.017578,-0.080078,-0.007812,0.000000,32.000294,21.000000
0.029297,-0.119141,-0.005859,0.000000,30.273497,21.000000
0.056641,-0.154297,0.003906,0.000000,25.526682,21.000000
0.314453,-0.080078,-1.226562,0.000000,21.846914,21.000000
0.349609,-0.041016,1.261719,0.000000,23.242825,21.000000
0.441406,-0.000000,1.275391,0.000000,21.931246,21.000000
1.933594,0.306641,-0.160156,0.000000,27.839035,21.000000
1.976562,0.312500,-0.125000,0.000000,28.992731,21.000000
2.027344,0.255859,-0.095703,0.000000,27.497364,21.000000
2.558594,-0.263672,1.164062,0.000000,29.420080,21.000000
2.607422,-0.267578,1.154297,0.000000,32.803509,21.000000
2.664062,-0.181641,1.144531,0.000000,32.068260,21.000000
4.416016,-0.287109,1.189453,0.000000,30.663260,21.000000
4.457031,-0.289062,1.189453,0.000000,30.277573,21.000000
4.736328,-0.449219,-0.517578,0.000000,33.025475,21.000000
4.787109,-0.453125,-0.427734,0.000000,33.710678,21.000000
4.841797,-0.457031,-0.222656,0.000000,30.748165,21.000000
4.839844,-0.460938,0.675781,0.000000,29.854265,21.000000
4.865234,-0.464844,0.785156,0.000000,30.777311,21.000000
0.041016,-0.033203,0.062500,0.000000,30.124153,21.000000
0.052734,-0.042969,0.103516,0.000000,29.009130,21.000000
1.117188,-0.515625,0.310547,0.000000,18.976271,21.000000
2.759766,-2.003906,-3.058594,0.000000,27.831886,21.000000
2.673828,-2.021484,-3.183594,0.000000,27.481880,21.000000
0.011719,-0.039062,-0.007812,0.000000,30.780941,22.000000
0.017578,-0.080078,-0.007812,0.000000,32.000294,22.000000
0.041016,-0.115234,-0.007812,0.000000,30.269417,22.000000
0.056641,-0.154297,0.005859,0.000000,25.526682,22.000000
0.296875,-0.080078,-1.230469,0.000000,21.846914,22.000000
0.337891,-0.041016,1.263672,0.000000,23.242825,22.000000
0.425781,-0.000000,1.281250,0.000000,21.875208,22.000000
1.900391,0.179688,-0.232422,0.000000,27.951845,22.000000
1.941406,0.246094,-0.164062,0.000000,31.061909,22.000000
1.984375,0.250000,-0.126953,0.000000,31.906118,22.000000
2.027344,0.255859,-0.095703,0.000000,30.136797,22.000000
2.570312,-0.263672,1.134766,0.000000,29.459606,22.000000
2.607422,-0.267578,1.154297,0.000000,32.787537,22.000000
2.656250,-0.181641,1.160156,0.000000,32.003033,22.000000
4.421875,-0.287109,1.166016,0.000000,30.625820,22.000000
4.472656,-0.289062,1.134766,0.000000,30.253059,22.000000
4.736328,-0.449219,-0.519531,0.000000,33.163898,22.000000
4.785156,-0.453125,-0.449219,0.000000,33.872120,22.000000
4.839844,-0.457031,-0.250000,0.000000,30.958664,22.000000
4.835938,-0.460938,0.708984,0.000000,29.903389,22.000000
4.857422,-0.464844,0.828125,0.000000,30.788193,22.000000
0.041016,-0.033203,0.062500,0.000000,30.124153,22.000000
0.052734,-0.042969,0.103516,0.000000,29.003672,22.000000
1.119141,-0.515625,0.298828,0.000000,19.030899,22.000000
2.742188,-2.003906,-3.074219,0.000000,27.860413,22.000000
2.707031,-2.021484,-3.154297,0.000000,27.520485,22.000000
0.011719,-0.039062,-0.007812,0.000000,30.780941,23.000000
0.017578,-0.080078,-0.007812,0.000000,31.997551,23.000000
0.029297,-0.119141,-0.005859,0.000000,30.269417,23.000000
0.056641,-0.154297,0.003906,0.000000,25.514500,23.000000
0.304688,-0.080078,-1.228516,0.000000,21.846914,23.000000
0.349609,-0.041016,1.259766,0.000000,23.263359,23.000000
0.423828,-0.000000,1.281250,0.000000,21.931246,23.000000
2.570312,-0.263672,1.134766,0.000000,29.537598,23.000000
2.609375,-0.267578,1.148438,0.000000,32.830750,23.000000
2.650391,-0.181641,1.171875,0.000000,32.030331,23.000000
4.410156,-0.287109,1.208984,0.000000,30.678144,23.000000
4.361328,-0.433594,1.470703,0.000000,30.077478,23.000000
4.718750,-0.597656,-0.525391,0.000000,33.055664,23.000000
4.785156,-0.453125,-0.451172,0.000000,33.741982,23.000000
4.839844,-0.457031,-0.259766,0.000000,30.603201,23.000000
4.845703,-0.464844,0.892578,0.000000,30.700378,23.000000
0.041016,-0.033203,0.062500,0.000000,30.124153,23.000000
0.052734,-0.042969,0.103516,0.000000,29.009130,23.000000
1.119141,-0.515625,0.300781,0.000000,19.030899,23.000000
2.785156,-2.003906,-3.037109,0.000000,27.774269,23.000000
2.921875,-2.021484,-2.955078,0.000000,27.291647,23.000000
0.011719,-0.039062,-0.007812,0.000000,30.777311,24.000000
0.017578,-0.080078,-0.007812,0.000000,31.997551,24.000000
0.041016,-0.115234,-0.007812,0.000000,30.269417,24.000000
0.056641,-0.154297,0.005859,0.000000,25.514500,24.000000
0.302734,-0.080078,-1.228516,0.000000,21.903316,24.000000
0.343750,-0.041016,1.261719,0.000000,23.263359,24.000000
0.431641,-0.000000,1.279297,0.000000,21.903316,24.000000
1.947266,0.246094,0.068359,0.000000,27.419392,24.000000
1.988281,0.250000,0.013672,0.000000,29.542425,24.000000
2.029297,0.255859,0.031250,0.000000,28.853613,24.000000
2.558594,-0.263672,1.162109,0.000000,29.360107,24.000000
2.605469,-0.267578,1.156250,0.000000,32.760021,24.000000
2.656250,-0.181641,1.162109,0.000000,32.027607,24.000000
4.406250,-0.287109,1.224609,0.000000,30.553783,24.000000
4.326172,-0.433594,1.568359,0.000000,29.670797,24.000000
4.738281,-0.449219,-0.511719,0.000000,32.977604,24.000000
4.789062,-0.453125,-0.394531,0.000000,33.694016,24.000000
4.845703,-0.457031,-0.101562,0.000000,30.806265,24.000000
4.828125,-0.460938,0.753906,0.000000,30.047512,24.000000
4.851562,-0.464844,0.867188,0.000000,30.838608,24.000000
0.041016,-0.033203,0.062500,0.000000,30.115704,24.000000
0.052734,-0.042969,0.103516,0.000000,28.998205,24.000000
1.117188,-0.515625,0.306641,0.000000,19.030899,24.000000
2.804688,-2.003906,-3.017578,0.000000,27.671558,24.000000
3.085938,-2.021484,-2.785156,0.000000,27.118073,24.000000
0.011719,-0.039062,-0.007812,0.000000,30.780941,25.000000
0.017578,-0.080078,-0.007812,0.000000,31.997551,25.000000
0.029297,-0.119141,-0.005859,0.000000,30.269417,25.000000
0.056641,-0.154297,0.005859,0.000000,25.514500,25.000000
0.306641,-0.080078,-1.228516,0.000000,21.846914,25.000000
0.320312,-0.041016,1.267578,0.000000,23.242825,25.000000
0.425781,-0.000000,1.281250,0.000000,21.875208,25.000000
1.947266,0.246094,-0.009766,0.000000,28.095596,25.000000
1.988281,0.250000,-0.029297,0.000000,29.858753,25.000000
1.994141,0.382812,-0.248047,0.000000,27.315887,25.000000
2.544922,-0.263672,1.193359,0.000000,29.350031,25.000000
2.601562,-0.267578,1.164062,0.000000,32.753113,25.000000
2.658203,-0.181641,1.158203,0.000000,32.016701,25.000000
4.417969,-0.287109,1.175781,0.000000,30.659531,25.000000
4.425781,-0.433594,1.261719,0.000000,30.102999,25.000000
4.738281,-0.449219,-0.509766,0.000000,33.072819,25.000000
4.789062,-0.453125,-0.390625,0.000000,33.807537,25.000000
4.845703,-0.457031,-0.105469,0.000000,30.941216,25.000000
4.820312,-0.460938,0.810547,0.000000,29.951963,25.000000
4.839844,-0.464844,0.925781,0.000000,30.870712,25.000000
0.041016,-0.033203,0.062500,0.000000,30.124153,25.000000
0.052734,-0.042969,0.103516,0.000000,29.003672,25.000000
1.121094,-0.474609,0.353516,0.000000,19.030899,25.000000
2.765625,-2.003906,-3.054688,0.000000,27.745171,25.000000
2.761719,-2.021484,-3.107422,0.000000,27.395723,25.000000
0.011719,-0.039062,-0.007812,0.000000,30.773680,26.000000
0.017578,-0.080078,-0.007812,0.000000,31.997551,26.000000
0.041016,-0.115234,-0.007812,0.000000,30.269417,26.000000
0.056641,-0.154297,0.005859,0.000000,25.526682,26.000000
0.292969,-0.080078,-1.230469,0.000000,21.875208,26.000000
0.341797,-0.041016,1.263672,0.000000,23.263359,26.000000
0.451172,-0.000000,1.273438,0.000000,21.903316,26.000000
1.984375,0.250000,0.140625,0.000000,28.202015,26.000000
2.031250,0.326172,-0.351562,0.000000,28.450981,26.000000
2.082031,0.265625,-0.341797,0.000000,27.937904,26.000000
2.542969,-0.263672,1.197266,0.000000,29.415113,26.000000
2.605469,-0.267578,1.158203,0.000000,32.755417,26.000000
2.662109,-0.181641,1.146484,0.000000,31.994808,26.000000
4.421875,-0.287109,1.162109,0.000000,30.678144,26.000000
4.455078,-0.433594,1.156250,0.000000,30.346285,26.000000
4.677734,-0.294922,-0.392578,0.000000,29.196011,26.000000
4.699219,-0.296875,-0.589844,0.000000,29.566486,26.000000
4.736328,-0.449219,-0.515625,0.000000,33.259258,26.000000
4.787109,-0.453125,-0.414062,0.000000,33.939259,26.000000
4.843750,-0.457031,-0.154297,0.000000,30.849337,26.000000
4.796875,-0.460938,0.933594,0.000000,29.623693,26.000000
4.841797,-0.464844,0.914062,0.000000,30.780941,26.000000
0.041016,-0.033203,0.062500,0.000000,30.128372,26.000000
0.052734,-0.042969,0.103516,0.000000,29.009130,26.000000
1.117188,-0.515625,0.304688,0.000000,19.084850,26.000000
2.679688,-2.021484,-3.177734,0.000000,27.387806,26.000000
0.011719,-0.039062,-0.007812,0.000000,30.780941,27.000000
0.017578,-0.080078,-0.007812,0.000000,32.000294,27.000000
0.041016,-0.115234,-0.007812,0.000000,30.269417,27.000000
0.056641,-0.154297,0.005859,0.000000,25.514500,27.000000
0.332031,-0.080078,-1.220703,0.000000,21.846914,27.000000
0.333984,-0.041016,1.265625,0.000000,23.222193,27.000000
0.425781,-0.000000,1.281250,0.000000,21.875208,27.000000
2.537109,-0.263672,1.207031,0.000000,29.547249,27.000000
2.595703,-0.267578,1.181641,0.000000,32.819420,27.000000
2.648438,-0.181641,1.179688,0.000000,32.024883,27.000000
4.417969,-0.287109,1.177734,0.000000,30.788193,27.000000
4.474609,-0.433594,1.072266,0.000000,30.737183,27.000000
4.708984,-0.296875,-0.501953,0.000000,29.684830,27.000000
4.738281,-0.449219,-0.505859,0.000000,33.269501,27.000000
4.783203,-0.453125,-0.462891,0.000000,33.949768,27.000000
4.835938,-0.457031,-0.310547,0.000000,30.870712,27.000000
4.869141,-0.464844,0.765625,0.000000,30.813473,27.000000
0.041016,-0.033203,0.062500,0.000000,30.119930,27.000000
0.052734,-0.042969,0.103516,0.000000,29.003672,27.000000
1.115234,-0.515625,0.312500,0.000000,18.976271,27.000000
2.763672,-2.003906,-3.054688,0.000000,27.824726,27.000000
0.011719,-0.039062,-0.007812,0.000000,30.784569,28.000000
0.017578,-0.080078,-0.007812,0.000000,32.000294,28.000000
0.041016,-0.115234,-0.007812,0.000000,30.273497,28.000000
0.056641,-0.154297,0.005859,0.000000,25.538830,28.000000
0.310547,-0.080078,-1.226562,0.000000,21.875208,28.000000
0.332031,-0.041016,1.265625,0.000000,23.242825,28.000000
0.435547,-0.000000,1.277344,0.000000,21.875208,28.000000
1.984375,0.187500,-0.207031,0.000000,28.627275,28.000000
2.021484,0.255859,-0.169922,0.000000,28.169039,28.000000
2.564453,-0.263672,1.148438,0.000000,29.395193,28.000000
2.603516,-0.267578,1.160156,0.000000,32.766914,28.000000
2.656250,-0.181641,1.162109,0.000000,32.000294,28.000000
4.417969,-0.287109,1.179688,0.000000,30.715137,28.000000
4.466797,-0.433594,1.103516,0.000000,30.546131,28.000000
4.681641,-0.445312,-0.630859,0.000000,29.370161,28.000000
4.736328,-0.449219,-0.527344,0.000000,33.153404,28.000000
4.785156,-0.453125,-0.449219,0.000000,33.919930,28.000000
4.837891,-0.457031,-0.281250,0.000000,31.099159,28.000000
4.847656,-0.460938,0.613281,0.000000,29.827234,28.000000
4.871094,-0.464844,0.751953,0.000000,30.773680,28.000000
0.041016,-0.033203,0.062500,0.000000,30.124153,28.000000
0.052734,-0.042969,0.103516,0.000000,29.009130,28.000000
1.119141,-0.515625,0.302734,0.000000,18.920946,28.000000
2.746094,-2.003906,-3.070312,0.000000,27.846172,28.000000
2.578125,-2.021484,-3.261719,0.000000,27.589119,28.000000
0.011719,-0.039062,-0.007812,0.000000,30.770042,29.000000
0.017578,-0.080078,-0.007812,0.000000,31.994808,29.000000
0.041016,-0.115234,-0.007812,0.000000,30.269417,29.000000
0.056641,-0.154297,0.003906,0.000000,25.514500,29.000000
0.300781,-0.080078,-1.230469,0.000000,21.875208,29.000000
0.363281,-0.041016,1.257812,0.000000,23.263359,29.000000
0.457031,-0.000000,1.269531,0.000000,21.903316,29.000000
1.992188,0.187500,-0.103516,0.000000,27.846172,29.000000
2.029297,0.191406,-0.169922,0.000000,27.450748,29.000000
2.542969,-0.263672,1.197266,0.000000,29.474337,29.000000
2.607422,-0.267578,1.152344,0.000000,32.805782,29.000000
2.664062,-0.181641,1.142578,0.000000,32.073650,29.000000
4.417969,-0.287109,1.181641,0.000000,30.696680,29.000000
4.437500,-0.433594,1.216797,0.000000,30.273497,29.000000
4.751953,-0.298828,-0.494141,0.000000,33.021145,29.000000
4.787109,-0.453125,-0.417969,0.000000,33.609718,29.000000
4.843750,-0.457031,-0.169922,0.000000,30.472748,29.000000
4.839844,-0.460938,0.675781,0.000000,30.086002,29.000000
4.859375,-0.464844,0.820312,0.000000,30.802656,29.000000
0.041016,-0.033203,0.062500,0.000000,30.119930,29.000000
0.052734,-0.042969,0.103516,0.000000,29.003672,29.000000
1.119141,-0.515625,0.302734,0.000000,18.976271,29.000000
2.763672,-2.003906,-3.054688,0.000000,27.860413,29.000000
2.722656,-2.021484,-3.140625,0.000000,27.543484,29.000000
4.720703,-0.597656,-0.519531,0.000000,33.005955,29.000000
0.011719,-0.039062,-0.007812,0.000000,30.773680,30.000000
0.017578,-0.080078,-0.007812,0.000000,31.997551,30.000000
0.041016,-0.115234,-0.007812,0.000000,30.269417,30.000000
0.056641,-0.154297,0.005859,0.000000,25.526682,30.000000
0.312500,-0.080078,-1.226562,0.000000,21.903316,30.000000
0.355469,-0.041016,1.259766,0.000000,23.283796,30.000000
0.457031,-0.000000,1.269531,0.000000,21.931246,30.000000
2.517578,-0.263672,1.250000,0.000000,29.493900,30.000000
2.591797,-0.267578,1.187500,0.000000,32.826221,30.000000
2.654297,-0.181641,1.166016,0.000000,32.057457,30.000000
4.419922,-0.287109,1.173828,0.000000,30.733517,30.000000
4.457031,-0.289062,1.189453,0.000000,30.390173,30.000000
4.736328,-0.449219,-0.523438,0.000000,33.121773,30.000000
4.785156,-0.453125,-0.453125,0.000000,33.888115,30.000000
4.837891,-0.457031,-0.291016,0.000000,31.000257,30.000000
4.835938,-0.460938,0.703125,0.000000,29.827234,30.000000
4.880859,-0.308594,0.761719,0.000000,30.856472,30.000000
0.041016,-0.033203,0.062500,0.000000,30.124153,30.000000
0.052734,-0.042969,0.103516,0.000000,28.998205,30.000000
1.121094,-0.515625,0.291016,0.000000,18.976271,30.000000
2.707031,-2.003906,-3.105469,0.000000,27.874605,30.000000
2.691406,-2.021484,-3.166016,0.000000,27.481880,30.000000
0.011719,-0.039062,-0.007812,0.000000,30.780941,31.000000
0.017578,-0.080078,-0.007812,0.000000,32.000294,31.000000
0.041016,-0.115234,-0.007812,0.000000,30.269417,31.000000
0.056641,-0.154297,0.005859,0.000000,25.502283,31.000000
0.277344,-0.080078,-1.234375,0.000000,21.931246,31.000000
0.347656,-0.041016,1.261719,0.000000,23.263359,31.000000
0.414062,-0.000000,1.285156,0.000000,21.875208,31.000000
2.533203,-0.263672,1.216797,0.000000,29.459606,31.000000
2.607422,-0.267578,1.150391,0.000000,32.776093,31.000000
2.679688,-0.181641,1.105469,0.000000,32.054749,31.000000
4.419922,-0.287109,1.173828,0.000000,30.692980,31.000000
4.445312,-0.433594,1.187500,0.000000,30.382227,31.000000
4.746094,-0.298828,-0.531250,0.000000,33.077099,31.000000
4.783203,-0.453125,-0.457031,0.000000,33.787613,31.000000
4.837891,-0.457031,-0.291016,0.000000,30.652061,31.000000
4.857422,-0.464844,0.832031,0.000000,30.729847,31.000000
0.041016,-0.033203,0.062500,0.000000,30.119930,31.000000
0.052734,-0.042969,0.103516,0.000000,29.003672,31.000000
1.119141,-0.515625,0.300781,0.000000,18.976271,31.000000
2.757812,-2.003906,-3.060547,0.000000,27.853298,31.000000
2.673828,-2.021484,-3.181641,0.000000,27.573959,31.000000
4.716797,-0.597656,-0.548828,0.000000,33.074959,31.000000
0.011719,-0.039062,-0.007812,0.000000,30.773680,32.000000
0.017578,-0.080078,-0.007812,0.000000,32.000294,32.000000
0.041016,-0.115234,-0.007812,0.000000,30.273497,32.000000
0.056641,-0.154297,0.003906,0.000000,25.514500,32.000000
0.324219,-0.080078,-1.222656,0.000000,21.846914,32.000000
0.343750,-0.041016,1.261719,0.000000,23.263359,32.000000
0.427734,-0.000000,1.279297,0.000000,21.903316,32.000000
1.980469,0.250000,-0.169922,0.000000,28.202015,32.000000
2.023438,0.255859,-0.152344,0.000000,28.621313,32.000000
2.537109,-0.263672,1.207031,0.000000,29.474337,32.000000
2.599609,-0.267578,1.167969,0.000000,32.764618,32.000000
2.650391,-0.181641,1.171875,0.000000,31.970047,32.000000
4.417969,-0.287109,1.181641,0.000000,30.692980,32.000000
4.435547,-0.433594,1.230469,0.000000,30.334238,32.000000
4.751953,-0.298828,-0.494141,0.000000,33.170181,32.000000
4.785156,-0.453125,-0.453125,0.000000,33.941013,32.000000
4.837891,-0.457031,-0.294922,0.000000,31.166077,32.000000
4.845703,-0.460938,0.632812,0.000000,30.051805,32.000000
4.884766,-0.308594,0.740234,0.000000,30.842186,32.000000
0.041016,-0.033203,0.062500,0.000000,30.132587,32.000000
0.052734,-0.042969,0.103516,0.000000,29.009130,32.000000
1.119141,-0.515625,0.298828,0.000000,18.976271,32.000000
2.771484,-2.003906,-3.048828,0.000000,27.767012,32.000000
2.718750,-2.021484,-3.144531,0.000000,27.419392,32.000000
0.011719,-0.039062,-0.007812,0.000000,30.770042,33.000000
0.017578,-0.080078,-0.007812,0.000000,31.997551,33.000000
0.041016,-0.115234,-0.007812,0.000000,30.265333,33.000000
0.056641,-0.154297,0.003906,0.000000,25.514500,33.000000
0.277344,-0.080078,-1.234375,0.000000,21.818436,33.000000
0.326172,-0.041016,1.267578,0.000000,23.201464,33.000000
0.419922,-0.000000,1.283203,0.000000,21.818436,33.000000
2.560547,-0.263672,1.156250,0.000000,29.410143,33.000000
2.601562,-0.267578,1.166016,0.000000,32.762321,33.000000
2.648438,-0.181641,1.179688,0.000000,31.972805,33.000000
4.416016,-0.287109,1.189453,0.000000,30.726175,33.000000
4.437500,-0.433594,1.222656,0.000000,30.390173,33.000000
4.736328,-0.449219,-0.529297,0.000000,33.123890,33.000000
4.785156,-0.453125,-0.437500,0.000000,33.758465,33.000000
4.843750,-0.457031,-0.183594,0.000000,30.806265,33.000000
4.839844,-0.460938,0.675781,0.000000,30.157787,33.000000
4.857422,-0.464844,0.835938,0.000000,30.820669,33.000000
0.041016,-0.033203,0.062500,0.000000,30.119930,33.000000
0.052734,-0.042969,0.103516,0.000000,29.003672,33.000000
1.119141,-0.515625,0.300781,0.000000,18.976271,33.000000
2.761719,-2.003906,-3.056641,0.000000,27.774269,33.000000
2.746094,-2.021484,-3.119141,0.000000,27.442930,33.000000
0.011719,-0.039062,-0.007812,0.000000,30.780941,34.000000
0.017578,-0.080078,-0.007812,0.000000,31.997551,34.000000
0.041016,-0.115234,-0.007812,0.000000,30.265333,34.000000
0.056641,-0.154297,0.003906,0.000000,25.514500,34.000000
0.283203,-0.080078,-1.232422,0.000000,21.846914,34.000000
0.367188,-0.041016,1.255859,0.000000,23.222193,34.000000
0.455078,-0.000000,1.271484,0.000000,21.875208,34.000000
1.984375,0.250000,-0.140625,0.000000,29.740509,34.000000
2.025391,0.255859,-0.121094,0.000000,31.354507,34.000000
2.068359,0.261719,-0.091797,0.000000,30.047512,34.000000
2.560547,-0.263672,1.156250,0.000000,29.375179,34.000000
2.611328,-0.267578,1.146484,0.000000,32.771507,34.000000
2.667969,-0.181641,1.134766,0.000000,32.057457,34.000000
4.421875,-0.287109,1.166016,0.000000,30.700378,34.000000
4.447266,-0.433594,1.185547,0.000000,30.390173,34.000000
4.748047,-0.298828,-0.517578,0.000000,33.057812,34.000000
4.785156,-0.453125,-0.455078,0.000000,33.641758,34.000000
4.839844,-0.457031,-0.255859,0.000000,30.330214,34.000000
4.863281,-0.464844,0.800781,0.000000,30.704073,34.000000
0.041016,-0.033203,0.062500,0.000000,30.124153,34.000000
0.052734,-0.042969,0.103516,0.000000,29.009130,34.000000
1.117188,-0.515625,0.306641,0.000000,18.976271,34.000000
2.750000,-2.003906,-3.068359,0.000000,27.781513,34.000000
2.707031,-2.021484,-3.154297,0.000000,27.481880,34.000000
4.718750,-0.597656,-0.539062,0.000000,33.044907,34.000000
0.011719,-0.039062,-0.007812,0.000000,30.780941,35.000000
0.017578,-0.080078,-0.007812,0.000000,32.000294,35.000000
0.041016,-0.115234,-0.007812,0.000000,30.269417,35.000000
0.056641,-0.154297,0.005859,0.000000,25.514500,35.000000
0.300781,-0.080078,-1.228516,0.000000,21.903316,35.000000
0.343750,-0.041016,1.261719,0.000000,23.263359,35.000000
0.414062,-0.000000,1.285156,0.000000,21.903316,35.000000
1.988281,0.187500,-0.177734,0.000000,30.948204,35.000000
2.023438,0.255859,-0.164062,0.000000,31.824146,35.000000
2.064453,0.261719,-0.142578,0.000000,30.141003,35.000000
2.105469,0.265625,-0.132812,0.000000,27.118073,35.000000
2.556641,-0.263672,1.167969,0.000000,29.449759,35.000000
2.605469,-0.267578,1.158203,0.000000,32.778385,35.000000
2.652344,-0.181641,1.167969,0.000000,32.035767,35.000000
4.416016,-0.287109,1.183594,0.000000,30.678144,35.000000
4.445312,-0.433594,1.193359,0.000000,30.386202,35.000000
4.736328,-0.449219,-0.513672,0.000000,33.034122,35.000000
4.785156,-0.453125,-0.437500,0.000000,33.647385,35.000000
4.841797,-0.457031,-0.210938,0.000000,30.546131,35.000000
4.833984,-0.460938,0.712891,0.000000,29.858753,35.000000
4.861328,-0.464844,0.812500,0.000000,30.715137,35.000000
0.041016,-0.033203,0.062500,0.000000,30.124153,35.000000
0.052734,-0.042969,0.103516,0.000000,29.009130,35.000000
2.789062,-2.003906,-3.031250,0.000000,27.759743,35.000000
2.765625,-2.021484,-3.103516,0.000000,27.458551,35.000000
0.011719,-0.039062,-0.007812,0.000000,30.780941,36.000000
0.017578,-0.080078,-0.007812,0.000000,32.000294,36.000000
0.029297,-0.119141,-0.005859,0.000000,30.273497,36.000000
0.056641,-0.154297,0.005859,0.000000,25.526682,36.000000
0.300781,-0.080078,-1.230469,0.000000,21.875208,36.000000
0.349609,-0.041016,1.259766,0.000000,23.242825,36.000000
0.435547,-0.000000,1.277344,0.000000,21.875208,36.000000
1.982422,0.250000,-0.166016,0.000000,29.030899,36.000000
2.027344,0.255859,-0.082031,0.000000,29.547249,36.000000
2.068359,0.261719,0.074219,0.000000,27.419392,36.000000
2.560547,-0.263672,1.158203,0.000000,29.508514,36.000000
2.607422,-0.267578,1.150391,0.000000,32.819420,36.000000
2.666016,-0.181641,1.140625,0.000000,32.087101,36.000000
4.414062,-0.287109,1.191406,0.000000,30.700378,36.000000
4.453125,-0.289062,1.205078,0.000000,30.301949,36.000000
4.736328,-0.449219,-0.519531,0.000000,32.946865,36.000000
4.785156,-0.453125,-0.435547,0.000000,33.624825,36.000000
4.841797,-0.457031,-0.203125,0.000000,30.584261,36.000000
4.824219,-0.460938,0.775391,0.000000,29.800034,36.000000
4.847656,-0.464844,0.888672,0.000000,30.748165,36.000000
0.041016,-0.033203,0.062500,0.000000,30.128372,36.000000
0.052734,-0.042969,0.103516,0.000000,29.009130,36.000000
1.117188,-0.515625,0.304688,0.000000,18.920946,36.000000
2.765625,-2.003906,-3.052734,0.000000,27.767012,36.000000
2.734375,-2.021484,-3.130859,0.000000,27.458551,36.000000
0.011719,-0.039062,-0.007812,0.000000,30.777311,37.000000
0.017578,-0.080078,-0.007812,0.000000,32.000294,37.000000
0.041016,-0.115234,-0.007812,0.000000,30.277573,37.000000
0.056641,-0.154297,0.005859,0.000000,25.538830,37.000000
0.302734,-0.080078,-1.228516,0.000000,21.846914,37.000000
0.349609,-0.041016,1.261719,0.000000,23.222193,37.000000
0.445312,-0.000000,1.273438,0.000000,21.818436,37.000000
1.984375,0.250000,-0.121094,0.000000,29.628428,37.000000
2.013672,0.320312,-0.156250,0.000000,30.358297,37.000000
2.044922,0.326172,-0.257812,0.000000,27.535831,37.000000
2.509766,-0.263672,1.263672,0.000000,29.454685,37.000000
2.587891,-0.267578,1.197266,0.000000,32.787537,37.000000
2.644531,-0.181641,1.185547,0.000000,32.043915,37.000000
4.416016,-0.287109,1.185547,0.000000,30.659531,37.000000
4.447266,-0.433594,1.183594,0.000000,30.187004,37.000000
4.738281,-0.449219,-0.501953,0.000000,33.064251,37.000000
4.785156,-0.453125,-0.451172,0.000000,33.590763,37.000000
4.839844,-0.457031,-0.255859,0.000000,30.170334,37.000000
4.814453,-0.460938,0.843750,0.000000,29.527924,37.000000
4.857422,-0.464844,0.828125,0.000000,30.744507,37.000000
0.041016,-0.033203,0.062500,0.000000,30.124153,37.000000
0.052734,-0.042969,0.103516,0.000000,29.003672,37.000000
1.119141,-0.515625,0.302734,0.000000,18.920946,37.000000
2.732422,-2.003906,-3.083984,0.000000,27.867514,37.000000
2.656250,-2.021484,-3.197266,0.000000,27.558748,37.000000
0.011719,-0.039062,-0.007812,0.000000,30.773680,38.000000
0.017578,-0.080078,-0.007812,0.000000,31.994808,38.000000
0.041016,-0.115234,-0.007812,0.000000,30.265333,38.000000
0.056641,-0.154297,0.005859,0.000000,25.526682,38.000000
0.302734,-0.080078,-1.228516,0.000000,21.875208,38.000000
0.316406,-0.041016,1.269531,0.000000,23.263359,38.000000
0.417969,-0.000000,1.283203,0.000000,21.903316,38.000000
1.992188,0.187500,0.126953,0.000000,28.169039,38.000000
2.029297,0.255859,-0.025391,0.000000,29.068735,38.000000
2.013672,0.326172,-0.433594,0.000000,28.621313,38.000000
2.039062,0.332031,-0.505859,0.000000,27.573959,38.000000
2.564453,-0.263672,1.150391,0.000000,29.444826,38.000000
2.609375,-0.267578,1.150391,0.000000,32.782963,38.000000
2.664062,-0.181641,1.144531,0.000000,32.019432,38.000000
4.408203,-0.287109,1.216797,0.000000,30.666985,38.000000
4.402344,-0.289062,1.378906,0.000000,30.090258,38.000000
4.738281,-0.449219,-0.511719,0.000000,33.130230,38.000000
4.785156,-0.453125,-0.443359,0.000000,33.814762,38.000000
4.839844,-0.457031,-0.253906,0.000000,30.817072,38.000000
4.830078,-0.460938,0.744141,0.000000,29.763500,38.000000
4.855469,-0.464844,0.839844,0.000000,30.813473,38.000000
0.041016,-0.033203,0.062500,0.000000,30.124153,38.000000
0.052734,-0.042969,0.103516,0.000000,29.003672,38.000000
1.117188,-0.515625,0.308594,0.000000,19.138138,38.000000
2.769531,-2.003906,-3.050781,0.000000,27.824726,38.000000
2.863281,-2.021484,-3.013672,0.000000,27.435097,38.000000
0.011719,-0.039062,-0.007812,0.000000,30.780941,39.000000
0.017578,-0.080078,-0.007812,0.000000,32.000294,39.000000
0.041016,-0.115234,-0.007812,0.000000,30.273497,39.000000
0.056641,-0.154297,0.003906,0.000000,25.526682,39.000000
0.283203,-0.080078,-1.234375,0.000000,21.903316,39.000000
0.345703,-0.041016,1.261719,0.000000,23.283796,39.000000
0.423828,-0.000000,1.281250,0.000000,21.931246,39.000000
2.541016,-0.263672,1.201172,0.000000,29.400181,39.000000
2.597656,-0.267578,1.175781,0.000000,32.743889,39.000000
2.652344,-0.181641,1.167969,0.000000,32.008507,39.000000
4.419922,-0.287109,1.171875,0.000000,30.625820,39.000000
4.380859,-0.433594,1.412109,0.000000,29.800034,39.000000
4.718750,-0.597656,-0.523438,0.000000,33.044907,39.000000
4.785156,-0.453125,-0.451172,0.000000,33.741982,39.000000
4.837891,-0.457031,-0.289062,0.000000,30.640835,39.000000
4.853516,-0.464844,0.853516,0.000000,30.659531,39.000000
0.041016,-0.033203,0.062500,0.000000,30.119930,39.000000
0.052734,-0.042969,0.103516,0.000000,28.998205,39.000000
1.119141,-0.515625,0.296875,0.000000,19.030899,39.000000
2.785156,-2.003906,-3.037109,0.000000,27.831886,39.000000
2.941406,-2.021484,-2.937500,0.000000,27.307823,39.000000
0.011719,-0.039062,-0.007812,0.000000,30.777311,40.000000
0.017578,-0.080078,-0.007812,0.000000,32.000294,40.000000
0.041016,-0.115234,-0.007812,0.000000,30.269417,40.000000
0.056641,-0.154297,0.005859,0.000000,25.526682,40.000000
0.285156,-0.080078,-1.232422,0.000000,21.903316,40.000000
0.369141,-0.041016,1.255859,0.000000,23.242825,40.000000
0.457031,-0.000000,1.269531,0.000000,21.903316,40.000000
2.572266,-0.263672,1.130859,0.000000,29.385197,40.000000
2.611328,-0.267578,1.144531,0.000000,32.787537,40.000000
2.652344,-0.181641,1.167969,0.000000,32.041199,40.000000
4.416016,-0.287109,1.187500,0.000000,30.633333,40.000000
4.359375,-0.433594,1.474609,0.000000,29.872192,40.000000
4.740234,-0.449219,-0.494141,0.000000,33.062103,40.000000
4.787109,-0.453125,-0.416016,0.000000,33.708832,40.000000
4.841797,-0.457031,-0.205078,0.000000,30.390173,40.000000
4.855469,-0.464844,0.843750,0.000000,30.625820,40.000000
0.041016,-0.033203,0.062500,0.000000,30.124153,40.000000
0.052734,-0.042969,0.103516,0.000000,29.009130,40.000000
1.125000,-0.515625,0.279297,0.000000,18.976271,40.000000
2.777344,-2.003906,-3.042969,0.000000,27.774269,40.000000
2.925781,-2.021484,-2.951172,0.000000,27.291647,40.000000
0.011719,-0.039062,-0.007812,0.000000,30.777311,41.000000
0.017578,-0.080078,-0.007812,0.000000,32.000294,41.000000
0.041016,-0.115234,-0.007812,0.000000,30.269417,41.000000
0.056641,-0.154297,0.005859,0.000000,25.514500,41.000000
0.294922,-0.080078,-1.230469,0.000000,21.903316,41.000000
0.341797,-0.041016,1.263672,0.000000,23.263359,41.000000
0.406250,-0.000000,1.287109,0.000000,21.875208,41.000000
1.984375,0.187500,-0.210938,0.000000,28.195440,41.000000
2.023438,0.255859,-0.154297,0.000000,29.169800,41.000000
2.542969,-0.263672,1.197266,0.000000,29.469433,41.000000
2.609375,-0.267578,1.150391,0.000000,32.764618,41.000000
2.671875,-0.181641,1.121094,0.000000,32.013969,41.000000
4.414062,-0.287109,1.195312,0.000000,30.666985,41.000000
4.396484,-0.433594,1.359375,0.000000,30.090258,41.000000
4.734375,-0.449219,-0.533203,0.000000,33.142887,41.000000
4.783203,-0.453125,-0.460938,0.000000,33.814762,41.000000
4.837891,-0.457031,-0.289062,0.000000,30.606977,41.000000
4.849609,-0.464844,0.876953,0.000000,30.788193,41.000000
0.041016,-0.033203,0.062500,0.000000,30.128372,41.000000
0.052734,-0.042969,0.103516,0.000000,29.009130,41.000000
2.806641,-2.003906,-3.017578,0.000000,27.860413,41.000000
2.947266,-2.021484,-2.931641,0.000000,27.427252,41.000000
0.011719,-0.039062,-0.007812,0.000000,30.777311,42.000000
0.017578,-0.080078,-0.007812,0.000000,32.000294,42.000000
0.041016,-0.115234,-0.007812,0.000000,30.269417,42.000000
0.056641,-0.154297,0.003906,0.000000,25.526682,42.000000
0.300781,-0.080078,-1.230469,0.000000,21.846914,42.000000
0.337891,-0.041016,1.263672,0.000000,23.222193,42.000000
0.410156,-0.000000,1.285156,0.000000,21.846914,42.000000
1.978516,0.250000,-0.203125,0.000000,29.513374,42.000000
2.021484,0.255859,-0.185547,0.000000,31.000257,42.000000
2.062500,0.261719,-0.181641,0.000000,29.786369,42.000000
2.568359,-0.263672,1.142578,0.000000,29.370161,42.000000
2.611328,-0.267578,1.144531,0.000000,32.736958,42.000000
2.660156,-0.181641,1.150391,0.000000,31.992065,42.000000
4.412109,-0.287109,1.199219,0.000000,30.689276,42.000000
4.392578,-0.433594,1.371094,0.000000,30.064661,42.000000
4.734375,-0.449219,-0.539062,0.000000,33.180634,42.000000
4.785156,-0.453125,-0.453125,0.000000,33.854275,42.000000
4.839844,-0.457031,-0.240234,0.000000,30.788193,42.000000
4.832031,-0.460938,0.734375,0.000000,29.786369,42.000000
4.878906,-0.308594,0.773438,0.000000,30.845762,42.000000
0.041016,-0.033203,0.062500,0.000000,30.124153,42.000000
0.052734,-0.042969,0.103516,0.000000,29.003672,42.000000
1.115234,-0.515625,0.316406,0.000000,19.084850,42.000000
2.771484,-2.003906,-3.048828,0.000000,27.874605,42.000000
2.875000,-2.021484,-3.001953,0.000000,27.435097,42.000000
0.011719,-0.039062,-0.007812,0.000000,30.777311,43.000000
0.017578,-0.080078,-0.007812,0.000000,31.997551,43.000000
0.041016,-0.115234,-0.007812,0.000000,30.269417,43.000000
0.056641,-0.154297,0.005859,0.000000,25.514500,43.000000
0.302734,-0.080078,-1.228516,0.000000,21.875208,43.000000
0.365234,-0.041016,1.255859,0.000000,23.242825,43.000000
0.460938,-0.000000,1.269531,0.000000,21.875208,43.000000
2.054688,0.326172,-0.146484,0.000000,27.109631,43.000000
2.556641,-0.263672,1.167969,0.000000,29.484129,43.000000
2.607422,-0.267578,1.152344,0.000000,32.798950,43.000000
2.664062,-0.181641,1.144531,0.000000,32.049335,43.000000
4.419922,-0.287109,1.173828,0.000000,30.689276,43.000000
