2.437500,-0.263672,1.396484,0.000000,29.350031,0.000000
2.572266,-0.267578,1.228516,0.000000,32.702129,0.000000
2.650391,-0.271484,1.156250,0.000000,31.906118,0.000000
4.416016,-0.287109,1.189453,0.000000,30.895519,0.000000
4.480469,-0.289062,1.103516,0.000000,30.413927,0.000000
4.740234,-0.449219,-0.484375,0.000000,31.277525,0.000000
4.769531,-0.603516,-0.435547,0.000000,31.640553,0.000000
4.865234,-0.306641,0.570312,0.000000,29.995655,0.000000
4.894531,-0.308594,0.671875,0.000000,30.572857,0.000000
0.041016,-0.033203,0.062500,0.000000,30.145205,0.000000
0.044922,-0.046875,0.103516,0.000000,29.025467,0.000000
1.113281,-0.474609,0.378906,0.000000,19.030899,0.000000
2.820312,-2.003906,-3.003906,0.000000,27.958799,0.000000
2.751953,-2.021484,-3.115234,0.000000,27.626785,0.000000
0.011719,-0.039062,-0.007812,0.000000,30.744507,1.000000
0.017578,-0.080078,-0.007812,0.000000,31.975563,1.000000
0.041016,-0.115234,-0.007812,0.000000,30.224283,1.000000
0.056641,-0.154297,0.005859,0.000000,25.502283,1.000000
0.359375,-0.080078,-1.212891,0.000000,21.931246,1.000000
0.292969,-0.041016,1.275391,0.000000,23.201464,1.000000
0.416016,-0.000000,1.283203,0.000000,21.875208,1.000000
2.003906,0.126953,-0.390625,0.000000,28.401060,1.000000
2.056641,0.130859,-0.324219,0.000000,30.718821,1.000000
2.109375,0.132812,-0.236328,0.000000,30.021660,1.000000
2.656250,-0.175781,0.941406,0.000000,29.537598,1.000000
2.640625,-0.267578,1.074219,0.000000,32.864563,1.000000
2.671875,-0.271484,1.103516,0.000000,32.070957,1.000000
4.417969,-0.287109,1.179688,0.000000,30.888445,1.000000
4.486328,-0.289062,1.078125,0.000000,30.488300,1.000000
4.740234,-0.449219,-0.480469,0.000000,32.748505,1.000000
4.769531,-0.603516,-0.435547,0.000000,33.083511,1.000000
4.843750,-0.457031,-0.185547,0.000000,29.876663,1.000000
4.867188,-0.306641,0.550781,0.000000,30.374266,1.000000
4.890625,-0.308594,0.695312,0.000000,31.041456,1.000000
0.041016,-0.033203,0.062500,0.000000,30.145205,1.000000
0.044922,-0.046875,0.103516,0.000000,29.025467,1.000000
1.207031,0.357422,0.160156,0.000000,19.138138,1.000000
0.511719,-2.734375,0.476562,0.000000,26.711729,1.000000
2.750000,-2.021484,-3.117188,0.000000,27.528164,1.000000
0.011719,-0.039062,-0.007812,0.000000,30.748165,2.000000
0.017578,-0.080078,-0.007812,0.000000,31.978317,2.000000
0.029297,-0.119141,-0.005859,0.000000,30.224283,2.000000
0.056641,-0.154297,0.005859,0.000000,25.502283,2.000000
0.355469,-0.080078,-1.214844,0.000000,21.931246,2.000000
0.292969,-0.041016,1.275391,0.000000,23.263359,2.000000
0.417969,-0.000000,1.283203,0.000000,21.903316,2.000000
2.072266,0.130859,-0.207031,0.000000,27.250946,2.000000
2.105469,0.132812,-0.267578,0.000000,27.218105,2.000000
2.544922,-0.263672,1.191406,0.000000,29.484129,2.000000
2.599609,-0.267578,1.169922,0.000000,32.801228,2.000000
2.652344,-0.271484,1.152344,0.000000,31.970047,2.000000
4.412109,-0.287109,1.201172,0.000000,30.538464,2.000000
4.445312,-0.433594,1.187500,0.000000,29.881128,2.000000
4.738281,-0.449219,-0.509766,0.000000,33.094173,2.000000
4.767578,-0.603516,-0.445312,0.000000,33.318321,2.000000
4.853516,-0.460938,0.572266,0.000000,30.232525,2.000000
4.892578,-0.308594,0.677734,0.000000,30.979511,2.000000
0.041016,-0.033203,0.062500,0.000000,30.145205,2.000000
0.044922,-0.046875,0.103516,0.000000,29.020029,2.000000
1.119141,-0.515625,0.296875,0.000000,19.030899,2.000000
2.906250,-2.003906,-2.919922,0.000000,27.641762,2.000000
2.935547,-2.021484,-2.943359,0.000000,27.143297,2.000000
0.011719,-0.039062,-0.007812,0.000000,30.737183,3.000000
0.017578,-0.080078,-0.007812,0.000000,31.972805,3.000000
0.041016,-0.115234,-0.007812,0.000000,30.220158,3.000000
0.056641,-0.154297,0.005859,0.000000,25.490032,3.000000
0.341797,-0.080078,-1.218750,0.000000,21.875208,3.000000
0.291016,-0.041016,1.275391,0.000000,23.222193,3.000000
0.416016,-0.000000,1.285156,0.000000,21.903316,3.000000
2.082031,0.130859,-0.054688,0.000000,29.370161,3.000000
2.119141,0.132812,-0.140625,0.000000,30.077478,3.000000
2.152344,0.134766,-0.218750,0.000000,28.041395,3.000000
2.537109,-0.263672,1.207031,0.000000,29.489017,3.000000
2.607422,-0.267578,1.154297,0.000000,32.778385,3.000000
2.675781,-0.271484,1.097656,0.000000,31.947918,3.000000
4.416016,-0.287109,1.187500,0.000000,30.888445,3.000000
4.470703,-0.289062,1.142578,0.000000,30.354298,3.000000
4.740234,-0.449219,-0.484375,0.000000,33.087776,3.000000
4.789062,-0.453125,-0.410156,0.000000,33.554516,3.000000
4.855469,-0.304688,-0.162109,0.000000,30.584261,3.000000
4.875000,-0.306641,0.480469,0.000000,30.468851,3.000000
4.894531,-0.308594,0.662109,0.000000,30.874264,3.000000
0.041016,-0.033203,0.062500,0.000000,30.141003,3.000000
0.044922,-0.046875,0.103516,0.000000,29.020029,3.000000
1.208984,0.357422,0.146484,0.000000,19.030899,3.000000
2.806641,-2.021484,-3.066406,0.000000,27.520485,3.000000
0.011719,-0.039062,-0.007812,0.000000,30.737183,4.000000
0.017578,-0.080078,-0.007812,0.000000,31.972805,4.000000
0.029297,-0.119141,-0.005859,0.000000,30.220158,4.000000
0.056641,-0.154297,0.005859,0.000000,25.490032,4.000000
0.371094,-0.080078,-1.210938,0.000000,21.875208,4.000000
0.271484,-0.041016,1.279297,0.000000,23.222193,4.000000
0.462891,-0.042969,1.267578,0.000000,21.903316,4.000000
2.082031,0.130859,-0.021484,0.000000,27.411516,4.000000
2.121094,0.132812,0.083984,0.000000,26.374897,4.000000
2.542969,-0.263672,1.197266,0.000000,29.350031,4.000000
2.613281,-0.267578,1.138672,0.000000,32.785248,4.000000
2.669922,-0.181641,1.128906,0.000000,32.057457,4.000000
4.416016,-0.287109,1.189453,0.000000,30.923697,4.000000
4.466797,-0.289062,1.152344,0.000000,30.441477,4.000000
4.744141,-0.449219,-0.447266,0.000000,32.986347,4.000000
4.791016,-0.453125,-0.365234,0.000000,33.392525,4.000000
4.845703,-0.457031,-0.101562,0.000000,30.519239,4.000000
4.876953,-0.306641,0.472656,0.000000,30.674429,4.000000
4.890625,-0.308594,0.691406,0.000000,30.982975,4.000000
0.041016,-0.033203,0.062500,0.000000,30.145205,4.000000
0.044922,-0.046875,0.103516,0.000000,29.025467,4.000000
1.113281,-0.515625,0.322266,0.000000,19.030899,4.000000
0.011719,-0.039062,-0.007812,0.000000,30.744507,5.000000
0.017578,-0.080078,-0.007812,0.000000,31.975563,5.000000
0.029297,-0.119141,-0.005859,0.000000,30.224283,5.000000
0.056641,-0.154297,0.005859,0.000000,25.490032,5.000000
0.339844,-0.080078,-1.218750,0.000000,21.903316,5.000000
0.312500,-0.041016,1.269531,0.000000,23.180634,5.000000
0.431641,-0.000000,1.279297,0.000000,21.789770,5.000000
2.513672,-0.263672,1.255859,0.000000,29.498777,5.000000
2.580078,-0.267578,1.210938,0.000000,32.764618,5.000000
2.646484,-0.271484,1.166016,0.000000,31.925674,5.000000
4.417969,-0.287109,1.175781,0.000000,30.711452,5.000000
4.480469,-0.289062,1.101562,0.000000,30.170334,5.000000
4.740234,-0.449219,-0.476562,0.000000,33.044907,5.000000
4.769531,-0.603516,-0.427734,0.000000,33.293980,5.000000
4.843750,-0.457031,-0.179688,0.000000,29.595184,5.000000
4.853516,-0.306641,0.664062,0.000000,29.973864,5.000000
4.888672,-0.308594,0.703125,0.000000,30.845762,5.000000
0.041016,-0.033203,0.062500,0.000000,30.145205,5.000000
0.044922,-0.046875,0.103516,0.000000,29.025467,5.000000
1.115234,-0.515625,0.314453,0.000000,18.976271,5.000000
2.824219,-2.003906,-3.000000,0.000000,27.803173,5.000000
2.789062,-2.021484,-3.082031,0.000000,27.387806,5.000000
0.011719,-0.039062,-0.007812,0.000000,30.740847,6.000000
0.017578,-0.080078,-0.007812,0.000000,31.970047,6.000000
0.029297,-0.119141,-0.003906,0.000000,30.220158,6.000000
0.056641,-0.154297,0.005859,0.000000,25.502283,6.000000
0.339844,-0.080078,-1.218750,0.000000,21.818436,6.000000
0.291016,-0.041016,1.275391,0.000000,23.159704,6.000000
0.476562,-0.042969,1.261719,0.000000,21.846914,6.000000
2.025391,0.191406,-0.203125,0.000000,27.307823,6.000000
2.070312,0.130859,-0.224609,0.000000,29.268568,6.000000
2.097656,0.132812,-0.324219,0.000000,28.162413,6.000000
2.558594,-0.263672,1.160156,0.000000,29.334873,6.000000
2.615234,-0.267578,1.136719,0.000000,32.764618,6.000000
2.673828,-0.271484,1.099609,0.000000,32.008507,6.000000
4.414062,-0.287109,1.189453,0.000000,30.663260,6.000000
4.468750,-0.433594,1.103516,0.000000,30.086002,6.000000
4.742188,-0.449219,-0.462891,0.000000,32.999428,6.000000
4.771484,-0.603516,-0.406250,0.000000,33.180634,6.000000
4.845703,-0.457031,-0.070312,0.000000,29.599949,6.000000
4.873047,-0.306641,0.509766,0.000000,30.398106,6.000000
4.894531,-0.308594,0.673828,0.000000,30.845762,6.000000
0.041016,-0.033203,0.062500,0.000000,30.141003,6.000000
0.052734,-0.042969,0.101562,0.000000,29.020029,6.000000
1.208984,0.357422,0.136719,0.000000,19.084850,6.000000
2.875000,-2.003906,-2.951172,0.000000,27.671558,6.000000
2.839844,-2.021484,-3.035156,0.000000,27.242758,6.000000
0.011719,-0.039062,-0.007812,0.000000,30.740847,7.000000
0.017578,-0.080078,-0.007812,0.000000,31.975563,7.000000
0.029297,-0.119141,-0.003906,0.000000,30.224283,7.000000
0.056641,-0.154297,0.005859,0.000000,25.490032,7.000000
0.375000,-0.080078,-1.208984,0.000000,21.903316,7.000000
0.271484,-0.041016,1.279297,0.000000,23.242825,7.000000
0.402344,-0.000000,1.289062,0.000000,21.875208,7.000000
2.041016,0.126953,0.025391,0.000000,27.774269,7.000000
2.082031,0.130859,0.023438,0.000000,30.398106,7.000000
2.123047,0.132812,-0.019531,0.000000,30.378248,7.000000
2.160156,0.134766,-0.140625,0.000000,28.457180,7.000000
2.511719,-0.263672,1.259766,0.000000,29.415113,7.000000
2.595703,-0.267578,1.177734,0.000000,32.753113,7.000000
2.667969,-0.271484,1.113281,0.000000,31.958996,7.000000
4.408203,-0.287109,1.212891,0.000000,30.965624,7.000000
4.427734,-0.289062,1.296875,0.000000,30.265333,7.000000
4.734375,-0.449219,-0.535156,0.000000,32.370407,7.000000
4.763672,-0.603516,-0.484375,0.000000,32.695129,7.000000
4.888672,-0.308594,0.714844,0.000000,30.591846,7.000000
0.041016,-0.033203,0.062500,0.000000,30.149403,7.000000
0.044922,-0.046875,0.103516,0.000000,29.030899,7.000000
1.111328,-0.515625,0.328125,0.000000,19.084850,7.000000
2.986328,-2.021484,-2.890625,0.000000,27.450748,7.000000
0.011719,-0.039062,-0.007812,0.000000,30.751818,8.000000
0.017578,-0.080078,-0.007812,0.000000,31.975563,8.000000
0.041016,-0.115234,-0.007812,0.000000,30.224283,8.000000
0.056641,-0.154297,0.005859,0.000000,25.490032,8.000000
0.351562,-0.080078,-1.216797,0.000000,21.903316,8.000000
0.310547,-0.041016,1.271484,0.000000,23.242825,8.000000
0.425781,-0.000000,1.281250,0.000000,21.903316,8.000000
2.167969,0.275391,-0.316406,0.000000,26.020599,8.000000
2.492188,-0.263672,1.300781,0.000000,29.503649,8.000000
2.570312,-0.267578,1.232422,0.000000,32.819420,8.000000
2.636719,-0.271484,1.185547,0.000000,32.019432,8.000000
4.408203,-0.287109,1.214844,0.000000,30.899052,8.000000
4.457031,-0.289062,1.191406,0.000000,30.515385,8.000000
4.736328,-0.449219,-0.515625,0.000000,32.550312,8.000000
4.787109,-0.453125,-0.414062,0.000000,33.159702,8.000000
4.855469,-0.304688,-0.136719,0.000000,30.595634,8.000000
4.873047,-0.306641,0.513672,0.000000,30.457140,8.000000
4.892578,-0.308594,0.689453,0.000000,31.119343,8.000000
0.041016,-0.033203,0.062500,0.000000,30.141003,8.000000
0.044922,-0.046875,0.103516,0.000000,29.020029,8.000000
1.115234,-0.515625,0.316406,0.000000,19.030899,8.000000
0.011719,-0.039062,-0.007812,0.000000,30.737183,9.000000
0.017578,-0.080078,-0.007812,0.000000,31.975563,9.000000
0.029297,-0.119141,-0.005859,0.000000,30.228407,9.000000
0.056641,-0.154297,0.005859,0.000000,25.502283,9.000000
0.314453,-0.080078,-1.226562,0.000000,21.903316,9.000000
0.310547,-0.041016,1.271484,0.000000,23.222193,9.000000
0.490234,-0.042969,1.257812,0.000000,21.875208,9.000000
2.464844,-0.263672,1.351562,0.000000,29.523081,9.000000
2.562500,-0.267578,1.250000,0.000000,32.792107,9.000000
2.628906,-0.271484,1.205078,0.000000,31.953461,9.000000
4.417969,-0.287109,1.177734,0.000000,30.881361,9.000000
4.537109,-0.289062,0.835938,0.000000,31.082266,9.000000
4.679688,-0.445312,-0.642578,0.000000,29.590414,9.000000
4.732422,-0.449219,-0.562500,0.000000,32.837532,9.000000
4.783203,-0.453125,-0.460938,0.000000,33.396503,9.000000
4.837891,-0.457031,-0.285156,0.000000,30.681858,9.000000
4.875000,-0.306641,0.494141,0.000000,30.013010,9.000000
4.888672,-0.308594,0.705078,0.000000,30.881361,9.000000
0.041016,-0.033203,0.062500,0.000000,30.145205,9.000000
0.044922,-0.046875,0.103516,0.000000,29.025467,9.000000
1.208984,0.357422,0.138672,0.000000,19.084850,9.000000
0.011719,-0.039062,-0.007812,0.000000,30.740847,10.000000
0.017578,-0.080078,-0.007812,0.000000,31.972805,10.000000
0.029297,-0.119141,-0.005859,0.000000,30.224283,10.000000
0.056641,-0.154297,0.005859,0.000000,25.490032,10.000000
0.371094,-0.080078,-1.210938,0.000000,21.875208,10.000000
0.296875,-0.041016,1.273438,0.000000,23.201464,10.000000
0.402344,-0.000000,1.289062,0.000000,21.846914,10.000000
2.113281,0.199219,0.132812,0.000000,27.435097,10.000000
2.150391,0.271484,0.046875,0.000000,28.254261,10.000000
2.552734,-0.263672,1.173828,0.000000,29.590414,10.000000
2.615234,-0.267578,1.136719,0.000000,32.817150,10.000000
2.681641,-0.181641,1.099609,0.000000,31.939590,10.000000
4.421875,-0.287109,1.162109,0.000000,31.212315,10.000000
4.517578,-0.289062,0.935547,0.000000,31.296900,10.000000
4.607422,-0.291016,-0.656250,0.000000,29.604708,10.000000
4.681641,-0.445312,-0.632812,0.000000,29.726656,10.000000
4.734375,-0.449219,-0.539062,0.000000,33.029800,10.000000
4.787109,-0.453125,-0.414062,0.000000,33.406425,10.000000
4.857422,-0.304688,-0.052734,0.000000,30.132587,10.000000
4.861328,-0.306641,0.605469,0.000000,30.073210,10.000000
4.884766,-0.308594,0.740234,0.000000,30.610754,10.000000
0.041016,-0.033203,0.062500,0.000000,30.149403,10.000000
0.044922,-0.046875,0.103516,0.000000,29.025467,10.000000
1.210938,0.357422,0.126953,0.000000,19.190781,10.000000
0.011719,-0.039062,-0.007812,0.000000,30.740847,11.000000
0.017578,-0.080078,-0.007812,0.000000,31.972805,11.000000
0.029297,-0.119141,-0.005859,0.000000,30.220158,11.000000
0.056641,-0.154297,0.005859,0.000000,25.490032,11.000000
0.337891,-0.080078,-1.218750,0.000000,21.846914,11.000000
0.335938,-0.041016,1.263672,0.000000,23.201464,11.000000
0.451172,-0.000000,1.273438,0.000000,21.875208,11.000000
2.041016,0.126953,0.013672,0.000000,27.520485,11.000000
2.083984,0.064453,0.056641,0.000000,28.887409,11.000000
2.123047,0.132812,-0.029297,0.000000,29.030899,11.000000
2.154297,0.203125,-0.138672,0.000000,28.549129,11.000000
2.533203,-0.263672,1.214844,0.000000,29.609463,11.000000
2.605469,-0.267578,1.160156,0.000000,32.789822,11.000000
2.666016,-0.271484,1.119141,0.000000,31.922886,11.000000
4.421875,-0.287109,1.167969,0.000000,31.271048,11.000000
4.509766,-0.289062,0.970703,0.000000,31.386185,11.000000
4.611328,-0.291016,-0.632812,0.000000,29.731279,11.000000
4.675781,-0.294922,-0.427734,0.000000,29.047155,11.000000
4.679688,-0.445312,-0.644531,0.000000,29.813656,11.000000
4.734375,-0.449219,-0.541016,0.000000,33.079239,11.000000
4.789062,-0.453125,-0.408203,0.000000,33.457657,11.000000
4.845703,-0.457031,-0.095703,0.000000,30.170334,11.000000
4.880859,-0.308594,0.763672,0.000000,30.565237,11.000000
0.041016,-0.033203,0.062500,0.000000,30.145205,11.000000
0.044922,-0.046875,0.103516,0.000000,29.020029,11.000000
1.210938,0.357422,0.125000,0.000000,19.030899,11.000000
0.011719,-0.039062,-0.007812,0.000000,30.737183,12.000000
0.017578,-0.080078,-0.007812,0.000000,31.970047,12.000000
0.029297,-0.119141,-0.005859,0.000000,30.224283,12.000000
0.056641,-0.154297,0.005859,0.000000,25.502283,12.000000
0.335938,-0.080078,-1.220703,0.000000,21.903316,12.000000
0.310547,-0.041016,1.271484,0.000000,23.201464,12.000000
0.470703,-0.042969,1.265625,0.000000,21.846914,12.000000
2.109375,0.199219,-0.195312,0.000000,26.730209,12.000000
2.140625,0.271484,-0.214844,0.000000,27.024305,12.000000
2.578125,-0.263672,1.121094,0.000000,29.314579,12.000000
2.609375,-0.267578,1.146484,0.000000,32.776093,12.000000
2.658203,-0.271484,1.138672,0.000000,32.038486,12.000000
4.429688,-0.287109,1.134766,0.000000,31.139433,12.000000
4.541016,-0.289062,0.812500,0.000000,31.427023,12.000000
4.638672,-0.291016,-0.373047,0.000000,29.951963,12.000000
4.685547,-0.445312,-0.605469,0.000000,29.885590,12.000000
4.734375,-0.449219,-0.542969,0.000000,33.023308,12.000000
4.787109,-0.453125,-0.421875,0.000000,33.552601,12.000000
4.841797,-0.457031,-0.195312,0.000000,31.058506,12.000000
4.884766,-0.306641,0.376953,0.000000,30.895519,12.000000
4.896484,-0.308594,0.656250,0.000000,31.179338,12.000000
0.041016,-0.033203,0.062500,0.000000,30.141003,12.000000
0.046875,-0.046875,0.103516,0.000000,29.025467,12.000000
1.208984,0.357422,0.136719,0.000000,19.030899,12.000000
0.011719,-0.039062,-0.007812,0.000000,30.748165,13.000000
0.017578,-0.080078,-0.007812,0.000000,31.972805,13.000000
0.041016,-0.115234,-0.007812,0.000000,30.220158,13.000000
0.056641,-0.154297,0.005859,0.000000,25.502283,13.000000
0.345703,-0.080078,-1.216797,0.000000,21.846914,13.000000
0.292969,-0.041016,1.275391,0.000000,23.159704,13.000000
0.414062,-0.000000,1.285156,0.000000,21.818436,13.000000
2.521484,-0.263672,1.242188,0.000000,29.294189,13.000000
2.589844,-0.267578,1.193359,0.000000,32.709118,13.000000
2.648438,-0.271484,1.158203,0.000000,31.936810,13.000000
4.427734,-0.287109,1.142578,0.000000,31.014034,13.000000
4.519531,-0.289062,0.927734,0.000000,30.824263,13.000000
4.736328,-0.449219,-0.515625,0.000000,32.523674,13.000000
4.794922,-0.453125,-0.332031,0.000000,32.846561,13.000000
4.845703,-0.457031,0.115234,0.000000,30.017338,13.000000
4.871094,-0.306641,0.533203,0.000000,30.663260,13.000000
4.888672,-0.308594,0.707031,0.000000,31.024338,13.000000
0.041016,-0.033203,0.062500,0.000000,30.136797,13.000000
0.044922,-0.046875,0.103516,0.000000,29.020029,13.000000
1.210938,0.357422,0.130859,0.000000,19.138138,13.000000
0.011719,-0.039062,-0.007812,0.000000,30.744507,14.000000
0.017578,-0.080078,-0.007812,0.000000,31.975563,14.000000
0.029297,-0.119141,-0.005859,0.000000,30.224283,14.000000
0.056641,-0.154297,0.005859,0.000000,25.502283,14.000000
0.343750,-0.080078,-1.218750,0.000000,21.931246,14.000000
0.314453,-0.041016,1.269531,0.000000,23.201464,14.000000
0.478516,-0.042969,1.261719,0.000000,21.931246,14.000000
2.082031,0.130859,0.066406,0.000000,27.339993,14.000000
2.546875,-0.263672,1.189453,0.000000,29.304396,14.000000
2.603516,-0.267578,1.164062,0.000000,32.739269,14.000000
2.658203,-0.271484,1.138672,0.000000,31.981070,14.000000
4.423828,-0.287109,1.158203,0.000000,30.610754,14.000000
4.480469,-0.289062,1.097656,0.000000,30.081741,14.000000
4.738281,-0.449219,-0.505859,0.000000,32.420441,14.000000
4.792969,-0.453125,-0.361328,0.000000,32.718414,14.000000
4.867188,-0.306641,0.566406,0.000000,30.285713,14.000000
4.882812,-0.308594,0.753906,0.000000,30.817072,14.000000
0.041016,-0.033203,0.062500,0.000000,30.141003,14.000000
0.044922,-0.046875,0.103516,0.000000,29.025467,14.000000
1.210938,0.357422,0.128906,0.000000,19.030899,14.000000
2.806641,-2.003906,-3.015625,0.000000,27.759743,14.000000
2.769531,-2.021484,-3.099609,0.000000,27.259117,14.000000
0.011719,-0.039062,-0.007812,0.000000,30.748165,15.000000
0.017578,-0.080078,-0.007812,0.000000,31.970047,15.000000
0.029297,-0.119141,-0.003906,0.000000,30.216026,15.000000
0.056641,-0.154297,0.005859,0.000000,25.490032,15.000000
0.363281,-0.080078,-1.212891,0.000000,21.931246,15.000000
0.291016,-0.041016,1.275391,0.000000,23.222193,15.000000
0.435547,-0.000000,1.277344,0.000000,21.875208,15.000000
2.531250,-0.263672,1.220703,0.000000,29.498777,15.000000
2.583984,-0.267578,1.203125,0.000000,32.787537,15.000000
2.638672,-0.271484,1.183594,0.000000,31.934029,15.000000
4.414062,-0.287109,1.191406,0.000000,30.856472,15.000000
4.435547,-0.289062,1.267578,0.000000,30.220158,15.000000
4.742188,-0.449219,-0.472656,0.000000,32.785248,15.000000
4.791016,-0.453125,-0.380859,0.000000,33.279716,15.000000
4.843750,-0.457031,-0.152344,0.000000,30.265333,15.000000
4.847656,-0.460938,0.621094,0.000000,29.925535,15.000000
4.894531,-0.308594,0.669922,0.000000,30.704073,15.000000
0.041016,-0.033203,0.062500,0.000000,30.145205,15.000000
0.044922,-0.046875,0.103516,0.000000,29.020029,15.000000
1.208984,0.357422,0.132812,0.000000,19.030899,15.000000
3.015625,-2.021484,-2.859375,0.000000,27.259117,15.000000
0.011719,-0.039062,-0.007812,0.000000,30.740847,16.000000
0.017578,-0.080078,-0.007812,0.000000,31.972805,16.000000
0.029297,-0.119141,-0.005859,0.000000,30.224283,16.000000
0.056641,-0.154297,0.005859,0.000000,25.502283,16.000000
0.363281,-0.080078,-1.212891,0.000000,21.846914,16.000000
0.285156,-0.041016,1.277344,0.000000,23.180634,16.000000
0.410156,-0.000000,1.287109,0.000000,21.846914,16.000000
2.041016,0.126953,-0.060547,0.000000,29.009130,16.000000
2.080078,0.130859,-0.072266,0.000000,31.169397,16.000000
2.121094,0.132812,-0.083984,0.000000,30.195316,16.000000
2.156250,0.203125,-0.087891,0.000000,26.646420,16.000000
2.560547,-0.263672,1.158203,0.000000,29.434946,16.000000
2.605469,-0.267578,1.158203,0.000000,32.794388,16.000000
2.662109,-0.271484,1.128906,0.000000,32.046623,16.000000
4.416016,-0.287109,1.187500,0.000000,30.729847,16.000000
4.441406,-0.433594,1.207031,0.000000,30.013010,16.000000
4.738281,-0.449219,-0.494141,0.000000,33.269501,16.000000
4.789062,-0.453125,-0.404297,0.000000,33.729118,16.000000
4.843750,-0.457031,-0.154297,0.000000,30.784569,16.000000
4.876953,-0.306641,0.457031,0.000000,30.499929,16.000000
4.894531,-0.308594,0.667969,0.000000,30.663260,16.000000
0.041016,-0.033203,0.062500,0.000000,30.141003,16.000000
0.052734,-0.042969,0.101562,0.000000,29.020029,16.000000
1.210938,0.357422,0.113281,0.000000,19.084850,16.000000
2.878906,-2.021484,-3.000000,0.000000,27.201593,16.000000
0.011719,-0.039062,-0.007812,0.000000,30.744507,17.000000
0.017578,-0.080078,-0.007812,0.000000,31.972805,17.000000
0.041016,-0.115234,-0.007812,0.000000,30.220158,17.000000
0.056641,-0.154297,0.005859,0.000000,25.502283,17.000000
0.382812,-0.080078,-1.207031,0.000000,21.875208,17.000000
0.285156,-0.041016,1.277344,0.000000,23.222193,17.000000
0.507812,-0.042969,1.250000,0.000000,21.903316,17.000000
2.080078,0.130859,0.070312,0.000000,28.247765,17.000000
2.119141,0.132812,-0.119141,0.000000,28.609365,17.000000
2.134766,0.134766,-0.357422,0.000000,26.928469,17.000000
2.519531,-0.263672,1.244141,0.000000,29.464523,17.000000
2.583984,-0.267578,1.205078,0.000000,32.769211,17.000000
2.640625,-0.271484,1.179688,0.000000,31.920095,17.000000
4.421875,-0.287109,1.166016,0.000000,30.618294,17.000000
4.480469,-0.289062,1.099609,0.000000,30.090258,17.000000
4.738281,-0.449219,-0.500000,0.000000,32.798950,17.000000
4.767578,-0.603516,-0.451172,0.000000,33.047058,17.000000
4.863281,-0.306641,0.587891,0.000000,30.090258,17.000000
4.894531,-0.308594,0.671875,0.000000,30.849337,17.000000
0.041016,-0.033203,0.062500,0.000000,30.136797,17.000000
0.052734,-0.042969,0.101562,0.000000,29.014584,17.000000
1.210938,0.357422,0.128906,0.000000,19.138138,17.000000
2.832031,-2.003906,-2.992188,0.000000,27.745171,17.000000
2.761719,-2.021484,-3.105469,0.000000,27.323938,17.000000
0.011719,-0.039062,-0.007812,0.000000,30.737183,18.000000
0.017578,-0.080078,-0.007812,0.000000,31.970047,18.000000
0.029297,-0.119141,-0.005859,0.000000,30.220158,18.000000
0.056641,-0.154297,0.005859,0.000000,25.490032,18.000000
0.345703,-0.080078,-1.216797,0.000000,21.903316,18.000000
0.283203,-0.041016,1.277344,0.000000,23.222193,18.000000
0.460938,-0.042969,1.267578,0.000000,21.903316,18.000000
2.078125,0.130859,-0.119141,0.000000,28.413595,18.000000
2.113281,0.199219,-0.134766,0.000000,27.283537,18.000000
2.566406,-0.263672,1.144531,0.000000,29.410143,18.000000
2.605469,-0.267578,1.154297,0.000000,32.785248,18.000000
2.656250,-0.271484,1.142578,0.000000,32.033051,18.000000
4.412109,-0.287109,1.199219,0.000000,30.916670,18.000000
4.490234,-0.289062,1.056641,0.000000,30.637085,18.000000
4.738281,-0.449219,-0.501953,0.000000,32.638725,18.000000
4.787109,-0.453125,-0.421875,0.000000,32.909245,18.000000
4.853516,-0.460938,0.576172,0.000000,30.000000,18.000000
4.896484,-0.308594,0.656250,0.000000,30.707766,18.000000
0.041016,-0.033203,0.062500,0.000000,30.149403,18.000000
0.044922,-0.046875,0.103516,0.000000,29.030899,18.000000
1.210938,0.357422,0.117188,0.000000,19.138138,18.000000
0.011719,-0.039062,-0.007812,0.000000,30.740847,19.000000
0.017578,-0.080078,-0.007812,0.000000,31.972805,19.000000
0.041016,-0.115234,-0.007812,0.000000,30.224283,19.000000
0.056641,-0.154297,0.005859,0.000000,25.502283,19.000000
0.335938,-0.080078,-1.220703,0.000000,21.846914,19.000000
0.316406,-0.041016,1.269531,0.000000,23.159704,19.000000
0.488281,-0.042969,1.257812,0.000000,21.818436,19.000000
2.042969,0.064453,-0.054688,0.000000,27.218105,19.000000
2.082031,0.130859,-0.015625,0.000000,29.498777,19.000000
2.117188,0.199219,-0.037109,0.000000,28.633228,19.000000
2.531250,-0.263672,1.222656,0.000000,29.420080,19.000000
2.601562,-0.267578,1.166016,0.000000,32.860073,19.000000
2.650391,-0.271484,1.156250,0.000000,32.153732,19.000000
4.410156,-0.287109,1.210938,0.000000,30.838608,19.000000
4.472656,-0.289062,1.128906,0.000000,30.472748,19.000000
4.740234,-0.449219,-0.482422,0.000000,32.685780,19.000000
4.789062,-0.453125,-0.388672,0.000000,32.960068,19.000000
4.851562,-0.460938,0.595703,0.000000,30.253059,19.000000
4.896484,-0.308594,0.654297,0.000000,30.809870,19.000000
0.041016,-0.033203,0.062500,0.000000,30.141003,19.000000
0.044922,-0.046875,0.103516,0.000000,29.025467,19.000000
1.115234,-0.515625,0.314453,0.000000,18.920946,19.000000
0.011719,-0.039062,-0.007812,0.000000,30.740847,20.000000
0.017578,-0.080078,-0.007812,0.000000,31.972805,20.000000
0.029297,-0.119141,-0.005859,0.000000,30.224283,20.000000
0.056641,-0.154297,0.005859,0.000000,25.490032,20.000000
0.373047,-0.080078,-1.208984,0.000000,21.875208,20.000000
0.267578,-0.041016,1.281250,0.000000,23.242825,20.000000
0.453125,-0.042969,1.271484,0.000000,21.903316,20.000000
2.041016,0.126953,-0.064453,0.000000,28.014036,20.000000
2.082031,0.130859,-0.052734,0.000000,28.195440,20.000000
2.541016,-0.263672,1.201172,0.000000,29.508514,20.000000
2.607422,-0.267578,1.150391,0.000000,32.828487,20.000000
2.673828,-0.271484,1.101562,0.000000,32.070957,20.000000
4.417969,-0.287109,1.181641,0.000000,30.784569,20.000000
4.470703,-0.289062,1.138672,0.000000,30.199467,20.000000
4.740234,-0.449219,-0.480469,0.000000,32.810333,20.000000
4.787109,-0.453125,-0.419922,0.000000,33.211842,20.000000
4.843750,-0.457031,-0.179688,0.000000,29.934362,20.000000
4.861328,-0.306641,0.613281,0.000000,30.008677,20.000000
4.892578,-0.308594,0.679688,0.000000,30.692980,20.000000
0.041016,-0.033203,0.062500,0.000000,30.145205,20.000000
0.044922,-0.046875,0.103516,0.000000,29.030899,20.000000
1.117188,-0.515625,0.310547,0.000000,19.138138,20.000000
2.830078,-2.003906,-2.994141,0.000000,27.874605,20.000000
2.820312,-2.021484,-3.054688,0.000000,27.481880,20.000000
0.011719,-0.039062,-0.007812,0.000000,30.740847,21.000000
0.017578,-0.080078,-0.007812,0.000000,31.972805,21.000000
0.029297,-0.119141,-0.003906,0.000000,30.220158,21.000000
0.056641,-0.154297,0.005859,0.000000,25.490032,21.000000
0.369141,-0.080078,-1.210938,0.000000,21.846914,21.000000
0.285156,-0.041016,1.277344,0.000000,23.180634,21.000000
0.464844,-0.042969,1.267578,0.000000,21.875208,21.000000
2.039062,0.126953,-0.103516,0.000000,26.901960,21.000000
2.523438,-0.263672,1.236328,0.000000,29.405165,21.000000
2.589844,-0.267578,1.193359,0.000000,32.782963,21.000000
2.642578,-0.271484,1.173828,0.000000,32.000294,21.000000
4.421875,-0.287109,1.166016,0.000000,30.603201,21.000000
4.460938,-0.433594,1.132812,0.000000,29.781805,21.000000
4.740234,-0.449219,-0.476562,0.000000,33.178543,21.000000
4.791016,-0.453125,-0.376953,0.000000,33.378586,21.000000
4.845703,-0.457031,-0.011719,0.000000,29.689497,21.000000
4.851562,-0.460938,0.585938,0.000000,30.461048,21.000000
4.894531,-0.308594,0.669922,0.000000,30.884905,21.000000
2.058594,0.130859,-0.306641,-0.614669,26.655809,21.000000
2.080078,0.132812,-0.423828,-0.614669,26.344772,21.000000
0.041016,-0.033203,0.062500,0.000000,30.145205,21.000000
0.046875,-0.046875,0.103516,0.000000,29.025467,21.000000
1.210938,0.357422,0.123047,0.000000,19.138138,21.000000
2.832031,-2.003906,-2.992188,0.000000,27.693773,21.000000
2.830078,-2.021484,-3.044922,0.000000,27.185017,21.000000
0.011719,-0.039062,-0.007812,0.000000,30.740847,22.000000
0.017578,-0.080078,-0.007812,0.000000,31.972805,22.000000
0.041016,-0.115234,-0.007812,0.000000,30.220158,22.000000
0.056641,-0.154297,0.005859,0.000000,25.490032,22.000000
0.367188,-0.080078,-1.210938,0.000000,21.818436,22.000000
0.263672,-0.041016,1.281250,0.000000,23.180634,22.000000
0.394531,-0.000000,1.291016,0.000000,21.818436,22.000000
2.041016,0.126953,-0.013672,0.000000,28.853613,22.000000
2.566406,-0.263672,1.144531,0.000000,29.385197,22.000000
2.609375,-0.267578,1.148438,0.000000,32.718414,22.000000
2.660156,-0.271484,1.134766,0.000000,31.883659,22.000000
4.416016,-0.287109,1.185547,0.000000,30.788193,22.000000
4.468750,-0.289062,1.148438,0.000000,30.421816,22.000000
4.738281,-0.449219,-0.509766,0.000000,32.750809,22.000000
4.791016,-0.453125,-0.380859,0.000000,33.010300,22.000000
4.843750,-0.460938,0.654297,0.000000,29.916691,22.000000
4.894531,-0.308594,0.671875,0.000000,30.584261,22.000000
2.085938,0.132812,0.398438,0.614669,26.106602,22.000000
2.056641,0.130859,-0.326172,-0.614669,29.304396,22.000000
2.087891,0.199219,-0.353516,-0.614669,27.450748,22.000000
0.041016,-0.033203,0.062500,0.000000,30.145205,22.000000
0.046875,-0.046875,0.103516,0.000000,29.025467,22.000000
1.208984,0.357422,0.144531,0.000000,18.976271,22.000000
0.011719,-0.039062,-0.007812,0.000000,30.748165,23.000000
0.017578,-0.080078,-0.007812,0.000000,31.975563,23.000000
0.029297,-0.119141,-0.005859,0.000000,30.224283,23.000000
0.056641,-0.154297,0.005859,0.000000,25.490032,23.000000
0.355469,-0.080078,-1.214844,0.000000,21.903316,23.000000
0.306641,-0.041016,1.271484,0.000000,23.201464,23.000000
0.490234,-0.042969,1.255859,0.000000,21.846914,23.000000
2.041016,0.126953,0.064453,0.000000,28.241259,23.000000
2.076172,0.064453,0.201172,0.000000,28.656961,23.000000
2.646484,-0.175781,0.966797,0.000000,29.454685,23.000000
2.648438,-0.179688,1.072266,0.000000,32.837532,23.000000
2.675781,-0.271484,1.095703,0.000000,32.062859,23.000000
4.427734,-0.287109,1.144531,0.000000,30.637085,23.000000
4.496094,-0.289062,1.035156,0.000000,30.182842,23.000000
4.736328,-0.449219,-0.515625,0.000000,32.837532,23.000000
4.767578,-0.603516,-0.445312,0.000000,33.155506,23.000000
4.892578,-0.308594,0.685547,0.000000,30.726175,23.000000
2.066406,0.132812,0.484375,0.614669,26.148972,23.000000
2.080078,0.271484,-0.548828,-0.614669,25.327543,23.000000
0.041016,-0.033203,0.062500,0.000000,30.149403,23.000000
0.044922,-0.046875,0.103516,0.000000,29.030899,23.000000
1.210938,0.357422,0.121094,0.000000,19.030899,23.000000
0.316406,-2.734375,0.625000,0.000000,26.637009,23.000000
2.810547,-2.003906,-3.011719,0.000000,27.693773,23.000000
2.726562,-2.021484,-3.136719,0.000000,27.242758,23.000000
0.011719,-0.039062,-0.007812,0.000000,30.740847,24.000000
0.017578,-0.080078,-0.007812,0.000000,31.972805,24.000000
0.029297,-0.119141,-0.005859,0.000000,30.224283,24.000000
0.056641,-0.154297,0.005859,0.000000,25.490032,24.000000
0.339844,-0.080078,-1.218750,0.000000,21.903316,24.000000
0.310547,-0.041016,1.271484,0.000000,23.201464,24.000000
0.505859,-0.042969,1.251953,0.000000,21.846914,24.000000
2.017578,0.191406,-0.269531,0.000000,28.585373,24.000000
2.421875,-0.263672,1.423828,0.000000,29.390198,24.000000
2.574219,-0.267578,1.224609,0.000000,32.743889,24.000000
2.654297,-0.271484,1.146484,0.000000,31.983822,24.000000
4.419922,-0.287109,1.171875,0.000000,30.729847,24.000000
4.517578,-0.289062,0.933594,0.000000,30.733517,24.000000
4.681641,-0.445312,-0.628906,0.000000,29.527924,24.000000
4.736328,-0.449219,-0.527344,0.000000,33.040596,24.000000
4.769531,-0.603516,-0.427734,0.000000,33.358589,24.000000
4.843750,-0.457031,-0.164062,0.000000,29.795485,24.000000
4.882812,-0.308594,0.746094,0.000000,30.696680,24.000000
2.023438,0.195312,-0.464844,-0.614669,29.153997,24.000000
2.048828,0.265625,-0.505859,-0.614669,28.426092,24.000000
2.095703,0.271484,-0.482422,-0.614669,26.063814,24.000000
0.041016,-0.033203,0.062500,0.000000,30.141003,24.000000
0.044922,-0.046875,0.103516,0.000000,29.025467,24.000000
1.210938,0.357422,0.111328,0.000000,19.084850,24.000000
0.011719,-0.039062,-0.007812,0.000000,30.744507,25.000000
0.017578,-0.080078,-0.007812,0.000000,31.975563,25.000000
0.029297,-0.119141,-0.005859,0.000000,30.224283,25.000000
0.056641,-0.154297,0.005859,0.000000,25.502283,25.000000
0.375000,-0.080078,-1.208984,0.000000,21.903316,25.000000
0.263672,-0.041016,1.281250,0.000000,23.201464,25.000000
0.375000,-0.000000,1.296875,0.000000,21.846914,25.000000
2.113281,0.199219,-0.142578,0.000000,27.032913,25.000000
2.636719,-0.263672,0.972656,0.000000,29.576073,25.000000
2.628906,-0.267578,1.101562,0.000000,32.866810,25.000000
2.673828,-0.271484,1.101562,0.000000,32.073650,25.000000
4.425781,-0.287109,1.146484,0.000000,30.817072,25.000000
4.531250,-0.289062,0.863281,0.000000,30.989897,25.000000
4.675781,-0.445312,-0.673828,0.000000,29.675480,25.000000
4.736328,-0.449219,-0.523438,0.000000,33.115421,25.000000
4.789062,-0.453125,-0.388672,0.000000,33.521824,25.000000
4.845703,-0.457031,-0.111328,0.000000,30.472748,25.000000
4.851562,-0.460938,0.585938,0.000000,30.060379,25.000000
4.888672,-0.308594,0.716797,0.000000,30.511526,25.000000
0.041016,-0.033203,0.062500,0.000000,30.136797,25.000000
0.044922,-0.046875,0.103516,0.000000,29.020029,25.000000
1.111328,-0.515625,0.324219,0.000000,19.138138,25.000000
0.416016,-2.734375,0.562500,0.000000,27.218105,25.000000
0.011719,-0.039062,-0.007812,0.000000,30.744507,26.000000
0.017578,-0.080078,-0.007812,0.000000,31.972805,26.000000
0.029297,-0.119141,-0.003906,0.000000,30.220158,26.000000
0.056641,-0.154297,0.005859,0.000000,25.477747,26.000000
0.351562,-0.080078,-1.214844,0.000000,21.958996,26.000000
0.267578,-0.041016,1.281250,0.000000,23.242825,26.000000
0.445312,-0.042969,1.273438,0.000000,21.903316,26.000000
2.029297,0.191406,-0.175781,0.000000,27.226339,26.000000
2.585938,-0.175781,1.117188,0.000000,29.344984,26.000000
2.634766,-0.179688,1.107422,0.000000,32.782963,26.000000
2.683594,-0.181641,1.097656,0.000000,32.070957,26.000000
4.427734,-0.287109,1.142578,0.000000,30.700378,26.000000
4.542969,-0.289062,0.802734,0.000000,30.920185,26.000000
4.677734,-0.445312,-0.660156,0.000000,29.694159,26.000000
4.736328,-0.449219,-0.517578,0.000000,33.044907,26.000000
4.791016,-0.453125,-0.371094,0.000000,33.362595,26.000000
4.845703,-0.457031,-0.046875,0.000000,29.986952,26.000000
4.849609,-0.460938,0.605469,0.000000,29.938768,26.000000
4.892578,-0.308594,0.681641,0.000000,30.496056,26.000000
0.041016,-0.033203,0.062500,0.000000,30.141003,26.000000
0.044922,-0.046875,0.103516,0.000000,29.020029,26.000000
1.207031,0.357422,0.148438,0.000000,19.084850,26.000000
0.011719,-0.039062,-0.007812,0.000000,30.737183,27.000000
0.017578,-0.080078,-0.007812,0.000000,31.970047,27.000000
0.029297,-0.119141,-0.005859,0.000000,30.216026,27.000000
0.056641,-0.154297,0.005859,0.000000,25.490032,27.000000
0.363281,-0.080078,-1.212891,0.000000,21.846914,27.000000
0.271484,-0.041016,1.279297,0.000000,23.180634,27.000000
0.380859,-0.000000,1.294922,0.000000,21.789770,27.000000
2.492188,-0.263672,1.300781,0.000000,29.334873,27.000000
2.599609,-0.267578,1.169922,0.000000,32.706787,27.000000
2.667969,-0.181641,1.132812,0.000000,31.894903,27.000000
4.425781,-0.287109,1.150391,0.000000,30.799046,27.000000
4.537109,-0.289062,0.839844,0.000000,30.976044,27.000000
4.679688,-0.445312,-0.640625,0.000000,29.590414,27.000000
4.734375,-0.449219,-0.546875,0.000000,32.964458,27.000000
4.785156,-0.453125,-0.437500,0.000000,33.517963,27.000000
4.839844,-0.457031,-0.248047,0.000000,30.827854,27.000000
4.857422,-0.460938,0.531250,0.000000,30.000000,27.000000
4.894531,-0.308594,0.667969,0.000000,30.561422,27.000000
0.041016,-0.033203,0.062500,0.000000,30.132587,27.000000
0.044922,-0.046875,0.103516,0.000000,29.020029,27.000000
1.208984,0.357422,0.136719,0.000000,19.030899,27.000000
0.011719,-0.039062,-0.007812,0.000000,30.744507,28.000000
0.017578,-0.080078,-0.007812,0.000000,31.972805,28.000000
0.029297,-0.119141,-0.003906,0.000000,30.224283,28.000000
0.056641,-0.154297,0.005859,0.000000,25.490032,28.000000
0.375000,-0.080078,-1.208984,0.000000,21.818436,28.000000
0.289062,-0.041016,1.275391,0.000000,23.222193,28.000000
0.402344,-0.000000,1.289062,0.000000,21.931246,28.000000
2.000000,0.125000,0.054688,0.000000,28.992731,28.000000
2.039062,0.126953,0.093750,0.000000,29.684830,28.000000
2.076172,0.195312,-0.037109,0.000000,29.329807,28.000000
2.109375,0.199219,-0.183594,0.000000,28.926510,28.000000
2.583984,-0.263672,1.105469,0.000000,29.508514,28.000000
2.603516,-0.267578,1.160156,0.000000,32.787537,28.000000
2.654297,-0.271484,1.146484,0.000000,31.903316,28.000000
4.421875,-0.287109,1.162109,0.000000,30.802656,28.000000
4.501953,-0.289062,1.009766,0.000000,30.704073,28.000000
4.736328,-0.449219,-0.529297,0.000000,32.312145,28.000000
4.791016,-0.453125,-0.376953,0.000000,32.875778,28.000000
4.857422,-0.304688,-0.050781,0.000000,30.390173,28.000000
4.880859,-0.306641,0.423828,0.000000,30.637085,28.000000
4.900391,-0.308594,0.625000,0.000000,30.962147,28.000000
0.041016,-0.033203,0.062500,0.000000,30.141003,28.000000
0.044922,-0.046875,0.103516,0.000000,29.025467,28.000000
1.117188,-0.515625,0.308594,0.000000,18.976271,28.000000
0.011719,-0.039062,-0.007812,0.000000,30.740847,29.000000
0.017578,-0.080078,-0.007812,0.000000,31.972805,29.000000
0.041016,-0.115234,-0.007812,0.000000,30.216026,29.000000
0.056641,-0.154297,0.005859,0.000000,25.477747,29.000000
0.345703,-0.080078,-1.216797,0.000000,21.875208,29.000000
0.292969,-0.041016,1.275391,0.000000,23.201464,29.000000
0.484375,-0.042969,1.259766,0.000000,21.903316,29.000000
2.025391,0.126953,0.248047,0.000000,28.331470,29.000000
2.556641,-0.263672,1.166016,0.000000,29.350031,29.000000
2.632812,-0.179688,1.109375,0.000000,32.725376,29.000000
2.681641,-0.181641,1.101562,0.000000,31.989319,29.000000
4.414062,-0.287109,1.197266,0.000000,30.969101,29.000000
4.460938,-0.289062,1.173828,0.000000,30.576660,29.000000
4.738281,-0.449219,-0.496094,0.000000,31.964525,29.000000
4.771484,-0.603516,-0.414062,0.000000,32.494431,29.000000
4.890625,-0.308594,0.701172,0.000000,30.232525,29.000000
2.064453,0.130859,0.265625,-0.614669,27.979597,29.000000
0.041016,-0.033203,0.062500,0.000000,30.141003,29.000000
0.044922,-0.046875,0.103516,0.000000,29.020029,29.000000
1.214844,0.357422,0.076172,0.000000,18.976271,29.000000
0.011719,-0.039062,-0.007812,0.000000,30.737183,30.000000
0.017578,-0.080078,-0.007812,0.000000,31.972805,30.000000
0.029297,-0.119141,-0.005859,0.000000,30.220158,30.000000
0.056641,-0.154297,0.005859,0.000000,25.490032,30.000000
0.333984,-0.080078,-1.220703,0.000000,21.931246,30.000000
0.310547,-0.041016,1.271484,0.000000,23.222193,30.000000
0.498047,-0.042969,1.253906,0.000000,21.903316,30.000000
1.994141,0.125000,-0.156250,0.000000,29.390198,30.000000
2.035156,0.126953,-0.164062,0.000000,30.253059,30.000000
2.068359,0.195312,-0.183594,0.000000,28.656961,30.000000
2.556641,-0.263672,1.164062,0.000000,29.439888,30.000000
2.603516,-0.267578,1.162109,0.000000,32.736958,30.000000
2.654297,-0.271484,1.146484,0.000000,31.914511,30.000000
4.421875,-0.287109,1.167969,0.000000,30.737183,30.000000
4.480469,-0.289062,1.099609,0.000000,30.115704,30.000000
4.740234,-0.449219,-0.492188,0.000000,32.533379,30.000000
4.791016,-0.453125,-0.382812,0.000000,32.792107,30.000000
4.888672,-0.308594,0.705078,0.000000,30.707766,30.000000
0.041016,-0.033203,0.062500,0.000000,30.145205,30.000000
0.044922,-0.046875,0.103516,0.000000,29.025467,30.000000
1.117188,-0.515625,0.308594,0.000000,19.030899,30.000000
2.855469,-2.003906,-2.968750,0.000000,27.752462,30.000000
2.878906,-2.021484,-2.998047,0.000000,27.307823,30.000000
0.011719,-0.039062,-0.007812,0.000000,30.748165,31.000000
0.017578,-0.080078,-0.007812,0.000000,31.975563,31.000000
0.041016,-0.115234,-0.007812,0.000000,30.224283,31.000000
0.056641,-0.154297,0.005859,0.000000,25.502283,31.000000
0.384766,-0.080078,-1.205078,0.000000,21.903316,31.000000
0.271484,-0.041016,1.279297,0.000000,23.222193,31.000000
0.472656,-0.042969,1.263672,0.000000,21.903316,31.000000
2.076172,0.195312,-0.029297,0.000000,27.331972,31.000000
2.523438,-0.263672,1.236328,0.000000,29.547249,31.000000
2.587891,-0.267578,1.197266,0.000000,32.830750,31.000000
2.644531,-0.271484,1.169922,0.000000,31.997551,31.000000
4.414062,-0.287109,1.195312,0.000000,30.863598,31.000000
4.470703,-0.289062,1.134766,0.000000,30.398106,31.000000
4.738281,-0.449219,-0.501953,0.000000,33.240765,31.000000
4.785156,-0.453125,-0.445312,0.000000,33.656750,31.000000
4.839844,-0.457031,-0.242188,0.000000,30.538464,31.000000
4.873047,-0.306641,0.507812,0.000000,30.293839,31.000000
4.894531,-0.308594,0.673828,0.000000,30.877813,31.000000
0.041016,-0.033203,0.062500,0.000000,30.145205,31.000000
0.052734,-0.042969,0.101562,0.000000,29.020029,31.000000
1.111328,-0.515625,0.328125,0.000000,19.084850,31.000000
2.837891,-2.021484,-3.037109,0.000000,27.535831,31.000000
0.011719,-0.039062,-0.007812,0.000000,30.744507,32.000000
0.017578,-0.080078,-0.007812,0.000000,31.972805,32.000000
0.029297,-0.119141,-0.003906,0.000000,30.224283,32.000000
0.056641,-0.154297,0.005859,0.000000,25.502283,32.000000
0.390625,-0.080078,-1.203125,0.000000,21.903316,32.000000
0.279297,-0.041016,1.277344,0.000000,23.201464,32.000000
0.490234,-0.042969,1.257812,0.000000,21.846914,32.000000
2.035156,0.126953,-0.164062,0.000000,27.007038,32.000000
2.533203,-0.263672,1.214844,0.000000,29.508514,32.000000
2.603516,-0.267578,1.162109,0.000000,32.817150,32.000000
2.656250,-0.271484,1.142578,0.000000,32.043915,32.000000
4.417969,-0.287109,1.181641,0.000000,30.788193,32.000000
4.476562,-0.289062,1.113281,0.000000,30.413927,32.000000
4.742188,-0.449219,-0.468750,0.000000,32.864563,32.000000
4.791016,-0.453125,-0.371094,0.000000,33.259258,32.000000
4.845703,-0.457031,-0.128906,0.000000,30.132587,32.000000
4.873047,-0.306641,0.505859,0.000000,30.257154,32.000000
4.892578,-0.308594,0.685547,0.000000,30.784569,32.000000
0.041016,-0.033203,0.062500,0.000000,30.141003,32.000000
0.046875,-0.046875,0.103516,0.000000,29.020029,32.000000
1.210938,0.357422,0.128906,0.000000,19.084850,32.000000
0.011719,-0.039062,-0.007812,0.000000,30.748165,33.000000
0.017578,-0.080078,-0.007812,0.000000,31.972805,33.000000
0.029297,-0.119141,-0.003906,0.000000,30.220158,33.000000
0.056641,-0.154297,0.005859,0.000000,25.490032,33.000000
0.369141,-0.080078,-1.210938,0.000000,21.931246,33.000000
0.289062,-0.041016,1.275391,0.000000,23.263359,33.000000
0.433594,-0.000000,1.279297,0.000000,21.931246,33.000000
2.001953,0.062500,-0.072266,0.000000,27.395723,33.000000
2.029297,0.126953,-0.228516,0.000000,27.715876,33.000000
2.039062,0.195312,-0.394531,0.000000,27.176704,33.000000
2.529297,-0.263672,1.224609,0.000000,29.420080,33.000000
2.591797,-0.267578,1.189453,0.000000,32.833012,33.000000
2.650391,-0.271484,1.156250,0.000000,32.079037,33.000000
4.425781,-0.287109,1.148438,0.000000,30.791813,33.000000
4.492188,-0.289062,1.052734,0.000000,30.269417,33.000000
4.736328,-0.449219,-0.517578,0.000000,32.973228,33.000000
4.787109,-0.453125,-0.425781,0.000000,33.498600,33.000000
4.839844,-0.457031,-0.248047,0.000000,30.429691,33.000000
4.882812,-0.306641,0.408203,0.000000,30.166155,33.000000
4.894531,-0.308594,0.671875,0.000000,30.692980,33.000000
0.041016,-0.033203,0.062500,0.000000,30.141003,33.000000
0.044922,-0.046875,0.103516,0.000000,29.020029,33.000000
1.210938,0.357422,0.117188,0.000000,18.976271,33.000000
2.796875,-2.003906,-3.025391,0.000000,27.853298,33.000000
2.708984,-2.021484,-3.152344,0.000000,27.497364,33.000000
0.011719,-0.039062,-0.007812,0.000000,30.748165,34.000000
0.017578,-0.080078,-0.007812,0.000000,31.972805,34.000000
0.029297,-0.119141,-0.005859,0.000000,30.220158,34.000000
0.056641,-0.154297,0.005859,0.000000,25.490032,34.000000
0.375000,-0.080078,-1.208984,0.000000,21.903316,34.000000
0.255859,-0.041016,1.283203,0.000000,23.222193,34.000000
0.392578,-0.000000,1.291016,0.000000,21.875208,34.000000
2.611328,-0.175781,1.056641,0.000000,29.294189,34.000000
2.636719,-0.179688,1.103516,0.000000,32.739269,34.000000
2.671875,-0.271484,1.105469,0.000000,31.975563,34.000000
4.412109,-0.287109,1.199219,0.000000,30.909630,34.000000
4.482422,-0.289062,1.093750,0.000000,30.530785,34.000000
4.734375,-0.449219,-0.539062,0.000000,32.933624,34.000000
4.785156,-0.453125,-0.453125,0.000000,33.283794,34.000000
4.841797,-0.457031,-0.228516,0.000000,29.858753,34.000000
4.863281,-0.460938,0.486328,0.000000,30.409977,34.000000
4.898438,-0.308594,0.644531,0.000000,30.958664,34.000000
0.041016,-0.033203,0.062500,0.000000,30.141003,34.000000
0.052734,-0.042969,0.101562,0.000000,29.020029,34.000000
1.210938,0.357422,0.123047,0.000000,19.030899,34.000000
0.011719,-0.039062,-0.007812,0.000000,30.744507,35.000000
0.017578,-0.080078,-0.007812,0.000000,31.975563,35.000000
0.041016,-0.115234,-0.007812,0.000000,30.224283,35.000000
0.056641,-0.154297,0.005859,0.000000,25.502283,35.000000
0.332031,-0.080078,-1.220703,0.000000,21.875208,35.000000
0.320312,-0.041016,1.269531,0.000000,23.201464,35.000000
0.517578,-0.042969,1.246094,0.000000,21.875208,35.000000
1.992188,0.187500,-0.113281,0.000000,28.068581,35.000000
2.031250,0.191406,-0.142578,0.000000,29.552065,35.000000
2.072266,0.130859,-0.205078,0.000000,28.344208,35.000000
2.537109,-0.263672,1.207031,0.000000,29.518230,35.000000
2.607422,-0.267578,1.154297,0.000000,32.753113,35.000000
2.664062,-0.271484,1.121094,0.000000,31.917303,35.000000
4.419922,-0.287109,1.171875,0.000000,30.806265,35.000000
4.476562,-0.289062,1.115234,0.000000,30.370279,35.000000
4.738281,-0.449219,-0.505859,0.000000,32.833012,35.000000
4.785156,-0.453125,-0.453125,0.000000,33.126003,35.000000
4.847656,-0.460938,0.626953,0.000000,29.956352,35.000000
4.892578,-0.308594,0.685547,0.000000,30.666985,35.000000
0.041016,-0.033203,0.062500,0.000000,30.141003,35.000000
0.046875,-0.046875,0.103516,0.000000,29.025467,35.000000
1.212891,0.357422,0.105469,0.000000,19.030899,35.000000
2.056641,0.261719,-0.236328,0.000000,28.305887,35.000000
2.820312,-2.003906,-3.003906,0.000000,27.867514,35.000000
2.761719,-2.021484,-3.107422,0.000000,27.512791,35.000000
0.011719,-0.039062,-0.007812,0.000000,30.748165,36.000000
0.017578,-0.080078,-0.007812,0.000000,31.975563,36.000000
0.029297,-0.119141,-0.005859,0.000000,30.224283,36.000000
0.056641,-0.154297,0.005859,0.000000,25.514500,36.000000
0.384766,-0.080078,-1.205078,0.000000,21.931246,36.000000
0.246094,-0.041016,1.285156,0.000000,23.242825,36.000000
0.396484,-0.000000,1.291016,0.000000,21.903316,36.000000
2.595703,-0.175781,1.095703,0.000000,29.444826,36.000000
2.607422,-0.267578,1.154297,0.000000,32.819420,36.000000
2.656250,-0.271484,1.142578,0.000000,32.022160,36.000000
4.414062,-0.287109,1.193359,0.000000,30.633333,36.000000
4.441406,-0.433594,1.207031,0.000000,29.876663,36.000000
4.740234,-0.449219,-0.478516,0.000000,33.240765,36.000000
4.789062,-0.453125,-0.394531,0.000000,33.825573,36.000000
4.855469,-0.304688,-0.160156,0.000000,31.003706,36.000000
4.878906,-0.306641,0.455078,0.000000,30.417873,36.000000
4.900391,-0.308594,0.628906,0.000000,30.799046,36.000000
2.025391,0.126953,-0.261719,-0.614669,25.717089,36.000000
0.041016,-0.033203,0.062500,0.000000,30.141003,36.000000
0.052734,-0.042969,0.101562,0.000000,29.020029,36.000000
1.113281,-0.515625,0.320312,0.000000,19.030899,36.000000
2.863281,-2.003906,-2.962891,0.000000,27.701153,36.000000
2.869141,-2.021484,-3.007812,0.000000,27.234556,36.000000
0.011719,-0.039062,-0.007812,0.000000,30.744507,37.000000
0.017578,-0.080078,-0.007812,0.000000,31.972805,37.000000
0.029297,-0.119141,-0.005859,0.000000,30.220158,37.000000
0.056641,-0.154297,0.005859,0.000000,25.502283,37.000000
0.390625,-0.080078,-1.203125,0.000000,21.903316,37.000000
0.265625,-0.041016,1.281250,0.000000,23.201464,37.000000
0.382812,-0.000000,1.294922,0.000000,21.846914,37.000000
2.005859,0.255859,0.308594,0.000000,26.394865,37.000000
2.492188,-0.263672,1.298828,0.000000,29.532763,37.000000
2.593750,-0.267578,1.183594,0.000000,32.801228,37.000000
2.658203,-0.271484,1.136719,0.000000,31.997551,37.000000
4.412109,-0.287109,1.201172,0.000000,30.625820,37.000000
4.457031,-0.289062,1.191406,0.000000,30.064661,37.000000
4.738281,-0.449219,-0.501953,0.000000,33.012470,37.000000
4.787109,-0.453125,-0.421875,0.000000,33.558346,37.000000
4.839844,-0.457031,-0.250000,0.000000,30.484419,37.000000
4.845703,-0.460938,0.634766,0.000000,29.708117,37.000000
4.898438,-0.308594,0.632812,0.000000,30.603201,37.000000
0.041016,-0.033203,0.062500,0.000000,30.141003,37.000000
0.046875,-0.046875,0.103516,0.000000,29.020029,37.000000
1.210938,0.357422,0.121094,0.000000,19.084850,37.000000
0.011719,-0.039062,-0.007812,0.000000,30.748165,38.000000
0.017578,-0.080078,-0.007812,0.000000,31.975563,38.000000
0.041016,-0.115234,-0.007812,0.000000,30.220158,38.000000
0.056641,-0.154297,0.005859,0.000000,25.502283,38.000000
0.345703,-0.080078,-1.216797,0.000000,21.846914,38.000000
0.281250,-0.041016,1.277344,0.000000,23.201464,38.000000
0.384766,-0.000000,1.292969,0.000000,21.846914,38.000000
2.498047,-0.263672,1.287109,0.000000,29.474337,38.000000
2.603516,-0.267578,1.162109,0.000000,32.750809,38.000000
2.667969,-0.271484,1.115234,0.000000,31.964525,38.000000
4.429688,-0.287109,1.132812,0.000000,30.692980,38.000000
4.486328,-0.289062,1.072266,0.000000,30.170334,38.000000
4.742188,-0.449219,-0.474609,0.000000,32.942455,38.000000
4.789062,-0.453125,-0.394531,0.000000,33.394516,38.000000
4.841797,-0.457031,-0.195312,0.000000,30.342272,38.000000
4.875000,-0.306641,0.478516,0.000000,30.017338,38.000000
4.902344,-0.308594,0.607422,0.000000,30.733517,38.000000
0.041016,-0.033203,0.062500,0.000000,30.145205,38.000000
0.044922,-0.046875,0.103516,0.000000,29.020029,38.000000
1.207031,0.357422,0.154297,0.000000,19.030899,38.000000
2.787109,-2.003906,-3.033203,0.000000,27.774269,38.000000
2.701172,-2.021484,-3.160156,0.000000,27.307823,38.000000
0.011719,-0.039062,-0.007812,0.000000,30.744507,39.000000
0.017578,-0.080078,-0.007812,0.000000,31.970047,39.000000
0.041016,-0.115234,-0.007812,0.000000,30.220158,39.000000
0.056641,-0.154297,0.005859,0.000000,25.502283,39.000000
0.367188,-0.080078,-1.210938,0.000000,21.903316,39.000000
0.277344,-0.041016,1.279297,0.000000,23.201464,39.000000
0.460938,-0.042969,1.267578,0.000000,21.846914,39.000000
2.064453,0.261719,-0.142578,0.000000,26.919651,39.000000
2.542969,-0.263672,1.197266,0.000000,29.360107,39.000000
2.609375,-0.267578,1.148438,0.000000,32.755417,39.000000
2.671875,-0.181641,1.125000,0.000000,32.003033,39.000000
4.419922,-0.287109,1.171875,0.000000,30.689276,39.000000
4.500000,-0.289062,1.019531,0.000000,30.530785,39.000000
4.740234,-0.449219,-0.490234,0.000000,33.119656,39.000000
4.789062,-0.453125,-0.400391,0.000000,33.692158,39.000000
4.841797,-0.457031,-0.205078,0.000000,30.867157,39.000000
4.853516,-0.460938,0.570312,0.000000,30.102999,39.000000
4.898438,-0.308594,0.646484,0.000000,30.920185,39.000000
0.041016,-0.033203,0.062500,0.000000,30.145205,39.000000
0.044922,-0.046875,0.103516,0.000000,29.025467,39.000000
1.109375,-0.474609,0.386719,0.000000,18.976271,39.000000
2.830078,-2.003906,-2.994141,0.000000,27.759743,39.000000
0.011719,-0.039062,-0.007812,0.000000,30.748165,40.000000
0.017578,-0.080078,-0.007812,0.000000,31.972805,40.000000
0.029297,-0.119141,-0.005859,0.000000,30.220158,40.000000
0.056641,-0.154297,0.005859,0.000000,25.490032,40.000000
0.392578,-0.080078,-1.203125,0.000000,21.958996,40.000000
0.259766,-0.041016,1.283203,0.000000,23.242825,40.000000
0.404297,-0.000000,1.287109,0.000000,21.875208,40.000000
2.544922,-0.263672,1.193359,0.000000,29.232441,40.000000
2.626953,-0.179688,1.126953,0.000000,32.716091,40.000000
2.669922,-0.181641,1.128906,0.000000,31.953461,40.000000
4.421875,-0.287109,1.162109,0.000000,30.799046,40.000000
4.515625,-0.289062,0.949219,0.000000,30.860037,40.000000
4.736328,-0.449219,-0.513672,0.000000,33.186893,40.000000
4.800781,-0.300781,-0.402344,0.000000,33.660492,40.000000
4.841797,-0.457031,-0.207031,0.000000,30.445398,40.000000
4.886719,-0.308594,0.720703,0.000000,30.297895,40.000000
0.041016,-0.033203,0.062500,0.000000,30.141003,40.000000
0.044922,-0.046875,0.103516,0.000000,29.020029,40.000000
1.113281,-0.515625,0.322266,0.000000,19.030899,40.000000
0.011719,-0.039062,-0.007812,0.000000,30.751818,41.000000
0.017578,-0.080078,-0.007812,0.000000,31.972805,41.000000
0.029297,-0.119141,-0.005859,0.000000,30.220158,41.000000
0.056641,-0.154297,0.005859,0.000000,25.490032,41.000000
0.353516,-0.080078,-1.214844,0.000000,21.846914,41.000000
0.291016,-0.041016,1.275391,0.000000,23.180634,41.000000
0.486328,-0.042969,1.259766,0.000000,21.875208,41.000000
2.000000,0.125000,0.001953,0.000000,28.135809,41.000000
2.035156,0.191406,0.066406,0.000000,28.893017,41.000000
2.076172,0.195312,0.082031,0.000000,28.457180,41.000000
2.513672,-0.263672,1.255859,0.000000,29.735897,41.000000
2.597656,-0.267578,1.173828,0.000000,32.853321,41.000000
2.658203,-0.271484,1.138672,0.000000,32.005768,41.000000
4.419922,-0.287109,1.171875,0.000000,30.726175,41.000000
4.517578,-0.289062,0.933594,0.000000,30.827854,41.000000
4.736328,-0.449219,-0.527344,0.000000,33.149200,41.000000
4.789062,-0.453125,-0.406250,0.000000,33.836357,41.000000
4.841797,-0.457031,-0.195312,0.000000,31.095785,41.000000
4.882812,-0.308594,0.750000,0.000000,30.318123,41.000000
0.041016,-0.033203,0.062500,0.000000,30.136797,41.000000
0.044922,-0.046875,0.103516,0.000000,29.020029,41.000000
1.113281,-0.474609,0.376953,0.000000,19.030899,41.000000
2.818359,-2.003906,-3.005859,0.000000,27.752462,41.000000
0.011719,-0.039062,-0.007812,0.000000,30.751818,42.000000
0.017578,-0.080078,-0.007812,0.000000,31.975563,42.000000
0.029297,-0.119141,-0.005859,0.000000,30.224283,42.000000
0.056641,-0.154297,0.005859,0.000000,25.502283,42.000000
0.375000,-0.080078,-1.208984,0.000000,21.903316,42.000000
0.269531,-0.041016,1.279297,0.000000,23.180634,42.000000
0.455078,-0.042969,1.269531,0.000000,21.846914,42.000000
2.556641,-0.263672,1.166016,0.000000,29.604708,42.000000
2.599609,-0.267578,1.171875,0.000000,32.803509,42.000000
2.646484,-0.271484,1.162109,0.000000,31.934029,42.000000
4.423828,-0.287109,1.158203,0.000000,30.762762,42.000000
4.515625,-0.289062,0.941406,0.000000,30.860037,42.000000
4.736328,-0.449219,-0.525391,0.000000,32.997253,42.000000
4.789062,-0.453125,-0.410156,0.000000,33.436054,42.000000
4.843750,-0.457031,-0.152344,0.000000,30.090258,42.000000
4.888672,-0.308594,0.703125,0.000000,30.301949,42.000000
0.041016,-0.033203,0.062500,0.000000,30.149403,42.000000
0.044922,-0.046875,0.103516,0.000000,29.025467,42.000000
1.115234,-0.515625,0.310547,0.000000,19.030899,42.000000
0.011719,-0.039062,-0.007812,0.000000,30.748165,43.000000
0.017578,-0.080078,-0.007812,0.000000,31.972805,43.000000
0.041016,-0.115234,-0.007812,0.000000,30.220158,43.000000
0.056641,-0.154297,0.005859,0.000000,25.502283,43.000000
0.343750,-0.080078,-1.218750,0.000000,21.903316,43.000000
0.298828,-0.041016,1.273438,0.000000,23.180634,43.000000
0.414062,-0.000000,1.285156,0.000000,21.818436,43.000000
2.599609,-0.175781,1.087891,0.000000,29.449759,43.000000
2.609375,-0.267578,1.150391,0.000000,32.812607,43.000000
2.662109,-0.271484,1.130859,0.000000,32.038486,43.000000
4.410156,-0.287109,1.208984,0.000000,30.610754,43.000000
4.480469,-0.289062,1.101562,0.000000,30.261246,43.000000
4.736328,-0.449219,-0.513672,0.000000,32.833012,43.000000
4.798828,-0.300781,-0.421875,0.000000,33.531464,43.000000
4.839844,-0.457031,-0.250000,0.000000,30.770042,43.000000
4.841797,-0.460938,0.662109,0.000000,29.670797,43.000000
4.894531,-0.308594,0.673828,0.000000,30.744507,43.000000
0.041016,-0.033203,0.062500,0.000000,30.141003,43.000000
0.044922,-0.046875,0.103516,0.000000,29.025467,43.000000
1.212891,0.357422,0.105469,0.000000,19.030899,43.000000
2.859375,-2.003906,-2.966797,0.000000,27.686380,43.000000
2.736328,-2.021484,-3.128906,0.000000,27.323938,43.000000
0.011719,-0.039062,-0.007812,0.000000,30.748165,44.000000
0.017578,-0.080078,-0.007812,0.000000,31.975563,44.000000
0.029297,-0.119141,-0.003906,0.000000,30.224283,44.000000
0.056641,-0.154297,0.005859,0.000000,25.490032,44.000000
0.363281,-0.080078,-1.212891,0.000000,21.846914,44.000000
0.277344,-0.041016,1.279297,0.000000,23.180634,44.000000
0.392578,-0.000000,1.291016,0.000000,21.846914,44.000000
2.546875,-0.263672,1.189453,0.000000,29.350031,44.000000
2.603516,-0.267578,1.160156,0.000000,32.766914,44.000000
2.658203,-0.271484,1.138672,0.000000,32.027607,44.000000
4.419922,-0.287109,1.171875,0.000000,30.584261,44.000000
4.480469,-0.289062,1.099609,0.000000,30.034605,44.000000
4.738281,-0.449219,-0.507812,0.000000,32.817150,44.000000
4.787109,-0.453125,-0.416016,0.000000,33.360592,44.000000
4.839844,-0.457031,-0.238281,0.000000,30.484419,44.000000
4.845703,-0.460938,0.632812,0.000000,29.768084,44.000000
4.894531,-0.308594,0.669922,0.000000,30.572857,44.000000
0.041016,-0.033203,0.062500,0.000000,30.141003,44.000000
0.044922,-0.046875,0.103516,0.000000,29.020029,44.000000
1.210938,0.357422,0.123047,0.000000,19.030899,44.000000
2.828125,-2.003906,-2.996094,0.000000,27.678976,44.000000
2.789062,-2.021484,-3.082031,0.000000,27.242758,44.000000
0.011719,-0.039062,-0.007812,0.000000,30.740847,45.000000
0.017578,-0.080078,-0.007812,0.000000,31.970047,45.000000
0.029297,-0.119141,-0.005859,0.000000,30.216026,45.000000
0.056641,-0.154297,0.005859,0.000000,25.490032,45.000000
0.347656,-0.080078,-1.216797,0.000000,21.875208,45.000000
0.289062,-0.041016,1.275391,0.000000,23.222193,45.000000
0.455078,-0.042969,1.269531,0.000000,21.931246,45.000000
1.955078,0.123047,0.132812,0.000000,28.048206,45.000000
1.994141,0.187500,0.091797,0.000000,30.472748,45.000000
2.035156,0.191406,0.048828,0.000000,29.309490,45.000000
2.464844,-0.263672,1.349609,0.000000,29.703468,45.000000
2.574219,-0.267578,1.224609,0.000000,32.884727,45.000000
2.638672,-0.271484,1.181641,0.000000,32.052044,45.000000
4.412109,-0.287109,1.203125,0.000000,30.692980,45.000000
4.470703,-0.289062,1.136719,0.000000,30.330214,45.000000
