2.603516,-0.267578,1.160156,0.000000,32.778385,0.000000
2.658203,-0.181641,1.156250,0.000000,32.038486,0.000000
4.414062,-0.287109,1.191406,0.000000,30.670708,0.000000
4.451172,-0.289062,1.210938,0.000000,30.305998,0.000000
4.720703,-0.597656,-0.517578,0.000000,33.072819,0.000000
4.787109,-0.453125,-0.423828,0.000000,33.619167,0.000000
4.841797,-0.457031,-0.191406,0.000000,30.244856,0.000000
4.845703,-0.464844,0.896484,0.000000,30.663260,0.000000
0.041016,-0.033203,0.062500,0.000000,30.124153,0.000000
0.052734,-0.042969,0.103516,0.000000,29.003672,0.000000
1.117188,-0.515625,0.308594,0.000000,19.030899,0.000000
2.802734,-2.003906,-3.019531,0.000000,27.824726,0.000000
2.818359,-2.021484,-3.054688,0.000000,27.466343,0.000000
0.011719,-0.039062,-0.007812,0.000000,30.759117,1.000000
0.017578,-0.080078,-0.007812,0.000000,31.989319,1.000000
0.041016,-0.115234,-0.007812,0.000000,30.261246,1.000000
0.056641,-0.154297,0.005859,0.000000,25.514500,1.000000
0.302734,-0.080078,-1.228516,0.000000,21.818436,1.000000
0.330078,-0.041016,1.265625,0.000000,23.201464,1.000000
0.451172,-0.000000,1.273438,0.000000,21.903316,1.000000
2.548828,-0.263672,1.181641,0.000000,29.444826,1.000000
2.601562,-0.267578,1.166016,0.000000,32.778385,1.000000
2.654297,-0.181641,1.164062,0.000000,32.030331,1.000000
4.414062,-0.287109,1.195312,0.000000,30.655798,1.000000
4.427734,-0.433594,1.251953,0.000000,30.265333,1.000000
4.718750,-0.597656,-0.539062,0.000000,33.021145,1.000000
4.785156,-0.453125,-0.437500,0.000000,33.594559,1.000000
4.841797,-0.457031,-0.197266,0.000000,30.174507,1.000000
4.812500,-0.460938,0.849609,0.000000,29.708117,1.000000
4.845703,-0.464844,0.892578,0.000000,30.762762,1.000000
0.041016,-0.033203,0.062500,0.000000,30.119930,1.000000
0.052734,-0.042969,0.103516,0.000000,29.003672,1.000000
1.119141,-0.515625,0.296875,0.000000,18.976271,1.000000
2.761719,-2.003906,-3.058594,0.000000,27.824726,1.000000
2.750000,-2.021484,-3.117188,0.000000,27.474117,1.000000
0.011719,-0.039062,-0.007812,0.000000,30.762762,2.000000
0.017578,-0.080078,-0.007812,0.000000,31.992065,2.000000
0.041016,-0.115234,-0.007812,0.000000,30.261246,2.000000
0.056641,-0.154297,0.005859,0.000000,25.514500,2.000000
0.298828,-0.080078,-1.230469,0.000000,21.846914,2.000000
0.353516,-0.041016,1.259766,0.000000,23.222193,2.000000
0.464844,-0.000000,1.267578,0.000000,21.875208,2.000000
2.544922,-0.263672,1.193359,0.000000,29.469433,2.000000
2.601562,-0.267578,1.164062,0.000000,32.794388,2.000000
2.658203,-0.181641,1.154297,0.000000,32.054749,2.000000
4.412109,-0.287109,1.201172,0.000000,30.666985,2.000000
4.445312,-0.289062,1.230469,0.000000,30.314085,2.000000
4.716797,-0.597656,-0.550781,0.000000,33.040596,2.000000
4.787109,-0.453125,-0.427734,0.000000,33.611610,2.000000
4.845703,-0.457031,-0.126953,0.000000,30.318123,2.000000
4.800781,-0.460938,0.910156,0.000000,29.763500,2.000000
4.849609,-0.464844,0.871094,0.000000,30.784569,2.000000
0.041016,-0.033203,0.062500,0.000000,30.115704,2.000000
0.052734,-0.042969,0.103516,0.000000,29.003672,2.000000
1.123047,-0.515625,0.287109,0.000000,18.976271,2.000000
2.791016,-2.003906,-3.029297,0.000000,27.788744,2.000000
2.791016,-2.021484,-3.080078,0.000000,27.419392,2.000000
4.748047,-0.298828,-0.525391,0.000000,33.023308,2.000000
0.011719,-0.039062,-0.007812,0.000000,30.759117,3.000000
0.017578,-0.080078,-0.007812,0.000000,31.989319,3.000000
0.041016,-0.115234,-0.007812,0.000000,30.261246,3.000000
0.056641,-0.154297,0.005859,0.000000,25.502283,3.000000
0.273438,-0.080078,-1.236328,0.000000,21.875208,3.000000
0.371094,-0.041016,1.253906,0.000000,23.242825,3.000000
0.458984,-0.000000,1.269531,0.000000,21.931246,3.000000
2.451172,0.468750,-0.009766,0.000000,27.419392,3.000000
2.490234,0.474609,0.017578,0.000000,27.664129,3.000000
2.552734,-0.263672,1.173828,0.000000,29.444826,3.000000
2.605469,-0.267578,1.154297,0.000000,32.776093,3.000000
2.662109,-0.181641,1.148438,0.000000,32.013969,3.000000
4.414062,-0.287109,1.193359,0.000000,30.670708,3.000000
4.445312,-0.289062,1.232422,0.000000,30.273497,3.000000
4.714844,-0.597656,-0.560547,0.000000,33.074959,3.000000
4.787109,-0.453125,-0.431641,0.000000,33.684727,3.000000
4.843750,-0.457031,-0.185547,0.000000,30.569048,3.000000
4.828125,-0.460938,0.763672,0.000000,29.656719,3.000000
4.851562,-0.464844,0.865234,0.000000,30.625820,3.000000
0.041016,-0.033203,0.062500,0.000000,30.119930,3.000000
0.052734,-0.042969,0.103516,0.000000,29.003672,3.000000
1.121094,-0.515625,0.294922,0.000000,18.976271,3.000000
2.759766,-2.003906,-3.058594,0.000000,27.795965,3.000000
2.767578,-2.021484,-3.101562,0.000000,27.466343,3.000000
4.748047,-0.298828,-0.523438,0.000000,33.064251,3.000000
0.011719,-0.039062,-0.007812,0.000000,30.762762,4.000000
0.017578,-0.080078,-0.007812,0.000000,31.989319,4.000000
0.029297,-0.119141,-0.005859,0.000000,30.261246,4.000000
0.056641,-0.154297,0.005859,0.000000,25.502283,4.000000
0.294922,-0.080078,-1.230469,0.000000,21.846914,4.000000
0.349609,-0.041016,1.259766,0.000000,23.222193,4.000000
0.451172,-0.000000,1.273438,0.000000,21.903316,4.000000
2.550781,-0.263672,1.177734,0.000000,29.444826,4.000000
2.605469,-0.267578,1.156250,0.000000,32.769211,4.000000
2.662109,-0.181641,1.146484,0.000000,32.003033,4.000000
4.417969,-0.287109,1.179688,0.000000,30.652061,4.000000
4.435547,-0.433594,1.228516,0.000000,30.257154,4.000000
4.716797,-0.597656,-0.550781,0.000000,33.074959,4.000000
4.785156,-0.453125,-0.441406,0.000000,33.694016,4.000000
4.841797,-0.457031,-0.210938,0.000000,30.476643,4.000000
4.849609,-0.464844,0.873047,0.000000,30.707766,4.000000
0.041016,-0.033203,0.062500,0.000000,30.124153,4.000000
0.052734,-0.042969,0.103516,0.000000,29.003672,4.000000
1.115234,-0.515625,0.312500,0.000000,18.976271,4.000000
2.773438,-2.003906,-3.046875,0.000000,27.803173,4.000000
2.761719,-2.021484,-3.105469,0.000000,27.505083,4.000000
4.748047,-0.298828,-0.527344,0.000000,33.066395,4.000000
0.011719,-0.039062,-0.007812,0.000000,30.762762,5.000000
0.017578,-0.080078,-0.007812,0.000000,31.992065,5.000000
0.029297,-0.119141,-0.005859,0.000000,30.265333,5.000000
0.056641,-0.154297,0.005859,0.000000,25.526682,5.000000
0.287109,-0.080078,-1.232422,0.000000,21.846914,5.000000
0.341797,-0.041016,1.263672,0.000000,23.201464,5.000000
0.408203,-0.000000,1.287109,0.000000,21.818436,5.000000
2.542969,-0.263672,1.195312,0.000000,29.439888,5.000000
2.601562,-0.267578,1.166016,0.000000,32.780674,5.000000
2.658203,-0.181641,1.156250,0.000000,32.043915,5.000000
4.414062,-0.287109,1.195312,0.000000,30.652061,5.000000
4.433594,-0.433594,1.236328,0.000000,30.366289,5.000000
4.675781,-0.445312,-0.669922,0.000000,29.459606,5.000000
4.714844,-0.597656,-0.562500,0.000000,33.072819,5.000000
4.783203,-0.453125,-0.458984,0.000000,33.645512,5.000000
4.841797,-0.457031,-0.210938,0.000000,30.378248,5.000000
4.810547,-0.460938,0.861328,0.000000,29.647308,5.000000
4.849609,-0.464844,0.878906,0.000000,30.751818,5.000000
0.041016,-0.033203,0.062500,0.000000,30.119930,5.000000
0.052734,-0.042969,0.103516,0.000000,28.998205,5.000000
1.119141,-0.515625,0.298828,0.000000,19.030899,5.000000
2.779297,-2.003906,-3.041016,0.000000,27.803173,5.000000
2.775391,-2.021484,-3.095703,0.000000,27.497364,5.000000
4.746094,-0.298828,-0.541016,0.000000,33.064251,5.000000
0.011719,-0.039062,-0.007812,0.000000,30.762762,6.000000
0.017578,-0.080078,-0.007812,0.000000,31.992065,6.000000
0.041016,-0.115234,-0.007812,0.000000,30.265333,6.000000
0.056641,-0.154297,0.003906,0.000000,25.514500,6.000000
0.320312,-0.080078,-1.224609,0.000000,21.875208,6.000000
0.337891,-0.041016,1.263672,0.000000,23.242825,6.000000
0.425781,-0.000000,1.281250,0.000000,21.875208,6.000000
2.464844,0.390625,-0.031250,0.000000,27.715876,6.000000
2.503906,0.396484,-0.068359,0.000000,27.543484,6.000000
2.552734,-0.263672,1.173828,0.000000,29.425041,6.000000
2.607422,-0.267578,1.154297,0.000000,32.773800,6.000000
2.664062,-0.181641,1.142578,0.000000,32.033051,6.000000
4.412109,-0.287109,1.197266,0.000000,30.655798,6.000000
4.455078,-0.289062,1.195312,0.000000,30.281645,6.000000
4.714844,-0.597656,-0.560547,0.000000,33.003780,6.000000
4.787109,-0.453125,-0.425781,0.000000,33.639877,6.000000
4.843750,-0.457031,-0.156250,0.000000,30.523090,6.000000
4.814453,-0.460938,0.845703,0.000000,29.745117,6.000000
4.853516,-0.464844,0.857422,0.000000,30.681858,6.000000
0.041016,-0.033203,0.062500,0.000000,30.119930,6.000000
0.052734,-0.042969,0.103516,0.000000,29.003672,6.000000
1.117188,-0.515625,0.308594,0.000000,18.920946,6.000000
2.773438,-2.003906,-3.046875,0.000000,27.795965,6.000000
2.744141,-2.021484,-3.121094,0.000000,27.442930,6.000000
0.011719,-0.039062,-0.007812,0.000000,30.762762,7.000000
0.017578,-0.080078,-0.007812,0.000000,31.994808,7.000000
0.041016,-0.115234,-0.007812,0.000000,30.269417,7.000000
0.056641,-0.154297,0.005859,0.000000,25.538830,7.000000
0.304688,-0.080078,-1.228516,0.000000,21.846914,7.000000
0.359375,-0.041016,1.257812,0.000000,23.222193,7.000000
0.464844,-0.000000,1.267578,0.000000,21.846914,7.000000
2.460938,0.390625,-0.144531,0.000000,27.209858,7.000000
2.552734,-0.263672,1.173828,0.000000,29.439888,7.000000
2.609375,-0.267578,1.150391,0.000000,32.771507,7.000000
2.664062,-0.181641,1.142578,0.000000,32.016701,7.000000
4.406250,-0.287109,1.220703,0.000000,30.663260,7.000000
4.412109,-0.433594,1.310547,0.000000,30.187004,7.000000
4.736328,-0.449219,-0.527344,0.000000,33.055664,7.000000
4.787109,-0.453125,-0.433594,0.000000,33.703281,7.000000
4.843750,-0.457031,-0.189453,0.000000,30.659531,7.000000
4.818359,-0.460938,0.816406,0.000000,29.772661,7.000000
4.845703,-0.464844,0.890625,0.000000,30.737183,7.000000
0.041016,-0.033203,0.062500,0.000000,30.119930,7.000000
0.050781,-0.042969,0.103516,0.000000,29.003672,7.000000
1.121094,-0.515625,0.292969,0.000000,18.976271,7.000000
2.775391,-2.003906,-3.044922,0.000000,27.839035,7.000000
2.763672,-2.021484,-3.105469,0.000000,27.481880,7.000000
0.011719,-0.039062,-0.007812,0.000000,30.766405,8.000000
0.017578,-0.080078,-0.007812,0.000000,31.989319,8.000000
0.041016,-0.115234,-0.007812,0.000000,30.261246,8.000000
0.056641,-0.154297,0.005859,0.000000,25.514500,8.000000
0.267578,-0.080078,-1.236328,0.000000,21.875208,8.000000
0.357422,-0.041016,1.257812,0.000000,23.263359,8.000000
0.453125,-0.000000,1.271484,0.000000,21.903316,8.000000
2.443359,0.468750,-0.185547,0.000000,26.875290,8.000000
2.464844,0.554688,-0.224609,0.000000,26.180481,8.000000
2.552734,-0.263672,1.173828,0.000000,29.425041,8.000000
2.603516,-0.267578,1.160156,0.000000,32.773800,8.000000
2.658203,-0.181641,1.156250,0.000000,32.038486,8.000000
4.414062,-0.287109,1.193359,0.000000,30.674429,8.000000
4.439453,-0.433594,1.214844,0.000000,30.334238,8.000000
4.714844,-0.597656,-0.564453,0.000000,33.070679,8.000000
4.785156,-0.453125,-0.433594,0.000000,33.664230,8.000000
4.843750,-0.457031,-0.177734,0.000000,30.398106,8.000000
4.820312,-0.460938,0.802734,0.000000,29.656719,8.000000
4.863281,-0.464844,0.796875,0.000000,30.700378,8.000000
0.041016,-0.033203,0.062500,0.000000,30.124153,8.000000
0.052734,-0.042969,0.103516,0.000000,28.998205,8.000000
1.117188,-0.515625,0.310547,0.000000,18.976271,8.000000
1.550781,-0.396484,1.966797,0.000000,23.579348,8.000000
2.734375,-2.003906,-3.082031,0.000000,27.810369,8.000000
2.677734,-2.021484,-3.177734,0.000000,27.458551,8.000000
4.748047,-0.298828,-0.529297,0.000000,33.064251,8.000000
0.011719,-0.039062,-0.007812,0.000000,30.770042,9.000000
0.017578,-0.080078,-0.007812,0.000000,31.992065,9.000000
0.041016,-0.115234,-0.007812,0.000000,30.265333,9.000000
0.056641,-0.154297,0.005859,0.000000,25.526682,9.000000
0.332031,-0.080078,-1.220703,0.000000,21.846914,9.000000
0.339844,-0.041016,1.263672,0.000000,23.201464,9.000000
0.451172,-0.000000,1.271484,0.000000,21.846914,9.000000
2.453125,0.390625,-0.246094,0.000000,27.355989,9.000000
2.494141,0.396484,-0.222656,0.000000,28.432327,9.000000
2.507812,0.482422,-0.339844,0.000000,26.946053,9.000000
2.548828,-0.263672,1.181641,0.000000,29.429996,9.000000
2.601562,-0.267578,1.166016,0.000000,32.780674,9.000000
2.658203,-0.181641,1.158203,0.000000,32.035767,9.000000
4.416016,-0.287109,1.183594,0.000000,30.674429,9.000000
4.460938,-0.289062,1.175781,0.000000,30.362295,9.000000
4.677734,-0.445312,-0.654297,0.000000,29.375179,9.000000
4.750000,-0.298828,-0.507812,0.000000,33.072819,9.000000
4.787109,-0.453125,-0.421875,0.000000,33.636120,9.000000
4.843750,-0.457031,-0.150391,0.000000,30.346285,9.000000
4.808594,-0.460938,0.876953,0.000000,29.717396,9.000000
4.851562,-0.464844,0.859375,0.000000,30.766405,9.000000
0.041016,-0.033203,0.062500,0.000000,30.119930,9.000000
0.052734,-0.042969,0.103516,0.000000,28.998205,9.000000
1.117188,-0.515625,0.304688,0.000000,19.030899,9.000000
1.941406,-0.402344,1.646484,0.000000,24.409090,9.000000
2.759766,-2.003906,-3.058594,0.000000,27.853298,9.000000
2.734375,-2.021484,-3.130859,0.000000,27.489628,9.000000
4.718750,-0.597656,-0.533203,0.000000,33.072819,9.000000
0.011719,-0.039062,-0.007812,0.000000,30.762762,10.000000
0.017578,-0.080078,-0.007812,0.000000,31.986570,10.000000
0.029297,-0.119141,-0.005859,0.000000,30.257154,10.000000
0.056641,-0.154297,0.005859,0.000000,25.502283,10.000000
0.292969,-0.080078,-1.230469,0.000000,21.875208,10.000000
0.341797,-0.041016,1.263672,0.000000,23.242825,10.000000
0.451172,-0.000000,1.273438,0.000000,21.875208,10.000000
2.546875,-0.263672,1.189453,0.000000,29.425041,10.000000
2.601562,-0.267578,1.166016,0.000000,32.778385,10.000000
2.656250,-0.181641,1.160156,0.000000,32.041199,10.000000
4.412109,-0.287109,1.199219,0.000000,30.644581,10.000000
4.453125,-0.289062,1.203125,0.000000,30.273497,10.000000
4.718750,-0.597656,-0.533203,0.000000,33.077099,10.000000
4.785156,-0.453125,-0.435547,0.000000,33.636120,10.000000
4.843750,-0.457031,-0.158203,0.000000,30.378248,10.000000
4.810547,-0.460938,0.865234,0.000000,29.885590,10.000000
4.839844,-0.464844,0.931641,0.000000,30.820669,10.000000
0.041016,-0.033203,0.062500,0.000000,30.119930,10.000000
0.052734,-0.042969,0.103516,0.000000,29.003672,10.000000
1.121094,-0.515625,0.294922,0.000000,19.084850,10.000000
2.783203,-2.003906,-3.037109,0.000000,27.803173,10.000000
2.730469,-2.021484,-3.132812,0.000000,27.520485,10.000000
4.750000,-0.298828,-0.507812,0.000000,33.070679,10.000000
0.011719,-0.039062,-0.007812,0.000000,30.759117,11.000000
0.017578,-0.080078,-0.007812,0.000000,31.986570,11.000000
0.041016,-0.115234,-0.007812,0.000000,30.257154,11.000000
0.056641,-0.154297,0.005859,0.000000,25.502283,11.000000
0.304688,-0.080078,-1.228516,0.000000,21.846914,11.000000
0.343750,-0.041016,1.261719,0.000000,23.222193,11.000000
0.429688,-0.000000,1.279297,0.000000,21.875208,11.000000
2.433594,0.468750,-0.298828,0.000000,28.847954,11.000000
2.470703,0.474609,-0.320312,0.000000,28.819550,11.000000
2.544922,-0.263672,1.193359,0.000000,29.434946,11.000000
2.601562,-0.267578,1.167969,0.000000,32.778385,11.000000
2.656250,-0.181641,1.162109,0.000000,32.033051,11.000000
4.408203,-0.287109,1.216797,0.000000,30.637085,11.000000
4.439453,-0.289062,1.253906,0.000000,30.318123,11.000000
4.718750,-0.597656,-0.535156,0.000000,33.042751,11.000000
4.785156,-0.453125,-0.433594,0.000000,33.598354,11.000000
4.841797,-0.457031,-0.193359,0.000000,30.318123,11.000000
4.826172,-0.460938,0.771484,0.000000,29.800034,11.000000
4.859375,-0.464844,0.816406,0.000000,30.726175,11.000000
0.041016,-0.033203,0.062500,0.000000,30.115704,11.000000
0.052734,-0.042969,0.103516,0.000000,28.998205,11.000000
1.119141,-0.515625,0.300781,0.000000,18.976271,11.000000
2.767578,-2.003906,-3.052734,0.000000,27.846172,11.000000
2.746094,-2.021484,-3.119141,0.000000,27.489628,11.000000
4.750000,-0.298828,-0.503906,0.000000,33.036282,11.000000
0.011719,-0.039062,-0.007812,0.000000,30.755470,12.000000
0.017578,-0.080078,-0.007812,0.000000,31.989319,12.000000
0.029297,-0.119141,-0.005859,0.000000,30.261246,12.000000
0.056641,-0.154297,0.003906,0.000000,25.502283,12.000000
0.314453,-0.080078,-1.226562,0.000000,21.846914,12.000000
0.339844,-0.041016,1.263672,0.000000,23.242825,12.000000
0.435547,-0.000000,1.277344,0.000000,21.931246,12.000000
2.550781,-0.263672,1.179688,0.000000,29.439888,12.000000
2.603516,-0.267578,1.162109,0.000000,32.785248,12.000000
2.658203,-0.181641,1.156250,0.000000,32.041199,12.000000
4.410156,-0.287109,1.207031,0.000000,30.644581,12.000000
4.416016,-0.433594,1.292969,0.000000,30.178677,12.000000
4.716797,-0.597656,-0.548828,0.000000,33.042751,12.000000
4.789062,-0.453125,-0.408203,0.000000,33.651134,12.000000
4.843750,-0.457031,-0.138672,0.000000,30.358297,12.000000
4.810547,-0.460938,0.859375,0.000000,29.735897,12.000000
4.839844,-0.464844,0.925781,0.000000,30.773680,12.000000
0.041016,-0.033203,0.062500,0.000000,30.115704,12.000000
0.052734,-0.042969,0.103516,0.000000,28.992731,12.000000
1.113281,-0.515625,0.318359,0.000000,18.976271,12.000000
2.765625,-2.003906,-3.052734,0.000000,27.795965,12.000000
2.808594,-2.021484,-3.064453,0.000000,27.427252,12.000000
0.011719,-0.039062,-0.007812,0.000000,30.766405,13.000000
0.017578,-0.080078,-0.007812,0.000000,31.989319,13.000000
0.041016,-0.115234,-0.007812,0.000000,30.261246,13.000000
0.056641,-0.154297,0.005859,0.000000,25.514500,13.000000
0.287109,-0.080078,-1.232422,0.000000,21.846914,13.000000
0.361328,-0.041016,1.257812,0.000000,23.263359,13.000000
0.453125,-0.000000,1.271484,0.000000,21.903316,13.000000
2.548828,-0.263672,1.183594,0.000000,29.439888,13.000000
2.603516,-0.267578,1.160156,0.000000,32.776093,13.000000
2.658203,-0.181641,1.154297,0.000000,32.024883,13.000000
4.412109,-0.287109,1.203125,0.000000,30.663260,13.000000
4.443359,-0.289062,1.244141,0.000000,30.273497,13.000000
4.714844,-0.597656,-0.564453,0.000000,33.057812,13.000000
4.787109,-0.453125,-0.423828,0.000000,33.583157,13.000000
4.843750,-0.457031,-0.140625,0.000000,30.330214,13.000000
4.828125,-0.460938,0.763672,0.000000,29.786369,13.000000
4.855469,-0.464844,0.837891,0.000000,30.718821,13.000000
0.041016,-0.033203,0.062500,0.000000,30.119930,13.000000
0.052734,-0.042969,0.103516,0.000000,28.998205,13.000000
1.119141,-0.515625,0.302734,0.000000,18.920946,13.000000
2.763672,-2.003906,-3.054688,0.000000,27.803173,13.000000
2.796875,-2.021484,-3.074219,0.000000,27.435097,13.000000
4.746094,-0.298828,-0.531250,0.000000,33.038437,13.000000
0.011719,-0.039062,-0.007812,0.000000,30.762762,14.000000
0.017578,-0.080078,-0.007812,0.000000,31.992065,14.000000
0.041016,-0.115234,-0.007812,0.000000,30.265333,14.000000
0.056641,-0.154297,0.005859,0.000000,25.526682,14.000000
0.304688,-0.080078,-1.228516,0.000000,21.846914,14.000000
0.351562,-0.041016,1.259766,0.000000,23.201464,14.000000
0.451172,-0.000000,1.271484,0.000000,21.818436,14.000000
2.398438,0.460938,-0.238281,0.000000,26.263403,14.000000
2.439453,0.468750,-0.242188,0.000000,28.549129,14.000000
2.480469,0.474609,-0.236328,0.000000,28.325089,14.000000
2.515625,0.482422,-0.281250,0.000000,27.050079,14.000000
2.546875,-0.263672,1.189453,0.000000,29.444826,14.000000
2.601562,-0.267578,1.166016,0.000000,32.782963,14.000000
2.654297,-0.181641,1.164062,0.000000,32.033051,14.000000
4.414062,-0.287109,1.197266,0.000000,30.652061,14.000000
4.447266,-0.289062,1.224609,0.000000,30.273497,14.000000
4.716797,-0.597656,-0.544922,0.000000,32.944664,14.000000
4.787109,-0.453125,-0.417969,0.000000,33.639877,14.000000
4.843750,-0.457031,-0.154297,0.000000,30.496056,14.000000
4.839844,-0.464844,0.929688,0.000000,30.715137,14.000000
0.041016,-0.033203,0.062500,0.000000,30.119930,14.000000
0.052734,-0.042969,0.103516,0.000000,28.998205,14.000000
1.119141,-0.515625,0.298828,0.000000,18.976271,14.000000
1.714844,-0.482422,1.863281,0.000000,25.010593,14.000000
2.767578,-2.003906,-3.050781,0.000000,27.795965,14.000000
2.742188,-2.021484,-3.123047,0.000000,27.427252,14.000000
4.750000,-0.298828,-0.513672,0.000000,32.926991,14.000000
0.011719,-0.039062,-0.007812,0.000000,30.762762,15.000000
0.017578,-0.080078,-0.007812,0.000000,31.992065,15.000000
0.041016,-0.115234,-0.007812,0.000000,30.265333,15.000000
0.056641,-0.154297,0.005859,0.000000,25.526682,15.000000
0.298828,-0.080078,-1.230469,0.000000,21.875208,15.000000
0.363281,-0.041016,1.255859,0.000000,23.242825,15.000000
0.466797,-0.000000,1.265625,0.000000,21.903316,15.000000
2.552734,-0.263672,1.177734,0.000000,29.439888,15.000000
2.607422,-0.267578,1.154297,0.000000,32.785248,15.000000
2.666016,-0.181641,1.136719,0.000000,32.041199,15.000000
4.414062,-0.287109,1.197266,0.000000,30.689276,15.000000
4.453125,-0.289062,1.203125,0.000000,30.326187,15.000000
4.748047,-0.298828,-0.519531,0.000000,33.047058,15.000000
4.785156,-0.453125,-0.451172,0.000000,33.647385,15.000000
4.839844,-0.457031,-0.246094,0.000000,30.374266,15.000000
4.830078,-0.460938,0.750000,0.000000,29.518230,15.000000
4.859375,-0.464844,0.814453,0.000000,30.629578,15.000000
0.041016,-0.033203,0.062500,0.000000,30.119930,15.000000
0.052734,-0.042969,0.103516,0.000000,29.003672,15.000000
1.117188,-0.515625,0.304688,0.000000,18.976271,15.000000
2.792969,-2.003906,-3.029297,0.000000,27.795965,15.000000
2.802734,-2.021484,-3.068359,0.000000,27.411516,15.000000
4.716797,-0.597656,-0.544922,0.000000,33.029800,15.000000
0.011719,-0.039062,-0.007812,0.000000,30.762762,16.000000
0.017578,-0.080078,-0.007812,0.000000,31.989319,16.000000
0.041016,-0.115234,-0.007812,0.000000,30.257154,16.000000
0.056641,-0.154297,0.005859,0.000000,25.514500,16.000000
0.291016,-0.080078,-1.232422,0.000000,21.818436,16.000000
0.339844,-0.041016,1.263672,0.000000,23.222193,16.000000
0.425781,-0.000000,1.281250,0.000000,21.875208,16.000000
2.550781,-0.263672,1.177734,0.000000,29.439888,16.000000
2.605469,-0.267578,1.158203,0.000000,32.780674,16.000000
2.658203,-0.181641,1.156250,0.000000,32.046623,16.000000
4.414062,-0.287109,1.193359,0.000000,30.648323,16.000000
4.453125,-0.289062,1.205078,0.000000,30.289778,16.000000
4.716797,-0.597656,-0.548828,0.000000,33.092041,16.000000
4.785156,-0.453125,-0.437500,0.000000,33.662361,16.000000
4.843750,-0.457031,-0.169922,0.000000,30.484419,16.000000
4.849609,-0.464844,0.875000,0.000000,30.737183,16.000000
0.041016,-0.033203,0.062500,0.000000,30.119930,16.000000
0.052734,-0.042969,0.103516,0.000000,28.998205,16.000000
1.117188,-0.515625,0.306641,0.000000,19.084850,16.000000
2.765625,-2.003906,-3.052734,0.000000,27.810369,16.000000
2.789062,-2.021484,-3.082031,0.000000,27.435097,16.000000
0.011719,-0.039062,-0.007812,0.000000,30.770042,17.000000
0.017578,-0.080078,-0.007812,0.000000,31.992065,17.000000
0.041016,-0.115234,-0.007812,0.000000,30.265333,17.000000
0.056641,-0.154297,0.005859,0.000000,25.526682,17.000000
0.324219,-0.080078,-1.222656,0.000000,21.846914,17.000000
0.335938,-0.041016,1.263672,0.000000,23.222193,17.000000
0.455078,-0.000000,1.271484,0.000000,21.846914,17.000000
2.451172,0.468750,0.017578,0.000000,27.701153,17.000000
2.490234,0.474609,0.037109,0.000000,26.646420,17.000000
2.544922,-0.263672,1.193359,0.000000,29.439888,17.000000
2.603516,-0.267578,1.162109,0.000000,32.778385,17.000000
2.662109,-0.181641,1.146484,0.000000,32.035767,17.000000
4.412109,-0.287109,1.203125,0.000000,30.648323,17.000000
4.429688,-0.433594,1.246094,0.000000,30.248960,17.000000
4.718750,-0.597656,-0.535156,0.000000,33.083511,17.000000
4.785156,-0.453125,-0.433594,0.000000,33.660492,17.000000
4.841797,-0.457031,-0.208984,0.000000,30.338257,17.000000
4.814453,-0.460938,0.843750,0.000000,29.532763,17.000000
4.843750,-0.464844,0.906250,0.000000,30.692980,17.000000
0.041016,-0.033203,0.062500,0.000000,30.124153,17.000000
0.052734,-0.042969,0.103516,0.000000,29.009130,17.000000
1.117188,-0.515625,0.310547,0.000000,19.030899,17.000000
2.771484,-2.003906,-3.048828,0.000000,27.781513,17.000000
2.773438,-2.021484,-3.095703,0.000000,27.395723,17.000000
0.011719,-0.039062,-0.007812,0.000000,30.770042,18.000000
0.017578,-0.080078,-0.007812,0.000000,31.992065,18.000000
0.029297,-0.119141,-0.005859,0.000000,30.261246,18.000000
0.056641,-0.154297,0.005859,0.000000,25.514500,18.000000
0.314453,-0.080078,-1.226562,0.000000,21.846914,18.000000
0.337891,-0.041016,1.263672,0.000000,23.242825,18.000000
0.443359,-0.000000,1.275391,0.000000,21.903316,18.000000
2.544922,-0.263672,1.193359,0.000000,29.454685,18.000000
2.599609,-0.267578,1.167969,0.000000,32.787537,18.000000
2.654297,-0.181641,1.166016,0.000000,32.030331,18.000000
4.412109,-0.287109,1.199219,0.000000,30.696680,18.000000
4.421875,-0.433594,1.271484,0.000000,30.305998,18.000000
4.714844,-0.597656,-0.558594,0.000000,33.092041,18.000000
4.785156,-0.453125,-0.445312,0.000000,33.677284,18.000000
4.841797,-0.457031,-0.205078,0.000000,30.326187,18.000000
4.806641,-0.460938,0.886719,0.000000,29.623693,18.000000
4.843750,-0.464844,0.904297,0.000000,30.737183,18.000000
0.041016,-0.033203,0.062500,0.000000,30.115704,18.000000
0.052734,-0.042969,0.103516,0.000000,28.998205,18.000000
1.117188,-0.515625,0.304688,0.000000,18.920946,18.000000
2.814453,-2.003906,-3.007812,0.000000,27.817554,18.000000
2.859375,-2.021484,-3.017578,0.000000,27.442930,18.000000
4.746094,-0.298828,-0.537109,0.000000,33.068539,18.000000
0.011719,-0.039062,-0.007812,0.000000,30.762762,19.000000
0.017578,-0.080078,-0.007812,0.000000,31.992065,19.000000
0.041016,-0.115234,-0.007812,0.000000,30.261246,19.000000
0.056641,-0.154297,0.005859,0.000000,25.514500,19.000000
0.310547,-0.080078,-1.226562,0.000000,21.846914,19.000000
0.328125,-0.041016,1.265625,0.000000,23.222193,19.000000
0.419922,-0.000000,1.283203,0.000000,21.846914,19.000000
2.550781,-0.263672,1.177734,0.000000,29.439888,19.000000
2.601562,-0.267578,1.164062,0.000000,32.782963,19.000000
2.658203,-0.181641,1.158203,0.000000,32.041199,19.000000
4.419922,-0.287109,1.169922,0.000000,30.678144,19.000000
4.480469,-0.289062,1.099609,0.000000,30.390173,19.000000
4.685547,-0.445312,-0.603516,0.000000,29.604708,19.000000
4.750000,-0.298828,-0.513672,0.000000,33.081375,19.000000
4.785156,-0.453125,-0.437500,0.000000,33.649261,19.000000
4.841797,-0.457031,-0.210938,0.000000,30.366289,19.000000
4.814453,-0.460938,0.835938,0.000000,29.637878,19.000000
4.853516,-0.464844,0.851562,0.000000,30.674429,19.000000
0.041016,-0.033203,0.062500,0.000000,30.124153,19.000000
0.052734,-0.042969,0.103516,0.000000,28.998205,19.000000
1.117188,-0.515625,0.306641,0.000000,18.976271,19.000000
2.765625,-2.003906,-3.052734,0.000000,27.795965,19.000000
2.687500,-2.021484,-3.169922,0.000000,27.481880,19.000000
4.718750,-0.597656,-0.539062,0.000000,33.081375,19.000000
0.011719,-0.039062,-0.007812,0.000000,30.759117,20.000000
0.017578,-0.080078,-0.007812,0.000000,31.992065,20.000000
0.029297,-0.119141,-0.005859,0.000000,30.269417,20.000000
0.056641,-0.154297,0.005859,0.000000,25.526682,20.000000
0.269531,-0.080078,-1.236328,0.000000,21.846914,20.000000
0.367188,-0.041016,1.255859,0.000000,23.242825,20.000000
0.458984,-0.000000,1.269531,0.000000,21.931246,20.000000
2.429688,0.306641,-0.169922,0.000000,28.280151,20.000000
2.453125,0.312500,-0.335938,0.000000,27.435097,20.000000
2.550781,-0.263672,1.179688,0.000000,29.469433,20.000000
2.603516,-0.267578,1.160156,0.000000,32.798950,20.000000
2.658203,-0.181641,1.154297,0.000000,32.054749,20.000000
4.402344,-0.287109,1.232422,0.000000,30.637085,20.000000
4.398438,-0.433594,1.353516,0.000000,30.228407,20.000000
4.716797,-0.597656,-0.546875,0.000000,33.005955,20.000000
4.785156,-0.453125,-0.443359,0.000000,33.638000,20.000000
4.841797,-0.457031,-0.222656,0.000000,30.421816,20.000000
4.814453,-0.460938,0.837891,0.000000,29.590414,20.000000
4.847656,-0.464844,0.882812,0.000000,30.696680,20.000000
0.041016,-0.033203,0.062500,0.000000,30.119930,20.000000
0.052734,-0.042969,0.103516,0.000000,28.998205,20.000000
1.121094,-0.515625,0.294922,0.000000,18.920946,20.000000
2.765625,-2.003906,-3.052734,0.000000,27.810369,20.000000
2.824219,-2.021484,-3.050781,0.000000,27.435097,20.000000
0.011719,-0.039062,-0.007812,0.000000,30.755470,21.000000
0.017578,-0.080078,-0.007812,0.000000,31.986570,21.000000
0.041016,-0.115234,-0.007812,0.000000,30.257154,21.000000
0.056641,-0.154297,0.005859,0.000000,25.514500,21.000000
0.322266,-0.080078,-1.224609,0.000000,21.846914,21.000000
0.355469,-0.041016,1.259766,0.000000,23.201464,21.000000
0.451172,-0.000000,1.273438,0.000000,21.875208,21.000000
2.443359,0.468750,-0.193359,0.000000,27.315887,21.000000
2.482422,0.474609,-0.214844,0.000000,27.923918,21.000000
2.537109,0.402344,-0.195312,0.000000,26.972294,21.000000
2.556641,-0.263672,1.164062,0.000000,29.464523,21.000000
2.605469,-0.267578,1.158203,0.000000,32.792107,21.000000
2.658203,-0.181641,1.154297,0.000000,32.049335,21.000000
4.414062,-0.287109,1.193359,0.000000,30.666985,21.000000
4.429688,-0.433594,1.248047,0.000000,30.310043,21.000000
4.705078,-0.296875,-0.544922,0.000000,29.547249,21.000000
4.716797,-0.597656,-0.554688,0.000000,33.062103,21.000000
4.785156,-0.453125,-0.441406,0.000000,33.677284,21.000000
4.841797,-0.457031,-0.203125,0.000000,30.461048,21.000000
4.810547,-0.460938,0.859375,0.000000,29.604708,21.000000
4.855469,-0.464844,0.841797,0.000000,30.726175,21.000000
0.041016,-0.033203,0.062500,0.000000,30.124153,21.000000
0.052734,-0.042969,0.103516,0.000000,29.003672,21.000000
1.119141,-0.515625,0.300781,0.000000,18.976271,21.000000
2.505859,0.564453,-0.214844,0.000000,26.963564,21.000000
2.751953,-2.003906,-3.066406,0.000000,27.853298,21.000000
2.718750,-2.021484,-3.144531,0.000000,27.558748,21.000000
0.011719,-0.039062,-0.007812,0.000000,30.755470,22.000000
0.017578,-0.080078,-0.007812,0.000000,31.992065,22.000000
0.041016,-0.115234,-0.007812,0.000000,30.265333,22.000000
0.056641,-0.154297,0.005859,0.000000,25.514500,22.000000
0.267578,-0.080078,-1.236328,0.000000,21.875208,22.000000
0.357422,-0.041016,1.259766,0.000000,23.242825,22.000000
0.439453,-0.000000,1.277344,0.000000,21.903316,22.000000
2.408203,0.460938,-0.117188,0.000000,25.740313,22.000000
2.447266,0.468750,-0.125000,0.000000,27.678976,22.000000
2.501953,0.396484,-0.140625,0.000000,26.253124,22.000000
2.556641,-0.263672,1.164062,0.000000,29.429996,22.000000
2.607422,-0.267578,1.154297,0.000000,32.785248,22.000000
2.666016,-0.181641,1.138672,0.000000,32.038486,22.000000
4.408203,-0.287109,1.214844,0.000000,30.659531,22.000000
4.453125,-0.289062,1.205078,0.000000,30.378248,22.000000
4.750000,-0.298828,-0.501953,0.000000,33.087776,22.000000
4.787109,-0.453125,-0.425781,0.000000,33.669830,22.000000
4.841797,-0.457031,-0.216797,0.000000,30.378248,22.000000
4.867188,-0.464844,0.771484,0.000000,30.670708,22.000000
0.041016,-0.033203,0.062500,0.000000,30.119930,22.000000
0.052734,-0.042969,0.103516,0.000000,28.998205,22.000000
1.117188,-0.515625,0.306641,0.000000,18.976271,22.000000
2.755859,-2.003906,-3.062500,0.000000,27.824726,22.000000
2.724609,-2.021484,-3.138672,0.000000,27.458551,22.000000
4.718750,-0.597656,-0.523438,0.000000,33.083511,22.000000
0.011719,-0.039062,-0.007812,0.000000,30.759117,23.000000
0.017578,-0.080078,-0.007812,0.000000,31.992065,23.000000
0.029297,-0.119141,-0.005859,0.000000,30.265333,23.000000
0.056641,-0.154297,0.003906,0.000000,25.526682,23.000000
0.267578,-0.080078,-1.236328,0.000000,21.875208,23.000000
0.382812,-0.041016,1.251953,0.000000,23.242825,23.000000
0.484375,-0.000000,1.259766,0.000000,21.903316,23.000000
2.421875,0.382812,-0.087891,0.000000,27.041506,23.000000
2.550781,-0.263672,1.177734,0.000000,29.469433,23.000000
2.603516,-0.267578,1.160156,0.000000,32.785248,23.000000
2.658203,-0.181641,1.158203,0.000000,32.024883,23.000000
4.410156,-0.287109,1.210938,0.000000,30.637085,23.000000
4.445312,-0.289062,1.236328,0.000000,30.265333,23.000000
4.718750,-0.597656,-0.531250,0.000000,33.064251,23.000000
4.787109,-0.453125,-0.429688,0.000000,33.666096,23.000000
4.843750,-0.457031,-0.185547,0.000000,30.461048,23.000000
4.822266,-0.460938,0.794922,0.000000,29.735897,23.000000
4.861328,-0.464844,0.806641,0.000000,30.659531,23.000000
0.041016,-0.033203,0.062500,0.000000,30.119930,23.000000
0.052734,-0.042969,0.103516,0.000000,29.003672,23.000000
1.123047,-0.515625,0.281250,0.000000,18.920946,23.000000
2.785156,-2.003906,-3.037109,0.000000,27.774269,23.000000
2.734375,-2.021484,-3.130859,0.000000,27.419392,23.000000
0.011719,-0.039062,-0.007812,0.000000,30.762762,24.000000
0.017578,-0.080078,-0.007812,0.000000,31.992065,24.000000
0.041016,-0.115234,-0.007812,0.000000,30.261246,24.000000
0.056641,-0.154297,0.005859,0.000000,25.514500,24.000000
0.332031,-0.080078,-1.220703,0.000000,21.875208,24.000000
0.333984,-0.041016,1.265625,0.000000,23.242825,24.000000
0.443359,-0.000000,1.275391,0.000000,21.875208,24.000000
2.433594,0.468750,-0.285156,0.000000,26.683859,24.000000
2.550781,-0.263672,1.177734,0.000000,29.439888,24.000000
2.603516,-0.267578,1.162109,0.000000,32.769211,24.000000
2.656250,-0.181641,1.160156,0.000000,32.019432,24.000000
4.410156,-0.287109,1.205078,0.000000,30.670708,24.000000
4.441406,-0.289062,1.246094,0.000000,30.322157,24.000000
4.720703,-0.597656,-0.515625,0.000000,33.113300,24.000000
4.787109,-0.453125,-0.425781,0.000000,33.699577,24.000000
4.841797,-0.457031,-0.195312,0.000000,30.464952,24.000000
4.845703,-0.464844,0.892578,0.000000,30.633333,24.000000
0.041016,-0.033203,0.062500,0.000000,30.128372,24.000000
0.052734,-0.042969,0.103516,0.000000,29.003672,24.000000
1.117188,-0.515625,0.304688,0.000000,18.976271,24.000000
2.763672,-2.003906,-3.054688,0.000000,27.803173,24.000000
2.789062,-2.021484,-3.082031,0.000000,27.403627,24.000000
4.750000,-0.298828,-0.498047,0.000000,33.100559,24.000000
0.011719,-0.039062,-0.007812,0.000000,30.766405,25.000000
0.017578,-0.080078,-0.007812,0.000000,31.989319,25.000000
0.041016,-0.115234,-0.007812,0.000000,30.257154,25.000000
0.056641,-0.154297,0.005859,0.000000,25.514500,25.000000
0.324219,-0.080078,-1.222656,0.000000,21.875208,25.000000
0.332031,-0.041016,1.265625,0.000000,23.263359,25.000000
0.419922,-0.000000,1.283203,0.000000,21.931246,25.000000
2.421875,0.382812,-0.109375,0.000000,27.363964,25.000000
2.447266,0.468750,-0.132812,0.000000,28.674675,25.000000
2.490234,0.474609,-0.095703,0.000000,26.954817,25.000000
2.554688,-0.263672,1.171875,0.000000,29.459606,25.000000
2.607422,-0.267578,1.154297,0.000000,32.789822,25.000000
2.662109,-0.181641,1.146484,0.000000,32.052044,25.000000
4.412109,-0.287109,1.201172,0.000000,30.678144,25.000000
4.427734,-0.433594,1.257812,0.000000,30.285713,25.000000
4.718750,-0.597656,-0.533203,0.000000,33.062103,25.000000
4.787109,-0.453125,-0.425781,0.000000,33.686588,25.000000
4.843750,-0.457031,-0.166016,0.000000,30.457140,25.000000
4.796875,-0.460938,0.931641,0.000000,29.604708,25.000000
4.832031,-0.464844,0.962891,0.000000,30.784569,25.000000
0.041016,-0.033203,0.062500,0.000000,30.115704,25.000000
0.052734,-0.042969,0.103516,0.000000,28.992731,25.000000
1.119141,-0.515625,0.298828,0.000000,18.976271,25.000000
2.789062,-2.003906,-3.031250,0.000000,27.810369,25.000000
2.769531,-2.021484,-3.099609,0.000000,27.466343,25.000000
0.011719,-0.039062,-0.007812,0.000000,30.766405,26.000000
0.017578,-0.080078,-0.007812,0.000000,31.992065,26.000000
0.041016,-0.115234,-0.007812,0.000000,30.261246,26.000000
0.056641,-0.154297,0.005859,0.000000,25.514500,26.000000
0.294922,-0.080078,-1.230469,0.000000,21.789770,26.000000
0.361328,-0.041016,1.257812,0.000000,23.180634,26.000000
0.458984,-0.000000,1.269531,0.000000,21.846914,26.000000
2.554688,-0.263672,1.171875,0.000000,29.434946,26.000000
2.605469,-0.267578,1.156250,0.000000,32.778385,26.000000
2.660156,-0.181641,1.150391,0.000000,32.038486,26.000000
4.417969,-0.287109,1.175781,0.000000,30.670708,26.000000
4.451172,-0.289062,1.210938,0.000000,30.289778,26.000000
4.677734,-0.445312,-0.667969,0.000000,29.415113,26.000000
4.716797,-0.597656,-0.554688,0.000000,33.059959,26.000000
4.783203,-0.453125,-0.455078,0.000000,33.647385,26.000000
4.837891,-0.457031,-0.273438,0.000000,30.358297,26.000000
4.832031,-0.460938,0.730469,0.000000,29.656719,26.000000
4.861328,-0.464844,0.800781,0.000000,30.692980,26.000000
0.041016,-0.033203,0.062500,0.000000,30.119930,26.000000
0.052734,-0.042969,0.103516,0.000000,28.998205,26.000000
1.113281,-0.515625,0.318359,0.000000,18.864906,26.000000
2.757812,-2.003906,-3.060547,0.000000,27.824726,26.000000
2.732422,-2.021484,-3.132812,0.000000,27.481880,26.000000
4.748047,-0.298828,-0.525391,0.000000,33.051365,26.000000
0.011719,-0.039062,-0.007812,0.000000,30.759117,27.000000
0.017578,-0.080078,-0.007812,0.000000,31.989319,27.000000
0.041016,-0.115234,-0.007812,0.000000,30.261246,27.000000
0.056641,-0.154297,0.005859,0.000000,25.514500,27.000000
0.330078,-0.080078,-1.222656,0.000000,21.903316,27.000000
0.318359,-0.041016,1.269531,0.000000,23.304138,27.000000
0.437500,-0.000000,1.277344,0.000000,21.958996,27.000000
2.554688,-0.263672,1.171875,0.000000,29.459606,27.000000
2.605469,-0.267578,1.156250,0.000000,32.789822,27.000000
2.666016,-0.181641,1.138672,0.000000,32.035767,27.000000
4.410156,-0.287109,1.208984,0.000000,30.681858,27.000000
4.445312,-0.289062,1.236328,0.000000,30.301949,27.000000
4.716797,-0.597656,-0.550781,0.000000,33.081375,27.000000
4.785156,-0.453125,-0.449219,0.000000,33.630474,27.000000
4.841797,-0.457031,-0.220703,0.000000,30.526939,27.000000
4.839844,-0.460938,0.675781,0.000000,29.916691,27.000000
4.861328,-0.464844,0.810547,0.000000,30.762762,27.000000
0.041016,-0.033203,0.062500,0.000000,30.119930,27.000000
0.052734,-0.042969,0.103516,0.000000,29.009130,27.000000
2.769531,-2.003906,-3.048828,0.000000,27.803173,27.000000
2.769531,-2.021484,-3.099609,0.000000,27.411516,27.000000
4.748047,-0.298828,-0.527344,0.000000,33.066395,27.000000
0.011719,-0.039062,-0.007812,0.000000,30.762762,28.000000
0.017578,-0.080078,-0.007812,0.000000,31.989319,28.000000
0.041016,-0.115234,-0.007812,0.000000,30.253059,28.000000
0.056641,-0.154297,0.003906,0.000000,25.502283,28.000000
0.304688,-0.080078,-1.228516,0.000000,21.846914,28.000000
0.332031,-0.041016,1.265625,0.000000,23.242825,28.000000
0.437500,-0.000000,1.277344,0.000000,21.958996,28.000000
2.548828,-0.263672,1.183594,0.000000,29.434946,28.000000
2.603516,-0.267578,1.160156,0.000000,32.778385,28.000000
2.662109,-0.181641,1.148438,0.000000,32.027607,28.000000
4.414062,-0.287109,1.195312,0.000000,30.648323,28.000000
4.435547,-0.433594,1.224609,0.000000,30.314085,28.000000
4.708984,-0.296875,-0.507812,0.000000,29.503649,28.000000
4.738281,-0.449219,-0.501953,0.000000,33.102684,28.000000
4.787109,-0.453125,-0.429688,0.000000,33.699577,28.000000
4.841797,-0.457031,-0.210938,0.000000,30.515385,28.000000
4.849609,-0.464844,0.875000,0.000000,30.681858,28.000000
0.041016,-0.033203,0.062500,0.000000,30.115704,28.000000
0.052734,-0.042969,0.103516,0.000000,28.987251,28.000000
1.117188,-0.515625,0.310547,0.000000,18.976271,28.000000
2.787109,-2.003906,-3.035156,0.000000,27.795965,28.000000
2.753906,-2.021484,-3.113281,0.000000,27.458551,28.000000
0.011719,-0.039062,-0.007812,0.000000,30.755470,29.000000
0.017578,-0.080078,-0.007812,0.000000,31.989319,29.000000
0.041016,-0.115234,-0.007812,0.000000,30.261246,29.000000
0.056641,-0.154297,0.005859,0.000000,25.526682,29.000000
0.292969,-0.080078,-1.230469,0.000000,21.818436,29.000000
0.357422,-0.041016,1.257812,0.000000,23.201464,29.000000
0.445312,-0.000000,1.275391,0.000000,21.846914,29.000000
2.546875,-0.263672,1.185547,0.000000,29.444826,29.000000
2.603516,-0.267578,1.162109,0.000000,32.782963,29.000000
2.658203,-0.181641,1.156250,0.000000,32.024883,29.000000
4.414062,-0.287109,1.193359,0.000000,30.666985,29.000000
4.445312,-0.289062,1.230469,0.000000,30.277573,29.000000
4.716797,-0.597656,-0.541016,0.000000,33.005955,29.000000
4.787109,-0.453125,-0.429688,0.000000,33.594559,29.000000
4.843750,-0.457031,-0.183594,0.000000,30.350292,29.000000
4.859375,-0.464844,0.820312,0.000000,30.618294,29.000000
0.041016,-0.033203,0.062500,0.000000,30.119930,29.000000
0.052734,-0.042969,0.103516,0.000000,29.003672,29.000000
1.119141,-0.515625,0.296875,0.000000,18.976271,29.000000
2.792969,-2.003906,-3.029297,0.000000,27.803173,29.000000
2.791016,-2.021484,-3.080078,0.000000,27.427252,29.000000
0.011719,-0.039062,-0.007812,0.000000,30.762762,30.000000
0.017578,-0.080078,-0.007812,0.000000,31.989319,30.000000
0.041016,-0.115234,-0.007812,0.000000,30.261246,30.000000
0.056641,-0.154297,0.005859,0.000000,25.526682,30.000000
0.328125,-0.080078,-1.222656,0.000000,21.789770,30.000000
0.333984,-0.041016,1.265625,0.000000,23.222193,30.000000
0.417969,-0.000000,1.283203,0.000000,21.875208,30.000000
2.550781,-0.263672,1.177734,0.000000,29.454685,30.000000
2.605469,-0.267578,1.158203,0.000000,32.792107,30.000000
2.660156,-0.181641,1.150391,0.000000,32.038486,30.000000
4.416016,-0.287109,1.185547,0.000000,30.666985,30.000000
4.453125,-0.289062,1.208984,0.000000,30.293839,30.000000
4.748047,-0.298828,-0.513672,0.000000,33.051365,30.000000
4.785156,-0.453125,-0.435547,0.000000,33.675423,30.000000
4.841797,-0.457031,-0.216797,0.000000,30.346285,30.000000
4.812500,-0.460938,0.853516,0.000000,29.542425,30.000000
4.847656,-0.464844,0.888672,0.000000,30.733517,30.000000
0.041016,-0.033203,0.062500,0.000000,30.119930,30.000000
0.052734,-0.042969,0.103516,0.000000,28.998205,30.000000
1.119141,-0.515625,0.296875,0.000000,19.084850,30.000000
2.775391,-2.003906,-3.044922,0.000000,27.788744,30.000000
2.812500,-2.021484,-3.060547,0.000000,27.419392,30.000000
4.716797,-0.597656,-0.539062,0.000000,33.042751,30.000000
0.011719,-0.039062,-0.007812,0.000000,30.762762,31.000000
0.017578,-0.080078,-0.007812,0.000000,31.989319,31.000000
0.041016,-0.115234,-0.007812,0.000000,30.261246,31.000000
0.056641,-0.154297,0.005859,0.000000,25.514500,31.000000
0.320312,-0.080078,-1.224609,0.000000,21.818436,31.000000
0.318359,-0.041016,1.269531,0.000000,23.201464,31.000000
0.429688,-0.000000,1.279297,0.000000,21.846914,31.000000
2.544922,-0.263672,1.193359,0.000000,29.454685,31.000000
2.603516,-0.267578,1.162109,0.000000,32.789822,31.000000
2.664062,-0.181641,1.144531,0.000000,32.030331,31.000000
4.412109,-0.287109,1.199219,0.000000,30.659531,31.000000
4.453125,-0.289062,1.203125,0.000000,30.305998,31.000000
4.718750,-0.597656,-0.523438,0.000000,33.042751,31.000000
4.787109,-0.453125,-0.421875,0.000000,33.621052,31.000000
4.843750,-0.457031,-0.152344,0.000000,30.350292,31.000000
4.806641,-0.460938,0.880859,0.000000,29.670797,31.000000
4.841797,-0.464844,0.919922,0.000000,30.704073,31.000000
0.041016,-0.033203,0.062500,0.000000,30.119930,31.000000
0.052734,-0.042969,0.103516,0.000000,29.003672,31.000000
1.119141,-0.515625,0.302734,0.000000,19.030899,31.000000
2.779297,-2.003906,-3.041016,0.000000,27.788744,31.000000
2.800781,-2.021484,-3.070312,0.000000,27.403627,31.000000
4.750000,-0.298828,-0.501953,0.000000,33.027637,31.000000
0.011719,-0.039062,-0.007812,0.000000,30.762762,32.000000
0.017578,-0.080078,-0.007812,0.000000,31.989319,32.000000
0.041016,-0.115234,-0.007812,0.000000,30.257154,32.000000
0.056641,-0.154297,0.005859,0.000000,25.514500,32.000000
0.296875,-0.080078,-1.230469,0.000000,21.846914,32.000000
0.337891,-0.041016,1.263672,0.000000,23.222193,32.000000
0.425781,-0.000000,1.281250,0.000000,21.875208,32.000000
2.548828,-0.263672,1.183594,0.000000,29.459606,32.000000
2.603516,-0.267578,1.164062,0.000000,32.785248,32.000000
2.658203,-0.181641,1.156250,0.000000,32.033051,32.000000
4.412109,-0.287109,1.201172,0.000000,30.678144,32.000000
4.458984,-0.289062,1.185547,0.000000,30.370279,32.000000
4.736328,-0.449219,-0.513672,0.000000,33.053513,32.000000
4.785156,-0.453125,-0.445312,0.000000,33.615391,32.000000
4.841797,-0.457031,-0.222656,0.000000,30.366289,32.000000
4.820312,-0.460938,0.808594,0.000000,29.768084,32.000000
4.855469,-0.464844,0.841797,0.000000,30.755470,32.000000
0.041016,-0.033203,0.062500,0.000000,30.119930,32.000000
0.052734,-0.042969,0.103516,0.000000,28.998205,32.000000
1.115234,-0.515625,0.312500,0.000000,18.976271,32.000000
2.757812,-2.003906,-3.060547,0.000000,27.788744,32.000000
2.755859,-2.021484,-3.111328,0.000000,27.435097,32.000000
0.011719,-0.039062,-0.007812,0.000000,30.762762,33.000000
0.017578,-0.080078,-0.007812,0.000000,31.992065,33.000000
0.029297,-0.119141,-0.005859,0.000000,30.261246,33.000000
0.056641,-0.154297,0.005859,0.000000,25.514500,33.000000
0.291016,-0.080078,-1.232422,0.000000,21.760912,33.000000
0.365234,-0.041016,1.255859,0.000000,23.201464,33.000000
0.480469,-0.000000,1.261719,0.000000,21.875208,33.000000
2.380859,0.376953,-0.126953,0.000000,26.374897,33.000000
2.406250,0.382812,-0.289062,0.000000,26.901960,33.000000
2.556641,-0.263672,1.167969,0.000000,29.429996,33.000000
2.609375,-0.267578,1.148438,0.000000,32.778385,33.000000
2.667969,-0.181641,1.132812,0.000000,32.027607,33.000000
4.410156,-0.287109,1.210938,0.000000,30.637085,33.000000
4.457031,-0.289062,1.191406,0.000000,30.310043,33.000000
4.718750,-0.597656,-0.535156,0.000000,33.023308,33.000000
4.787109,-0.453125,-0.431641,0.000000,33.660492,33.000000
4.841797,-0.457031,-0.208984,0.000000,30.472748,33.000000
4.818359,-0.460938,0.822266,0.000000,29.623693,33.000000
4.853516,-0.464844,0.857422,0.000000,30.707766,33.000000
0.041016,-0.033203,0.062500,0.000000,30.115704,33.000000
0.052734,-0.042969,0.103516,0.000000,28.998205,33.000000
1.119141,-0.515625,0.298828,0.000000,18.976271,33.000000
2.759766,-2.003906,-3.058594,0.000000,27.810369,33.000000
2.755859,-2.021484,-3.111328,0.000000,27.411516,33.000000
4.750000,-0.298828,-0.507812,0.000000,33.010300,33.000000
0.011719,-0.039062,-0.007812,0.000000,30.759117,34.000000
0.017578,-0.080078,-0.007812,0.000000,31.989319,34.000000
0.041016,-0.115234,-0.007812,0.000000,30.261246,34.000000
0.056641,-0.154297,0.005859,0.000000,25.514500,34.000000
0.324219,-0.080078,-1.222656,0.000000,21.875208,34.000000
0.335938,-0.041016,1.263672,0.000000,23.222193,34.000000
0.410156,-0.000000,1.285156,0.000000,21.875208,34.000000
2.404297,0.382812,-0.310547,0.000000,27.315887,34.000000
2.558594,-0.263672,1.164062,0.000000,29.410143,34.000000
2.609375,-0.267578,1.150391,0.000000,32.769211,34.000000
2.664062,-0.181641,1.142578,0.000000,32.046623,34.000000
4.412109,-0.287109,1.201172,0.000000,30.648323,34.000000
4.445312,-0.289062,1.234375,0.000000,30.248960,34.000000
4.718750,-0.597656,-0.535156,0.000000,33.008129,34.000000
4.785156,-0.453125,-0.435547,0.000000,33.611610,34.000000
4.841797,-0.457031,-0.230469,0.000000,30.318123,34.000000
4.828125,-0.460938,0.761719,0.000000,29.680157,34.000000
4.853516,-0.464844,0.847656,0.000000,30.711452,34.000000
0.041016,-0.033203,0.062500,0.000000,30.119930,34.000000
0.052734,-0.042969,0.103516,0.000000,28.998205,34.000000
1.115234,-0.515625,0.310547,0.000000,18.920946,34.000000
2.773438,-2.003906,-3.046875,0.000000,27.839035,34.000000
2.804688,-2.021484,-3.068359,0.000000,27.427252,34.000000
4.750000,-0.298828,-0.505859,0.000000,32.999428,34.000000
0.011719,-0.039062,-0.007812,0.000000,30.759117,35.000000
0.017578,-0.080078,-0.007812,0.000000,31.989319,35.000000
0.029297,-0.119141,-0.005859,0.000000,30.261246,35.000000
0.056641,-0.154297,0.003906,0.000000,25.514500,35.000000
0.287109,-0.080078,-1.232422,0.000000,21.875208,35.000000
0.349609,-0.041016,1.261719,0.000000,23.222193,35.000000
0.447266,-0.000000,1.273438,0.000000,21.846914,35.000000
2.558594,-0.263672,1.164062,0.000000,29.459606,35.000000
2.609375,-0.267578,1.148438,0.000000,32.785248,35.000000
2.664062,-0.181641,1.144531,0.000000,32.041199,35.000000
4.412109,-0.287109,1.201172,0.000000,30.622059,35.000000
4.419922,-0.433594,1.283203,0.000000,30.090258,35.000000
4.718750,-0.597656,-0.523438,0.000000,33.016811,35.000000
4.785156,-0.453125,-0.443359,0.000000,33.624825,35.000000
4.839844,-0.457031,-0.248047,0.000000,30.358297,35.000000
4.830078,-0.460938,0.744141,0.000000,29.768084,35.000000
4.865234,-0.464844,0.785156,0.000000,30.762762,35.000000
0.041016,-0.033203,0.062500,0.000000,30.115704,35.000000
0.052734,-0.042969,0.103516,0.000000,28.998205,35.000000
1.121094,-0.515625,0.291016,0.000000,18.976271,35.000000
2.787109,-2.003906,-3.033203,0.000000,27.810369,35.000000
2.777344,-2.021484,-3.091797,0.000000,27.458551,35.000000
0.011719,-0.039062,-0.007812,0.000000,30.755470,36.000000
0.017578,-0.080078,-0.007812,0.000000,31.989319,36.000000
0.041016,-0.115234,-0.007812,0.000000,30.261246,36.000000
0.056641,-0.154297,0.003906,0.000000,25.502283,36.000000
0.281250,-0.080078,-1.234375,0.000000,21.818436,36.000000
0.347656,-0.041016,1.261719,0.000000,23.201464,36.000000
0.443359,-0.000000,1.275391,0.000000,21.875208,36.000000
2.546875,-0.263672,1.189453,0.000000,29.444826,36.000000
2.599609,-0.267578,1.167969,0.000000,32.782963,36.000000
2.656250,-0.181641,1.162109,0.000000,32.035767,36.000000
4.408203,-0.287109,1.216797,0.000000,30.655798,36.000000
4.412109,-0.433594,1.310547,0.000000,30.220158,36.000000
4.736328,-0.449219,-0.513672,0.000000,33.096302,36.000000
4.787109,-0.453125,-0.421875,0.000000,33.710678,36.000000
4.843750,-0.457031,-0.183594,0.000000,30.580462,36.000000
4.810547,-0.460938,0.867188,0.000000,29.795485,36.000000
4.833984,-0.464844,0.962891,0.000000,30.799046,36.000000
0.041016,-0.033203,0.062500,0.000000,30.119930,36.000000
0.052734,-0.042969,0.103516,0.000000,29.003672,36.000000
1.119141,-0.515625,0.300781,0.000000,19.030899,36.000000
2.779297,-2.003906,-3.041016,0.000000,27.803173,36.000000
2.826172,-2.021484,-3.048828,0.000000,27.489628,36.000000
0.011719,-0.039062,-0.007812,0.000000,30.755470,37.000000
0.017578,-0.080078,-0.007812,0.000000,31.992065,37.000000
0.041016,-0.115234,-0.007812,0.000000,30.261246,37.000000
0.056641,-0.154297,0.005859,0.000000,25.526682,37.000000
0.312500,-0.080078,-1.226562,0.000000,21.846914,37.000000
0.326172,-0.041016,1.267578,0.000000,23.242825,37.000000
0.445312,-0.000000,1.273438,0.000000,21.931246,37.000000
2.544922,-0.263672,1.191406,0.000000,29.444826,37.000000
2.603516,-0.267578,1.162109,0.000000,32.780674,37.000000
2.662109,-0.181641,1.146484,0.000000,32.038486,37.000000
4.416016,-0.287109,1.189453,0.000000,30.663260,37.000000
4.427734,-0.433594,1.255859,0.000000,30.285713,37.000000
4.716797,-0.597656,-0.554688,0.000000,33.064251,37.000000
4.787109,-0.453125,-0.423828,0.000000,33.701427,37.000000
4.843750,-0.457031,-0.173828,0.000000,30.453230,37.000000
4.800781,-0.460938,0.917969,0.000000,29.552065,37.000000
4.837891,-0.464844,0.943359,0.000000,30.740847,37.000000
0.041016,-0.033203,0.062500,0.000000,30.119930,37.000000
0.052734,-0.042969,0.103516,0.000000,29.003672,37.000000
1.121094,-0.515625,0.292969,0.000000,19.030899,37.000000
2.789062,-2.003906,-3.031250,0.000000,27.781513,37.000000
2.792969,-2.021484,-3.078125,0.000000,27.403627,37.000000
0.011719,-0.039062,-0.007812,0.000000,30.762762,38.000000
0.017578,-0.080078,-0.007812,0.000000,31.989319,38.000000
0.041016,-0.115234,-0.007812,0.000000,30.261246,38.000000
0.056641,-0.154297,0.005859,0.000000,25.514500,38.000000
0.300781,-0.080078,-1.228516,0.000000,21.903316,38.000000
0.365234,-0.041016,1.255859,0.000000,23.242825,38.000000
0.458984,-0.000000,1.269531,0.000000,21.846914,38.000000
2.390625,0.382812,-0.402344,0.000000,26.374897,38.000000
2.423828,0.390625,-0.449219,0.000000,26.866364,38.000000
2.556641,-0.263672,1.166016,0.000000,29.434946,38.000000
2.607422,-0.267578,1.150391,0.000000,32.782963,38.000000
2.664062,-0.181641,1.140625,0.000000,32.049335,38.000000
4.416016,-0.287109,1.189453,0.000000,30.659531,38.000000
4.433594,-0.433594,1.230469,0.000000,30.285713,38.000000
4.710938,-0.296875,-0.482422,0.000000,29.513374,38.000000
4.751953,-0.298828,-0.484375,0.000000,33.072819,38.000000
4.789062,-0.453125,-0.408203,0.000000,33.669830,38.000000
4.843750,-0.457031,-0.164062,0.000000,30.366289,38.000000
4.806641,-0.460938,0.880859,0.000000,29.489017,38.000000
4.851562,-0.464844,0.867188,0.000000,30.652061,38.000000
0.041016,-0.033203,0.062500,0.000000,30.119930,38.000000
0.052734,-0.042969,0.103516,0.000000,29.003672,38.000000
1.121094,-0.515625,0.294922,0.000000,18.976271,38.000000
2.787109,-2.003906,-3.033203,0.000000,27.831886,38.000000
2.787109,-2.021484,-3.082031,0.000000,27.512791,38.000000
0.011719,-0.039062,-0.007812,0.000000,30.755470,39.000000
0.017578,-0.080078,-0.007812,0.000000,31.986570,39.000000
0.041016,-0.115234,-0.007812,0.000000,30.257154,39.000000
0.056641,-0.154297,0.005859,0.000000,25.502283,39.000000
0.294922,-0.080078,-1.230469,0.000000,21.846914,39.000000
0.361328,-0.041016,1.257812,0.000000,23.242825,39.000000
0.464844,-0.000000,1.267578,0.000000,21.903316,39.000000
2.425781,0.468750,-0.343750,0.000000,27.596678,39.000000
2.453125,0.474609,-0.433594,0.000000,26.830471,39.000000
2.558594,-0.263672,1.164062,0.000000,29.420080,39.000000
2.607422,-0.267578,1.152344,0.000000,32.769211,39.000000
2.660156,-0.181641,1.150391,0.000000,32.019432,39.000000
4.412109,-0.287109,1.197266,0.000000,30.666985,39.000000
4.429688,-0.433594,1.250000,0.000000,30.248960,39.000000
4.714844,-0.597656,-0.558594,0.000000,33.001606,39.000000
4.783203,-0.453125,-0.457031,0.000000,33.658623,39.000000
4.839844,-0.457031,-0.234375,0.000000,30.326187,39.000000
4.796875,-0.460938,0.931641,0.000000,29.556877,39.000000
4.824219,-0.464844,1.007812,0.000000,30.715137,39.000000
0.041016,-0.033203,0.062500,0.000000,30.115704,39.000000
0.052734,-0.042969,0.103516,0.000000,28.998205,39.000000
1.121094,-0.515625,0.294922,0.000000,18.976271,39.000000
1.494141,-0.474609,1.992188,0.000000,23.926970,39.000000
2.765625,-2.003906,-3.054688,0.000000,27.817554,39.000000
2.759766,-2.021484,-3.107422,0.000000,27.481880,39.000000
0.011719,-0.039062,-0.007812,0.000000,30.759117,40.000000
0.017578,-0.080078,-0.007812,0.000000,31.989319,40.000000
0.029297,-0.119141,-0.005859,0.000000,30.261246,40.000000
0.056641,-0.154297,0.005859,0.000000,25.514500,40.000000
0.320312,-0.080078,-1.224609,0.000000,21.875208,40.000000
0.330078,-0.041016,1.265625,0.000000,23.263359,40.000000
0.419922,-0.000000,1.283203,0.000000,21.958996,40.000000
2.550781,-0.263672,1.177734,0.000000,29.439888,40.000000
2.605469,-0.267578,1.156250,0.000000,32.782963,40.000000
2.660156,-0.181641,1.150391,0.000000,32.043915,40.000000
4.414062,-0.287109,1.195312,0.000000,30.674429,40.000000
4.427734,-0.433594,1.257812,0.000000,30.281645,40.000000
4.695312,-0.296875,-0.619141,0.000000,29.604708,40.000000
4.746094,-0.298828,-0.535156,0.000000,33.094173,40.000000
4.785156,-0.453125,-0.451172,0.000000,33.638000,40.000000
4.841797,-0.457031,-0.224609,0.000000,30.390173,40.000000
4.824219,-0.460938,0.783203,0.000000,29.749720,40.000000
4.857422,-0.464844,0.828125,0.000000,30.729847,40.000000
0.041016,-0.033203,0.062500,0.000000,30.115704,40.000000
0.052734,-0.042969,0.103516,0.000000,29.003672,40.000000
1.123047,-0.515625,0.287109,0.000000,18.976271,40.000000
2.794922,-2.003906,-3.027344,0.000000,27.752462,40.000000
2.794922,-2.021484,-3.076172,0.000000,27.379873,40.000000
4.714844,-0.597656,-0.562500,0.000000,33.081375,40.000000
0.011719,-0.039062,-0.007812,0.000000,30.759117,41.000000
0.017578,-0.080078,-0.007812,0.000000,31.992065,41.000000
0.041016,-0.115234,-0.007812,0.000000,30.261246,41.000000
0.056641,-0.154297,0.005859,0.000000,25.526682,41.000000
0.289062,-0.080078,-1.232422,0.000000,21.875208,41.000000
0.343750,-0.041016,1.261719,0.000000,23.222193,41.000000
0.458984,-0.000000,1.269531,0.000000,21.846914,41.000000
2.546875,-0.263672,1.185547,0.000000,29.439888,41.000000
2.605469,-0.267578,1.158203,0.000000,32.780674,41.000000
2.662109,-0.181641,1.144531,0.000000,32.043915,41.000000
4.412109,-0.287109,1.203125,0.000000,30.692980,41.000000
4.445312,-0.289062,1.232422,0.000000,30.297895,41.000000
4.746094,-0.298828,-0.533203,0.000000,33.027637,41.000000
4.785156,-0.453125,-0.451172,0.000000,33.607826,41.000000
4.841797,-0.457031,-0.216797,0.000000,30.211893,41.000000
4.818359,-0.460938,0.820312,0.000000,29.590414,41.000000
4.841797,-0.464844,0.921875,0.000000,30.614525,41.000000
0.041016,-0.033203,0.062500,0.000000,30.119930,41.000000
0.052734,-0.042969,0.103516,0.000000,29.003672,41.000000
1.121094,-0.515625,0.291016,0.000000,18.976271,41.000000
2.804688,-2.003906,-3.017578,0.000000,27.781513,41.000000
2.794922,-2.021484,-3.078125,0.000000,27.403627,41.000000
4.716797,-0.597656,-0.554688,0.000000,33.027637,41.000000
0.011719,-0.039062,-0.007812,0.000000,30.759117,42.000000
0.017578,-0.080078,-0.007812,0.000000,31.994808,42.000000
0.029297,-0.119141,-0.005859,0.000000,30.269417,42.000000
0.056641,-0.154297,0.005859,0.000000,25.514500,42.000000
0.322266,-0.080078,-1.224609,0.000000,21.789770,42.000000
0.308594,-0.041016,1.271484,0.000000,23.201464,42.000000
0.425781,-0.000000,1.281250,0.000000,21.875208,42.000000
2.492188,0.564453,-0.332031,0.000000,26.201361,42.000000
2.552734,-0.263672,1.173828,0.000000,29.439888,42.000000
2.607422,-0.267578,1.150391,0.000000,32.776093,42.000000
2.667969,-0.181641,1.134766,0.000000,32.054749,42.000000
4.412109,-0.287109,1.203125,0.000000,30.652061,42.000000
4.451172,-0.289062,1.210938,0.000000,30.289778,42.000000
4.750000,-0.298828,-0.505859,0.000000,33.057812,42.000000
4.785156,-0.453125,-0.439453,0.000000,33.656750,42.000000
4.841797,-0.457031,-0.205078,0.000000,30.437551,42.000000
4.818359,-0.460938,0.816406,0.000000,29.731279,42.000000
4.853516,-0.464844,0.853516,0.000000,30.766405,42.000000
0.041016,-0.033203,0.062500,0.000000,30.115704,42.000000
0.052734,-0.042969,0.103516,0.000000,29.003672,42.000000
1.117188,-0.515625,0.306641,0.000000,18.976271,42.000000
1.992188,-0.402344,1.583984,0.000000,23.598354,42.000000
2.761719,-2.003906,-3.056641,0.000000,27.824726,42.000000
2.736328,-2.021484,-3.128906,0.000000,27.458551,42.000000
4.718750,-0.597656,-0.527344,0.000000,33.047058,42.000000
0.011719,-0.039062,-0.007812,0.000000,30.762762,43.000000
0.017578,-0.080078,-0.007812,0.000000,31.989319,43.000000
0.041016,-0.115234,-0.007812,0.000000,30.261246,43.000000
0.056641,-0.154297,0.005859,0.000000,25.514500,43.000000
0.314453,-0.080078,-1.226562,0.000000,21.846914,43.000000
0.345703,-0.041016,1.261719,0.000000,23.242825,43.000000
0.462891,-0.000000,1.267578,0.000000,21.931246,43.000000
2.550781,-0.263672,1.179688,0.000000,29.459606,43.000000
2.605469,-0.267578,1.158203,0.000000,32.794388,43.000000
2.662109,-0.181641,1.146484,0.000000,32.054749,43.000000
4.416016,-0.287109,1.185547,0.000000,30.659531,43.000000
4.453125,-0.289062,1.207031,0.000000,30.285713,43.000000
4.714844,-0.597656,-0.558594,0.000000,32.981979,43.000000
4.785156,-0.453125,-0.437500,0.000000,33.602146,43.000000
4.843750,-0.457031,-0.138672,0.000000,30.421816,43.000000
4.808594,-0.460938,0.873047,0.000000,29.809120,43.000000
4.845703,-0.464844,0.894531,0.000000,30.842186,43.000000
0.041016,-0.033203,0.062500,0.000000,30.124153,43.000000
