2.681641,-0.000000,1.001953,0.000000,32.219357,0.000000
2.722656,-0.000000,1.011719,0.000000,31.367207,0.000000
4.462891,-0.000000,1.037109,0.000000,30.934217,0.000000
4.564453,-0.000000,0.732422,0.000000,31.322598,0.000000
4.652344,0.146484,0.292969,0.000000,34.265114,0.000000
4.695312,0.146484,0.261719,0.000000,35.712429,0.000000
4.744141,-0.000000,0.054688,0.000000,34.387005,0.000000
4.773438,-0.150391,-0.314453,0.000000,34.111145,0.000000
4.812500,-0.150391,-0.337891,0.000000,34.398064,0.000000
4.855469,-0.000000,-0.349609,0.000000,31.445742,0.000000
4.814453,-0.154297,1.140625,0.000000,31.319393,0.000000
0.037109,-0.035156,0.064453,0.000000,30.132587,0.000000
0.046875,-0.046875,0.103516,0.000000,29.003672,0.000000
0.001953,-0.056641,0.154297,0.000000,25.237465,0.000000
1.246094,-0.117188,1.406250,0.000000,24.424797,0.000000
0.011719,-0.039062,-0.007812,0.000000,30.670708,1.000000
0.027344,-0.076172,-0.009766,0.000000,31.861084,1.000000
0.029297,-0.119141,-0.005859,0.000000,30.094509,1.000000
0.056641,-0.154297,0.007812,0.000000,25.428255,1.000000
0.478516,-0.000000,1.173828,0.000000,23.242825,1.000000
0.482422,-0.000000,1.216797,0.000000,24.297523,1.000000
0.546875,-0.000000,1.234375,0.000000,22.900347,1.000000
2.626953,-0.000000,1.031250,0.000000,28.721563,1.000000
2.677734,-0.000000,1.015625,0.000000,32.164299,1.000000
2.718750,-0.000000,1.019531,0.000000,31.277525,1.000000
4.458984,-0.000000,1.052734,0.000000,31.082266,1.000000
4.548828,-0.000000,0.822266,0.000000,31.105898,1.000000
4.656250,-0.000000,0.257812,0.000000,33.904053,1.000000
4.695312,0.146484,0.238281,0.000000,35.403294,1.000000
4.746094,-0.000000,0.013672,0.000000,34.129642,1.000000
4.769531,-0.150391,-0.357422,0.000000,33.859634,1.000000
4.812500,-0.150391,-0.351562,0.000000,34.178036,1.000000
4.851562,-0.000000,-0.400391,0.000000,31.182648,1.000000
4.810547,-0.154297,1.156250,0.000000,31.112625,1.000000
1.775391,0.281250,-0.099609,0.614669,26.242821,1.000000
1.802734,0.294922,0.451172,-0.614669,26.532125,1.000000
0.037109,-0.035156,0.064453,0.000000,30.132587,1.000000
0.046875,-0.046875,0.103516,0.000000,29.009130,1.000000
0.011719,-0.039062,-0.007812,0.000000,30.670708,2.000000
0.027344,-0.076172,-0.009766,0.000000,31.858253,2.000000
0.029297,-0.119141,-0.003906,0.000000,30.090258,2.000000
0.056641,-0.154297,0.007812,0.000000,25.415792,2.000000
0.474609,-0.000000,1.175781,0.000000,23.242825,2.000000
0.464844,-0.000000,1.222656,0.000000,24.313637,2.000000
0.523438,-0.000000,1.244141,0.000000,22.922562,2.000000
2.640625,-0.000000,1.000000,0.000000,28.943161,2.000000
2.679688,-0.000000,1.007812,0.000000,32.216751,2.000000
2.726562,0.089844,0.996094,0.000000,31.325798,2.000000
4.460938,-0.000000,1.046875,0.000000,30.867157,2.000000
4.523438,-0.000000,0.955078,0.000000,29.840771,2.000000
4.656250,-0.000000,0.273438,0.000000,33.477203,2.000000
4.693359,0.146484,0.292969,0.000000,35.169319,2.000000
4.744141,-0.000000,0.037109,0.000000,33.362595,2.000000
4.767578,-0.150391,-0.400391,0.000000,33.624825,2.000000
4.812500,-0.150391,-0.351562,0.000000,34.273239,2.000000
4.851562,-0.000000,-0.388672,0.000000,31.577589,2.000000
4.824219,-0.154297,1.095703,0.000000,31.222158,2.000000
1.732422,0.275391,-0.126953,0.614669,28.162413,2.000000
1.773438,0.281250,-0.128906,0.614669,30.659531,2.000000
1.798828,0.345703,-0.179688,0.614669,30.107239,2.000000
1.810547,0.412109,-0.306641,0.614669,26.821451,2.000000
0.037109,-0.035156,0.064453,0.000000,30.124153,2.000000
0.046875,-0.046875,0.103516,0.000000,29.009130,2.000000
0.013672,-0.056641,0.152344,0.000000,25.263393,2.000000
0.011719,-0.039062,-0.007812,0.000000,30.678144,3.000000
0.027344,-0.076172,-0.009766,0.000000,31.861084,3.000000
0.029297,-0.119141,-0.005859,0.000000,30.094509,3.000000
0.056641,-0.154297,0.007812,0.000000,25.415792,3.000000
0.476562,-0.000000,1.175781,0.000000,23.263359,3.000000
0.478516,-0.000000,1.218750,0.000000,24.329693,3.000000
0.535156,-0.000000,1.238281,0.000000,22.900347,3.000000
1.777344,0.281250,0.001953,0.000000,30.838608,3.000000
1.818359,0.287109,-0.039062,0.000000,31.504494,3.000000
1.855469,0.294922,-0.089844,0.000000,29.068735,3.000000
2.654297,-0.000000,0.958984,0.000000,28.981766,3.000000
2.685547,-0.000000,0.992188,0.000000,32.193226,3.000000
2.730469,0.089844,0.984375,0.000000,31.309767,3.000000
4.464844,-0.000000,1.027344,0.000000,30.824263,3.000000
4.482422,-0.000000,1.128906,0.000000,29.604708,3.000000
4.658203,-0.146484,0.158203,0.000000,29.185545,3.000000
4.695312,-0.000000,0.281250,0.000000,31.492191,3.000000
4.738281,-0.148438,-0.199219,0.000000,30.224283,3.000000
4.767578,-0.150391,-0.396484,0.000000,33.765770,3.000000
4.812500,-0.150391,-0.339844,0.000000,34.616486,3.000000
4.853516,-0.000000,-0.365234,0.000000,31.565491,3.000000
4.824219,-0.154297,1.101562,0.000000,31.341770,3.000000
0.037109,-0.035156,0.064453,0.000000,30.132587,3.000000
0.046875,-0.046875,0.103516,0.000000,29.014584,3.000000
0.003906,-0.056641,0.154297,0.000000,25.263393,3.000000
0.011719,-0.039062,-0.007812,0.000000,30.670708,4.000000
0.027344,-0.076172,-0.009766,0.000000,31.858253,4.000000
0.029297,-0.119141,-0.005859,0.000000,30.086002,4.000000
0.056641,-0.154297,0.007812,0.000000,25.403296,4.000000
0.482422,-0.000000,1.171875,0.000000,23.263359,4.000000
0.480469,-0.000000,1.216797,0.000000,24.281347,4.000000
0.544922,-0.000000,1.234375,0.000000,22.855574,4.000000
1.767578,0.337891,-0.050781,0.000000,28.609365,4.000000
1.808594,0.345703,-0.031250,0.000000,30.207754,4.000000
1.847656,0.353516,-0.013672,0.000000,28.356905,4.000000
2.632812,-0.000000,1.015625,0.000000,28.898617,4.000000
2.681641,-0.000000,1.003906,0.000000,32.198463,4.000000
2.736328,0.089844,0.970703,0.000000,31.389339,4.000000
4.457031,-0.000000,1.060547,0.000000,30.809870,4.000000
4.533203,-0.000000,0.900391,0.000000,30.523090,4.000000
4.654297,-0.000000,0.291016,0.000000,31.846914,4.000000
4.699219,-0.000000,0.230469,0.000000,33.506355,4.000000
4.744141,-0.000000,-0.066406,0.000000,33.012470,4.000000
4.771484,-0.150391,-0.330078,0.000000,34.159744,4.000000
4.814453,-0.150391,-0.320312,0.000000,34.522465,4.000000
4.855469,-0.000000,-0.337891,0.000000,31.264561,4.000000
4.804688,-0.154297,1.183594,0.000000,31.202448,4.000000
0.037109,-0.035156,0.064453,0.000000,30.132587,4.000000
0.046875,-0.046875,0.103516,0.000000,29.009130,4.000000
0.011719,-0.039062,-0.007812,0.000000,30.666985,5.000000
0.027344,-0.076172,-0.009766,0.000000,31.855421,5.000000
0.029297,-0.119141,-0.005859,0.000000,30.090258,5.000000
0.056641,-0.154297,0.007812,0.000000,25.428255,5.000000
0.484375,-0.000000,1.171875,0.000000,23.283796,5.000000
0.472656,-0.000000,1.220703,0.000000,24.345690,5.000000
0.531250,-0.000000,1.240234,0.000000,22.944662,5.000000
1.765625,0.337891,-0.107422,0.000000,27.895807,5.000000
1.800781,0.345703,-0.169922,0.000000,29.513374,5.000000
1.802734,0.412109,-0.345703,0.000000,28.260748,5.000000
2.630859,-0.000000,1.021484,0.000000,28.932068,5.000000
2.679688,-0.000000,1.005859,0.000000,32.221962,5.000000
2.720703,-0.000000,1.015625,0.000000,31.367207,5.000000
4.460938,-0.000000,1.044922,0.000000,30.762762,5.000000
4.533203,-0.000000,0.906250,0.000000,30.496056,5.000000
4.652344,-0.000000,0.326172,0.000000,31.501421,5.000000
4.699219,-0.000000,0.236328,0.000000,33.029800,5.000000
4.744141,-0.000000,-0.099609,0.000000,32.571983,5.000000
4.769531,-0.150391,-0.363281,0.000000,33.958504,5.000000
4.812500,-0.150391,-0.333984,0.000000,34.457600,5.000000
4.853516,-0.000000,-0.361328,0.000000,31.423895,5.000000
4.804688,-0.154297,1.177734,0.000000,31.078880,5.000000
0.037109,-0.035156,0.064453,0.000000,30.128372,5.000000
0.046875,-0.046875,0.103516,0.000000,29.009130,5.000000
0.005859,-0.056641,0.154297,0.000000,25.263393,5.000000
0.011719,-0.039062,-0.007812,0.000000,30.674429,6.000000
0.027344,-0.076172,-0.009766,0.000000,31.861084,6.000000
0.029297,-0.119141,-0.003906,0.000000,30.090258,6.000000
0.056641,-0.154297,0.007812,0.000000,25.428255,6.000000
0.490234,-0.000000,1.169922,0.000000,23.263359,6.000000
0.478516,-0.000000,1.218750,0.000000,24.313637,6.000000
0.533203,-0.000000,1.240234,0.000000,22.922562,6.000000
1.777344,0.281250,-0.003906,0.000000,27.520485,6.000000
1.806641,0.345703,-0.044922,0.000000,29.474337,6.000000
1.845703,0.353516,-0.097656,0.000000,28.188854,6.000000
2.644531,-0.000000,0.986328,0.000000,28.802418,6.000000
2.681641,-0.000000,1.005859,0.000000,32.148438,6.000000
2.728516,0.089844,0.990234,0.000000,31.316187,6.000000
4.453125,-0.000000,1.074219,0.000000,30.979511,6.000000
4.466797,-0.000000,1.193359,0.000000,30.021660,6.000000
4.660156,-0.146484,-0.091797,0.000000,29.410143,6.000000
4.705078,-0.000000,0.027344,0.000000,31.631615,6.000000
4.722656,-0.148438,-0.435547,0.000000,30.863598,6.000000
4.763672,-0.150391,-0.431641,0.000000,33.800301,6.000000
4.812500,-0.150391,-0.347656,0.000000,34.611984,6.000000
4.855469,-0.000000,-0.361328,0.000000,31.699682,6.000000
4.810547,-0.154297,1.156250,0.000000,31.146111,6.000000
0.037109,-0.035156,0.064453,0.000000,30.132587,6.000000
0.046875,-0.046875,0.103516,0.000000,29.003672,6.000000
0.011719,-0.039062,-0.007812,0.000000,30.674429,7.000000
0.027344,-0.076172,-0.009766,0.000000,31.858253,7.000000
0.029297,-0.119141,-0.005859,0.000000,30.090258,7.000000
0.056641,-0.154297,0.007812,0.000000,25.428255,7.000000
0.476562,-0.000000,1.175781,0.000000,23.263359,7.000000
0.486328,-0.000000,1.214844,0.000000,24.297523,7.000000
0.541016,-0.000000,1.236328,0.000000,22.878017,7.000000
1.765625,0.337891,-0.083984,0.000000,27.619278,7.000000
1.800781,0.345703,-0.169922,0.000000,30.178677,7.000000
1.837891,0.294922,-0.277344,0.000000,30.374266,7.000000
1.865234,0.300781,-0.353516,0.000000,28.061800,7.000000
2.640625,-0.000000,0.996094,0.000000,28.893017,7.000000
2.681641,-0.000000,1.001953,0.000000,32.180099,7.000000
2.732422,0.089844,0.978516,0.000000,31.309767,7.000000
4.460938,-0.000000,1.041016,0.000000,30.845762,7.000000
4.505859,-0.144531,1.017578,0.000000,29.484129,7.000000
4.660156,-0.000000,0.183594,0.000000,33.378586,7.000000
4.699219,-0.000000,0.222656,0.000000,35.232262,7.000000
4.746094,-0.000000,0.003906,0.000000,33.483047,7.000000
4.765625,-0.150391,-0.412109,0.000000,33.918171,7.000000
4.812500,-0.150391,-0.347656,0.000000,34.619484,7.000000
4.849609,-0.000000,-0.417969,0.000000,31.755117,7.000000
4.794922,-0.154297,1.222656,0.000000,31.283993,7.000000
0.037109,-0.035156,0.064453,0.000000,30.128372,7.000000
0.046875,-0.046875,0.103516,0.000000,29.003672,7.000000
0.007812,-0.056641,0.154297,0.000000,25.263393,7.000000
0.011719,-0.039062,-0.007812,0.000000,30.670708,8.000000
0.027344,-0.076172,-0.009766,0.000000,31.858253,8.000000
0.029297,-0.119141,-0.005859,0.000000,30.086002,8.000000
0.056641,-0.154297,0.007812,0.000000,25.403296,8.000000
0.486328,-0.000000,1.171875,0.000000,23.283796,8.000000
0.476562,-0.000000,1.218750,0.000000,24.329693,8.000000
0.527344,-0.000000,1.242188,0.000000,22.944662,8.000000
1.767578,0.337891,0.003906,0.000000,28.041395,8.000000
1.816406,0.287109,0.066406,0.000000,29.111576,8.000000
1.857422,0.294922,0.060547,0.000000,28.715729,8.000000
1.898438,0.300781,0.000000,0.000000,26.683859,8.000000
2.636719,-0.000000,1.005859,0.000000,28.847954,8.000000
2.681641,-0.000000,1.003906,0.000000,32.164299,8.000000
2.736328,0.089844,0.972656,0.000000,31.296900,8.000000
4.464844,-0.000000,1.027344,0.000000,30.707766,8.000000
4.556641,-0.000000,0.775391,0.000000,30.461048,8.000000
4.652344,-0.000000,0.314453,0.000000,33.783978,8.000000
4.695312,-0.000000,0.279297,0.000000,35.224442,8.000000
4.746094,-0.000000,0.017578,0.000000,33.811150,8.000000
4.769531,-0.150391,-0.371094,0.000000,34.036350,8.000000
4.812500,-0.150391,-0.353516,0.000000,34.562141,8.000000
4.845703,-0.000000,-0.457031,0.000000,31.705551,8.000000
4.808594,-0.154297,1.166016,0.000000,31.185953,8.000000
0.037109,-0.035156,0.064453,0.000000,30.128372,8.000000
0.046875,-0.046875,0.103516,0.000000,29.003672,8.000000
0.011719,-0.039062,-0.007812,0.000000,30.670708,9.000000
0.027344,-0.076172,-0.009766,0.000000,31.858253,9.000000
0.029297,-0.119141,-0.005859,0.000000,30.090258,9.000000
0.056641,-0.154297,0.007812,0.000000,25.415792,9.000000
0.509766,-0.000000,1.160156,0.000000,23.263359,9.000000
0.492188,-0.000000,1.212891,0.000000,24.297523,9.000000
0.544922,-0.000000,1.234375,0.000000,22.878017,9.000000
1.785156,0.224609,0.023438,0.000000,29.201233,9.000000
1.826172,0.230469,-0.037109,0.000000,30.437551,9.000000
1.853516,0.294922,-0.126953,0.000000,29.749720,9.000000
1.882812,0.361328,-0.144531,0.000000,28.591383,9.000000
2.640625,-0.000000,0.994141,0.000000,28.915375,9.000000
2.681641,-0.000000,1.005859,0.000000,32.187981,9.000000
2.728516,0.089844,0.990234,0.000000,31.303337,9.000000
4.462891,-0.000000,1.035156,0.000000,30.909630,9.000000
4.560547,-0.000000,0.751953,0.000000,31.119343,9.000000
4.648438,0.146484,0.347656,0.000000,34.261860,9.000000
4.693359,0.146484,0.296875,0.000000,35.776066,9.000000
4.744141,-0.000000,0.050781,0.000000,34.404369,9.000000
4.769531,-0.150391,-0.357422,0.000000,34.060291,9.000000
4.810547,-0.150391,-0.359375,0.000000,34.345688,9.000000
4.847656,-0.000000,-0.441406,0.000000,31.522884,9.000000
4.814453,-0.154297,1.138672,0.000000,31.215599,9.000000
0.037109,-0.035156,0.064453,0.000000,30.128372,9.000000
0.046875,-0.046875,0.103516,0.000000,29.003672,9.000000
0.011719,-0.039062,-0.007812,0.000000,30.678144,10.000000
0.027344,-0.076172,-0.009766,0.000000,31.858253,10.000000
0.029297,-0.119141,-0.005859,0.000000,30.090258,10.000000
0.056641,-0.154297,0.007812,0.000000,25.415792,10.000000
0.494141,-0.000000,1.167969,0.000000,23.263359,10.000000
0.486328,-0.000000,1.214844,0.000000,24.313637,10.000000
0.544922,-0.000000,1.234375,0.000000,22.900347,10.000000
2.638672,-0.000000,1.001953,0.000000,28.830935,10.000000
2.679688,-0.000000,1.005859,0.000000,32.203697,10.000000
2.726562,0.089844,0.996094,0.000000,31.360861,10.000000
4.466797,-0.000000,1.021484,0.000000,30.958664,10.000000
4.556641,-0.000000,0.777344,0.000000,31.498346,10.000000
4.650391,-0.000000,0.359375,0.000000,33.686588,10.000000
4.697266,-0.000000,0.267578,0.000000,34.930397,10.000000
4.746094,-0.000000,-0.009766,0.000000,33.953262,10.000000
4.771484,-0.150391,-0.355469,0.000000,34.019173,10.000000
4.812500,-0.150391,-0.351562,0.000000,34.321674,10.000000
4.849609,-0.000000,-0.425781,0.000000,31.586639,10.000000
4.837891,-0.154297,1.035156,0.000000,30.972572,10.000000
0.037109,-0.035156,0.064453,0.000000,30.128372,10.000000
0.046875,-0.046875,0.103516,0.000000,29.009130,10.000000
0.011719,-0.039062,-0.007812,0.000000,30.678144,11.000000
0.027344,-0.076172,-0.009766,0.000000,31.858253,11.000000
0.029297,-0.119141,-0.005859,0.000000,30.090258,11.000000
0.056641,-0.154297,0.007812,0.000000,25.415792,11.000000
0.507812,-0.000000,1.162109,0.000000,23.222193,11.000000
0.480469,-0.000000,1.216797,0.000000,24.313637,11.000000
0.535156,-0.000000,1.240234,0.000000,22.922562,11.000000
1.777344,0.281250,-0.068359,0.000000,29.350031,11.000000
1.826172,0.230469,-0.056641,0.000000,31.458178,11.000000
1.841797,0.234375,-0.306641,0.000000,30.128372,11.000000
2.640625,-0.000000,0.994141,0.000000,28.808136,11.000000
2.677734,-0.000000,1.011719,0.000000,32.148438,11.000000
2.724609,0.089844,1.001953,0.000000,31.251558,11.000000
4.460938,-0.000000,1.042969,0.000000,30.849337,11.000000
4.552734,-0.000000,0.804688,0.000000,31.386185,11.000000
4.644531,0.146484,0.392578,0.000000,32.968845,11.000000
4.693359,0.146484,0.287109,0.000000,34.114513,11.000000
4.746094,-0.000000,0.011719,0.000000,33.486942,11.000000
4.773438,-0.150391,-0.312500,0.000000,33.914642,11.000000
4.814453,-0.150391,-0.324219,0.000000,34.204510,11.000000
4.851562,-0.000000,-0.406250,0.000000,31.351326,11.000000
4.828125,-0.154297,1.076172,0.000000,31.192558,11.000000
0.037109,-0.035156,0.064453,0.000000,30.128372,11.000000
0.046875,-0.046875,0.103516,0.000000,29.009130,11.000000
0.005859,-0.056641,0.154297,0.000000,25.263393,11.000000
0.011719,-0.039062,-0.007812,0.000000,30.674429,12.000000
0.027344,-0.076172,-0.009766,0.000000,31.861084,12.000000
0.029297,-0.119141,-0.005859,0.000000,30.090258,12.000000
0.056641,-0.154297,0.007812,0.000000,25.415792,12.000000
0.492188,-0.000000,1.169922,0.000000,23.263359,12.000000
0.525391,-0.041016,1.197266,0.000000,24.313637,12.000000
0.527344,-0.000000,1.242188,0.000000,22.878017,12.000000
1.765625,0.337891,-0.103516,0.000000,27.092699,12.000000
1.806641,0.345703,-0.085938,0.000000,27.481880,12.000000
1.847656,0.353516,-0.009766,0.000000,27.888752,12.000000
1.886719,0.361328,0.083984,0.000000,29.637878,12.000000
1.919922,0.367188,0.175781,0.000000,27.686380,12.000000
2.636719,-0.000000,1.005859,0.000000,28.970770,12.000000
2.685547,-0.000000,0.994141,0.000000,32.208923,12.000000
2.732422,0.089844,0.982422,0.000000,31.348145,12.000000
4.457031,-0.000000,1.064453,0.000000,30.780941,12.000000
4.546875,-0.000000,0.835938,0.000000,31.277525,12.000000
4.644531,0.146484,0.396484,0.000000,32.603100,12.000000
4.695312,-0.000000,0.291016,0.000000,33.736473,12.000000
4.746094,-0.000000,-0.011719,0.000000,33.261311,12.000000
4.773438,-0.150391,-0.324219,0.000000,33.946266,12.000000
4.814453,-0.150391,-0.324219,0.000000,34.252079,12.000000
4.853516,-0.000000,-0.382812,0.000000,31.280760,12.000000
4.816406,-0.154297,1.130859,0.000000,31.357685,12.000000
0.037109,-0.035156,0.064453,0.000000,30.132587,12.000000
0.046875,-0.046875,0.103516,0.000000,29.003672,12.000000
0.011719,-0.039062,-0.007812,0.000000,30.670708,13.000000
0.027344,-0.076172,-0.009766,0.000000,31.858253,13.000000
0.029297,-0.119141,-0.005859,0.000000,30.094509,13.000000
0.056641,-0.154297,0.007812,0.000000,25.428255,13.000000
0.498047,-0.000000,1.166016,0.000000,23.263359,13.000000
0.488281,-0.000000,1.214844,0.000000,24.313637,13.000000
0.550781,-0.000000,1.232422,0.000000,22.900347,13.000000
1.777344,0.281250,-0.013672,0.000000,27.481880,13.000000
1.826172,0.230469,0.041016,0.000000,29.493900,13.000000
1.867188,0.175781,0.162109,0.000000,28.633228,13.000000
2.626953,-0.000000,1.031250,0.000000,28.876173,13.000000
2.673828,-0.000000,1.025391,0.000000,32.229763,13.000000
2.714844,0.089844,1.027344,0.000000,31.417633,13.000000
4.460938,-0.000000,1.044922,0.000000,30.802656,13.000000
4.546875,-0.000000,0.826172,0.000000,31.319393,13.000000
4.642578,0.146484,0.404297,0.000000,32.631626,13.000000
4.695312,-0.000000,0.292969,0.000000,33.677284,13.000000
4.744141,-0.000000,-0.025391,0.000000,33.197304,13.000000
4.771484,-0.150391,-0.345703,0.000000,33.944515,13.000000
4.812500,-0.150391,-0.330078,0.000000,34.201210,13.000000
4.849609,-0.000000,-0.416016,0.000000,31.136091,13.000000
4.810547,-0.154297,1.156250,0.000000,31.119343,13.000000
0.037109,-0.035156,0.064453,0.000000,30.128372,13.000000
0.046875,-0.046875,0.103516,0.000000,29.009130,13.000000
0.005859,-0.056641,0.154297,0.000000,25.263393,13.000000
0.011719,-0.039062,-0.007812,0.000000,30.678144,14.000000
0.027344,-0.076172,-0.009766,0.000000,31.861084,14.000000
0.029297,-0.119141,-0.005859,0.000000,30.090258,14.000000
0.056641,-0.154297,0.007812,0.000000,25.415792,14.000000
0.505859,-0.000000,1.164062,0.000000,23.304138,14.000000
0.496094,-0.000000,1.210938,0.000000,24.329693,14.000000
0.562500,-0.000000,1.228516,0.000000,22.922562,14.000000
1.818359,0.287109,-0.042969,0.000000,30.386202,14.000000
1.857422,0.294922,0.052734,0.000000,30.402067,14.000000
1.875000,0.361328,0.234375,0.000000,26.424644,14.000000
2.628906,-0.000000,1.027344,0.000000,28.830935,14.000000
2.671875,-0.000000,1.029297,0.000000,32.161659,14.000000
2.710938,-0.000000,1.041016,0.000000,31.258064,14.000000
4.460938,-0.000000,1.048828,0.000000,30.867157,14.000000
4.550781,-0.000000,0.804688,0.000000,31.408222,14.000000
4.646484,-0.000000,0.404297,0.000000,33.473301,14.000000
4.691406,0.146484,0.306641,0.000000,34.745075,14.000000
4.744141,-0.000000,0.042969,0.000000,33.912880,14.000000
4.773438,-0.150391,-0.318359,0.000000,34.153072,14.000000
4.812500,-0.150391,-0.337891,0.000000,34.367985,14.000000
4.853516,-0.000000,-0.382812,0.000000,31.332195,14.000000
4.826172,-0.154297,1.091797,0.000000,31.132748,14.000000
0.037109,-0.035156,0.064453,0.000000,30.128372,14.000000
0.046875,-0.046875,0.103516,0.000000,29.009130,14.000000
0.007812,-0.056641,0.154297,0.000000,25.250448,14.000000
0.011719,-0.039062,-0.007812,0.000000,30.674429,15.000000
0.027344,-0.076172,-0.009766,0.000000,31.858253,15.000000
0.029297,-0.119141,-0.005859,0.000000,30.090258,15.000000
0.056641,-0.154297,0.007812,0.000000,25.403296,15.000000
0.494141,-0.000000,1.167969,0.000000,23.263359,15.000000
0.486328,-0.000000,1.214844,0.000000,24.313637,15.000000
0.541016,-0.000000,1.236328,0.000000,22.900347,15.000000
1.789062,0.345703,0.263672,0.000000,28.208580,15.000000
1.837891,0.353516,0.187500,0.000000,30.157787,15.000000
1.880859,0.361328,0.169922,0.000000,29.057959,15.000000
2.617188,-0.000000,1.058594,0.000000,28.819550,15.000000
2.675781,-0.000000,1.019531,0.000000,32.153732,15.000000
2.728516,0.089844,0.992188,0.000000,31.274288,15.000000
4.455078,-0.000000,1.072266,0.000000,30.849337,15.000000
4.541016,-0.000000,0.859375,0.000000,31.112625,15.000000
4.648438,-0.000000,0.369141,0.000000,33.104809,15.000000
4.695312,-0.000000,0.302734,0.000000,34.352070,15.000000
4.746094,-0.000000,0.001953,0.000000,33.275631,15.000000
4.769531,-0.150391,-0.367188,0.000000,34.039780,15.000000
4.810547,-0.150391,-0.363281,0.000000,34.548450,15.000000
4.849609,-0.000000,-0.427734,0.000000,31.711412,15.000000
4.812500,-0.154297,1.148438,0.000000,31.014034,15.000000
0.037109,-0.035156,0.064453,0.000000,30.128372,15.000000
0.046875,-0.046875,0.103516,0.000000,29.009130,15.000000
0.005859,-0.056641,0.154297,0.000000,25.237465,15.000000
0.011719,-0.039062,-0.007812,0.000000,30.670708,16.000000
0.027344,-0.076172,-0.009766,0.000000,31.858253,16.000000
0.029297,-0.119141,-0.005859,0.000000,30.090258,16.000000
0.056641,-0.154297,0.007812,0.000000,25.415792,16.000000
0.490234,-0.000000,1.169922,0.000000,23.263359,16.000000
0.496094,-0.000000,1.210938,0.000000,24.297523,16.000000
0.550781,-0.000000,1.232422,0.000000,22.900347,16.000000
1.814453,0.287109,0.117188,0.000000,29.116901,16.000000
1.847656,0.353516,0.072266,0.000000,31.338581,16.000000
1.888672,0.361328,0.025391,0.000000,30.064661,16.000000
1.937500,0.306641,-0.062500,0.000000,25.751879,16.000000
2.644531,-0.000000,0.986328,0.000000,28.932068,16.000000
2.685547,-0.000000,0.994141,0.000000,32.206310,16.000000
2.734375,0.089844,0.976562,0.000000,31.319393,16.000000
4.464844,-0.000000,1.025391,0.000000,30.813473,16.000000
4.544922,-0.000000,0.837891,0.000000,30.809870,16.000000
4.652344,-0.000000,0.308594,0.000000,33.854275,16.000000
4.697266,-0.000000,0.255859,0.000000,35.129509,16.000000
4.746094,-0.000000,0.005859,0.000000,33.667965,16.000000
4.769531,-0.150391,-0.376953,0.000000,33.758465,16.000000
4.810547,-0.150391,-0.373047,0.000000,34.305588,16.000000
4.845703,-0.000000,-0.455078,0.000000,31.604685,16.000000
4.820312,-0.154297,1.113281,0.000000,31.014034,16.000000
0.037109,-0.035156,0.064453,0.000000,30.132587,16.000000
0.046875,-0.046875,0.103516,0.000000,29.009130,16.000000
0.011719,-0.039062,-0.007812,0.000000,30.678144,17.000000
0.027344,-0.076172,-0.009766,0.000000,31.861084,17.000000
0.029297,-0.119141,-0.005859,0.000000,30.090258,17.000000
0.056641,-0.154297,0.007812,0.000000,25.415792,17.000000
0.482422,-0.000000,1.173828,0.000000,23.242825,17.000000
0.478516,-0.000000,1.218750,0.000000,24.297523,17.000000
0.541016,-0.000000,1.236328,0.000000,22.878017,17.000000
1.859375,0.294922,-0.011719,0.000000,28.299467,17.000000
1.896484,0.300781,0.078125,0.000000,27.481880,17.000000
2.636719,-0.000000,1.005859,0.000000,28.779470,17.000000
2.681641,-0.000000,1.001953,0.000000,32.119209,17.000000
2.732422,0.089844,0.982422,0.000000,31.225435,17.000000
4.447266,-0.000000,1.103516,0.000000,30.930714,17.000000
4.419922,-0.144531,1.345703,0.000000,29.350031,17.000000
4.662109,-0.000000,0.085938,0.000000,32.240147,17.000000
4.701172,-0.000000,0.189453,0.000000,34.239010,17.000000
4.744141,-0.000000,-0.068359,0.000000,32.057457,17.000000
4.759766,-0.150391,-0.474609,0.000000,33.521824,17.000000
4.810547,-0.150391,-0.369141,0.000000,34.418522,17.000000
4.851562,-0.000000,-0.390625,0.000000,31.436392,17.000000
4.820312,-0.154297,1.109375,0.000000,31.235250,17.000000
0.037109,-0.035156,0.064453,0.000000,30.132587,17.000000
0.046875,-0.046875,0.103516,0.000000,29.014584,17.000000
0.005859,-0.056641,0.154297,0.000000,25.263393,17.000000
0.011719,-0.039062,-0.007812,0.000000,30.674429,18.000000
0.027344,-0.076172,-0.009766,0.000000,31.861084,18.000000
0.029297,-0.119141,-0.005859,0.000000,30.094509,18.000000
0.056641,-0.154297,0.007812,0.000000,25.440680,18.000000
0.488281,-0.000000,1.169922,0.000000,23.283796,18.000000
0.486328,-0.000000,1.214844,0.000000,24.329693,18.000000
0.548828,-0.000000,1.232422,0.000000,22.900347,18.000000
1.869141,0.175781,0.111328,0.000000,28.633228,18.000000
1.906250,0.240234,0.085938,0.000000,28.915375,18.000000
2.648438,-0.000000,0.976562,0.000000,28.959747,18.000000
2.689453,-0.000000,0.984375,0.000000,32.185356,18.000000
2.730469,-0.000000,0.988281,0.000000,31.300119,18.000000
4.455078,-0.000000,1.066406,0.000000,30.820669,18.000000
4.521484,-0.000000,0.962891,0.000000,30.565237,18.000000
4.642578,-0.146484,0.421875,0.000000,30.228407,18.000000
4.693359,-0.146484,0.291016,0.000000,31.274288,18.000000
4.744141,-0.000000,-0.136719,0.000000,31.849752,18.000000
4.771484,-0.150391,-0.347656,0.000000,34.080704,18.000000
4.812500,-0.150391,-0.332031,0.000000,34.530125,18.000000
4.853516,-0.000000,-0.361328,0.000000,31.322598,18.000000
4.798828,-0.154297,1.203125,0.000000,31.228710,18.000000
0.037109,-0.035156,0.064453,0.000000,30.128372,18.000000
0.046875,-0.046875,0.103516,0.000000,29.009130,18.000000
0.011719,-0.039062,-0.007812,0.000000,30.674429,19.000000
0.027344,-0.076172,-0.009766,0.000000,31.861084,19.000000
0.029297,-0.119141,-0.005859,0.000000,30.090258,19.000000
0.056641,-0.154297,0.007812,0.000000,25.415792,19.000000
0.490234,-0.000000,1.169922,0.000000,23.283796,19.000000
0.484375,-0.000000,1.216797,0.000000,24.313637,19.000000
0.541016,-0.000000,1.236328,0.000000,22.878017,19.000000
2.636719,-0.000000,1.007812,0.000000,28.825245,19.000000
2.683594,-0.000000,1.000000,0.000000,32.185356,19.000000
2.732422,0.089844,0.980469,0.000000,31.316187,19.000000
4.441406,-0.000000,1.121094,0.000000,30.902580,19.000000
4.505859,-0.000000,1.035156,0.000000,30.342272,19.000000
4.660156,-0.000000,0.195312,0.000000,31.658377,19.000000
4.697266,-0.000000,0.244141,0.000000,33.324383,19.000000
4.744141,-0.000000,-0.052734,0.000000,32.535805,19.000000
4.771484,-0.150391,-0.355469,0.000000,33.895206,19.000000
4.812500,-0.150391,-0.328125,0.000000,34.398064,19.000000
4.855469,-0.000000,-0.347656,0.000000,31.202448,19.000000
4.822266,-0.154297,1.103516,0.000000,31.055101,19.000000
0.037109,-0.035156,0.064453,0.000000,30.132587,19.000000
0.046875,-0.046875,0.103516,0.000000,29.009130,19.000000
0.005859,-0.056641,0.154297,0.000000,25.263393,19.000000
0.011719,-0.039062,-0.007812,0.000000,30.681858,20.000000
0.027344,-0.076172,-0.009766,0.000000,31.861084,20.000000
0.029297,-0.119141,-0.005859,0.000000,30.090258,20.000000
0.056641,-0.154297,0.007812,0.000000,25.415792,20.000000
0.480469,-0.000000,1.173828,0.000000,23.222193,20.000000
0.460938,-0.000000,1.224609,0.000000,24.281347,20.000000
0.519531,-0.000000,1.246094,0.000000,22.855574,20.000000
1.861328,0.234375,0.134766,0.000000,26.821451,20.000000
2.630859,-0.000000,1.023438,0.000000,28.847954,20.000000
2.673828,-0.000000,1.027344,0.000000,32.177471,20.000000
2.718750,0.089844,1.017578,0.000000,31.383026,20.000000
4.443359,-0.000000,1.113281,0.000000,30.817072,20.000000
4.509766,-0.000000,1.009766,0.000000,30.398106,20.000000
4.656250,-0.146484,0.208984,0.000000,31.031193,20.000000
4.699219,-0.146484,0.160156,0.000000,32.375439,20.000000
4.738281,-0.148438,-0.212891,0.000000,31.970047,20.000000
4.765625,-0.150391,-0.410156,0.000000,33.785797,20.000000
4.812500,-0.150391,-0.347656,0.000000,34.347286,20.000000
4.853516,-0.000000,-0.361328,0.000000,31.172712,20.000000
4.822266,-0.154297,1.103516,0.000000,31.176027,20.000000
1.882812,0.300781,0.250000,0.614669,26.483601,20.000000
0.037109,-0.035156,0.064453,0.000000,30.132587,20.000000
0.046875,-0.046875,0.103516,0.000000,29.009130,20.000000
0.011719,-0.039062,-0.007812,0.000000,30.674429,21.000000
0.027344,-0.076172,-0.009766,0.000000,31.863913,21.000000
0.029297,-0.119141,-0.005859,0.000000,30.098757,21.000000
0.056641,-0.154297,0.007812,0.000000,25.428255,21.000000
0.488281,-0.000000,1.169922,0.000000,23.283796,21.000000
0.527344,-0.041016,1.197266,0.000000,24.329693,21.000000
0.539062,-0.000000,1.238281,0.000000,22.922562,21.000000
2.609375,-0.000000,1.076172,0.000000,28.802418,21.000000
2.671875,-0.000000,1.029297,0.000000,32.169571,21.000000
2.720703,0.089844,1.013672,0.000000,31.312979,21.000000
4.453125,-0.000000,1.076172,0.000000,30.884905,21.000000
4.460938,-0.144531,1.205078,0.000000,29.666109,21.000000
4.658203,-0.146484,-0.158203,0.000000,29.268568,21.000000
4.703125,-0.000000,0.119141,0.000000,31.781132,21.000000
4.726562,-0.148438,-0.380859,0.000000,30.663260,21.000000
4.765625,-0.150391,-0.421875,0.000000,33.776703,21.000000
4.812500,-0.150391,-0.341797,0.000000,34.463818,21.000000
4.857422,-0.000000,-0.328125,0.000000,31.156105,21.000000
4.832031,-0.154297,1.064453,0.000000,31.316187,21.000000
0.037109,-0.035156,0.064453,0.000000,30.132587,21.000000
0.046875,-0.046875,0.103516,0.000000,29.014584,21.000000
0.007812,-0.056641,0.154297,0.000000,25.250448,21.000000
0.011719,-0.039062,-0.007812,0.000000,30.674429,22.000000
0.027344,-0.076172,-0.009766,0.000000,31.861084,22.000000
0.029297,-0.119141,-0.005859,0.000000,30.090258,22.000000
0.056641,-0.154297,0.007812,0.000000,25.415792,22.000000
0.500000,-0.000000,1.166016,0.000000,23.222193,22.000000
0.494141,-0.000000,1.212891,0.000000,24.297523,22.000000
0.544922,-0.000000,1.234375,0.000000,22.900347,22.000000
2.630859,-0.000000,1.023438,0.000000,28.686445,22.000000
2.681641,-0.000000,1.005859,0.000000,32.105862,22.000000
2.728516,0.089844,0.992188,0.000000,31.225435,22.000000
4.460938,-0.000000,1.044922,0.000000,30.852905,22.000000
4.531250,-0.144531,0.904297,0.000000,29.498777,22.000000
4.654297,-0.000000,0.285156,0.000000,33.682869,22.000000
4.691406,0.146484,0.328125,0.000000,35.546104,22.000000
4.740234,0.148438,0.152344,0.000000,33.741982,22.000000
4.765625,-0.150391,-0.417969,0.000000,33.836357,22.000000
4.810547,-0.150391,-0.373047,0.000000,34.586380,22.000000
4.849609,-0.000000,-0.423828,0.000000,31.682028,22.000000
4.812500,-0.154297,1.144531,0.000000,31.072100,22.000000
1.812500,0.353516,0.361328,0.614669,25.563025,22.000000
1.830078,0.361328,0.462891,0.614669,26.138418,22.000000
1.708984,0.419922,-0.773438,-0.614669,25.403296,22.000000
1.826172,0.367188,-0.621094,-0.614669,25.843311,22.000000
0.037109,-0.035156,0.064453,0.000000,30.132587,22.000000
0.046875,-0.046875,0.103516,0.000000,29.009130,22.000000
0.011719,-0.039062,-0.007812,0.000000,30.666985,23.000000
0.027344,-0.076172,-0.009766,0.000000,31.858253,23.000000
0.029297,-0.119141,-0.005859,0.000000,30.094509,23.000000
0.056641,-0.154297,0.007812,0.000000,25.428255,23.000000
0.500000,-0.000000,1.166016,0.000000,23.263359,23.000000
0.533203,-0.041016,1.195312,0.000000,24.313637,23.000000
0.542969,-0.000000,1.236328,0.000000,22.855574,23.000000
2.646484,-0.000000,0.982422,0.000000,28.959747,23.000000
2.685547,-0.000000,0.992188,0.000000,32.195847,23.000000
2.734375,0.089844,0.976562,0.000000,31.312979,23.000000
4.451172,-0.000000,1.082031,0.000000,30.795429,23.000000
4.546875,-0.000000,0.828125,0.000000,30.751818,23.000000
4.654297,-0.000000,0.275391,0.000000,34.148064,23.000000
4.697266,-0.000000,0.240234,0.000000,35.727554,23.000000
4.746094,-0.000000,0.000000,0.000000,34.465370,23.000000
4.769531,-0.150391,-0.373047,0.000000,34.303974,23.000000
4.812500,-0.150391,-0.349609,0.000000,34.602962,23.000000
4.855469,-0.000000,-0.345703,0.000000,31.498346,23.000000
4.808594,-0.154297,1.166016,0.000000,31.228710,23.000000
1.837891,0.234375,0.332031,0.614669,27.937904,23.000000
1.880859,0.240234,0.322266,0.614669,28.188854,23.000000
1.921875,0.246094,0.318359,0.614669,26.394865,23.000000
0.037109,-0.035156,0.064453,0.000000,30.124153,23.000000
0.046875,-0.046875,0.103516,0.000000,29.009130,23.000000
0.011719,-0.039062,-0.007812,0.000000,30.674429,24.000000
0.027344,-0.076172,-0.009766,0.000000,31.858253,24.000000
0.029297,-0.119141,-0.005859,0.000000,30.090258,24.000000
0.056641,-0.154297,0.007812,0.000000,25.428255,24.000000
0.490234,-0.000000,1.169922,0.000000,23.222193,24.000000
0.488281,-0.000000,1.214844,0.000000,24.297523,24.000000
0.535156,-0.000000,1.238281,0.000000,22.900347,24.000000
2.621094,-0.000000,1.048828,0.000000,28.739016,24.000000
2.679688,-0.000000,1.007812,0.000000,32.206310,24.000000
2.730469,0.089844,0.984375,0.000000,31.351326,24.000000
4.462891,-0.000000,1.035156,0.000000,30.860037,24.000000
4.556641,-0.000000,0.779297,0.000000,30.845762,24.000000
4.654297,-0.000000,0.287109,0.000000,33.856064,24.000000
4.697266,-0.000000,0.253906,0.000000,35.324997,24.000000
4.746094,-0.000000,0.000000,0.000000,34.095951,24.000000
4.767578,-0.150391,-0.388672,0.000000,34.181355,24.000000
4.812500,-0.150391,-0.355469,0.000000,34.565178,24.000000
4.853516,-0.000000,-0.369141,0.000000,31.408222,24.000000
4.806641,-0.154297,1.171875,0.000000,31.112625,24.000000
0.037109,-0.035156,0.064453,0.000000,30.124153,24.000000
0.046875,-0.046875,0.103516,0.000000,29.009130,24.000000
0.003906,-0.056641,0.154297,0.000000,25.250448,24.000000
0.011719,-0.039062,-0.007812,0.000000,30.674429,25.000000
0.027344,-0.076172,-0.009766,0.000000,31.861084,25.000000
0.029297,-0.119141,-0.005859,0.000000,30.090258,25.000000
0.056641,-0.154297,0.007812,0.000000,25.415792,25.000000
0.460938,-0.000000,1.181641,0.000000,23.222193,25.000000
0.474609,-0.000000,1.218750,0.000000,24.281347,25.000000
0.541016,-0.000000,1.236328,0.000000,22.855574,25.000000
1.814453,0.287109,-0.113281,0.000000,27.817554,25.000000
1.867188,0.234375,-0.046875,0.000000,30.149403,25.000000
1.906250,0.240234,0.060547,0.000000,29.642597,25.000000
2.611328,-0.000000,1.072266,0.000000,28.847954,25.000000
2.673828,-0.000000,1.025391,0.000000,32.151085,25.000000
2.724609,0.089844,1.000000,0.000000,31.231981,25.000000
4.466797,-0.000000,1.017578,0.000000,30.827854,25.000000
4.562500,-0.000000,0.736328,0.000000,31.225435,25.000000
4.648438,0.146484,0.333984,0.000000,34.299137,25.000000
4.697266,-0.000000,0.267578,0.000000,35.699589,25.000000
4.746094,-0.000000,0.015625,0.000000,34.339298,25.000000
4.771484,-0.150391,-0.351562,0.000000,34.174717,25.000000
4.812500,-0.150391,-0.343750,0.000000,34.415379,25.000000
4.855469,-0.000000,-0.357422,0.000000,31.351326,25.000000
4.818359,-0.154297,1.123047,0.000000,31.309767,25.000000
0.037109,-0.035156,0.064453,0.000000,30.128372,25.000000
0.046875,-0.046875,0.103516,0.000000,29.009130,25.000000
0.005859,-0.056641,0.154297,0.000000,25.250448,25.000000
0.011719,-0.039062,-0.007812,0.000000,30.689276,26.000000
0.027344,-0.076172,-0.009766,0.000000,31.866739,26.000000
0.029297,-0.119141,-0.005859,0.000000,30.098757,26.000000
0.056641,-0.154297,0.007812,0.000000,25.415792,26.000000
0.486328,-0.000000,1.171875,0.000000,23.242825,26.000000
0.488281,-0.000000,1.214844,0.000000,24.297523,26.000000
0.541016,-0.000000,1.236328,0.000000,22.900347,26.000000
1.853516,0.294922,0.130859,0.000000,29.781805,26.000000
1.892578,0.300781,0.148438,0.000000,28.881796,26.000000
2.634766,-0.000000,1.013672,0.000000,28.876173,26.000000
2.681641,-0.000000,1.003906,0.000000,32.135178,26.000000
2.730469,0.089844,0.984375,0.000000,31.222158,26.000000
4.460938,-0.000000,1.041016,0.000000,30.877813,26.000000
4.562500,-0.000000,0.742188,0.000000,31.293676,26.000000
4.646484,0.146484,0.359375,0.000000,34.116196,26.000000
4.693359,-0.000000,0.318359,0.000000,35.587086,26.000000
4.744141,-0.000000,0.074219,0.000000,34.297523,26.000000
4.771484,-0.150391,-0.337891,0.000000,34.001926,26.000000
4.812500,-0.150391,-0.332031,0.000000,34.168068,26.000000
4.857422,-0.000000,-0.332031,0.000000,30.969101,26.000000
4.808594,-0.154297,1.162109,0.000000,31.251558,26.000000
0.037109,-0.035156,0.064453,0.000000,30.132587,26.000000
0.046875,-0.046875,0.103516,0.000000,29.009130,26.000000
0.011719,-0.039062,-0.007812,0.000000,30.681858,27.000000
0.027344,-0.076172,-0.009766,0.000000,31.863913,27.000000
0.029297,-0.119141,-0.005859,0.000000,30.094509,27.000000
0.056641,-0.154297,0.007812,0.000000,25.428255,27.000000
0.484375,-0.000000,1.171875,0.000000,23.222193,27.000000
0.478516,-0.000000,1.218750,0.000000,24.265112,27.000000
0.531250,-0.000000,1.240234,0.000000,22.833012,27.000000
1.816406,0.287109,-0.087891,0.000000,29.247959,27.000000
1.859375,0.294922,0.005859,0.000000,29.898945,27.000000
1.863281,0.240234,0.412109,0.000000,27.218105,27.000000
2.638672,-0.000000,1.003906,0.000000,28.762178,27.000000
2.683594,-0.000000,1.000000,0.000000,32.185356,27.000000
2.738281,0.089844,0.966797,0.000000,31.303337,27.000000
4.457031,-0.000000,1.060547,0.000000,30.860037,27.000000
4.554688,-0.000000,0.787109,0.000000,31.344959,27.000000
4.646484,-0.000000,0.388672,0.000000,33.955009,27.000000
4.691406,-0.000000,0.353516,0.000000,35.295586,27.000000
4.744141,-0.000000,0.115234,0.000000,34.026051,27.000000
4.773438,-0.150391,-0.326172,0.000000,33.812958,27.000000
4.812500,-0.150391,-0.347656,0.000000,34.075607,27.000000
4.851562,-0.000000,-0.400391,0.000000,31.027765,27.000000
4.806641,-0.154297,1.169922,0.000000,31.185953,27.000000
0.037109,-0.035156,0.064453,0.000000,30.132587,27.000000
0.046875,-0.046875,0.103516,0.000000,29.014584,27.000000
0.011719,-0.039062,-0.007812,0.000000,30.663260,28.000000
0.027344,-0.076172,-0.009766,0.000000,31.858253,28.000000
0.029297,-0.119141,-0.005859,0.000000,30.098757,28.000000
0.056641,-0.154297,0.007812,0.000000,25.428255,28.000000
0.498047,-0.000000,1.166016,0.000000,23.283796,28.000000
0.480469,-0.000000,1.218750,0.000000,24.329693,28.000000
0.519531,-0.000000,1.246094,0.000000,22.922562,28.000000
1.818359,0.287109,0.001953,0.000000,27.481880,28.000000
1.859375,0.294922,0.019531,0.000000,29.518230,28.000000
1.896484,0.240234,0.208984,0.000000,28.887409,28.000000
1.894531,0.306641,0.412109,0.000000,28.188854,28.000000
2.638672,-0.000000,1.001953,0.000000,28.970770,28.000000
2.675781,-0.000000,1.019531,0.000000,32.177471,28.000000
2.720703,0.089844,1.009766,0.000000,31.235250,28.000000
4.472656,-0.000000,0.994141,0.000000,30.784569,28.000000
4.564453,-0.000000,0.732422,0.000000,31.319393,28.000000
4.648438,0.146484,0.349609,0.000000,34.169731,28.000000
4.695312,-0.000000,0.287109,0.000000,35.546104,28.000000
4.744141,-0.000000,0.054688,0.000000,34.360035,28.000000
4.773438,-0.150391,-0.312500,0.000000,34.024334,28.000000
4.812500,-0.150391,-0.330078,0.000000,34.176376,28.000000
4.853516,-0.000000,-0.375000,0.000000,31.209028,28.000000
4.796875,-0.154297,1.212891,0.000000,31.271048,28.000000
0.037109,-0.035156,0.064453,0.000000,30.128372,28.000000
0.046875,-0.046875,0.103516,0.000000,29.009130,28.000000
0.011719,-0.039062,-0.007812,0.000000,30.670708,29.000000
0.027344,-0.076172,-0.009766,0.000000,31.861084,29.000000
0.029297,-0.119141,-0.005859,0.000000,30.098757,29.000000
0.056641,-0.154297,0.007812,0.000000,25.428255,29.000000
0.498047,-0.000000,1.166016,0.000000,23.283796,29.000000
0.488281,-0.000000,1.214844,0.000000,24.313637,29.000000
0.535156,-0.000000,1.238281,0.000000,22.878017,29.000000
1.857422,0.294922,-0.064453,0.000000,29.661417,29.000000
1.890625,0.300781,-0.173828,0.000000,29.309490,29.000000
2.599609,-0.000000,1.099609,0.000000,28.802418,29.000000
2.669922,-0.000000,1.037109,0.000000,32.161659,29.000000
2.712891,-0.000000,1.037109,0.000000,31.303337,29.000000
4.460938,-0.000000,1.044922,0.000000,30.888445,29.000000
4.554688,-0.000000,0.783203,0.000000,31.112625,29.000000
4.652344,0.146484,0.281250,0.000000,33.796680,29.000000
4.695312,0.146484,0.234375,0.000000,35.262100,29.000000
4.746094,-0.000000,-0.011719,0.000000,33.941013,29.000000
4.769531,-0.150391,-0.371094,0.000000,33.891663,29.000000
4.812500,-0.150391,-0.347656,0.000000,34.224258,29.000000
4.851562,-0.000000,-0.392578,0.000000,31.225435,29.000000
4.789062,-0.154297,1.240234,0.000000,31.182648,29.000000
1.896484,0.367188,-0.347656,0.614669,25.224442,29.000000
0.037109,-0.035156,0.064453,0.000000,30.128372,29.000000
0.046875,-0.046875,0.103516,0.000000,29.009130,29.000000
0.011719,-0.039062,-0.007812,0.000000,30.663260,30.000000
0.027344,-0.076172,-0.009766,0.000000,31.858253,30.000000
0.029297,-0.119141,-0.005859,0.000000,30.090258,30.000000
0.056641,-0.154297,0.007812,0.000000,25.428255,30.000000
0.494141,-0.000000,1.167969,0.000000,23.263359,30.000000
0.488281,-0.000000,1.214844,0.000000,24.297523,30.000000
0.541016,-0.000000,1.236328,0.000000,22.855574,30.000000
2.607422,-0.000000,1.082031,0.000000,28.698181,30.000000
2.679688,-0.000000,1.009766,0.000000,32.132519,30.000000
2.738281,0.089844,0.966797,0.000000,31.277525,30.000000
4.464844,-0.000000,1.027344,0.000000,30.788193,30.000000
4.554688,-0.000000,0.785156,0.000000,30.934217,30.000000
4.654297,-0.000000,0.296875,0.000000,33.961994,30.000000
4.695312,0.146484,0.259766,0.000000,35.296871,30.000000
4.746094,-0.000000,-0.005859,0.000000,33.886341,30.000000
4.769531,-0.150391,-0.376953,0.000000,33.933998,30.000000
4.812500,-0.150391,-0.349609,0.000000,34.303974,30.000000
4.849609,-0.000000,-0.412109,0.000000,31.383026,30.000000
4.810547,-0.154297,1.158203,0.000000,30.902580,30.000000
0.037109,-0.035156,0.064453,0.000000,30.128372,30.000000
0.046875,-0.046875,0.103516,0.000000,29.009130,30.000000
0.007812,-0.056641,0.154297,0.000000,25.250448,30.000000
0.011719,-0.039062,-0.007812,0.000000,30.670708,31.000000
0.027344,-0.076172,-0.009766,0.000000,31.858253,31.000000
0.029297,-0.119141,-0.005859,0.000000,30.090258,31.000000
0.056641,-0.154297,0.007812,0.000000,25.428255,31.000000
0.496094,-0.000000,1.167969,0.000000,23.263359,31.000000
0.529297,-0.041016,1.197266,0.000000,24.313637,31.000000
0.542969,-0.000000,1.236328,0.000000,22.878017,31.000000
1.839844,0.353516,0.181641,0.000000,29.454685,31.000000
1.878906,0.361328,0.193359,0.000000,30.895519,31.000000
1.904297,0.367188,0.304688,0.000000,27.450748,31.000000
2.628906,-0.000000,1.029297,0.000000,28.698181,31.000000
2.681641,-0.000000,1.001953,0.000000,32.156376,31.000000
2.732422,0.089844,0.982422,0.000000,31.316187,31.000000
4.464844,-0.000000,1.023438,0.000000,30.835026,31.000000
4.542969,-0.144531,0.839844,0.000000,29.800034,31.000000
4.648438,0.146484,0.330078,0.000000,33.577442,31.000000
4.689453,0.146484,0.343750,0.000000,35.397034,31.000000
4.740234,0.148438,0.169922,0.000000,33.447853,31.000000
4.767578,-0.150391,-0.402344,0.000000,33.692158,31.000000
4.812500,-0.150391,-0.351562,0.000000,34.491699,31.000000
4.847656,-0.000000,-0.445312,0.000000,31.604685,31.000000
4.800781,-0.154297,1.195312,0.000000,31.182648,31.000000
1.919922,0.437500,-0.373047,0.614669,24.941545,31.000000
0.037109,-0.035156,0.064453,0.000000,30.128372,31.000000
0.046875,-0.046875,0.103516,0.000000,29.009130,31.000000
0.011719,-0.039062,-0.007812,0.000000,30.678144,32.000000
0.027344,-0.076172,-0.009766,0.000000,31.861084,32.000000
0.029297,-0.119141,-0.005859,0.000000,30.090258,32.000000
0.056641,-0.154297,0.007812,0.000000,25.415792,32.000000
0.474609,-0.000000,1.175781,0.000000,23.242825,32.000000
0.474609,-0.000000,1.218750,0.000000,24.281347,32.000000
0.519531,-0.000000,1.246094,0.000000,22.833012,32.000000
1.894531,0.300781,0.142578,0.000000,26.901960,32.000000
1.939453,0.306641,0.000000,0.000000,27.185017,32.000000
2.623047,-0.000000,1.044922,0.000000,28.802418,32.000000
2.687500,-0.000000,0.990234,0.000000,32.153732,32.000000
2.734375,-0.000000,0.976562,0.000000,31.293676,32.000000
4.457031,-0.000000,1.060547,0.000000,30.909630,32.000000
4.472656,-0.144531,1.154297,0.000000,29.726656,32.000000
4.697266,-0.000000,0.244141,0.000000,30.969101,32.000000
4.718750,-0.148438,-0.482422,0.000000,30.008677,32.000000
4.761719,-0.150391,-0.458984,0.000000,33.888115,32.000000
4.810547,-0.150391,-0.361328,0.000000,34.647877,32.000000
4.853516,-0.000000,-0.378906,0.000000,31.568520,32.000000
4.830078,-0.154297,1.068359,0.000000,31.146111,32.000000
0.037109,-0.035156,0.064453,0.000000,30.132587,32.000000
0.046875,-0.046875,0.103516,0.000000,29.009130,32.000000
0.015625,-0.056641,0.152344,0.000000,25.250448,32.000000
0.011719,-0.039062,-0.007812,0.000000,30.678144,33.000000
0.027344,-0.076172,-0.009766,0.000000,31.858253,33.000000
0.029297,-0.119141,-0.005859,0.000000,30.090258,33.000000
0.056641,-0.154297,0.007812,0.000000,25.415792,33.000000
0.482422,-0.000000,1.171875,0.000000,23.242825,33.000000
0.486328,-0.000000,1.214844,0.000000,24.281347,33.000000
0.544922,-0.000000,1.234375,0.000000,22.878017,33.000000
1.845703,0.294922,0.214844,0.000000,27.283537,33.000000
1.884766,0.300781,0.228516,0.000000,29.666109,33.000000
1.929688,0.306641,0.195312,0.000000,29.106243,33.000000
2.644531,-0.000000,0.988281,0.000000,28.898617,33.000000
2.681641,-0.000000,1.005859,0.000000,32.148438,33.000000
2.730469,0.089844,0.982422,0.000000,31.274288,33.000000
4.451172,-0.000000,1.083984,0.000000,30.881361,33.000000
4.525391,-0.000000,0.943359,0.000000,30.595634,33.000000
4.660156,-0.000000,0.191406,0.000000,31.731863,33.000000
4.701172,-0.000000,0.142578,0.000000,33.372597,33.000000
4.742188,-0.000000,-0.158203,0.000000,32.935837,33.000000
4.767578,-0.150391,-0.386719,0.000000,34.082401,33.000000
4.812500,-0.150391,-0.341797,0.000000,34.527061,33.000000
4.853516,-0.000000,-0.371094,0.000000,31.577589,33.000000
4.824219,-0.154297,1.097656,0.000000,31.212315,33.000000
0.037109,-0.035156,0.064453,0.000000,30.128372,33.000000
0.046875,-0.046875,0.103516,0.000000,29.003672,33.000000
0.011719,-0.039062,-0.007812,0.000000,30.674429,34.000000
0.027344,-0.076172,-0.009766,0.000000,31.858253,34.000000
0.029297,-0.119141,-0.003906,0.000000,30.090258,34.000000
0.056641,-0.154297,0.007812,0.000000,25.428255,34.000000
0.478516,-0.000000,1.173828,0.000000,23.263359,34.000000
0.478516,-0.000000,1.218750,0.000000,24.313637,34.000000
0.527344,-0.000000,1.242188,0.000000,22.855574,34.000000
1.851562,0.294922,-0.152344,0.000000,27.307823,34.000000
1.894531,0.300781,-0.140625,0.000000,29.211660,34.000000
1.947266,0.246094,0.041016,0.000000,27.489628,34.000000
2.621094,-0.000000,1.046875,0.000000,28.790958,34.000000
2.681641,-0.000000,1.005859,0.000000,32.100510,34.000000
2.734375,0.089844,0.972656,0.000000,31.261314,34.000000
4.453125,-0.000000,1.074219,0.000000,30.877813,34.000000
4.521484,-0.000000,0.958984,0.000000,30.488300,34.000000
4.656250,-0.000000,0.248047,0.000000,31.553360,34.000000
4.697266,-0.000000,0.244141,0.000000,33.042751,34.000000
4.744141,-0.000000,-0.046875,0.000000,32.278866,34.000000
4.771484,-0.150391,-0.353516,0.000000,33.656750,34.000000
4.812500,-0.150391,-0.333984,0.000000,34.305588,34.000000
4.853516,-0.000000,-0.369141,0.000000,31.277525,34.000000
4.816406,-0.154297,1.132812,0.000000,31.142773,34.000000
0.037109,-0.035156,0.064453,0.000000,30.124153,34.000000
0.046875,-0.046875,0.103516,0.000000,29.003672,34.000000
0.001953,-0.056641,0.154297,0.000000,25.250448,34.000000
0.011719,-0.039062,-0.007812,0.000000,30.674429,35.000000
0.027344,-0.076172,-0.009766,0.000000,31.858253,35.000000
0.029297,-0.119141,-0.005859,0.000000,30.090258,35.000000
0.056641,-0.154297,0.007812,0.000000,25.403296,35.000000
0.496094,-0.000000,1.167969,0.000000,23.242825,35.000000
0.482422,-0.000000,1.216797,0.000000,24.313637,35.000000
0.523438,-0.000000,1.244141,0.000000,22.922562,35.000000
1.853516,0.234375,-0.222656,0.000000,27.664129,35.000000
1.888672,0.300781,-0.193359,0.000000,30.549959,35.000000
1.931641,0.306641,-0.177734,0.000000,30.098757,35.000000
2.650391,-0.000000,0.970703,0.000000,28.932068,35.000000
2.687500,-0.000000,0.988281,0.000000,32.208923,35.000000
2.740234,0.089844,0.960938,0.000000,31.354507,35.000000
4.458984,-0.000000,1.052734,0.000000,30.809870,35.000000
4.511719,-0.144531,0.994141,0.000000,30.187004,35.000000
4.630859,-0.291016,0.472656,0.000000,28.893017,35.000000
4.687500,-0.146484,0.365234,0.000000,30.124153,35.000000
4.740234,-0.148438,-0.140625,0.000000,30.799046,35.000000
4.769531,-0.150391,-0.373047,0.000000,33.796680,35.000000
4.812500,-0.150391,-0.347656,0.000000,34.522465,35.000000
4.855469,-0.000000,-0.353516,0.000000,31.516762,35.000000
4.814453,-0.154297,1.134766,0.000000,31.126051,35.000000
0.037109,-0.035156,0.064453,0.000000,30.124153,35.000000
0.046875,-0.046875,0.103516,0.000000,29.003672,35.000000
0.011719,-0.039062,-0.007812,0.000000,30.674429,36.000000
0.027344,-0.076172,-0.009766,0.000000,31.861084,36.000000
0.029297,-0.119141,-0.005859,0.000000,30.094509,36.000000
0.056641,-0.154297,0.007812,0.000000,25.428255,36.000000
0.500000,-0.000000,1.166016,0.000000,23.283796,36.000000
0.494141,-0.000000,1.212891,0.000000,24.329693,36.000000
0.546875,-0.000000,1.234375,0.000000,22.900347,36.000000
2.634766,-0.000000,1.011719,0.000000,28.680563,36.000000
2.679688,-0.000000,1.007812,0.000000,32.127201,36.000000
2.732422,0.089844,0.978516,0.000000,31.306553,36.000000
4.453125,-0.000000,1.080078,0.000000,30.831442,36.000000
4.410156,-0.144531,1.376953,0.000000,28.943161,36.000000
4.658203,0.146484,0.144531,0.000000,31.861084,36.000000
4.695312,0.146484,0.261719,0.000000,34.320068,36.000000
4.742188,0.148438,0.123047,0.000000,32.284004,36.000000
4.763672,-0.150391,-0.435547,0.000000,33.471348,36.000000
4.812500,-0.150391,-0.335938,0.000000,34.388588,36.000000
4.851562,-0.000000,-0.400391,0.000000,31.293676,36.000000
4.812500,-0.154297,1.144531,0.000000,31.209028,36.000000
0.037109,-0.035156,0.064453,0.000000,30.128372,36.000000
0.046875,-0.046875,0.103516,0.000000,29.003672,36.000000
0.007812,-0.056641,0.154297,0.000000,25.237465,36.000000
0.011719,-0.039062,-0.007812,0.000000,30.674429,37.000000
0.027344,-0.076172,-0.009766,0.000000,31.858253,37.000000
0.029297,-0.119141,-0.003906,0.000000,30.090258,37.000000
0.056641,-0.154297,0.007812,0.000000,25.428255,37.000000
0.478516,-0.000000,1.173828,0.000000,23.263359,37.000000
0.478516,-0.000000,1.218750,0.000000,24.313637,37.000000
0.527344,-0.000000,1.242188,0.000000,22.855574,37.000000
1.851562,0.294922,-0.152344,0.000000,27.307823,37.000000
1.894531,0.300781,-0.140625,0.000000,29.211660,37.000000
1.947266,0.246094,0.041016,0.000000,27.489628,37.000000
2.621094,-0.000000,1.046875,0.000000,28.790958,37.000000
2.681641,-0.000000,1.005859,0.000000,32.100510,37.000000
2.734375,0.089844,0.972656,0.000000,31.261314,37.000000
4.453125,-0.000000,1.074219,0.000000,30.877813,37.000000
4.521484,-0.000000,0.958984,0.000000,30.488300,37.000000
4.656250,-0.000000,0.248047,0.000000,31.553360,37.000000
4.697266,-0.000000,0.244141,0.000000,33.042751,37.000000
4.744141,-0.000000,-0.046875,0.000000,32.278866,37.000000
4.771484,-0.150391,-0.353516,0.000000,33.656750,37.000000
4.812500,-0.150391,-0.333984,0.000000,34.305588,37.000000
4.853516,-0.000000,-0.369141,0.000000,31.277525,37.000000
4.816406,-0.154297,1.132812,0.000000,31.142773,37.000000
0.037109,-0.035156,0.064453,0.000000,30.124153,37.000000
0.046875,-0.046875,0.103516,0.000000,29.003672,37.000000
0.001953,-0.056641,0.154297,0.000000,25.250448,37.000000
0.011719,-0.039062,-0.007812,0.000000,30.678144,38.000000
0.027344,-0.076172,-0.009766,0.000000,31.861084,38.000000
0.029297,-0.119141,-0.005859,0.000000,30.094509,38.000000
0.056641,-0.154297,0.007812,0.000000,25.428255,38.000000
0.500000,-0.000000,1.166016,0.000000,23.304138,38.000000
0.482422,-0.000000,1.216797,0.000000,24.313637,38.000000
0.527344,-0.000000,1.242188,0.000000,22.900347,38.000000
1.847656,0.353516,-0.042969,0.000000,27.795965,38.000000
2.634766,-0.000000,1.013672,0.000000,28.813847,38.000000
2.679688,-0.000000,1.007812,0.000000,32.137833,38.000000
2.734375,0.089844,0.974609,0.000000,31.328999,38.000000
4.464844,-0.000000,1.031250,0.000000,30.867157,38.000000
4.558594,-0.000000,0.763672,0.000000,30.678144,38.000000
4.656250,-0.000000,0.267578,0.000000,33.868557,38.000000
4.697266,-0.000000,0.265625,0.000000,35.409550,38.000000
4.744141,-0.000000,0.027344,0.000000,33.963737,38.000000
4.769531,-0.150391,-0.380859,0.000000,34.036350,38.000000
4.812500,-0.150391,-0.349609,0.000000,34.530125,38.000000
4.851562,-0.000000,-0.408203,0.000000,31.616674,38.000000
4.808594,-0.154297,1.167969,0.000000,31.280760,38.000000
1.886719,0.300781,0.216797,0.614669,27.250946,38.000000
1.917969,0.306641,0.285156,0.614669,27.092699,38.000000
0.037109,-0.035156,0.064453,0.000000,30.128372,38.000000
0.046875,-0.046875,0.103516,0.000000,29.003672,38.000000
0.011719,-0.039062,-0.007812,0.000000,30.674429,39.000000
0.027344,-0.076172,-0.009766,0.000000,31.858253,39.000000
0.029297,-0.119141,-0.005859,0.000000,30.090258,39.000000
0.056641,-0.154297,0.007812,0.000000,25.415792,39.000000
0.490234,-0.000000,1.169922,0.000000,23.304138,39.000000
0.478516,-0.000000,1.218750,0.000000,24.313637,39.000000
0.531250,-0.000000,1.242188,0.000000,22.878017,39.000000
1.857422,0.294922,-0.083984,0.000000,30.659531,39.000000
1.896484,0.300781,-0.097656,0.000000,31.997551,39.000000
1.937500,0.306641,-0.103516,0.000000,30.244856,39.000000
1.980469,0.312500,0.001953,0.000000,26.857418,39.000000
2.644531,-0.000000,0.986328,0.000000,28.870544,39.000000
2.679688,-0.000000,1.009766,0.000000,32.174839,39.000000
2.718750,0.089844,1.017578,0.000000,31.341770,39.000000
4.466797,-0.000000,1.019531,0.000000,30.806265,39.000000
4.568359,-0.000000,0.703125,0.000000,30.770042,39.000000
4.654297,-0.000000,0.302734,0.000000,34.336098,39.000000
4.695312,-0.000000,0.277344,0.000000,35.870373,39.000000
4.744141,-0.000000,0.052734,0.000000,34.459156,39.000000
4.769531,-0.150391,-0.375000,0.000000,34.056877,39.000000
4.810547,-0.150391,-0.367188,0.000000,34.514793,39.000000
4.851562,-0.000000,-0.388672,0.000000,31.690863,39.000000
4.798828,-0.154297,1.203125,0.000000,31.258064,39.000000
0.037109,-0.035156,0.064453,0.000000,30.132587,39.000000
0.046875,-0.046875,0.103516,0.000000,29.003672,39.000000
0.011719,-0.039062,-0.007812,0.000000,30.666985,40.000000
0.027344,-0.076172,-0.009766,0.000000,31.855421,40.000000
0.029297,-0.119141,-0.005859,0.000000,30.090258,40.000000
0.056641,-0.154297,0.007812,0.000000,25.428255,40.000000
0.501953,-0.000000,1.164062,0.000000,23.283796,40.000000
0.494141,-0.000000,1.210938,0.000000,24.313637,40.000000
0.539062,-0.000000,1.238281,0.000000,22.900347,40.000000
1.824219,0.353516,-0.296875,0.000000,27.839035,40.000000
1.933594,0.246094,0.232422,0.000000,27.176704,40.000000
1.968750,0.312500,0.212891,0.000000,28.426092,40.000000
1.996094,0.320312,0.310547,0.000000,26.766935,40.000000
2.642578,-0.000000,0.990234,0.000000,28.836615,40.000000
2.685547,-0.000000,0.996094,0.000000,32.159019,40.000000
2.722656,-0.000000,1.013672,0.000000,31.241781,40.000000
4.468750,-0.000000,1.013672,0.000000,30.824263,40.000000
4.562500,-0.000000,0.740234,0.000000,31.185953,40.000000
4.646484,0.146484,0.365234,0.000000,34.214394,40.000000
4.691406,0.146484,0.314453,0.000000,35.616974,40.000000
4.744141,-0.000000,0.074219,0.000000,34.237373,40.000000
4.771484,-0.150391,-0.349609,0.000000,34.065403,40.000000
4.808594,-0.150391,-0.388672,0.000000,34.445133,40.000000
4.847656,-0.000000,-0.445312,0.000000,31.781132,40.000000
4.798828,-0.154297,1.201172,0.000000,31.254812,40.000000
0.037109,-0.035156,0.064453,0.000000,30.128372,40.000000
0.046875,-0.046875,0.103516,0.000000,29.009130,40.000000
0.011719,-0.039062,-0.007812,0.000000,30.674429,41.000000
0.027344,-0.076172,-0.009766,0.000000,31.861084,41.000000
0.029297,-0.119141,-0.005859,0.000000,30.094509,41.000000
0.056641,-0.154297,0.007812,0.000000,25.428255,41.000000
0.490234,-0.000000,1.169922,0.000000,23.283796,41.000000
0.482422,-0.000000,1.216797,0.000000,24.313637,41.000000
0.531250,-0.000000,1.240234,0.000000,22.900347,41.000000
1.869141,0.300781,-0.333984,0.000000,29.375179,41.000000
1.927734,0.306641,-0.220703,0.000000,29.982594,41.000000
1.968750,0.375000,0.035156,0.000000,29.503649,41.000000
2.007812,0.320312,0.226562,0.000000,27.250946,41.000000
2.611328,-0.000000,1.072266,0.000000,28.915375,41.000000
2.675781,-0.000000,1.019531,0.000000,32.172207,41.000000
2.714844,-0.000000,1.033203,0.000000,31.225435,41.000000
4.464844,-0.000000,1.025391,0.000000,30.920185,41.000000
4.560547,-0.000000,0.748047,0.000000,31.348145,41.000000
4.648438,0.146484,0.351562,0.000000,34.196255,41.000000
4.691406,0.146484,0.302734,0.000000,35.608627,41.000000
4.744141,-0.000000,0.060547,0.000000,34.273239,41.000000
4.769531,-0.150391,-0.357422,0.000000,34.092567,41.000000
4.808594,-0.150391,-0.384766,0.000000,34.483971,41.000000
4.849609,-0.000000,-0.417969,0.000000,31.878027,41.000000
4.798828,-0.154297,1.201172,0.000000,31.271048,41.000000
4.787109,-0.000000,1.410156,0.000000,30.115704,41.000000
0.037109,-0.035156,0.064453,0.000000,30.132587,41.000000
0.046875,-0.046875,0.103516,0.000000,29.009130,41.000000
0.005859,-0.056641,0.154297,0.000000,25.237465,41.000000
2.173828,-1.714844,4.152344,0.000000,27.489628,41.000000
0.011719,-0.039062,-0.007812,0.000000,30.670708,42.000000
0.027344,-0.076172,-0.009766,0.000000,31.861084,42.000000
0.029297,-0.119141,-0.005859,0.000000,30.098757,42.000000
0.056641,-0.154297,0.007812,0.000000,25.428255,42.000000
0.478516,-0.000000,1.173828,0.000000,23.263359,42.000000
0.476562,-0.000000,1.218750,0.000000,24.329693,42.000000
0.535156,-0.000000,1.240234,0.000000,22.944662,42.000000
1.841797,0.353516,-0.152344,0.000000,29.095560,42.000000
1.876953,0.361328,-0.203125,0.000000,29.745117,42.000000
2.660156,-0.000000,0.945312,0.000000,28.864906,42.000000
2.683594,-0.000000,0.996094,0.000000,32.201080,42.000000
2.724609,0.089844,1.001953,0.000000,31.316187,42.000000
4.466797,-0.000000,1.017578,0.000000,30.737183,42.000000
4.574219,-0.000000,0.669922,0.000000,30.874264,42.000000
4.650391,0.146484,0.314453,0.000000,34.095951,42.000000
4.693359,0.146484,0.283203,0.000000,35.633625,42.000000
