0.041016,-0.115234,-0.009766,0.000000,30.330214,0.000000
0.056641,-0.154297,0.005859,0.000000,25.563025,0.000000
0.138672,-0.080078,1.257812,0.000000,23.138672,0.000000
0.253906,-0.041016,-1.283203,0.000000,24.623980,0.000000
0.484375,-0.042969,-1.259766,0.000000,23.010300,0.000000
0.458984,-0.042969,-1.312500,0.000000,21.789770,0.000000
1.244141,0.708984,-0.490234,0.000000,24.885508,0.000000
1.201172,0.826172,-0.539062,0.000000,25.809250,0.000000
2.609375,-0.175781,1.060547,0.000000,29.180304,0.000000
2.691406,-0.089844,0.970703,0.000000,32.317245,0.000000
2.761719,-0.089844,0.894531,0.000000,31.341770,0.000000
4.410156,-0.142578,1.234375,0.000000,31.495270,0.000000
4.435547,-0.144531,1.292969,0.000000,31.332195,0.000000
4.738281,-0.298828,-0.601562,0.000000,33.328423,0.000000
4.775391,-0.300781,-0.630859,0.000000,33.981136,0.000000
4.810547,-0.152344,-0.732422,0.000000,30.678144,0.000000
4.896484,-0.308594,0.654297,0.000000,31.241781,0.000000
4.951172,-0.623047,-0.003906,0.000000,30.068937,0.000000
0.011719,0.031250,0.023438,0.000000,29.464523,0.000000
0.041016,-0.033203,0.062500,0.000000,30.195316,0.000000
0.050781,-0.042969,0.103516,0.000000,29.063351,0.000000
0.011719,-0.039062,-0.007812,0.000000,30.845762,1.000000
0.017578,-0.080078,-0.009766,0.000000,32.054749,1.000000
0.041016,-0.115234,-0.009766,0.000000,30.322157,1.000000
0.056641,-0.154297,0.003906,0.000000,25.550945,1.000000
0.164062,-0.080078,1.255859,0.000000,23.201464,1.000000
0.255859,-0.041016,-1.283203,0.000000,24.668676,1.000000
0.542969,-0.042969,-1.234375,0.000000,22.922562,1.000000
1.365234,0.552734,-0.029297,0.000000,24.727564,1.000000
1.402344,0.568359,0.031250,0.000000,28.188854,1.000000
1.408203,0.630859,0.181641,0.000000,28.512583,1.000000
2.605469,-0.175781,1.070312,0.000000,29.185545,1.000000
2.689453,-0.089844,0.980469,0.000000,32.301933,1.000000
2.751953,-0.089844,0.923828,0.000000,31.316187,1.000000
4.408203,-0.142578,1.238281,0.000000,31.476763,1.000000
4.431641,-0.144531,1.308594,0.000000,31.283993,1.000000
4.744141,-0.298828,-0.562500,0.000000,33.346546,1.000000
4.775391,-0.300781,-0.628906,0.000000,33.995007,1.000000
4.804688,-0.152344,-0.771484,0.000000,30.685570,1.000000
4.886719,-0.308594,0.718750,0.000000,31.122698,1.000000
4.951172,-0.623047,0.064453,0.000000,29.786369,1.000000
0.011719,0.031250,0.023438,0.000000,29.459606,1.000000
0.041016,-0.033203,0.062500,0.000000,30.191162,1.000000
0.050781,-0.042969,0.103516,0.000000,29.057959,1.000000
0.011719,-0.039062,-0.007812,0.000000,30.852905,2.000000
0.017578,-0.080078,-0.009766,0.000000,32.057457,2.000000
0.041016,-0.115234,-0.009766,0.000000,30.326187,2.000000
0.056641,-0.154297,0.005859,0.000000,25.563025,2.000000
0.125000,-0.080078,1.259766,0.000000,23.201464,2.000000
0.267578,-0.041016,-1.281250,0.000000,24.668676,2.000000
0.511719,-0.042969,-1.248047,0.000000,23.074961,2.000000
0.447266,-0.042969,-1.316406,0.000000,22.380461,2.000000
1.304688,0.537109,-0.248047,0.000000,22.855574,2.000000
1.361328,0.552734,-0.089844,0.000000,25.378191,2.000000
1.382812,0.615234,0.052734,0.000000,28.182259,2.000000
1.376953,0.679688,0.240234,0.000000,29.164539,2.000000
1.373047,0.697266,0.414062,0.000000,28.142475,2.000000
2.619141,-0.175781,1.037109,0.000000,29.169800,2.000000
2.689453,-0.089844,0.980469,0.000000,32.314697,2.000000
2.746094,-0.089844,0.939453,0.000000,31.341770,2.000000
4.414062,-0.142578,1.218750,0.000000,31.489109,2.000000
4.433594,-0.144531,1.296875,0.000000,31.303337,2.000000
4.734375,-0.298828,-0.632812,0.000000,33.418301,2.000000
4.771484,-0.300781,-0.658203,0.000000,34.024334,2.000000
4.802734,-0.152344,-0.779297,0.000000,30.715137,2.000000
4.894531,-0.308594,0.667969,0.000000,31.195858,2.000000
4.951172,-0.623047,-0.033203,0.000000,29.973864,2.000000
0.011719,0.031250,0.023438,0.000000,29.459606,2.000000
0.041016,-0.033203,0.062500,0.000000,30.191162,2.000000
0.050781,-0.042969,0.103516,0.000000,29.057959,2.000000
1.283203,0.521484,-0.132812,0.000000,19.684830,2.000000
0.388672,-0.000000,1.376953,0.000000,22.576786,2.000000
0.011719,-0.039062,-0.007812,0.000000,30.849337,3.000000
0.017578,-0.080078,-0.009766,0.000000,32.057457,3.000000
0.041016,-0.115234,-0.009766,0.000000,30.326187,3.000000
0.056641,-0.154297,0.005859,0.000000,25.550945,3.000000
0.138672,-0.080078,1.257812,0.000000,23.222193,3.000000
0.265625,-0.041016,-1.281250,0.000000,24.653828,3.000000
0.386719,-0.083984,-1.291016,0.000000,23.117538,3.000000
0.349609,-0.042969,-1.345703,0.000000,22.648178,3.000000
1.320312,0.537109,-0.142578,0.000000,25.599066,3.000000
1.343750,0.597656,-0.083984,0.000000,27.218105,3.000000
1.382812,0.615234,-0.015625,0.000000,28.041395,3.000000
1.416016,0.630859,0.103516,0.000000,27.824726,3.000000
2.611328,-0.175781,1.058594,0.000000,29.175055,3.000000
2.687500,-0.089844,0.982422,0.000000,32.327419,3.000000
2.751953,-0.089844,0.921875,0.000000,31.351326,3.000000
4.416016,-0.142578,1.214844,0.000000,31.479853,3.000000
4.431641,-0.144531,1.306641,0.000000,31.319393,3.000000
4.740234,-0.298828,-0.595703,0.000000,33.382572,3.000000
4.777344,-0.300781,-0.626953,0.000000,34.022614,3.000000
4.804688,-0.152344,-0.771484,0.000000,30.762762,3.000000
4.906250,-0.308594,0.580078,0.000000,31.099159,3.000000
4.951172,-0.623047,0.021484,0.000000,29.890047,3.000000
0.011719,0.031250,0.023438,0.000000,29.459606,3.000000
0.041016,-0.033203,0.062500,0.000000,30.191162,3.000000
0.050781,-0.042969,0.103516,0.000000,29.057959,3.000000
1.296875,0.478516,-0.158203,0.000000,21.931246,3.000000
0.455078,-0.000000,1.357422,0.000000,23.579348,3.000000
0.011719,-0.039062,-0.007812,0.000000,30.845762,4.000000
0.017578,-0.080078,-0.009766,0.000000,32.054749,4.000000
0.041016,-0.115234,-0.009766,0.000000,30.326187,4.000000
0.056641,-0.154297,0.005859,0.000000,25.563025,4.000000
0.101562,-0.080078,1.261719,0.000000,23.159704,4.000000
0.279297,-0.041016,-1.277344,0.000000,24.653828,4.000000
0.546875,-0.042969,-1.234375,0.000000,22.878017,4.000000
1.281250,0.478516,-0.250000,0.000000,21.303337,4.000000
1.361328,0.552734,0.097656,0.000000,25.327543,4.000000
1.402344,0.519531,0.236328,0.000000,27.234556,4.000000
1.441406,0.486328,0.320312,0.000000,24.885508,4.000000
2.619141,-0.175781,1.035156,0.000000,29.159271,4.000000
2.695312,-0.089844,0.964844,0.000000,32.301933,4.000000
2.763672,-0.089844,0.884766,0.000000,31.306553,4.000000
4.416016,-0.142578,1.212891,0.000000,31.482941,4.000000
4.443359,-0.144531,1.261719,0.000000,31.293676,4.000000
4.730469,-0.298828,-0.667969,0.000000,33.396503,4.000000
4.773438,-0.300781,-0.650391,0.000000,33.996738,4.000000
4.814453,-0.152344,-0.697266,0.000000,30.588055,4.000000
4.880859,-0.308594,0.759766,0.000000,31.199154,4.000000
4.951172,-0.623047,0.099609,0.000000,29.840771,4.000000
0.011719,0.031250,0.023438,0.000000,29.459606,4.000000
0.041016,-0.033203,0.062500,0.000000,30.191162,4.000000
0.050781,-0.042969,0.103516,0.000000,29.057959,4.000000
1.246094,0.464844,0.232422,0.000000,19.956352,4.000000
0.789062,-0.042969,-1.144531,0.000000,20.530785,4.000000
0.666016,1.068359,-0.912109,0.000000,24.116198,4.000000
0.011719,-0.039062,-0.007812,0.000000,30.845762,5.000000
0.017578,-0.080078,-0.009766,0.000000,32.060158,5.000000
0.029297,-0.119141,-0.005859,0.000000,30.330214,5.000000
0.056641,-0.154297,0.005859,0.000000,25.550945,5.000000
0.162109,-0.080078,1.255859,0.000000,23.159704,5.000000
0.236328,-0.041016,-1.287109,0.000000,24.623980,5.000000
0.552734,-0.042969,-1.230469,0.000000,22.528530,5.000000
1.275391,0.521484,-0.187500,0.000000,24.132998,5.000000
1.326172,0.537109,-0.074219,0.000000,25.622929,5.000000
1.359375,0.552734,0.123047,0.000000,26.127838,5.000000
1.294922,0.568359,0.541016,0.000000,25.998831,5.000000
1.050781,0.679688,0.921875,0.000000,27.007038,5.000000
1.384766,0.648438,0.457031,0.000000,28.055008,5.000000
1.470703,0.664062,0.269531,0.000000,28.388491,5.000000
2.619141,-0.175781,1.039062,0.000000,29.169800,5.000000
2.693359,-0.089844,0.966797,0.000000,32.312145,5.000000
2.757812,-0.089844,0.904297,0.000000,31.344959,5.000000
4.412109,-0.142578,1.222656,0.000000,31.486027,5.000000
4.416016,-0.144531,1.359375,0.000000,31.309767,5.000000
4.732422,-0.298828,-0.646484,0.000000,33.398487,5.000000
4.771484,-0.300781,-0.660156,0.000000,34.058582,5.000000
4.798828,-0.152344,-0.804688,0.000000,30.852905,5.000000
4.873047,-0.154297,0.564453,0.000000,28.881796,5.000000
4.908203,-0.308594,0.568359,0.000000,31.092409,5.000000
4.951172,-0.623047,0.031250,0.000000,29.840771,5.000000
0.011719,0.031250,0.023438,0.000000,29.464523,5.000000
0.041016,-0.033203,0.062500,0.000000,30.191162,5.000000
0.050781,-0.042969,0.103516,0.000000,29.068735,5.000000
1.195312,0.505859,-0.369141,0.000000,20.791813,5.000000
0.011719,-0.039062,-0.007812,0.000000,30.849337,6.000000
0.017578,-0.080078,-0.009766,0.000000,32.057457,6.000000
0.041016,-0.115234,-0.009766,0.000000,30.326187,6.000000
0.056641,-0.154297,0.003906,0.000000,25.563025,6.000000
0.154297,-0.080078,1.255859,0.000000,23.138672,6.000000
0.248047,-0.041016,-1.285156,0.000000,24.653828,6.000000
0.453125,-0.042969,-1.271484,0.000000,23.283796,6.000000
0.394531,-0.000000,-1.333984,0.000000,22.380461,6.000000
1.365234,0.552734,-0.013672,0.000000,24.638929,6.000000
1.402344,0.568359,-0.048828,0.000000,28.469553,6.000000
1.439453,0.582031,-0.056641,0.000000,28.992731,6.000000
1.433594,0.697266,0.031250,0.000000,27.442930,6.000000
1.470703,0.716797,-0.011719,0.000000,25.526682,6.000000
2.611328,-0.175781,1.058594,0.000000,29.148718,6.000000
2.689453,-0.089844,0.980469,0.000000,32.299377,6.000000
2.753906,-0.089844,0.919922,0.000000,31.344959,6.000000
4.414062,-0.142578,1.220703,0.000000,31.461281,6.000000
4.419922,-0.144531,1.345703,0.000000,31.316187,6.000000
4.738281,-0.298828,-0.603516,0.000000,33.396503,6.000000
4.775391,-0.300781,-0.632812,0.000000,34.020893,6.000000
4.812500,-0.152344,-0.710938,0.000000,30.704073,6.000000
4.898438,-0.308594,0.646484,0.000000,31.169397,6.000000
4.949219,-0.623047,0.113281,0.000000,29.858753,6.000000
0.011719,0.031250,0.023438,0.000000,29.459606,6.000000
0.041016,-0.033203,0.062500,0.000000,30.191162,6.000000
0.050781,-0.042969,0.103516,0.000000,29.063351,6.000000
1.261719,0.464844,0.119141,0.000000,21.430147,6.000000
1.306641,0.478516,0.011719,0.000000,22.201080,6.000000
0.011719,-0.039062,-0.007812,0.000000,30.842186,7.000000
0.017578,-0.080078,-0.009766,0.000000,32.057457,7.000000
0.041016,-0.115234,-0.009766,0.000000,30.326187,7.000000
0.056641,-0.154297,0.005859,0.000000,25.550945,7.000000
0.154297,-0.080078,1.255859,0.000000,23.159704,7.000000
0.251953,-0.041016,-1.283203,0.000000,24.623980,7.000000
0.353516,-0.083984,-1.300781,0.000000,23.242825,7.000000
0.314453,-0.042969,-1.353516,0.000000,22.787537,7.000000
0.367188,-0.000000,1.384766,0.000000,22.648178,7.000000
1.359375,0.552734,-0.121094,0.000000,25.599066,7.000000
1.361328,0.615234,-0.246094,0.000000,27.951845,7.000000
1.343750,0.679688,-0.386719,0.000000,28.000294,7.000000
1.353516,0.748047,-0.394531,0.000000,26.785183,7.000000
2.615234,-0.175781,1.046875,0.000000,29.159271,7.000000
2.693359,-0.089844,0.968750,0.000000,32.296818,7.000000
2.759766,-0.089844,0.898438,0.000000,31.338581,7.000000
4.421875,-0.142578,1.187500,0.000000,31.464382,7.000000
4.447266,-0.144531,1.251953,0.000000,31.280760,7.000000
4.740234,-0.298828,-0.583984,0.000000,33.408405,7.000000
4.775391,-0.300781,-0.640625,0.000000,34.053463,7.000000
4.802734,-0.152344,-0.779297,0.000000,30.777311,7.000000
4.886719,-0.308594,0.716797,0.000000,31.051695,7.000000
4.947266,-0.623047,0.203125,0.000000,29.786369,7.000000
0.011719,0.031250,0.023438,0.000000,29.459606,7.000000
0.041016,-0.033203,0.062500,0.000000,30.195316,7.000000
0.050781,-0.042969,0.103516,0.000000,29.063351,7.000000
1.298828,0.478516,-0.130859,0.000000,22.068258,7.000000
1.339844,0.492188,-0.111328,0.000000,22.121876,7.000000
0.011719,-0.039062,-0.007812,0.000000,30.845762,8.000000
0.017578,-0.080078,-0.009766,0.000000,32.057457,8.000000
0.041016,-0.115234,-0.009766,0.000000,30.326187,8.000000
0.056641,-0.154297,0.003906,0.000000,25.563025,8.000000
0.177734,-0.080078,1.253906,0.000000,23.201464,8.000000
0.255859,-0.041016,-1.283203,0.000000,24.608978,8.000000
0.572266,-0.083984,-1.220703,0.000000,22.253094,8.000000
1.257812,0.521484,-0.285156,0.000000,23.242825,8.000000
1.318359,0.537109,-0.154297,0.000000,23.802113,8.000000
1.382812,0.505859,0.009766,0.000000,26.344772,8.000000
1.416016,0.519531,0.125000,0.000000,28.926510,8.000000
1.423828,0.535156,0.320312,0.000000,29.278833,8.000000
1.419922,0.648438,0.330078,0.000000,27.505083,8.000000
1.494141,0.664062,0.033203,0.000000,28.518696,8.000000
1.505859,0.734375,-0.072266,0.000000,26.608654,8.000000
2.617188,-0.175781,1.041016,0.000000,29.111576,8.000000
2.695312,-0.089844,0.962891,0.000000,32.273724,8.000000
2.759766,-0.089844,0.898438,0.000000,31.293676,8.000000
4.414062,-0.142578,1.216797,0.000000,31.458178,8.000000
4.437500,-0.144531,1.285156,0.000000,31.306553,8.000000
4.742188,-0.298828,-0.574219,0.000000,33.354580,8.000000
4.781250,-0.300781,-0.591797,0.000000,34.010559,8.000000
4.818359,-0.152344,-0.679688,0.000000,30.755470,8.000000
4.896484,-0.308594,0.660156,0.000000,31.082266,8.000000
4.947266,-0.623047,0.179688,0.000000,29.652018,8.000000
0.011719,0.031250,0.023438,0.000000,29.464523,8.000000
0.041016,-0.033203,0.062500,0.000000,30.191162,8.000000
0.050781,-0.042969,0.103516,0.000000,29.057959,8.000000
1.148438,0.548828,-0.451172,0.000000,21.205740,8.000000
1.203125,-0.695312,-0.054688,0.000000,20.606977,8.000000
1.113281,0.050781,-1.142578,0.000000,24.785666,8.000000
0.011719,-0.039062,-0.007812,0.000000,30.845762,9.000000
0.017578,-0.080078,-0.009766,0.000000,32.060158,9.000000
0.041016,-0.115234,-0.009766,0.000000,30.330214,9.000000
0.056641,-0.154297,0.003906,0.000000,25.563025,9.000000
0.167969,-0.080078,1.253906,0.000000,23.180634,9.000000
0.380859,-0.042969,-1.294922,0.000000,23.598354,9.000000
0.150391,-0.000000,1.382812,0.000000,23.502480,9.000000
0.580078,-0.000000,1.308594,0.000000,22.922562,9.000000
1.380859,0.505859,-0.085938,0.000000,25.010593,9.000000
1.421875,0.519531,-0.003906,0.000000,27.745171,9.000000
1.455078,0.535156,0.105469,0.000000,27.160034,9.000000
1.468750,0.597656,0.175781,0.000000,27.435097,9.000000
1.490234,0.664062,0.125000,0.000000,27.387806,9.000000
2.607422,-0.175781,1.064453,0.000000,29.180304,9.000000
2.689453,-0.089844,0.980469,0.000000,32.307045,9.000000
2.751953,-0.089844,0.925781,0.000000,31.332195,9.000000
4.408203,-0.142578,1.238281,0.000000,31.489109,9.000000
4.437500,-0.144531,1.287109,0.000000,31.296900,9.000000
4.734375,-0.298828,-0.638672,0.000000,33.410385,9.000000
4.775391,-0.300781,-0.634766,0.000000,33.988079,9.000000
4.814453,-0.152344,-0.699219,0.000000,30.625820,9.000000
4.828125,-0.306641,0.835938,0.000000,29.106243,9.000000
4.898438,-0.308594,0.646484,0.000000,31.251558,9.000000
4.951172,-0.623047,0.017578,0.000000,30.004341,9.000000
0.011719,0.031250,0.023438,0.000000,29.454685,9.000000
0.041016,-0.033203,0.062500,0.000000,30.191162,9.000000
0.050781,-0.042969,0.103516,0.000000,29.063351,9.000000
1.281250,0.421875,0.019531,0.000000,21.522884,9.000000
1.281250,0.521484,-0.148438,0.000000,23.384565,9.000000
1.308594,0.537109,-0.224609,0.000000,22.174839,9.000000
0.199219,-0.000000,1.541016,0.000000,24.771212,9.000000
0.011719,-0.039062,-0.007812,0.000000,30.838608,10.000000
0.017578,-0.080078,-0.009766,0.000000,32.054749,10.000000
0.041016,-0.115234,-0.009766,0.000000,30.330214,10.000000
0.056641,-0.154297,0.005859,0.000000,25.575071,10.000000
0.166016,-0.080078,1.253906,0.000000,23.201464,10.000000
0.203125,-0.041016,-1.292969,0.000000,24.698219,10.000000
0.423828,-0.042969,-1.281250,0.000000,23.117538,10.000000
0.566406,-0.042969,-1.269531,0.000000,21.492191,10.000000
1.333984,0.615234,-0.361328,0.000000,26.893089,10.000000
1.302734,0.728516,-0.433594,0.000000,28.221682,10.000000
1.375000,0.748047,-0.308594,0.000000,27.846172,10.000000
2.613281,-0.175781,1.050781,0.000000,29.138138,10.000000
2.697266,-0.089844,0.958984,0.000000,32.273724,10.000000
2.761719,-0.089844,0.894531,0.000000,31.319393,10.000000
4.410156,-0.142578,1.234375,0.000000,31.479853,10.000000
4.427734,-0.144531,1.318359,0.000000,31.312979,10.000000
4.740234,-0.298828,-0.593750,0.000000,33.386559,10.000000
4.777344,-0.300781,-0.626953,0.000000,33.991543,10.000000
4.810547,-0.152344,-0.730469,0.000000,30.644581,10.000000
4.826172,-0.306641,0.845703,0.000000,28.987251,10.000000
4.892578,-0.308594,0.679688,0.000000,31.192558,10.000000
4.951172,-0.623047,0.111328,0.000000,29.925535,10.000000
0.011719,0.031250,0.023438,0.000000,29.459606,10.000000
0.041016,-0.033203,0.062500,0.000000,30.195316,10.000000
0.050781,-0.042969,0.103516,0.000000,29.068735,10.000000
1.253906,0.421875,0.269531,0.000000,20.170334,10.000000
1.240234,-0.564453,0.277344,0.000000,18.920946,10.000000
0.011719,-0.039062,-0.007812,0.000000,30.842186,11.000000
0.017578,-0.080078,-0.009766,0.000000,32.057457,11.000000
0.041016,-0.115234,-0.009766,0.000000,30.326187,11.000000
0.056641,-0.154297,0.005859,0.000000,25.563025,11.000000
0.123047,-0.080078,1.259766,0.000000,23.180634,11.000000
0.240234,-0.041016,-1.287109,0.000000,24.698219,11.000000
0.503906,-0.042969,-1.251953,0.000000,23.053514,11.000000
1.236328,0.564453,-0.298828,0.000000,21.139433,11.000000
1.287109,0.582031,-0.230469,0.000000,22.455126,11.000000
1.378906,0.505859,-0.113281,0.000000,25.682016,11.000000
1.421875,0.519531,0.003906,0.000000,28.779470,11.000000
1.437500,0.582031,0.105469,0.000000,30.244856,11.000000
1.468750,0.597656,0.169922,0.000000,29.749720,11.000000
2.621094,-0.175781,1.031250,0.000000,29.127533,11.000000
2.697266,-0.089844,0.957031,0.000000,32.301933,11.000000
2.761719,-0.089844,0.896484,0.000000,31.325798,11.000000
4.414062,-0.142578,1.220703,0.000000,31.486027,11.000000
4.441406,-0.144531,1.275391,0.000000,31.306553,11.000000
4.734375,-0.298828,-0.632812,0.000000,33.457657,11.000000
4.771484,-0.300781,-0.666016,0.000000,34.031204,11.000000
4.808594,-0.152344,-0.748047,0.000000,30.678144,11.000000
4.832031,-0.306641,0.804688,0.000000,29.153997,11.000000
4.896484,-0.308594,0.650391,0.000000,31.335388,11.000000
4.951172,-0.623047,0.013672,0.000000,30.030294,11.000000
0.011719,0.031250,0.023438,0.000000,29.459606,11.000000
0.041016,-0.033203,0.062500,0.000000,30.191162,11.000000
0.050781,-0.042969,0.103516,0.000000,29.063351,11.000000
1.267578,0.464844,-0.007812,0.000000,20.293839,11.000000
0.679688,-0.087891,-1.208984,0.000000,21.003706,11.000000
0.498047,-0.000000,1.341797,0.000000,19.637878,11.000000
0.011719,-0.039062,-0.007812,0.000000,30.842186,12.000000
0.017578,-0.080078,-0.009766,0.000000,32.057457,12.000000
0.041016,-0.115234,-0.009766,0.000000,30.330214,12.000000
0.056641,-0.154297,0.005859,0.000000,25.563025,12.000000
0.156250,-0.080078,1.255859,0.000000,23.180634,12.000000
0.271484,-0.041016,-1.279297,0.000000,24.608978,12.000000
0.556641,-0.083984,-1.226562,0.000000,22.430380,12.000000
1.250000,0.521484,-0.316406,0.000000,23.765770,12.000000
1.302734,0.537109,-0.251953,0.000000,24.409090,12.000000
1.380859,0.505859,-0.066406,0.000000,24.065401,12.000000
1.417969,0.519531,0.103516,0.000000,26.127838,12.000000
1.437500,0.535156,0.250000,0.000000,27.745171,12.000000
1.458984,0.597656,0.242188,0.000000,28.273693,12.000000
1.490234,0.664062,0.125000,0.000000,26.821451,12.000000
2.613281,-0.175781,1.052734,0.000000,29.159271,12.000000
2.691406,-0.089844,0.972656,0.000000,32.314697,12.000000
2.757812,-0.089844,0.906250,0.000000,31.344959,12.000000
4.412109,-0.142578,1.228516,0.000000,31.476763,12.000000
4.431641,-0.144531,1.308594,0.000000,31.303337,12.000000
4.730469,-0.298828,-0.660156,0.000000,33.467442,12.000000
4.771484,-0.300781,-0.667969,0.000000,34.055172,12.000000
4.802734,-0.152344,-0.781250,0.000000,30.755470,12.000000
4.841797,-0.306641,0.746094,0.000000,29.003672,12.000000
4.898438,-0.308594,0.640625,0.000000,31.215599,12.000000
4.951172,-0.623047,0.072266,0.000000,29.858753,12.000000
0.011719,0.031250,0.025391,0.000000,29.464523,12.000000
0.041016,-0.033203,0.062500,0.000000,30.195316,12.000000
0.050781,-0.042969,0.103516,0.000000,29.068735,12.000000
1.205078,-0.589844,0.140625,0.000000,19.867718,12.000000
1.193359,-0.695312,-0.158203,0.000000,21.139433,12.000000
0.011719,-0.039062,-0.007812,0.000000,30.845762,13.000000
0.017578,-0.080078,-0.009766,0.000000,32.057457,13.000000
0.041016,-0.115234,-0.009766,0.000000,30.322157,13.000000
0.056641,-0.154297,0.003906,0.000000,25.550945,13.000000
0.082031,-0.080078,1.263672,0.000000,23.159704,13.000000
0.273438,-0.041016,-1.279297,0.000000,24.668676,13.000000
0.466797,-0.042969,-1.265625,0.000000,23.222193,13.000000
1.273438,0.521484,-0.195312,0.000000,23.729120,13.000000
1.312500,0.537109,-0.201172,0.000000,25.092026,13.000000
1.355469,0.552734,-0.158203,0.000000,26.138418,13.000000
1.361328,0.615234,-0.242188,0.000000,26.901960,13.000000
1.277344,0.728516,-0.501953,0.000000,26.294096,13.000000
2.605469,-0.175781,1.070312,0.000000,29.185545,13.000000
2.693359,-0.089844,0.970703,0.000000,32.312145,13.000000
2.759766,-0.089844,0.898438,0.000000,31.348145,13.000000
4.412109,-0.142578,1.226562,0.000000,31.442627,13.000000
4.433594,-0.144531,1.298828,0.000000,31.277525,13.000000
4.742188,-0.298828,-0.580078,0.000000,33.382572,13.000000
4.777344,-0.300781,-0.619141,0.000000,34.008831,13.000000
4.812500,-0.152344,-0.710938,0.000000,30.618294,13.000000
4.886719,-0.308594,0.726562,0.000000,31.192558,13.000000
4.949219,-0.623047,0.125000,0.000000,29.754318,13.000000
0.011719,0.031250,0.023438,0.000000,29.459606,13.000000
0.041016,-0.033203,0.062500,0.000000,30.195316,13.000000
0.050781,-0.042969,0.103516,0.000000,29.063351,13.000000
1.267578,0.464844,-0.037109,0.000000,21.643528,13.000000
0.298828,-0.000000,1.357422,0.000000,22.253094,13.000000
0.814453,-0.000000,1.177734,0.000000,22.648178,13.000000
0.011719,-0.039062,-0.007812,0.000000,30.842186,14.000000
0.017578,-0.080078,-0.009766,0.000000,32.054749,14.000000
0.041016,-0.115234,-0.009766,0.000000,30.326187,14.000000
0.056641,-0.154297,0.005859,0.000000,25.563025,14.000000
0.136719,-0.080078,1.257812,0.000000,23.222193,14.000000
0.283203,-0.041016,-1.277344,0.000000,24.668676,14.000000
0.482422,-0.042969,-1.259766,0.000000,23.180634,14.000000
0.392578,-0.042969,-1.333984,0.000000,22.552725,14.000000
1.328125,0.492188,-0.207031,0.000000,23.010300,14.000000
1.359375,0.552734,-0.123047,0.000000,26.551384,14.000000
1.398438,0.568359,-0.119141,0.000000,29.498777,14.000000
1.419922,0.630859,0.050781,0.000000,30.678144,14.000000
1.441406,0.648438,0.214844,0.000000,30.618294,14.000000
1.501953,0.613281,0.216797,0.000000,29.175055,14.000000
1.548828,0.628906,0.130859,0.000000,25.490032,14.000000
2.621094,-0.175781,1.033203,0.000000,29.175055,14.000000
2.689453,-0.089844,0.976562,0.000000,32.301933,14.000000
2.751953,-0.089844,0.923828,0.000000,31.325798,14.000000
4.416016,-0.142578,1.212891,0.000000,31.458178,14.000000
4.439453,-0.144531,1.279297,0.000000,31.306553,14.000000
4.736328,-0.298828,-0.617188,0.000000,33.479153,14.000000
4.775391,-0.300781,-0.638672,0.000000,34.070507,14.000000
4.802734,-0.152344,-0.775391,0.000000,30.751818,14.000000
4.898438,-0.308594,0.640625,0.000000,31.122698,14.000000
4.951172,-0.623047,0.105469,0.000000,29.754318,14.000000
0.011719,0.031250,0.023438,0.000000,29.459606,14.000000
0.041016,-0.033203,0.062500,0.000000,30.191162,14.000000
0.050781,-0.042969,0.103516,0.000000,29.063351,14.000000
1.304688,0.478516,-0.068359,0.000000,21.205740,14.000000
0.437500,-0.000000,1.363281,0.000000,22.787537,14.000000
0.011719,-0.039062,-0.007812,0.000000,30.842186,15.000000
0.017578,-0.080078,-0.009766,0.000000,32.057457,15.000000
0.041016,-0.115234,-0.009766,0.000000,30.326187,15.000000
0.056641,-0.154297,0.005859,0.000000,25.550945,15.000000
0.154297,-0.080078,1.255859,0.000000,23.159704,15.000000
0.259766,-0.041016,-1.283203,0.000000,24.638929,15.000000
0.496094,-0.042969,-1.253906,0.000000,23.074961,15.000000
0.359375,-0.042969,-1.341797,0.000000,22.528530,15.000000
0.488281,-0.000000,1.345703,0.000000,22.479733,15.000000
1.146484,0.755859,-0.636719,0.000000,24.424797,15.000000
1.291016,0.728516,-0.466797,0.000000,28.129133,15.000000
1.419922,0.697266,0.203125,0.000000,29.513374,15.000000
1.455078,0.664062,0.339844,0.000000,28.555191,15.000000
2.617188,-0.175781,1.042969,0.000000,29.159271,15.000000
2.695312,-0.089844,0.964844,0.000000,32.312145,15.000000
2.761719,-0.089844,0.892578,0.000000,31.319393,15.000000
4.412109,-0.142578,1.226562,0.000000,31.470577,15.000000
4.443359,-0.000000,1.275391,0.000000,31.274288,15.000000
4.734375,-0.298828,-0.640625,0.000000,33.394516,15.000000
4.773438,-0.300781,-0.656250,0.000000,34.024334,15.000000
4.798828,-0.152344,-0.804688,0.000000,30.744507,15.000000
4.859375,-0.154297,0.675781,0.000000,28.876173,15.000000
4.900391,-0.308594,0.628906,0.000000,31.089031,15.000000
4.951172,-0.623047,0.050781,0.000000,29.754318,15.000000
0.011719,0.031250,0.025391,0.000000,29.459606,15.000000
0.041016,-0.033203,0.062500,0.000000,30.191162,15.000000
0.050781,-0.042969,0.103516,0.000000,29.063351,15.000000
1.291016,0.478516,-0.203125,0.000000,20.791813,15.000000
1.296875,0.537109,-0.277344,0.000000,21.172712,15.000000
0.011719,-0.039062,-0.007812,0.000000,30.835026,16.000000
0.017578,-0.080078,-0.009766,0.000000,32.054749,16.000000
0.041016,-0.115234,-0.009766,0.000000,30.326187,16.000000
0.056641,-0.154297,0.005859,0.000000,25.563025,16.000000
0.148438,-0.080078,1.257812,0.000000,23.159704,16.000000
0.267578,-0.041016,-1.281250,0.000000,24.623980,16.000000
0.416016,-0.083984,-1.281250,0.000000,23.031961,16.000000
1.296875,0.478516,-0.154297,0.000000,24.377506,16.000000
1.312500,0.537109,-0.195312,0.000000,25.740313,16.000000
1.431641,0.472656,0.142578,0.000000,27.331972,16.000000
1.431641,0.535156,0.285156,0.000000,27.781513,16.000000
1.402344,0.597656,0.470703,0.000000,28.686445,16.000000
1.447266,0.613281,0.453125,0.000000,28.020893,16.000000
2.615234,-0.175781,1.048828,0.000000,29.175055,16.000000
2.689453,-0.089844,0.976562,0.000000,32.319790,16.000000
2.755859,-0.089844,0.914062,0.000000,31.341770,16.000000
4.417969,-0.142578,1.207031,0.000000,31.467480,16.000000
4.427734,-0.144531,1.318359,0.000000,31.328999,16.000000
4.738281,-0.298828,-0.607422,0.000000,33.356583,16.000000
4.779297,-0.300781,-0.607422,0.000000,33.982872,16.000000
4.816406,-0.152344,-0.687500,0.000000,30.659531,16.000000
4.837891,-0.306641,0.767578,0.000000,29.003672,16.000000
4.892578,-0.308594,0.681641,0.000000,31.122698,16.000000
4.949219,-0.623047,0.142578,0.000000,29.749720,16.000000
0.011719,0.031250,0.023438,0.000000,29.464523,16.000000
0.041016,-0.033203,0.062500,0.000000,30.191162,16.000000
0.050781,-0.042969,0.103516,0.000000,29.063351,16.000000
0.337891,-0.042969,-1.347656,0.000000,22.944662,16.000000
0.412109,-0.000000,1.371094,0.000000,23.783979,16.000000
1.400391,0.568359,0.082031,0.000000,27.275414,16.000000
0.011719,-0.039062,-0.007812,0.000000,30.849337,17.000000
0.017578,-0.080078,-0.009766,0.000000,32.060158,17.000000
0.041016,-0.115234,-0.009766,0.000000,30.330214,17.000000
0.056641,-0.154297,0.005859,0.000000,25.563025,17.000000
0.199219,-0.080078,1.250000,0.000000,23.180634,17.000000
0.251953,-0.041016,-1.283203,0.000000,24.653828,17.000000
0.533203,-0.042969,-1.238281,0.000000,22.988531,17.000000
1.365234,0.552734,0.023438,0.000000,26.910814,17.000000
1.421875,0.519531,0.021484,0.000000,29.164539,17.000000
1.466797,0.486328,-0.169922,0.000000,27.050079,17.000000
1.292969,0.748047,0.560547,0.000000,27.528164,17.000000
1.351562,0.767578,0.509766,0.000000,25.877110,17.000000
2.619141,-0.175781,1.037109,0.000000,29.143431,17.000000
2.695312,-0.089844,0.962891,0.000000,32.307045,17.000000
2.755859,-0.089844,0.916016,0.000000,31.348145,17.000000
4.410156,-0.142578,1.234375,0.000000,31.498346,17.000000
4.447266,-0.144531,1.255859,0.000000,31.357685,17.000000
4.736328,-0.298828,-0.613281,0.000000,33.396503,17.000000
4.771484,-0.300781,-0.664062,0.000000,34.036350,17.000000
4.792969,-0.152344,-0.839844,0.000000,30.733517,17.000000
4.892578,-0.308594,0.683594,0.000000,31.149445,17.000000
4.947266,-0.623047,0.181641,0.000000,29.818186,17.000000
0.011719,0.031250,0.023438,0.000000,29.459606,17.000000
0.041016,-0.033203,0.062500,0.000000,30.191162,17.000000
0.050781,-0.042969,0.103516,0.000000,29.057959,17.000000
0.011719,-0.039062,-0.007812,0.000000,30.845762,18.000000
0.017578,-0.080078,-0.009766,0.000000,32.054749,18.000000
0.041016,-0.115234,-0.009766,0.000000,30.326187,18.000000
0.056641,-0.154297,0.003906,0.000000,25.550945,18.000000
0.148438,-0.080078,1.257812,0.000000,23.222193,18.000000
0.263672,-0.041016,-1.281250,0.000000,24.683474,18.000000
0.417969,-0.042969,-1.283203,0.000000,23.636120,18.000000
1.304688,0.478516,-0.064453,0.000000,25.965971,18.000000
1.324219,0.537109,-0.083984,0.000000,27.909885,18.000000
1.363281,0.552734,-0.085938,0.000000,28.898617,18.000000
1.369141,0.615234,-0.195312,0.000000,29.763500,18.000000
1.353516,0.679688,-0.347656,0.000000,29.449759,18.000000
2.628906,-0.175781,1.011719,0.000000,29.084850,18.000000
2.667969,-0.179688,1.027344,0.000000,32.276295,18.000000
2.763672,-0.089844,0.884766,0.000000,31.290451,18.000000
4.416016,-0.142578,1.210938,0.000000,31.470577,18.000000
4.433594,-0.144531,1.298828,0.000000,31.348145,18.000000
4.736328,-0.298828,-0.621094,0.000000,33.412365,18.000000
4.773438,-0.300781,-0.652344,0.000000,34.051754,18.000000
4.798828,-0.152344,-0.804688,0.000000,30.820669,18.000000
4.898438,-0.308594,0.638672,0.000000,31.058506,18.000000
4.949219,-0.623047,0.125000,0.000000,29.703468,18.000000
0.011719,0.031250,0.025391,0.000000,29.464523,18.000000
0.041016,-0.033203,0.062500,0.000000,30.191162,18.000000
0.050781,-0.042969,0.103516,0.000000,29.063351,18.000000
1.265625,0.464844,0.066406,0.000000,22.455126,18.000000
0.259766,-0.000000,1.367188,0.000000,24.048338,18.000000
0.548828,-0.000000,1.322266,0.000000,25.198280,18.000000
0.011719,-0.039062,-0.007812,0.000000,30.842186,19.000000
0.017578,-0.080078,-0.009766,0.000000,32.057457,19.000000
0.041016,-0.115234,-0.009766,0.000000,30.330214,19.000000
0.056641,-0.154297,0.003906,0.000000,25.563025,19.000000
0.142578,-0.080078,1.257812,0.000000,23.201464,19.000000
0.261719,-0.041016,-1.281250,0.000000,24.653828,19.000000
0.445312,-0.042969,-1.273438,0.000000,23.483049,19.000000
1.298828,0.478516,-0.136719,0.000000,25.390760,19.000000
1.322266,0.537109,-0.119141,0.000000,27.589119,19.000000
1.359375,0.552734,-0.121094,0.000000,29.159271,19.000000
1.376953,0.568359,-0.269531,0.000000,29.745117,19.000000
1.142578,0.679688,-0.806641,0.000000,28.195440,19.000000
2.611328,-0.175781,1.058594,0.000000,29.232441,19.000000
2.685547,-0.089844,0.988281,0.000000,32.342640,19.000000
2.750000,-0.089844,0.929688,0.000000,31.348145,19.000000
4.416016,-0.142578,1.214844,0.000000,31.470577,19.000000
4.441406,-0.144531,1.271484,0.000000,31.328999,19.000000
4.742188,-0.298828,-0.576172,0.000000,33.398487,19.000000
4.777344,-0.300781,-0.615234,0.000000,34.024334,19.000000
4.810547,-0.152344,-0.734375,0.000000,30.722500,19.000000
4.902344,-0.308594,0.605469,0.000000,31.182648,19.000000
4.951172,-0.623047,0.007812,0.000000,29.916691,19.000000
0.011719,0.031250,0.025391,0.000000,29.464523,19.000000
0.041016,-0.033203,0.062500,0.000000,30.191162,19.000000
0.050781,-0.042969,0.103516,0.000000,29.063351,19.000000
1.283203,0.421875,-0.011719,0.000000,20.899052,19.000000
0.033203,-0.000000,1.390625,0.000000,24.099331,19.000000
0.500000,-0.000000,1.341797,0.000000,25.105450,19.000000
0.011719,-0.039062,-0.007812,0.000000,30.845762,20.000000
0.017578,-0.080078,-0.009766,0.000000,32.057457,20.000000
0.041016,-0.115234,-0.009766,0.000000,30.326187,20.000000
0.056641,-0.154297,0.005859,0.000000,25.563025,20.000000
0.136719,-0.080078,1.257812,0.000000,23.242825,20.000000
0.242188,-0.041016,-1.285156,0.000000,24.698219,20.000000
0.423828,-0.042969,-1.281250,0.000000,23.031961,20.000000
0.574219,-0.087891,-1.263672,0.000000,21.105898,20.000000
1.363281,0.552734,-0.068359,0.000000,28.247765,20.000000
1.394531,0.568359,-0.154297,0.000000,28.965261,20.000000
1.267578,0.630859,0.640625,0.000000,28.356905,20.000000
1.437500,0.597656,0.351562,0.000000,28.591383,20.000000
1.490234,0.664062,0.121094,0.000000,26.334684,20.000000
2.611328,-0.175781,1.054688,0.000000,29.185545,20.000000
2.689453,-0.089844,0.980469,0.000000,32.337574,20.000000
2.755859,-0.089844,0.912109,0.000000,31.351326,20.000000
4.414062,-0.142578,1.216797,0.000000,31.473671,20.000000
4.431641,-0.144531,1.304688,0.000000,31.277525,20.000000
4.736328,-0.298828,-0.617188,0.000000,33.346546,20.000000
4.773438,-0.300781,-0.644531,0.000000,33.986343,20.000000
4.808594,-0.152344,-0.746094,0.000000,30.622059,20.000000
4.888672,-0.308594,0.712891,0.000000,31.271048,20.000000
4.951172,-0.623047,0.087891,0.000000,30.064661,20.000000
0.011719,0.031250,0.023438,0.000000,29.464523,20.000000
0.041016,-0.033203,0.062500,0.000000,30.195316,20.000000
0.050781,-0.042969,0.103516,0.000000,29.063351,20.000000
1.265625,0.464844,-0.052734,0.000000,21.072100,20.000000
1.273438,0.521484,-0.207031,0.000000,21.072100,20.000000
0.011719,-0.039062,-0.007812,0.000000,30.835026,21.000000
0.017578,-0.080078,-0.009766,0.000000,32.054749,21.000000
0.041016,-0.115234,-0.009766,0.000000,30.326187,21.000000
0.056641,-0.154297,0.005859,0.000000,25.550945,21.000000
0.169922,-0.191406,-1.199219,0.000000,18.325089,21.000000
0.203125,-0.080078,1.250000,0.000000,23.201464,21.000000
0.240234,-0.041016,-1.285156,0.000000,24.653828,21.000000
0.410156,-0.083984,-1.283203,0.000000,23.159704,21.000000
0.470703,-0.042969,-1.308594,0.000000,22.201080,21.000000
1.337891,0.492188,-0.140625,0.000000,24.424797,21.000000
1.363281,0.552734,-0.060547,0.000000,27.505083,21.000000
1.382812,0.615234,0.037109,0.000000,29.464523,21.000000
1.414062,0.630859,0.138672,0.000000,30.610754,21.000000
1.447266,0.648438,0.179688,0.000000,29.708117,21.000000
1.494141,0.664062,0.035156,0.000000,26.981005,21.000000
2.617188,-0.175781,1.041016,0.000000,29.148718,21.000000
2.691406,-0.089844,0.974609,0.000000,32.309597,21.000000
2.753906,-0.089844,0.917969,0.000000,31.332195,21.000000
4.408203,-0.142578,1.238281,0.000000,31.445742,21.000000
4.429688,-0.144531,1.310547,0.000000,31.293676,21.000000
4.732422,-0.298828,-0.650391,0.000000,33.438023,21.000000
4.773438,-0.300781,-0.642578,0.000000,34.001926,21.000000
4.812500,-0.152344,-0.720703,0.000000,30.655798,21.000000
4.824219,-0.306641,0.857422,0.000000,28.998205,21.000000
4.894531,-0.308594,0.664062,0.000000,31.182648,21.000000
4.951172,-0.623047,-0.072266,0.000000,29.956352,21.000000
0.011719,0.031250,0.023438,0.000000,29.454685,21.000000
0.041016,-0.033203,0.062500,0.000000,30.191162,21.000000
0.050781,-0.042969,0.103516,0.000000,29.057959,21.000000
1.134766,0.267578,0.384766,0.000000,15.682017,21.000000
1.302734,0.478516,-0.087891,0.000000,19.777237,21.000000
0.343750,-0.044922,1.388672,0.000000,22.576786,21.000000
0.011719,-0.039062,-0.007812,0.000000,30.838608,22.000000
0.017578,-0.080078,-0.009766,0.000000,32.054749,22.000000
0.041016,-0.115234,-0.009766,0.000000,30.326187,22.000000
0.056641,-0.154297,0.005859,0.000000,25.563025,22.000000
0.103516,-0.080078,1.261719,0.000000,23.180634,22.000000
0.236328,-0.041016,-1.287109,0.000000,24.698219,22.000000
0.468750,-0.042969,-1.265625,0.000000,23.201464,22.000000
0.578125,-0.042969,-1.263672,0.000000,21.760912,22.000000
1.363281,0.552734,-0.050781,0.000000,26.283890,22.000000
1.359375,0.615234,0.251953,0.000000,28.680563,22.000000
1.398438,0.630859,0.253906,0.000000,30.038912,22.000000
1.445312,0.648438,0.189453,0.000000,29.190781,22.000000
2.609375,-0.175781,1.062500,0.000000,29.116901,22.000000
2.689453,-0.089844,0.976562,0.000000,32.294258,22.000000
2.753906,-0.089844,0.917969,0.000000,31.335388,22.000000
4.414062,-0.142578,1.220703,0.000000,31.448854,22.000000
4.429688,-0.144531,1.310547,0.000000,31.274288,22.000000
4.742188,-0.298828,-0.580078,0.000000,33.328423,22.000000
4.779297,-0.300781,-0.607422,0.000000,33.963737,22.000000
4.812500,-0.152344,-0.718750,0.000000,30.633333,22.000000
4.835938,-0.306641,0.785156,0.000000,29.030899,22.000000
4.900391,-0.308594,0.628906,0.000000,31.182648,22.000000
4.951172,-0.623047,-0.019531,0.000000,29.916691,22.000000
0.011719,0.031250,0.025391,0.000000,29.459606,22.000000
0.041016,-0.033203,0.062500,0.000000,30.199467,22.000000
0.050781,-0.042969,0.103516,0.000000,29.068735,22.000000
1.261719,0.464844,0.119141,0.000000,20.863598,22.000000
1.306641,0.478516,-0.009766,0.000000,19.867718,22.000000
0.011719,-0.039062,-0.007812,0.000000,30.842186,23.000000
0.017578,-0.080078,-0.009766,0.000000,32.057457,23.000000
0.041016,-0.115234,-0.009766,0.000000,30.330214,23.000000
0.056641,-0.154297,0.003906,0.000000,25.563025,23.000000
0.169922,-0.080078,1.253906,0.000000,23.222193,23.000000
0.253906,-0.041016,-1.283203,0.000000,24.712917,23.000000
0.439453,-0.042969,-1.275391,0.000000,23.304138,23.000000
1.283203,0.521484,-0.119141,0.000000,22.944662,23.000000
1.337891,0.492188,-0.134766,0.000000,23.838154,23.000000
1.398438,0.460938,-0.042969,0.000000,24.668676,23.000000
1.271484,0.777344,-0.439453,0.000000,27.781513,23.000000
1.384766,0.748047,-0.265625,0.000000,27.234556,23.000000
2.615234,-0.175781,1.044922,0.000000,29.153997,23.000000
2.693359,-0.089844,0.966797,0.000000,32.289135,23.000000
2.757812,-0.089844,0.906250,0.000000,31.312979,23.000000
4.410156,-0.142578,1.230469,0.000000,31.486027,23.000000
4.431641,-0.144531,1.302734,0.000000,31.322598,23.000000
4.736328,-0.298828,-0.613281,0.000000,33.432117,23.000000
4.775391,-0.300781,-0.638672,0.000000,34.020893,23.000000
4.808594,-0.152344,-0.736328,0.000000,30.700378,23.000000
4.900391,-0.308594,0.625000,0.000000,31.218880,23.000000
4.951172,-0.623047,0.015625,0.000000,29.872192,23.000000
0.011719,0.031250,0.023438,0.000000,29.464523,23.000000
0.041016,-0.033203,0.062500,0.000000,30.195316,23.000000
0.050781,-0.042969,0.103516,0.000000,29.063351,23.000000
1.248047,0.505859,-0.085938,0.000000,21.760912,23.000000
0.404297,-0.042969,-1.330078,0.000000,22.329962,23.000000
0.736328,-0.000000,1.228516,0.000000,21.875208,23.000000
0.011719,-0.039062,-0.007812,0.000000,30.845762,24.000000
0.017578,-0.080078,-0.009766,0.000000,32.057457,24.000000
0.041016,-0.115234,-0.009766,0.000000,30.326187,24.000000
0.056641,-0.154297,0.005859,0.000000,25.563025,24.000000
0.142578,-0.080078,1.257812,0.000000,23.180634,24.000000
0.240234,-0.041016,-1.285156,0.000000,24.727564,24.000000
0.347656,-0.042969,-1.302734,0.000000,23.541084,24.000000
1.285156,0.521484,-0.091797,0.000000,23.283796,24.000000
1.320312,0.537109,-0.126953,0.000000,24.456041,24.000000
1.363281,0.552734,-0.070312,0.000000,25.843311,24.000000
1.419922,0.519531,0.052734,0.000000,25.921768,24.000000
1.328125,0.728516,-0.349609,0.000000,26.830471,24.000000
1.417969,0.697266,-0.214844,0.000000,27.701153,24.000000
1.494141,0.664062,-0.074219,0.000000,25.888317,24.000000
2.623047,-0.175781,1.025391,0.000000,29.148718,24.000000
2.693359,-0.089844,0.964844,0.000000,32.299377,24.000000
2.753906,-0.089844,0.916016,0.000000,31.325798,24.000000
4.419922,-0.142578,1.199219,0.000000,31.461281,24.000000
4.439453,-0.144531,1.281250,0.000000,31.280760,24.000000
4.742188,-0.298828,-0.570312,0.000000,33.398487,24.000000
4.779297,-0.300781,-0.613281,0.000000,34.012283,24.000000
4.812500,-0.152344,-0.710938,0.000000,30.674429,24.000000
4.888672,-0.308594,0.703125,0.000000,31.241781,24.000000
4.951172,-0.623047,0.087891,0.000000,29.965117,24.000000
0.011719,0.031250,0.023438,0.000000,29.459606,24.000000
0.041016,-0.033203,0.062500,0.000000,30.191162,24.000000
0.050781,-0.042969,0.103516,0.000000,29.063351,24.000000
1.267578,0.464844,-0.023438,0.000000,22.013971,24.000000
0.179688,-0.042969,1.378906,0.000000,22.810333,24.000000
0.736328,-0.000000,1.228516,0.000000,22.304489,24.000000
0.457031,-0.046875,-1.443359,0.000000,23.242825,24.000000
1.402344,0.630859,-0.220703,0.000000,26.776070,24.000000
0.011719,-0.039062,-0.007812,0.000000,30.842186,25.000000
0.017578,-0.080078,-0.009766,0.000000,32.057457,25.000000
0.041016,-0.115234,-0.009766,0.000000,30.330214,25.000000
0.056641,-0.154297,0.003906,0.000000,25.563025,25.000000
0.167969,-0.080078,1.253906,0.000000,23.180634,25.000000
0.177734,-0.041016,-1.296875,0.000000,24.857214,25.000000
0.138672,-0.042969,1.341797,0.000000,24.248816,25.000000
1.294922,0.478516,-0.167969,0.000000,24.983105,25.000000
1.365234,0.552734,0.015625,0.000000,25.538830,25.000000
1.394531,0.679688,-0.107422,0.000000,29.122221,25.000000
1.433594,0.697266,0.011719,0.000000,30.588055,25.000000
1.492188,0.664062,0.080078,0.000000,27.686380,25.000000
2.607422,-0.175781,1.066406,0.000000,29.169800,25.000000
2.689453,-0.089844,0.976562,0.000000,32.312145,25.000000
2.755859,-0.089844,0.910156,0.000000,31.332195,25.000000
4.402344,-0.142578,1.257812,0.000000,31.486027,25.000000
4.421875,-0.144531,1.341797,0.000000,31.293676,25.000000
4.738281,-0.298828,-0.611328,0.000000,33.372597,25.000000
4.773438,-0.300781,-0.646484,0.000000,33.991543,25.000000
4.806641,-0.152344,-0.753906,0.000000,30.655798,25.000000
4.892578,-0.308594,0.689453,0.000000,31.139433,25.000000
4.951172,-0.623047,0.033203,0.000000,29.786369,25.000000
0.011719,0.031250,0.025391,0.000000,29.459606,25.000000
0.041016,-0.033203,0.062500,0.000000,30.195316,25.000000
0.050781,-0.042969,0.103516,0.000000,29.063351,25.000000
1.263672,0.464844,-0.109375,0.000000,24.166405,25.000000
0.476562,-0.042969,1.306641,0.000000,23.820171,25.000000
0.011719,-0.039062,-0.007812,0.000000,30.838608,26.000000
0.017578,-0.080078,-0.009766,0.000000,32.052044,26.000000
0.041016,-0.115234,-0.009766,0.000000,30.322157,26.000000
0.056641,-0.154297,0.005859,0.000000,25.563025,26.000000
0.156250,-0.080078,1.255859,0.000000,23.201464,26.000000
0.261719,-0.041016,-1.281250,0.000000,24.563660,26.000000
0.535156,-0.083984,-1.236328,0.000000,22.430380,26.000000
1.257812,0.521484,-0.281250,0.000000,22.201080,26.000000
1.324219,0.537109,-0.101562,0.000000,26.180481,26.000000
1.365234,0.552734,-0.025391,0.000000,29.415113,26.000000
1.382812,0.615234,0.027344,0.000000,31.000257,26.000000
1.416016,0.630859,0.105469,0.000000,30.648323,26.000000
1.445312,0.648438,0.191406,0.000000,28.488047,26.000000
2.609375,-0.175781,1.062500,0.000000,29.196011,26.000000
2.687500,-0.089844,0.984375,0.000000,32.332500,26.000000
2.753906,-0.089844,0.916016,0.000000,31.344959,26.000000
4.417969,-0.142578,1.205078,0.000000,31.455072,26.000000
4.427734,-0.144531,1.320312,0.000000,31.306553,26.000000
4.734375,-0.298828,-0.638672,0.000000,33.394516,26.000000
4.775391,-0.300781,-0.632812,0.000000,34.000195,26.000000
4.818359,-0.152344,-0.681641,0.000000,30.678144,26.000000
4.826172,-0.306641,0.839844,0.000000,29.143431,26.000000
4.886719,-0.308594,0.724609,0.000000,31.231981,26.000000
4.949219,-0.623047,0.167969,0.000000,29.836264,26.000000
0.011719,0.031250,0.025391,0.000000,29.454685,26.000000
0.041016,-0.033203,0.062500,0.000000,30.191162,26.000000
0.050781,-0.042969,0.103516,0.000000,29.057959,26.000000
0.431641,-0.130859,-1.316406,0.000000,20.718821,26.000000
0.011719,-0.039062,-0.007812,0.000000,30.835026,27.000000
0.017578,-0.080078,-0.009766,0.000000,32.054749,27.000000
0.041016,-0.115234,-0.009766,0.000000,30.326187,27.000000
0.056641,-0.154297,0.003906,0.000000,25.563025,27.000000
0.078125,-0.080078,1.263672,0.000000,23.159704,27.000000
0.246094,-0.041016,-1.285156,0.000000,24.756712,27.000000
0.326172,-0.042969,-1.308594,0.000000,23.873898,27.000000
1.285156,0.521484,-0.111328,0.000000,24.885508,27.000000
1.324219,0.537109,-0.093750,0.000000,25.563025,27.000000
1.359375,0.552734,-0.126953,0.000000,23.747484,27.000000
1.406250,0.519531,0.199219,0.000000,24.608978,27.000000
1.404297,0.582031,0.322266,0.000000,28.506462,27.000000
1.416016,0.648438,0.349609,0.000000,28.494194,27.000000
2.617188,-0.175781,1.042969,0.000000,29.164539,27.000000
2.691406,-0.089844,0.974609,0.000000,32.312145,27.000000
2.759766,-0.089844,0.900391,0.000000,31.341770,27.000000
4.410156,-0.142578,1.236328,0.000000,31.458178,27.000000
4.421875,-0.144531,1.337891,0.000000,31.306553,27.000000
4.738281,-0.298828,-0.609375,0.000000,33.338501,27.000000
4.777344,-0.300781,-0.628906,0.000000,33.967224,27.000000
4.818359,-0.152344,-0.681641,0.000000,30.584261,27.000000
4.898438,-0.308594,0.634766,0.000000,31.248301,27.000000
4.951172,-0.623047,-0.013672,0.000000,29.921114,27.000000
0.011719,0.031250,0.023438,0.000000,29.464523,27.000000
0.041016,-0.033203,0.062500,0.000000,30.191162,27.000000
0.050781,-0.042969,0.103516,0.000000,29.063351,27.000000
1.267578,0.464844,-0.033203,0.000000,23.159704,27.000000
0.232422,-0.000000,1.371094,0.000000,23.838154,27.000000
0.525391,-0.000000,1.332031,0.000000,23.820171,27.000000
0.658203,-0.000000,1.316406,0.000000,21.003706,27.000000
0.011719,-0.039062,-0.007812,0.000000,30.835026,28.000000
0.017578,-0.080078,-0.009766,0.000000,32.054749,28.000000
0.041016,-0.115234,-0.009766,0.000000,30.326187,28.000000
0.056641,-0.154297,0.003906,0.000000,25.550945,28.000000
0.132812,-0.080078,1.257812,0.000000,23.201464,28.000000
0.287109,-0.041016,-1.277344,0.000000,24.638929,28.000000
0.498047,-0.083984,-1.251953,0.000000,22.741579,28.000000
0.429688,-0.130859,-1.316406,0.000000,21.038036,28.000000
1.324219,0.537109,-0.095703,0.000000,23.222193,28.000000
1.365234,0.552734,0.009766,0.000000,25.910646,28.000000
1.402344,0.568359,0.046875,0.000000,29.247959,28.000000
1.417969,0.630859,0.089844,0.000000,30.729847,28.000000
1.457031,0.648438,0.060547,0.000000,29.642597,28.000000
1.515625,0.613281,-0.076172,0.000000,26.232492,28.000000
2.617188,-0.175781,1.042969,0.000000,29.180304,28.000000
2.693359,-0.089844,0.966797,0.000000,32.309597,28.000000
2.757812,-0.089844,0.904297,0.000000,31.293676,28.000000
4.414062,-0.142578,1.218750,0.000000,31.482941,28.000000
4.443359,-0.144531,1.267578,0.000000,31.316187,28.000000
4.740234,-0.298828,-0.591797,0.000000,33.342525,28.000000
4.775391,-0.300781,-0.630859,0.000000,33.970707,28.000000
4.808594,-0.152344,-0.744141,0.000000,30.606977,28.000000
4.896484,-0.308594,0.652344,0.000000,31.222158,28.000000
4.951172,-0.623047,0.082031,0.000000,29.863237,28.000000
0.011719,0.031250,0.025391,0.000000,29.459606,28.000000
0.041016,-0.033203,0.062500,0.000000,30.191162,28.000000
0.050781,-0.042969,0.103516,0.000000,29.063351,28.000000
1.218750,0.564453,-0.361328,0.000000,20.791813,28.000000
0.011719,-0.039062,-0.007812,0.000000,30.838608,29.000000
0.017578,-0.080078,-0.009766,0.000000,32.057457,29.000000
0.041016,-0.115234,-0.009766,0.000000,30.326187,29.000000
0.056641,-0.154297,0.005859,0.000000,25.563025,29.000000
0.103516,-0.080078,1.261719,0.000000,23.201464,29.000000
0.273438,-0.041016,-1.279297,0.000000,24.727564,29.000000
0.304688,-0.083984,-1.312500,0.000000,23.765770,29.000000
1.316406,0.435547,-0.113281,0.000000,23.654881,29.000000
1.343750,0.492188,0.064453,0.000000,25.932861,29.000000
1.365234,0.552734,0.041016,0.000000,29.768084,29.000000
1.400391,0.568359,0.074219,0.000000,30.576660,29.000000
1.431641,0.582031,0.171875,0.000000,28.579353,29.000000
2.611328,-0.175781,1.054688,0.000000,29.196011,29.000000
2.691406,-0.089844,0.974609,0.000000,32.327419,29.000000
2.759766,-0.089844,0.900391,0.000000,31.357685,29.000000
4.406250,-0.142578,1.250000,0.000000,31.470577,29.000000
4.417969,-0.144531,1.349609,0.000000,31.264561,29.000000
4.738281,-0.298828,-0.601562,0.000000,33.364597,29.000000
4.777344,-0.300781,-0.623047,0.000000,34.003654,29.000000
4.814453,-0.152344,-0.708984,0.000000,30.659531,29.000000
4.882812,-0.308594,0.746094,0.000000,31.139433,29.000000
4.947266,-0.623047,0.210938,0.000000,29.758911,29.000000
0.011719,0.031250,0.025391,0.000000,29.464523,29.000000
0.041016,-0.033203,0.062500,0.000000,30.195316,29.000000
0.050781,-0.042969,0.103516,0.000000,29.063351,29.000000
1.283203,0.421875,0.007812,0.000000,22.041201,29.000000
0.244141,-0.042969,-1.369141,0.000000,23.502480,29.000000
0.011719,-0.039062,-0.007812,0.000000,30.835026,30.000000
0.017578,-0.080078,-0.009766,0.000000,32.054749,30.000000
0.041016,-0.115234,-0.009766,0.000000,30.330214,30.000000
0.056641,-0.154297,0.005859,0.000000,25.563025,30.000000
0.177734,-0.080078,1.253906,0.000000,23.201464,30.000000
0.210938,-0.041016,-1.291016,0.000000,24.828735,30.000000
0.298828,-0.042969,-1.316406,0.000000,23.838154,30.000000
0.144531,-0.042969,-1.382812,0.000000,23.304138,30.000000
1.328125,0.537109,-0.011719,0.000000,26.242821,30.000000
1.365234,0.552734,-0.019531,0.000000,29.127533,30.000000
1.376953,0.615234,-0.132812,0.000000,29.138138,30.000000
1.193359,0.777344,-0.623047,0.000000,26.627579,30.000000
2.609375,-0.175781,1.064453,0.000000,29.185545,30.000000
2.691406,-0.089844,0.972656,0.000000,32.307045,30.000000
2.759766,-0.089844,0.902344,0.000000,31.351326,30.000000
4.406250,-0.142578,1.250000,0.000000,31.473671,30.000000
4.425781,-0.144531,1.328125,0.000000,31.274288,30.000000
4.734375,-0.298828,-0.632812,0.000000,33.372597,30.000000
4.769531,-0.300781,-0.673828,0.000000,34.017452,30.000000
4.796875,-0.152344,-0.818359,0.000000,30.748165,30.000000
4.892578,-0.308594,0.681641,0.000000,31.102530,30.000000
4.949219,-0.623047,0.152344,0.000000,29.698816,30.000000
0.011719,0.031250,0.023438,0.000000,29.464523,30.000000
0.041016,-0.033203,0.062500,0.000000,30.195316,30.000000
0.050781,-0.042969,0.103516,0.000000,29.068735,30.000000
1.267578,0.464844,-0.015625,0.000000,22.174839,30.000000
1.304688,0.478516,-0.044922,0.000000,22.695129,30.000000
0.517578,0.044922,1.333984,0.000000,24.183012,30.000000
0.011719,-0.039062,-0.007812,0.000000,30.838608,31.000000
0.017578,-0.080078,-0.009766,0.000000,32.054749,31.000000
0.029297,-0.119141,-0.005859,0.000000,30.330214,31.000000
0.056641,-0.154297,0.005859,0.000000,25.563025,31.000000
0.130859,-0.080078,1.257812,0.000000,23.138672,31.000000
0.291016,-0.041016,-1.275391,0.000000,24.487062,31.000000
1.185547,0.505859,-0.398438,0.000000,22.329962,31.000000
1.189453,0.521484,-0.496094,0.000000,21.205740,31.000000
0.445312,-0.000000,-1.361328,0.000000,21.818436,31.000000
1.345703,0.597656,0.039062,0.000000,24.548449,31.000000
2.617188,-0.175781,1.042969,0.000000,29.180304,31.000000
2.689453,-0.089844,0.976562,0.000000,32.335037,31.000000
2.759766,-0.089844,0.902344,0.000000,31.367207,31.000000
4.406250,-0.142578,1.246094,0.000000,31.507565,31.000000
4.431641,-0.144531,1.306641,0.000000,31.354507,31.000000
4.732422,-0.298828,-0.642578,0.000000,33.414345,31.000000
4.775391,-0.300781,-0.638672,0.000000,34.022614,31.000000
4.818359,-0.152344,-0.681641,0.000000,30.659531,31.000000
4.894531,-0.308594,0.667969,0.000000,31.248301,31.000000
4.951172,-0.623047,0.048828,0.000000,29.872192,31.000000
0.011719,0.031250,0.025391,0.000000,29.464523,31.000000
0.041016,-0.033203,0.062500,0.000000,30.191162,31.000000
0.050781,-0.042969,0.103516,0.000000,29.063351,31.000000
0.632812,-0.083984,-1.189453,0.000000,21.789770,31.000000
1.173828,-0.738281,-0.101562,0.000000,19.542425,31.000000
1.314453,0.537109,0.181641,0.000000,21.367207,31.000000
0.011719,-0.039062,-0.007812,0.000000,30.838608,32.000000
0.017578,-0.080078,-0.009766,0.000000,32.054749,32.000000
0.041016,-0.115234,-0.009766,0.000000,30.326187,32.000000
0.056641,-0.154297,0.005859,0.000000,25.550945,32.000000
0.121094,-0.080078,1.259766,0.000000,23.180634,32.000000
0.066406,-0.082031,-1.304688,0.000000,24.517864,32.000000
0.457031,-0.083984,-1.267578,0.000000,22.878017,32.000000
0.505859,-0.042969,-1.294922,0.000000,21.818436,32.000000
1.318359,0.537109,0.146484,0.000000,23.283796,32.000000
1.382812,0.615234,0.054688,0.000000,28.254261,32.000000
1.400391,0.630859,0.242188,0.000000,28.915375,32.000000
1.474609,0.597656,0.123047,0.000000,26.821451,32.000000
2.611328,-0.175781,1.056641,0.000000,29.153997,32.000000
2.691406,-0.089844,0.976562,0.000000,32.322334,32.000000
2.755859,-0.089844,0.910156,0.000000,31.351326,32.000000
4.412109,-0.142578,1.224609,0.000000,31.470577,32.000000
4.437500,-0.144531,1.289062,0.000000,31.341770,32.000000
4.738281,-0.298828,-0.603516,0.000000,33.404442,32.000000
4.775391,-0.300781,-0.630859,0.000000,34.039780,32.000000
4.802734,-0.152344,-0.777344,0.000000,30.755470,32.000000
4.894531,-0.308594,0.673828,0.000000,31.139433,32.000000
4.949219,-0.623047,0.150391,0.000000,29.831751,32.000000
0.011719,0.031250,0.023438,0.000000,29.459606,32.000000
0.041016,-0.033203,0.062500,0.000000,30.195316,32.000000
0.050781,-0.042969,0.103516,0.000000,29.068735,32.000000
1.253906,-0.564453,0.203125,0.000000,18.864906,32.000000
0.326172,-0.000000,1.394531,0.000000,21.522884,32.000000
0.011719,-0.039062,-0.007812,0.000000,30.838608,33.000000
0.017578,-0.080078,-0.009766,0.000000,32.054749,33.000000
0.041016,-0.115234,-0.009766,0.000000,30.326187,33.000000
0.056641,-0.154297,0.005859,0.000000,25.563025,33.000000
0.119141,-0.080078,1.259766,0.000000,23.201464,33.000000
0.318359,-0.041016,-1.269531,0.000000,24.517864,33.000000
0.421875,-0.126953,-1.275391,0.000000,22.355284,33.000000
1.255859,0.521484,-0.287109,0.000000,23.443922,33.000000
1.343750,0.492188,-0.056641,0.000000,24.608978,33.000000
1.382812,0.615234,-0.056641,0.000000,30.025980,33.000000
1.394531,0.679688,0.085938,0.000000,31.516762,33.000000
1.402344,0.697266,0.302734,0.000000,29.965117,33.000000
2.613281,-0.175781,1.052734,0.000000,29.122221,33.000000
2.693359,-0.089844,0.968750,0.000000,32.294258,33.000000
2.755859,-0.089844,0.910156,0.000000,31.319393,33.000000
4.412109,-0.142578,1.226562,0.000000,31.464382,33.000000
4.437500,-0.144531,1.285156,0.000000,31.283993,33.000000
4.738281,-0.298828,-0.611328,0.000000,33.380577,33.000000
4.775391,-0.300781,-0.642578,0.000000,33.989811,33.000000
4.804688,-0.152344,-0.763672,0.000000,30.603201,33.000000
4.888672,-0.308594,0.708984,0.000000,31.185953,33.000000
4.951172,-0.623047,0.041016,0.000000,29.978231,33.000000
1.484375,0.613281,0.312500,-0.614669,25.198280,33.000000
0.011719,0.031250,0.025391,0.000000,29.459606,33.000000
0.041016,-0.033203,0.062500,0.000000,30.191162,33.000000
0.050781,-0.042969,0.103516,0.000000,29.057959,33.000000
1.156250,0.589844,-0.371094,0.000000,22.201080,33.000000
1.203125,-0.695312,-0.037109,0.000000,20.899052,33.000000
0.011719,-0.039062,-0.007812,0.000000,30.842186,34.000000
0.017578,-0.080078,-0.009766,0.000000,32.054749,34.000000
0.041016,-0.115234,-0.009766,0.000000,30.326187,34.000000
0.056641,-0.154297,0.005859,0.000000,25.563025,34.000000
0.064453,-0.080078,1.263672,0.000000,23.138672,34.000000
0.314453,-0.041016,-1.269531,0.000000,24.377506,34.000000
1.179688,0.589844,-0.289062,0.000000,22.648178,34.000000
1.251953,0.564453,-0.222656,0.000000,24.082399,34.000000
1.318359,0.537109,-0.148438,0.000000,26.989700,34.000000
1.343750,0.597656,-0.072266,0.000000,29.185545,34.000000
1.402344,0.568359,0.068359,0.000000,30.244856,34.000000
1.423828,0.582031,0.224609,0.000000,29.836264,34.000000
1.451172,0.597656,0.283203,0.000000,26.981005,34.000000
2.625000,-0.175781,1.021484,0.000000,29.095560,34.000000
2.693359,-0.089844,0.966797,0.000000,32.291698,34.000000
2.755859,-0.089844,0.914062,0.000000,31.328999,34.000000
4.414062,-0.142578,1.216797,0.000000,31.458178,34.000000
4.435547,-0.144531,1.289062,0.000000,31.306553,34.000000
4.734375,-0.298828,-0.632812,0.000000,33.459614,34.000000
4.771484,-0.300781,-0.664062,0.000000,34.060291,34.000000
4.798828,-0.152344,-0.806641,0.000000,30.766405,34.000000
4.857422,-0.154297,0.697266,0.000000,28.864906,34.000000
4.898438,-0.308594,0.636719,0.000000,31.159431,34.000000
4.951172,-0.623047,0.068359,0.000000,29.982594,34.000000
0.011719,0.031250,0.023438,0.000000,29.459606,34.000000
0.041016,-0.033203,0.062500,0.000000,30.191162,34.000000
0.050781,-0.042969,0.103516,0.000000,29.063351,34.000000
0.585938,-0.083984,-1.212891,0.000000,22.013971,34.000000
1.203125,-0.695312,-0.072266,0.000000,21.205740,34.000000
0.011719,-0.039062,-0.007812,0.000000,30.842186,35.000000
0.017578,-0.080078,-0.009766,0.000000,32.054749,35.000000
0.041016,-0.115234,-0.009766,0.000000,30.326187,35.000000
0.056641,-0.154297,0.005859,0.000000,25.563025,35.000000
0.138672,-0.080078,1.257812,0.000000,23.031961,35.000000
0.158203,-0.082031,-1.296875,0.000000,24.281347,35.000000
0.449219,-0.083984,-1.269531,0.000000,22.455126,35.000000
1.275391,0.521484,-0.193359,0.000000,23.031961,35.000000
1.326172,0.492188,-0.222656,0.000000,25.502283,35.000000
1.312500,0.597656,-0.292969,0.000000,27.339993,35.000000
1.339844,0.662109,-0.236328,0.000000,28.998205,35.000000
1.392578,0.679688,-0.113281,0.000000,29.571281,35.000000
1.433594,0.697266,-0.011719,0.000000,27.846172,35.000000
2.623047,-0.175781,1.027344,0.000000,29.127533,35.000000
2.695312,-0.089844,0.962891,0.000000,32.278866,35.000000
2.757812,-0.089844,0.904297,0.000000,31.300119,35.000000
4.416016,-0.142578,1.212891,0.000000,31.467480,35.000000
4.435547,-0.144531,1.292969,0.000000,31.287222,35.000000
4.744141,-0.298828,-0.554688,0.000000,33.374592,35.000000
4.779297,-0.300781,-0.611328,0.000000,34.032921,35.000000
4.810547,-0.152344,-0.728516,0.000000,30.795429,35.000000
4.896484,-0.308594,0.660156,0.000000,31.258064,35.000000
4.949219,-0.623047,0.123047,0.000000,30.013010,35.000000
0.011719,0.031250,0.023438,0.000000,29.459606,35.000000
0.041016,-0.033203,0.062500,0.000000,30.187004,35.000000
0.050781,-0.042969,0.103516,0.000000,29.052561,35.000000
1.242188,0.505859,-0.154297,0.000000,21.172712,35.000000
0.363281,-0.000000,-1.341797,0.000000,22.329962,35.000000
0.546875,-0.000000,1.324219,0.000000,23.710678,35.000000
0.011719,-0.039062,-0.007812,0.000000,30.842186,36.000000
0.017578,-0.080078,-0.009766,0.000000,32.057457,36.000000
0.041016,-0.115234,-0.009766,0.000000,30.326187,36.000000
0.056641,-0.154297,0.003906,0.000000,25.550945,36.000000
0.214844,-0.080078,1.248047,0.000000,23.222193,36.000000
0.115234,-0.041016,-1.302734,0.000000,25.065050,36.000000
0.224609,-0.042969,-1.330078,0.000000,24.345690,36.000000
0.330078,-0.042969,-1.349609,0.000000,23.074961,36.000000
1.308594,0.582031,0.039062,0.000000,23.031961,36.000000
1.330078,0.597656,0.208984,0.000000,24.800070,36.000000
1.384766,0.568359,0.226562,0.000000,23.443922,36.000000
