0.011719,-0.039062,-0.007812,0.000000,30.648323,0.000000
0.017578,-0.080078,-0.007812,0.000000,31.903316,0.000000
0.029297,-0.119141,-0.005859,0.000000,30.153597,0.000000
0.056641,-0.154297,0.005859,0.000000,25.440680,0.000000
0.089844,-0.082031,-1.302734,0.000000,24.593925,0.000000
0.435547,-0.083984,-1.275391,0.000000,22.966652,0.000000
0.552734,-0.042969,-1.275391,0.000000,21.583626,0.000000
2.615234,-0.175781,1.044922,0.000000,29.025467,0.000000
2.691406,-0.089844,0.974609,0.000000,32.180099,0.000000
2.755859,-0.089844,0.914062,0.000000,31.085649,0.000000
4.394531,-0.283203,1.105469,0.000000,27.937904,0.000000
4.416016,-0.142578,1.210938,0.000000,31.309767,0.000000
4.453125,-0.144531,1.228516,0.000000,30.849337,0.000000
4.884766,-0.308594,0.738281,0.000000,30.986437,0.000000
4.951172,-0.623047,0.054688,0.000000,29.795485,0.000000
1.857422,0.361328,-0.337891,1.229337,21.072100,0.000000
1.750000,0.164062,0.037109,-0.614669,26.148972,0.000000
1.791016,0.167969,-0.031250,-0.614669,28.639174,0.000000
1.832031,0.171875,-0.048828,-0.614669,28.567289,0.000000
1.878906,0.117188,0.011719,-0.614669,25.774918,0.000000
0.009766,0.031250,0.025391,0.000000,29.319662,0.000000
0.041016,-0.033203,0.062500,0.000000,30.086002,0.000000
0.046875,-0.046875,0.103516,0.000000,28.970770,0.000000
0.011719,-0.039062,-0.007812,0.000000,30.648323,1.000000
0.017578,-0.080078,-0.007812,0.000000,31.900515,1.000000
0.029297,-0.119141,-0.005859,0.000000,30.149403,1.000000
0.056641,-0.154297,0.005859,0.000000,25.453072,1.000000
0.150391,-0.080078,1.255859,0.000000,23.096302,1.000000
0.443359,-0.083984,-1.271484,0.000000,23.031961,1.000000
0.589844,-0.042969,-1.257812,0.000000,21.673174,1.000000
2.617188,-0.175781,1.041016,0.000000,29.041744,1.000000
2.691406,-0.089844,0.974609,0.000000,32.190605,1.000000
2.750000,-0.089844,0.927734,0.000000,31.126051,1.000000
4.416016,-0.142578,1.212891,0.000000,31.156105,1.000000
4.447266,-0.144531,1.251953,0.000000,30.523090,1.000000
4.888672,-0.308594,0.705078,0.000000,30.965624,1.000000
4.951172,-0.623047,0.015625,0.000000,29.840771,1.000000
1.583984,0.314453,-0.453125,1.229337,20.969101,1.000000
1.464844,0.046875,-0.140625,-3.073343,20.606977,1.000000
1.470703,0.046875,-0.054688,-2.458675,20.569048,1.000000
1.748047,0.056641,-0.423828,-0.614669,26.655809,1.000000
1.830078,0.171875,-0.093750,-0.614669,26.404814,1.000000
1.863281,0.234375,0.125000,-0.614669,24.683474,1.000000
0.009766,0.031250,0.025391,0.000000,29.309490,1.000000
0.041016,-0.033203,0.062500,0.000000,30.086002,1.000000
0.044922,-0.046875,0.103516,0.000000,28.970770,1.000000
0.556641,-0.470703,-1.734375,-0.614669,22.552725,1.000000
0.011719,-0.039062,-0.007812,0.000000,30.644581,2.000000
0.017578,-0.080078,-0.007812,0.000000,31.903316,2.000000
0.029297,-0.119141,-0.005859,0.000000,30.149403,2.000000
0.056641,-0.154297,0.005859,0.000000,25.428255,2.000000
0.162109,-0.080078,1.255859,0.000000,23.096302,2.000000
0.439453,-0.083984,-1.273438,0.000000,23.010300,2.000000
0.564453,-0.042969,-1.269531,0.000000,21.583626,2.000000
2.607422,-0.175781,1.066406,0.000000,28.893017,2.000000
2.687500,-0.089844,0.984375,0.000000,32.143139,2.000000
2.751953,-0.089844,0.921875,0.000000,31.142773,2.000000
4.414062,-0.142578,1.216797,0.000000,31.241781,2.000000
4.453125,-0.144531,1.228516,0.000000,30.726175,2.000000
4.882812,-0.308594,0.755859,0.000000,30.845762,2.000000
4.951172,-0.623047,0.068359,0.000000,29.552065,2.000000
1.386719,-0.000000,-0.099609,-2.458675,20.934217,2.000000
1.748047,0.054688,-0.195312,-0.614669,25.865873,2.000000
1.785156,0.056641,-0.218750,-0.614669,26.848454,2.000000
1.824219,0.115234,-0.226562,-0.614669,24.683474,2.000000
0.009766,0.031250,0.025391,0.000000,29.314579,2.000000
0.041016,-0.033203,0.062500,0.000000,30.090258,2.000000
0.044922,-0.046875,0.103516,0.000000,28.976271,2.000000
0.011719,-0.039062,-0.007812,0.000000,30.648323,3.000000
0.017578,-0.080078,-0.007812,0.000000,31.903316,3.000000
0.029297,-0.119141,-0.005859,0.000000,30.149403,3.000000
0.056641,-0.154297,0.005859,0.000000,25.440680,3.000000
0.080078,-0.080078,1.263672,0.000000,23.180634,3.000000
0.138672,-0.082031,-1.298828,0.000000,24.683474,3.000000
0.583984,-0.042969,-1.261719,0.000000,21.643528,3.000000
2.611328,-0.175781,1.058594,0.000000,28.898617,3.000000
2.693359,-0.089844,0.968750,0.000000,32.182728,3.000000
2.759766,-0.089844,0.900391,0.000000,31.156105,3.000000
4.406250,-0.142578,1.085938,0.000000,28.027737,3.000000
4.416016,-0.142578,1.214844,0.000000,31.408222,3.000000
4.453125,-0.144531,1.232422,0.000000,30.993353,3.000000
4.890625,-0.308594,0.693359,0.000000,30.920185,3.000000
4.951172,-0.623047,-0.044922,0.000000,29.547249,3.000000
1.263672,-0.000000,-0.113281,-1.229337,25.171959,3.000000
1.304688,-0.000000,-0.113281,-1.229337,27.528164,3.000000
1.343750,0.042969,-0.125000,-1.229337,26.242821,3.000000
1.382812,0.042969,-0.150391,-1.229337,21.367207,3.000000
1.783203,0.167969,0.175781,-0.614669,26.512779,3.000000
1.830078,0.171875,0.078125,-0.614669,26.483601,3.000000
0.009766,0.031250,0.025391,0.000000,29.314579,3.000000
0.041016,-0.033203,0.062500,0.000000,30.086002,3.000000
0.044922,-0.046875,0.103516,0.000000,28.970770,3.000000
0.011719,-0.039062,-0.007812,0.000000,30.648323,4.000000
0.017578,-0.080078,-0.007812,0.000000,31.903316,4.000000
0.029297,-0.119141,-0.005859,0.000000,30.149403,4.000000
0.056641,-0.154297,0.005859,0.000000,25.440680,4.000000
1.222656,0.039062,-0.109375,0.000000,22.624512,4.000000
1.267578,-0.000000,0.046875,0.000000,25.477747,4.000000
1.287109,-0.041016,0.232422,0.000000,25.932861,4.000000
1.246094,-0.083984,0.509766,0.000000,23.909351,4.000000
0.759766,-0.042969,1.164062,0.000000,21.789770,4.000000
2.607422,-0.175781,1.064453,0.000000,29.009130,4.000000
2.687500,-0.089844,0.982422,0.000000,32.198463,4.000000
2.751953,-0.089844,0.923828,0.000000,31.159431,4.000000
4.414062,-0.142578,1.218750,0.000000,31.258064,4.000000
4.455078,-0.144531,1.222656,0.000000,30.733517,4.000000
4.884766,-0.308594,0.740234,0.000000,30.909630,4.000000
4.951172,-0.623047,0.095703,0.000000,29.684830,4.000000
1.707031,0.107422,-0.169922,-0.614669,28.375885,4.000000
1.750000,0.054688,-0.162109,-0.614669,30.629578,4.000000
1.787109,0.113281,-0.179688,-0.614669,29.319662,4.000000
0.009766,0.031250,0.025391,0.000000,29.314579,4.000000
0.041016,-0.033203,0.062500,0.000000,30.090258,4.000000
0.044922,-0.046875,0.103516,0.000000,28.970770,4.000000
0.011719,-0.039062,-0.007812,0.000000,30.644581,5.000000
0.017578,-0.080078,-0.007812,0.000000,31.903316,5.000000
0.029297,-0.119141,-0.005859,0.000000,30.153597,5.000000
0.056641,-0.154297,0.005859,0.000000,25.440680,5.000000
1.210938,-0.000000,-0.195312,0.000000,24.149733,5.000000
1.021484,-0.130859,0.935547,0.000000,20.644581,5.000000
2.611328,-0.175781,1.054688,0.000000,29.030899,5.000000
2.689453,-0.089844,0.976562,0.000000,32.187981,5.000000
2.755859,-0.089844,0.912109,0.000000,31.122698,5.000000
4.417969,-0.142578,1.201172,0.000000,31.261314,5.000000
4.458984,-0.144531,1.212891,0.000000,30.780941,5.000000
4.812500,-0.154297,0.953125,0.000000,29.890047,5.000000
4.884766,-0.308594,0.740234,0.000000,31.162756,5.000000
4.966797,-0.468750,0.134766,0.000000,29.786369,5.000000
1.224609,-0.000000,-0.066406,0.614669,24.313637,5.000000
1.267578,-0.000000,-0.037109,0.614669,28.887409,5.000000
1.308594,-0.000000,-0.009766,0.614669,29.907827,5.000000
1.349609,-0.000000,0.039062,0.614669,27.371927,5.000000
1.894531,0.375000,-0.539062,1.229337,23.692158,5.000000
1.957031,0.320312,-0.500000,1.229337,26.730209,5.000000
2.005859,0.326172,-0.474609,1.229337,26.273659,5.000000
2.050781,0.332031,-0.457031,1.229337,22.355284,5.000000
1.708984,0.160156,-0.046875,-0.614669,28.656961,5.000000
1.750000,0.164062,-0.037109,-0.614669,28.215136,5.000000
1.796875,0.113281,0.037109,-0.614669,26.711729,5.000000
0.009766,0.031250,0.025391,0.000000,29.309490,5.000000
0.041016,-0.033203,0.062500,0.000000,30.090258,5.000000
0.044922,-0.046875,0.103516,0.000000,28.970770,5.000000
1.257812,-0.464844,1.652344,1.229337,19.590414,5.000000
0.011719,-0.039062,-0.007812,0.000000,30.644581,6.000000
0.017578,-0.080078,-0.007812,0.000000,31.900515,6.000000
0.029297,-0.119141,-0.005859,0.000000,30.145205,6.000000
0.056641,-0.154297,0.005859,0.000000,25.440680,6.000000
0.744141,-0.039062,-1.025391,0.000000,25.051500,6.000000
1.066406,-0.042969,-0.892578,0.000000,22.455126,6.000000
2.615234,-0.175781,1.046875,0.000000,29.090208,6.000000
2.691406,-0.089844,0.974609,0.000000,32.203697,6.000000
2.761719,-0.089844,0.896484,0.000000,31.185953,6.000000
4.416016,-0.142578,1.210938,0.000000,31.290451,6.000000
4.453125,-0.144531,1.232422,0.000000,30.835026,6.000000
4.810547,-0.154297,0.964844,0.000000,30.081741,6.000000
4.888672,-0.308594,0.707031,0.000000,31.312979,6.000000
4.929688,-0.779297,0.046875,0.000000,30.199467,6.000000
1.283203,-0.000000,-0.261719,0.614669,27.160034,6.000000
1.332031,-0.000000,-0.224609,0.614669,26.138418,6.000000
1.669922,0.105469,-0.105469,-0.614669,26.839472,6.000000
1.712891,0.107422,-0.066406,-0.614669,29.827234,6.000000
1.755859,0.109375,-0.041016,-0.614669,29.479237,6.000000
1.796875,0.113281,-0.019531,-0.614669,26.434526,6.000000
0.009766,0.031250,0.025391,0.000000,29.309490,6.000000
0.041016,-0.033203,0.062500,0.000000,30.090258,6.000000
0.044922,-0.046875,0.103516,0.000000,28.970770,6.000000
0.011719,-0.039062,-0.007812,0.000000,30.644581,7.000000
0.017578,-0.080078,-0.007812,0.000000,31.900515,7.000000
0.029297,-0.119141,-0.005859,0.000000,30.149403,7.000000
0.056641,-0.154297,0.005859,0.000000,25.440680,7.000000
0.664062,-0.080078,-1.078125,0.000000,23.010300,7.000000
0.878906,-0.041016,-0.970703,0.000000,23.765770,7.000000
2.613281,-0.175781,1.052734,0.000000,29.014584,7.000000
2.693359,-0.089844,0.970703,0.000000,32.180099,7.000000
2.759766,-0.089844,0.902344,0.000000,31.159431,7.000000
4.414062,-0.142578,1.216797,0.000000,31.303337,7.000000
4.455078,-0.144531,1.220703,0.000000,30.849337,7.000000
4.884766,-0.308594,0.738281,0.000000,30.916670,7.000000
4.968750,-0.468750,-0.009766,0.000000,29.400181,7.000000
1.335938,0.042969,-0.187500,0.614669,21.038036,7.000000
1.623047,0.154297,-0.134766,-0.614669,27.176704,7.000000
1.669922,0.158203,0.009766,-0.614669,29.666109,7.000000
1.710938,0.160156,-0.011719,-0.614669,28.959747,7.000000
0.009766,0.031250,0.025391,0.000000,29.314579,7.000000
0.041016,-0.033203,0.062500,0.000000,30.086002,7.000000
0.046875,-0.046875,0.103516,0.000000,28.965261,7.000000
0.011719,-0.039062,-0.007812,0.000000,30.640835,8.000000
0.017578,-0.080078,-0.007812,0.000000,31.903316,8.000000
0.029297,-0.119141,-0.005859,0.000000,30.149403,8.000000
0.056641,-0.154297,0.005859,0.000000,25.428255,8.000000
0.447266,-0.080078,1.183594,0.000000,22.528530,8.000000
0.839844,-0.123047,0.996094,0.000000,23.873898,8.000000
1.064453,-0.126953,0.822266,0.000000,23.617279,8.000000
0.812500,-0.042969,1.126953,0.000000,22.624512,8.000000
2.605469,-0.175781,1.068359,0.000000,28.864906,8.000000
2.685547,-0.089844,0.986328,0.000000,32.140488,8.000000
2.753906,-0.089844,0.916016,0.000000,31.189257,8.000000
4.414062,-0.142578,1.214844,0.000000,31.290451,8.000000
4.453125,-0.144531,1.228516,0.000000,30.824263,8.000000
4.890625,-0.308594,0.701172,0.000000,31.055101,8.000000
4.951172,-0.623047,-0.023438,0.000000,29.637878,8.000000
1.625000,-0.000000,-0.193359,-0.614669,25.682016,8.000000
1.667969,0.052734,-0.171875,-0.614669,26.655809,8.000000
1.710938,0.107422,-0.107422,-0.614669,26.532125,8.000000
0.009766,0.031250,0.025391,0.000000,29.314579,8.000000
0.041016,-0.033203,0.062500,0.000000,30.090258,8.000000
0.044922,-0.046875,0.103516,0.000000,28.970770,8.000000
0.011719,-0.039062,-0.007812,0.000000,30.648323,9.000000
0.017578,-0.080078,-0.007812,0.000000,31.903316,9.000000
0.029297,-0.119141,-0.005859,0.000000,30.153597,9.000000
0.056641,-0.154297,0.005859,0.000000,25.453072,9.000000
0.488281,-0.039062,-1.169922,0.000000,22.552725,9.000000
0.246094,-0.041016,-1.285156,0.000000,22.600714,9.000000
1.119141,-0.083984,0.751953,0.000000,22.304489,9.000000
1.251953,-0.042969,0.603516,0.000000,24.199558,9.000000
2.603516,-0.175781,1.076172,0.000000,28.965261,9.000000
2.685547,-0.089844,0.992188,0.000000,32.151085,9.000000
2.748047,-0.089844,0.935547,0.000000,31.112625,9.000000
4.404297,-0.142578,1.253906,0.000000,31.277525,9.000000
4.439453,-0.144531,1.279297,0.000000,30.813473,9.000000
4.890625,-0.464844,0.605469,0.000000,31.146111,9.000000
4.929688,-0.779297,0.068359,0.000000,30.038912,9.000000
0.009766,0.031250,0.025391,0.000000,29.309490,9.000000
0.041016,-0.033203,0.062500,0.000000,30.090258,9.000000
0.044922,-0.046875,0.103516,0.000000,28.970770,9.000000
0.011719,-0.039062,-0.007812,0.000000,30.637085,10.000000
0.017578,-0.080078,-0.007812,0.000000,31.900515,10.000000
0.029297,-0.119141,-0.005859,0.000000,30.149403,10.000000
0.056641,-0.154297,0.005859,0.000000,25.440680,10.000000
0.541016,-0.080078,1.144531,0.000000,22.718416,10.000000
0.822266,-0.123047,1.011719,0.000000,24.166405,10.000000
0.927734,-0.167969,0.964844,0.000000,22.174839,10.000000
1.542969,-0.146484,-0.121094,0.000000,25.352942,10.000000
2.607422,-0.175781,1.066406,0.000000,29.030899,10.000000
2.685547,-0.089844,0.988281,0.000000,32.177471,10.000000
2.750000,-0.089844,0.927734,0.000000,31.092409,10.000000
4.414062,-0.142578,1.220703,0.000000,31.251558,10.000000
4.449219,-0.144531,1.244141,0.000000,30.762762,10.000000
4.896484,-0.308594,0.650391,0.000000,30.989897,10.000000
4.951172,-0.623047,-0.050781,0.000000,29.947569,10.000000
1.591797,0.099609,-0.050781,-0.614669,25.751879,10.000000
0.009766,0.031250,0.025391,0.000000,29.314579,10.000000
0.041016,-0.033203,0.062500,0.000000,30.090258,10.000000
0.044922,-0.046875,0.103516,0.000000,28.970770,10.000000
0.011719,-0.039062,-0.007812,0.000000,30.644581,11.000000
0.017578,-0.080078,-0.007812,0.000000,31.900515,11.000000
0.029297,-0.119141,-0.005859,0.000000,30.149403,11.000000
0.056641,-0.154297,0.005859,0.000000,25.440680,11.000000
0.472656,-0.080078,1.173828,0.000000,22.764618,11.000000
0.804688,-0.123047,1.025391,0.000000,24.082399,11.000000
1.031250,-0.126953,0.863281,0.000000,22.966652,11.000000
0.980469,-0.087891,0.982422,0.000000,21.553360,11.000000
2.626953,-0.175781,1.015625,0.000000,29.090208,11.000000
2.695312,-0.089844,0.962891,0.000000,32.211533,11.000000
2.755859,-0.089844,0.910156,0.000000,31.179338,11.000000
4.419922,-0.142578,1.195312,0.000000,31.373541,11.000000
4.458984,-0.144531,1.207031,0.000000,30.916670,11.000000
4.892578,-0.308594,0.687500,0.000000,30.913151,11.000000
4.951172,-0.623047,0.050781,0.000000,29.360107,11.000000
1.552734,-0.000000,-0.048828,-0.614669,26.117233,11.000000
1.591797,0.099609,0.060547,-0.614669,26.364880,11.000000
1.623047,0.154297,0.128906,-0.614669,25.352942,11.000000
0.009766,0.031250,0.025391,0.000000,29.309490,11.000000
0.041016,-0.033203,0.062500,0.000000,30.090258,11.000000
0.044922,-0.046875,0.103516,0.000000,28.976271,11.000000
0.011719,-0.039062,-0.007812,0.000000,30.640835,12.000000
0.017578,-0.080078,-0.007812,0.000000,31.897709,12.000000
0.029297,-0.119141,-0.005859,0.000000,30.145205,12.000000
0.056641,-0.154297,0.005859,0.000000,25.440680,12.000000
0.378906,-0.080078,-1.207031,0.000000,22.966652,12.000000
0.501953,-0.041016,-1.208984,0.000000,23.856062,12.000000
0.267578,-0.083984,1.320312,0.000000,20.899052,12.000000
1.464844,-0.138672,0.037109,0.000000,26.042261,12.000000
1.501953,-0.189453,0.009766,0.000000,28.779470,12.000000
1.546875,-0.146484,-0.003906,0.000000,28.579353,12.000000
2.613281,-0.175781,1.052734,0.000000,29.057959,12.000000
2.691406,-0.089844,0.972656,0.000000,32.216751,12.000000
2.759766,-0.089844,0.902344,0.000000,31.254812,12.000000
4.421875,-0.142578,1.025391,0.000000,28.115749,12.000000
4.427734,-0.142578,1.166016,0.000000,31.417633,12.000000
4.466797,-0.144531,1.177734,0.000000,30.962147,12.000000
4.814453,-0.154297,0.943359,0.000000,29.969492,12.000000
4.894531,-0.308594,0.666016,0.000000,31.185953,12.000000
4.951172,-0.623047,0.046875,0.000000,29.858753,12.000000
1.578125,-0.000000,-0.230469,-0.614669,28.162413,12.000000
1.626953,0.050781,-0.160156,-0.614669,25.224442,12.000000
0.009766,0.031250,0.025391,0.000000,29.309490,12.000000
0.041016,-0.033203,0.062500,0.000000,30.086002,12.000000
0.046875,-0.046875,0.103516,0.000000,28.965261,12.000000
1.203125,0.464844,0.398438,0.000000,18.450981,12.000000
0.011719,-0.039062,-0.007812,0.000000,30.640835,13.000000
0.017578,-0.080078,-0.007812,0.000000,31.900515,13.000000
0.029297,-0.119141,-0.005859,0.000000,30.149403,13.000000
0.056641,-0.154297,0.005859,0.000000,25.453072,13.000000
0.275391,-0.080078,1.234375,0.000000,24.048338,13.000000
0.583984,-0.082031,-1.167969,0.000000,26.020599,13.000000
0.972656,-0.083984,-0.933594,0.000000,24.593925,13.000000
0.875000,-0.042969,-1.080078,0.000000,22.068258,13.000000
1.443359,-0.183594,-0.220703,0.000000,26.053051,13.000000
2.609375,-0.175781,1.058594,0.000000,29.009130,13.000000
2.689453,-0.089844,0.978516,0.000000,32.169571,13.000000
2.753906,-0.089844,0.917969,0.000000,31.115986,13.000000
4.433594,-0.142578,1.144531,0.000000,31.332195,13.000000
4.470703,-0.144531,1.167969,0.000000,30.849337,13.000000
4.828125,-0.306641,0.828125,0.000000,30.232525,13.000000
4.898438,-0.308594,0.632812,0.000000,31.717264,13.000000
4.951172,-0.623047,-0.062500,0.000000,30.622059,13.000000
1.505859,-0.093750,-0.125000,-0.614669,29.314579,13.000000
1.552734,-0.048828,-0.052734,-0.614669,30.909630,13.000000
1.595703,-0.000000,-0.027344,-0.614669,30.257154,13.000000
1.636719,-0.000000,-0.017578,-0.614669,25.831987,13.000000
0.009766,0.031250,0.025391,0.000000,29.304396,13.000000
0.041016,-0.033203,0.062500,0.000000,30.081741,13.000000
0.044922,-0.046875,0.103516,0.000000,28.970770,13.000000
0.011719,-0.039062,-0.007812,0.000000,30.644581,14.000000
0.017578,-0.080078,-0.007812,0.000000,31.900515,14.000000
0.029297,-0.119141,-0.005859,0.000000,30.145205,14.000000
0.056641,-0.154297,0.005859,0.000000,25.440680,14.000000
0.646484,-0.080078,-1.087891,0.000000,22.764618,14.000000
0.820312,-0.041016,-1.019531,0.000000,23.364597,14.000000
0.935547,0.042969,-0.972656,0.000000,19.731279,14.000000
2.619141,-0.175781,1.037109,0.000000,29.063351,14.000000
2.691406,-0.089844,0.976562,0.000000,32.203697,14.000000
2.755859,-0.089844,0.912109,0.000000,31.179338,14.000000
4.435547,-0.142578,0.958984,0.000000,28.241259,14.000000
4.429688,-0.142578,1.158203,0.000000,31.420765,14.000000
4.460938,-0.144531,1.205078,0.000000,30.820669,14.000000
1.394531,-0.000000,-0.320312,-0.614669,22.764618,14.000000
1.472656,-0.046875,-0.021484,-0.614669,27.701153,14.000000
1.511719,-0.046875,0.039062,-0.614669,28.937618,14.000000
1.552734,-0.048828,-0.037109,-0.614669,28.573324,14.000000
1.593750,-0.050781,-0.070312,-0.614669,28.585373,14.000000
1.634766,-0.050781,0.025391,-0.614669,26.946053,14.000000
0.009766,0.031250,0.025391,0.000000,29.314579,14.000000
0.041016,-0.033203,0.062500,0.000000,30.094509,14.000000
0.046875,-0.046875,0.103516,0.000000,28.976271,14.000000
1.285156,-0.378906,0.169922,0.000000,19.138138,14.000000
0.011719,-0.039062,-0.007812,0.000000,30.637085,15.000000
0.017578,-0.080078,-0.007812,0.000000,31.900515,15.000000
0.029297,-0.119141,-0.005859,0.000000,30.149403,15.000000
0.056641,-0.154297,0.005859,0.000000,25.453072,15.000000
0.640625,-0.080078,-1.091797,0.000000,23.180634,15.000000
0.857422,-0.041016,-0.988281,0.000000,24.345690,15.000000
1.078125,-0.083984,-0.806641,0.000000,21.931246,15.000000
0.730469,0.042969,-1.183594,0.000000,20.128372,15.000000
1.546875,-0.146484,0.007812,0.000000,26.608654,15.000000
2.607422,-0.175781,1.066406,0.000000,28.976271,15.000000
2.687500,-0.089844,0.984375,0.000000,32.169571,15.000000
2.767578,-0.000000,0.880859,0.000000,31.061909,15.000000
4.406250,-0.142578,1.248047,0.000000,31.448854,15.000000
4.441406,-0.144531,1.275391,0.000000,31.238516,15.000000
1.468750,-0.091797,0.037109,-0.614669,27.050079,15.000000
1.509766,-0.093750,0.039062,-0.614669,28.645111,15.000000
0.009766,0.031250,0.025391,0.000000,29.314579,15.000000
0.041016,-0.033203,0.062500,0.000000,30.090258,15.000000
0.044922,-0.046875,0.103516,0.000000,28.976271,15.000000
0.992188,-0.000000,-0.914062,0.000000,21.903316,15.000000
1.294922,-0.478516,0.166016,0.000000,18.512583,15.000000
0.773438,0.486328,1.257812,0.000000,24.248816,15.000000
0.011719,-0.039062,-0.007812,0.000000,30.644581,16.000000
0.017578,-0.080078,-0.007812,0.000000,31.900515,16.000000
0.029297,-0.119141,-0.005859,0.000000,30.145205,16.000000
0.056641,-0.154297,0.005859,0.000000,25.440680,16.000000
0.248047,-0.080078,1.240234,0.000000,23.201464,16.000000
0.142578,-0.082031,1.298828,0.000000,24.969297,16.000000
0.640625,-0.126953,-1.181641,0.000000,23.979401,16.000000
0.500000,-0.087891,-1.294922,0.000000,22.787537,16.000000
1.166016,0.044922,0.828125,0.000000,22.695129,16.000000
1.320312,-0.322266,-0.568359,0.000000,24.927605,16.000000
1.468750,-0.189453,-0.316406,0.000000,28.095596,16.000000
1.544922,-0.146484,-0.072266,0.000000,28.808136,16.000000
1.587891,-0.150391,-0.041016,0.000000,26.866364,16.000000
2.617188,-0.175781,1.042969,0.000000,29.030899,16.000000
2.687500,-0.089844,0.986328,0.000000,32.166935,16.000000
2.750000,-0.089844,0.931641,0.000000,31.142773,16.000000
4.408203,-0.142578,1.238281,0.000000,31.055101,16.000000
4.435547,-0.144531,1.291016,0.000000,30.773680,16.000000
0.009766,0.031250,0.025391,0.000000,29.309490,16.000000
0.041016,-0.033203,0.062500,0.000000,30.086002,16.000000
0.044922,-0.046875,0.103516,0.000000,28.965261,16.000000
1.291016,-0.447266,-0.427734,0.000000,20.606977,16.000000
0.011719,-0.039062,-0.007812,0.000000,30.644581,17.000000
0.017578,-0.080078,-0.007812,0.000000,31.903316,17.000000
0.029297,-0.119141,-0.005859,0.000000,30.153597,17.000000
0.056641,-0.154297,0.005859,0.000000,25.440680,17.000000
0.224609,-0.082031,1.287109,0.000000,24.623980,17.000000
0.099609,-0.083984,1.343750,0.000000,23.424227,17.000000
0.964844,-0.173828,0.988281,0.000000,23.692158,17.000000
1.410156,-0.179688,0.177734,0.000000,26.711729,17.000000
1.460938,-0.183594,0.054688,0.000000,27.810369,17.000000
2.609375,-0.175781,1.062500,0.000000,29.020029,17.000000
2.687500,-0.089844,0.984375,0.000000,32.159019,17.000000
2.750000,-0.089844,0.927734,0.000000,31.055101,17.000000
4.414062,-0.142578,1.056641,0.000000,28.662874,17.000000
4.421875,-0.142578,1.189453,0.000000,32.097832,17.000000
4.468750,-0.144531,1.171875,0.000000,31.939590,17.000000
4.544922,-0.000000,1.046875,0.000000,29.143431,17.000000
0.009766,0.031250,0.025391,0.000000,29.314579,17.000000
0.041016,-0.033203,0.062500,0.000000,30.086002,17.000000
0.044922,-0.046875,0.103516,0.000000,28.965261,17.000000
0.011719,-0.039062,-0.007812,0.000000,30.644581,18.000000
0.017578,-0.080078,-0.007812,0.000000,31.900515,18.000000
0.029297,-0.119141,-0.005859,0.000000,30.149403,18.000000
0.056641,-0.154297,0.005859,0.000000,25.440680,18.000000
0.037109,-0.080078,-1.265625,0.000000,23.138672,18.000000
0.433594,-0.042969,-1.277344,0.000000,22.922562,18.000000
1.300781,-0.130859,-0.476562,0.000000,24.199558,18.000000
1.406250,-0.179688,-0.199219,0.000000,30.086002,18.000000
1.445312,-0.183594,-0.208984,0.000000,32.988529,18.000000
1.482422,-0.189453,-0.242188,0.000000,32.482185,18.000000
1.498047,-0.291016,-0.292969,0.000000,29.633156,18.000000
2.619141,-0.175781,1.037109,0.000000,29.030899,18.000000
2.693359,-0.089844,0.970703,0.000000,32.190605,18.000000
2.757812,-0.089844,0.908203,0.000000,31.132748,18.000000
4.404297,-0.142578,1.250000,0.000000,31.149445,18.000000
4.449219,-0.144531,1.244141,0.000000,30.715137,18.000000
4.869141,-0.154297,0.871094,0.000000,31.202448,18.000000
1.519531,-0.398438,-0.273438,0.614669,28.426092,18.000000
1.568359,-0.408203,-0.224609,0.614669,25.415792,18.000000
1.583984,0.255859,-0.324219,-3.073343,22.576786,18.000000
1.630859,0.208984,-0.330078,-3.073343,26.424644,18.000000
1.671875,0.214844,-0.330078,-3.073343,26.473829,18.000000
1.718750,0.164062,-0.333984,-3.073343,22.741579,18.000000
0.009766,0.031250,0.025391,0.000000,29.309490,18.000000
0.041016,-0.033203,0.062500,0.000000,30.086002,18.000000
0.044922,-0.046875,0.103516,0.000000,28.970770,18.000000
0.011719,-0.039062,-0.007812,0.000000,30.648323,19.000000
0.017578,-0.080078,-0.007812,0.000000,31.903316,19.000000
0.029297,-0.119141,-0.005859,0.000000,30.149403,19.000000
0.056641,-0.154297,0.005859,0.000000,25.440680,19.000000
0.101562,-0.080078,-1.261719,0.000000,23.180634,19.000000
0.445312,-0.082031,-1.228516,0.000000,24.983105,19.000000
0.970703,-0.167969,-0.921875,0.000000,24.668676,19.000000
1.386719,-0.224609,-0.271484,0.000000,27.505083,19.000000
1.410156,-0.230469,-0.359375,0.000000,31.464382,19.000000
1.447266,-0.236328,-0.375000,0.000000,30.856472,19.000000
1.498047,-0.339844,-0.232422,0.000000,25.563025,19.000000
2.603516,-0.175781,1.078125,0.000000,28.981766,19.000000
2.687500,-0.089844,0.986328,0.000000,32.185356,19.000000
2.753906,-0.089844,0.916016,0.000000,31.146111,19.000000
4.382812,-0.283203,1.154297,0.000000,28.109043,19.000000
4.416016,-0.142578,1.210938,0.000000,31.728947,19.000000
4.453125,-0.144531,1.228516,0.000000,31.408222,19.000000
4.882812,-0.154297,0.798828,0.000000,30.199467,19.000000
1.273438,-0.261719,-0.494141,0.614669,21.731863,19.000000
1.519531,-0.449219,-0.179688,0.614669,25.693739,19.000000
1.513672,0.242188,-0.257812,-3.688012,22.810333,19.000000
1.560547,0.199219,-0.263672,-3.073343,23.521826,19.000000
1.605469,0.154297,-0.273438,-3.073343,22.528530,19.000000
0.009766,0.031250,0.025391,0.000000,29.304396,19.000000
0.041016,-0.033203,0.062500,0.000000,30.090258,19.000000
0.044922,-0.046875,0.103516,0.000000,28.970770,19.000000
1.087891,0.437500,1.021484,0.000000,24.638929,19.000000
0.011719,-0.039062,-0.007812,0.000000,30.640835,20.000000
0.017578,-0.080078,-0.007812,0.000000,31.900515,20.000000
0.029297,-0.119141,-0.005859,0.000000,30.149403,20.000000
0.056641,-0.154297,0.005859,0.000000,25.453072,20.000000
0.232422,-0.080078,1.244141,0.000000,23.138672,20.000000
0.537109,-0.082031,1.191406,0.000000,24.563660,20.000000
1.304688,-0.294922,0.185547,0.000000,25.301996,20.000000
1.248047,-0.230469,-0.748047,0.000000,27.874605,20.000000
1.335938,-0.189453,-0.685547,0.000000,26.314438,20.000000
2.603516,-0.175781,1.076172,0.000000,28.943161,20.000000
2.685547,-0.089844,0.988281,0.000000,32.177471,20.000000
2.730469,-0.181641,0.972656,0.000000,31.152777,20.000000
4.398438,-0.142578,1.273438,0.000000,31.344959,20.000000
4.435547,-0.144531,1.291016,0.000000,30.989897,20.000000
4.792969,-0.306641,1.013672,0.000000,29.898945,20.000000
4.855469,-0.308594,0.910156,0.000000,31.417633,20.000000
4.880859,-0.312500,0.992188,0.000000,29.609463,20.000000
1.330078,-0.347656,-0.210938,0.614669,24.727564,20.000000
1.539062,0.146484,-0.162109,-2.458675,22.833012,20.000000
1.419922,0.044922,-0.169922,-1.844006,25.682016,20.000000
1.462891,0.046875,-0.167969,-1.844006,28.325089,20.000000
1.501953,0.093750,-0.160156,-1.844006,27.347998,20.000000
1.416016,-0.134766,-0.156250,-0.614669,26.702459,20.000000
0.009766,0.031250,0.025391,0.000000,29.309490,20.000000
0.041016,-0.033203,0.062500,0.000000,30.081741,20.000000
0.044922,-0.046875,0.103516,0.000000,28.965261,20.000000
0.863281,0.378906,1.185547,0.000000,23.617279,20.000000
3.162109,-2.027344,3.287109,0.000000,27.134905,20.000000
0.011719,-0.039062,-0.007812,0.000000,30.640835,21.000000
0.017578,-0.080078,-0.007812,0.000000,31.900515,21.000000
0.029297,-0.119141,-0.005859,0.000000,30.149403,21.000000
0.056641,-0.154297,0.005859,0.000000,25.440680,21.000000
0.103516,-0.080078,1.261719,0.000000,23.138672,21.000000
0.126953,-0.082031,-1.300781,0.000000,24.727564,21.000000
0.619141,-0.126953,-1.193359,0.000000,24.440449,21.000000
1.330078,-0.173828,-0.369141,0.000000,27.489628,21.000000
1.400391,-0.224609,-0.203125,0.000000,31.136091,21.000000
1.445312,-0.230469,-0.154297,0.000000,33.027637,21.000000
1.478516,-0.283203,-0.154297,0.000000,32.523674,21.000000
1.517578,-0.291016,-0.164062,0.000000,29.439888,21.000000
2.605469,-0.175781,1.068359,0.000000,29.100906,21.000000
2.683594,-0.089844,0.996094,0.000000,32.164299,21.000000
2.746094,-0.089844,0.943359,0.000000,30.986437,21.000000
4.396484,-0.142578,1.277344,0.000000,31.169397,21.000000
4.425781,-0.144531,1.324219,0.000000,30.557604,21.000000
4.867188,-0.308594,0.849609,0.000000,30.629578,21.000000
1.335938,0.083984,-0.175781,-2.458675,22.988531,21.000000
1.375000,0.130859,-0.167969,-2.458675,26.211763,21.000000
1.421875,0.089844,-0.144531,-2.458675,26.031445,21.000000
1.455078,0.138672,-0.173828,-2.458675,22.430380,21.000000
0.009766,0.031250,0.025391,0.000000,29.309490,21.000000
0.041016,-0.033203,0.062500,0.000000,30.081741,21.000000
0.044922,-0.046875,0.103516,0.000000,28.970770,21.000000
1.382812,0.042969,-0.144531,-2.458675,26.159500,21.000000
0.011719,-0.039062,-0.007812,0.000000,30.644581,22.000000
0.017578,-0.080078,-0.007812,0.000000,31.903316,22.000000
0.029297,-0.119141,-0.005859,0.000000,30.153597,22.000000
0.056641,-0.154297,0.005859,0.000000,25.453072,22.000000
0.144531,-0.080078,1.257812,0.000000,23.117538,22.000000
0.275391,-0.082031,1.277344,0.000000,24.593925,22.000000
1.037109,-0.083984,0.859375,0.000000,25.010593,22.000000
1.365234,-0.173828,-0.205078,0.000000,29.216866,22.000000
1.402344,-0.134766,-0.257812,0.000000,31.835545,22.000000
1.427734,-0.138672,-0.330078,0.000000,31.306553,22.000000
1.474609,-0.283203,-0.181641,0.000000,27.395723,22.000000
1.535156,-0.242188,0.029297,0.000000,25.728716,22.000000
2.623047,-0.175781,1.027344,0.000000,29.068735,22.000000
2.689453,-0.089844,0.976562,0.000000,32.164299,22.000000
2.750000,-0.089844,0.929688,0.000000,31.048285,22.000000
4.404297,-0.142578,1.251953,0.000000,31.156105,22.000000
4.435547,-0.144531,1.292969,0.000000,30.711452,22.000000
4.855469,-0.308594,0.906250,0.000000,30.923697,22.000000
0.929688,0.117188,-0.078125,-2.458675,21.958996,22.000000
0.974609,0.091797,-0.082031,-2.458675,26.304279,22.000000
1.013672,0.095703,-0.083984,-2.458675,26.711729,22.000000
1.050781,0.132812,-0.093750,-2.458675,23.443922,22.000000
0.009766,0.031250,0.025391,0.000000,29.314579,22.000000
0.041016,-0.033203,0.062500,0.000000,30.090258,22.000000
0.044922,-0.046875,0.103516,0.000000,28.970770,22.000000
0.011719,-0.039062,-0.007812,0.000000,30.644581,23.000000
0.017578,-0.080078,-0.007812,0.000000,31.903316,23.000000
0.029297,-0.119141,-0.005859,0.000000,30.153597,23.000000
0.056641,-0.154297,0.005859,0.000000,25.453072,23.000000
0.939453,0.029297,0.048828,0.000000,28.325089,23.000000
0.980469,-0.000000,0.039062,0.000000,28.318697,23.000000
1.021484,0.031250,0.029297,0.000000,24.742163,23.000000
1.474609,-0.283203,0.195312,0.000000,28.369568,23.000000
1.535156,-0.242188,0.054688,0.000000,27.701153,23.000000
2.617188,-0.175781,1.041016,0.000000,29.057959,23.000000
2.689453,-0.089844,0.978516,0.000000,32.169571,23.000000
2.750000,-0.089844,0.929688,0.000000,30.993353,23.000000
4.414062,-0.142578,1.214844,0.000000,31.357685,23.000000
4.449219,-0.144531,1.244141,0.000000,30.982975,23.000000
4.863281,-0.154297,0.904297,0.000000,30.666985,23.000000
0.900391,0.027344,0.007812,-0.614669,25.145477,23.000000
1.363281,-0.173828,-0.216797,-0.614669,25.587086,23.000000
1.376953,-0.134766,-0.365234,-0.614669,27.715876,23.000000
1.302734,-0.138672,-0.669922,-0.614669,26.785183,23.000000
0.009766,0.031250,0.025391,0.000000,29.314579,23.000000
0.041016,-0.033203,0.062500,0.000000,30.086002,23.000000
0.046875,-0.046875,0.103516,0.000000,28.970770,23.000000
0.011719,-0.039062,-0.007812,0.000000,30.652061,24.000000
0.017578,-0.080078,-0.007812,0.000000,31.900515,24.000000
0.029297,-0.119141,-0.005859,0.000000,30.149403,24.000000
0.056641,-0.154297,0.005859,0.000000,25.453072,24.000000
0.349609,-0.080078,1.216797,0.000000,23.404442,24.000000
0.373047,-0.082031,1.251953,0.000000,25.587086,24.000000
0.625000,-0.042969,-1.195312,0.000000,24.132998,24.000000
1.396484,-0.312500,-0.027344,0.000000,27.176704,24.000000
1.447266,-0.275391,-0.005859,0.000000,29.599949,24.000000
1.476562,-0.332031,-0.007812,0.000000,28.142475,24.000000
2.613281,-0.175781,1.050781,0.000000,28.976271,24.000000
2.687500,-0.089844,0.986328,0.000000,32.164299,24.000000
2.751953,-0.089844,0.925781,0.000000,31.068705,24.000000
4.414062,-0.142578,1.216797,0.000000,31.274288,24.000000
4.437500,-0.144531,1.285156,0.000000,30.704073,24.000000
4.853516,-0.154297,0.957031,0.000000,30.618294,24.000000
0.931641,-0.117188,0.050781,1.229337,22.174839,24.000000
0.976562,-0.091797,0.058594,1.229337,22.430380,24.000000
0.009766,0.031250,0.025391,0.000000,29.309490,24.000000
0.041016,-0.033203,0.062500,0.000000,30.094509,24.000000
0.046875,-0.046875,0.103516,0.000000,28.976271,24.000000
0.011719,-0.039062,-0.007812,0.000000,30.648323,25.000000
0.017578,-0.080078,-0.007812,0.000000,31.900515,25.000000
0.029297,-0.119141,-0.005859,0.000000,30.145205,25.000000
0.056641,-0.154297,0.005859,0.000000,25.428255,25.000000
0.240234,-0.080078,1.242188,0.000000,23.159704,25.000000
0.554688,-0.041016,-1.185547,0.000000,25.024271,25.000000
1.179688,-0.083984,-0.650391,0.000000,24.913616,25.000000
1.324219,-0.130859,-0.408203,0.000000,25.670263,25.000000
1.392578,-0.267578,-0.199219,0.000000,27.497364,25.000000
1.433594,-0.275391,0.187500,0.000000,29.278833,25.000000
1.472656,-0.283203,0.201172,0.000000,29.127533,25.000000
2.617188,-0.175781,1.041016,0.000000,29.047155,25.000000
2.693359,-0.089844,0.966797,0.000000,32.211533,25.000000
2.761719,-0.089844,0.894531,0.000000,31.215599,25.000000
4.423828,-0.142578,1.185547,0.000000,31.209028,25.000000
4.449219,-0.144531,1.244141,0.000000,30.707766,25.000000
4.859375,-0.308594,0.892578,0.000000,30.923697,25.000000
0.953125,-0.183594,0.140625,2.458675,21.789770,25.000000
0.992188,-0.191406,0.154297,2.458675,24.132998,25.000000
1.031250,-0.199219,0.171875,2.458675,22.810333,25.000000
1.339844,-0.173828,-0.330078,-0.614669,25.599066,25.000000
0.009766,0.031250,0.025391,0.000000,29.309490,25.000000
0.041016,-0.033203,0.062500,0.000000,30.090258,25.000000
0.046875,-0.046875,0.103516,0.000000,28.970770,25.000000
0.011719,-0.039062,-0.007812,0.000000,30.644581,26.000000
0.017578,-0.080078,-0.007812,0.000000,31.900515,26.000000
0.029297,-0.119141,-0.005859,0.000000,30.145205,26.000000
0.056641,-0.154297,0.005859,0.000000,25.428255,26.000000
0.214844,-0.080078,-1.248047,0.000000,23.096302,26.000000
0.708984,-0.000000,-1.099609,0.000000,23.654881,26.000000
1.296875,-0.337891,0.166016,0.000000,23.820171,26.000000
1.355469,-0.304688,0.076172,0.000000,26.839472,26.000000
1.394531,-0.312500,0.093750,0.000000,27.520485,26.000000
1.433594,-0.322266,0.109375,0.000000,28.142475,26.000000
1.494141,-0.236328,0.068359,0.000000,27.795965,26.000000
2.613281,-0.175781,1.054688,0.000000,28.943161,26.000000
2.689453,-0.089844,0.980469,0.000000,32.182728,26.000000
2.753906,-0.089844,0.916016,0.000000,31.189257,26.000000
4.404297,-0.142578,1.255859,0.000000,31.089031,26.000000
4.427734,-0.144531,1.318359,0.000000,30.580462,26.000000
1.046875,-0.166016,0.095703,1.229337,26.503075,26.000000
1.080078,-0.207031,0.101562,1.229337,30.187004,26.000000
1.126953,-0.179688,0.103516,1.229337,30.000000,26.000000
1.166016,-0.185547,0.105469,1.229337,26.148972,26.000000
0.009766,0.031250,0.025391,0.000000,29.314579,26.000000
0.041016,-0.033203,0.062500,0.000000,30.090258,26.000000
0.044922,-0.046875,0.103516,0.000000,28.970770,26.000000
0.011719,-0.039062,-0.007812,0.000000,30.640835,27.000000
0.017578,-0.080078,-0.007812,0.000000,31.900515,27.000000
0.029297,-0.119141,-0.005859,0.000000,30.153597,27.000000
0.056641,-0.154297,0.005859,0.000000,25.453072,27.000000
1.177734,-0.148438,0.017578,0.000000,25.563025,27.000000
1.068359,-0.115234,-0.593750,0.000000,21.492191,27.000000
0.230469,-0.080078,-1.244141,0.000000,23.180634,27.000000
0.148438,-0.041016,-1.300781,0.000000,24.116198,27.000000
2.603516,-0.175781,1.076172,0.000000,28.992731,27.000000
2.685547,-0.089844,0.990234,0.000000,32.172207,27.000000
2.753906,-0.089844,0.919922,0.000000,31.126051,27.000000
4.414062,-0.142578,1.220703,0.000000,31.136091,27.000000
4.439453,-0.144531,1.277344,0.000000,30.692980,27.000000
4.867188,-0.308594,0.841797,0.000000,30.993353,27.000000
1.056641,-0.099609,0.078125,0.614669,21.931246,27.000000
1.097656,-0.103516,0.054688,0.614669,27.084209,27.000000
1.138672,-0.107422,0.042969,0.614669,28.095596,27.000000
1.068359,-0.242188,0.146484,1.844006,21.702618,27.000000
1.099609,-0.287109,0.146484,1.844006,26.294096,27.000000
1.138672,-0.296875,0.156250,1.844006,26.702459,27.000000
1.191406,-0.230469,0.181641,1.844006,22.718416,27.000000
0.009766,0.031250,0.025391,0.000000,29.304396,27.000000
0.041016,-0.033203,0.062500,0.000000,30.086002,27.000000
0.044922,-0.046875,0.103516,0.000000,28.970770,27.000000
0.011719,-0.039062,-0.007812,0.000000,30.655798,28.000000
0.017578,-0.080078,-0.007812,0.000000,31.903316,28.000000
0.029297,-0.119141,-0.005859,0.000000,30.149403,28.000000
0.056641,-0.154297,0.005859,0.000000,25.453072,28.000000
1.058594,-0.099609,-0.007812,0.000000,21.760912,28.000000
1.099609,-0.103516,-0.023438,0.000000,28.305887,28.000000
1.138672,-0.107422,-0.041016,0.000000,30.386202,28.000000
1.181641,-0.074219,-0.072266,0.000000,28.898617,28.000000
0.339844,-0.080078,1.218750,0.000000,22.764618,28.000000
0.304688,-0.082031,1.271484,0.000000,24.927605,28.000000
1.396484,-0.414062,0.212891,0.000000,27.209858,28.000000
2.615234,-0.175781,1.048828,0.000000,28.998205,28.000000
2.691406,-0.089844,0.976562,0.000000,32.166935,28.000000
2.755859,-0.089844,0.910156,0.000000,31.105898,28.000000
4.404297,-0.142578,1.253906,0.000000,31.251558,28.000000
4.441406,-0.144531,1.271484,0.000000,30.877813,28.000000
4.816406,-0.306641,0.900391,0.000000,30.086002,28.000000
4.871094,-0.308594,0.820312,0.000000,31.436392,28.000000
1.216797,-0.154297,-0.025391,0.614669,22.787537,28.000000
1.210938,-0.357422,0.119141,1.229337,20.530785,28.000000
0.009766,0.031250,0.025391,0.000000,29.314579,28.000000
0.041016,-0.033203,0.062500,0.000000,30.081741,28.000000
0.044922,-0.046875,0.103516,0.000000,28.965261,28.000000
0.011719,-0.039062,-0.007812,0.000000,30.644581,29.000000
0.017578,-0.080078,-0.007812,0.000000,31.900515,29.000000
0.029297,-0.119141,-0.005859,0.000000,30.145205,29.000000
0.056641,-0.154297,0.005859,0.000000,25.440680,29.000000
1.101562,-0.068359,-0.052734,0.000000,25.171959,29.000000
1.144531,-0.035156,-0.041016,0.000000,27.307823,29.000000
1.183594,-0.074219,-0.015625,0.000000,25.899496,29.000000
1.171875,-0.076172,-0.353516,0.000000,22.405493,29.000000
0.388672,-0.080078,-1.205078,0.000000,23.222193,29.000000
0.326172,-0.082031,-1.265625,0.000000,25.171959,29.000000
1.175781,-0.126953,-0.652344,0.000000,25.611013,29.000000
1.351562,-0.216797,-0.248047,0.000000,27.234556,29.000000
1.396484,-0.312500,-0.044922,0.000000,29.074114,29.000000
1.435547,-0.322266,0.056641,0.000000,28.998205,29.000000
1.474609,-0.332031,0.078125,0.000000,26.674530,29.000000
2.623047,-0.175781,1.029297,0.000000,29.009130,29.000000
2.691406,-0.089844,0.972656,0.000000,32.180099,29.000000
2.757812,-0.089844,0.910156,0.000000,31.195858,29.000000
4.402344,-0.142578,1.259766,0.000000,31.109262,29.000000
4.423828,-0.144531,1.330078,0.000000,30.519239,29.000000
4.800781,-0.306641,0.980469,0.000000,29.735897,29.000000
4.851562,-0.154297,0.966797,0.000000,30.996807,29.000000
0.009766,0.031250,0.025391,0.000000,29.309490,29.000000
0.041016,-0.033203,0.062500,0.000000,30.086002,29.000000
0.044922,-0.046875,0.103516,0.000000,28.970770,29.000000
0.011719,-0.039062,-0.007812,0.000000,30.644581,30.000000
0.017578,-0.080078,-0.007812,0.000000,31.900515,30.000000
0.029297,-0.119141,-0.005859,0.000000,30.149403,30.000000
0.056641,-0.154297,0.005859,0.000000,25.440680,30.000000
1.058594,-0.033203,-0.085938,0.000000,20.043213,30.000000
1.101562,-0.035156,-0.083984,0.000000,26.242821,30.000000
1.140625,-0.035156,-0.091797,0.000000,28.299467,30.000000
1.179688,-0.037109,-0.113281,0.000000,26.875290,30.000000
1.222656,0.076172,-0.080078,0.000000,20.827854,30.000000
0.435547,-0.080078,-1.189453,0.000000,22.552725,30.000000
0.527344,-0.041016,1.197266,0.000000,24.265112,30.000000
1.304688,-0.167969,0.302734,0.000000,26.180481,30.000000
1.326172,-0.173828,-0.378906,0.000000,27.403627,30.000000
2.611328,-0.175781,1.056641,0.000000,28.976271,30.000000
2.689453,-0.089844,0.978516,0.000000,32.187981,30.000000
2.757812,-0.089844,0.904297,0.000000,31.182648,30.000000
4.398438,-0.142578,1.275391,0.000000,31.241781,30.000000
4.429688,-0.144531,1.312500,0.000000,30.707766,30.000000
4.804688,-0.306641,0.957031,0.000000,30.013010,30.000000
4.859375,-0.308594,0.886719,0.000000,31.354507,30.000000
0.009766,0.031250,0.025391,0.000000,29.314579,30.000000
0.041016,-0.033203,0.062500,0.000000,30.086002,30.000000
0.044922,-0.046875,0.103516,0.000000,28.970770,30.000000
0.507812,-0.382812,-1.048828,0.000000,17.993406,30.000000
0.011719,-0.039062,-0.007812,0.000000,30.648323,31.000000
0.017578,-0.080078,-0.007812,0.000000,31.906118,31.000000
0.029297,-0.119141,-0.005859,0.000000,30.149403,31.000000
0.056641,-0.154297,0.005859,0.000000,25.440680,31.000000
1.062500,-0.033203,-0.054688,0.000000,21.613680,31.000000
1.101562,-0.035156,-0.060547,0.000000,27.058638,31.000000
1.142578,-0.035156,-0.058594,0.000000,28.369568,31.000000
1.185547,-0.037109,-0.027344,0.000000,25.954962,31.000000
1.125000,-0.076172,0.482422,0.000000,21.492191,31.000000
0.216797,-0.080078,-1.246094,0.000000,23.463530,31.000000
0.724609,-0.082031,-1.087891,0.000000,25.550945,31.000000
1.205078,-0.126953,-0.593750,0.000000,25.877110,31.000000
1.330078,-0.261719,-0.312500,0.000000,27.347998,31.000000
2.607422,-0.175781,1.064453,0.000000,28.954226,31.000000
2.687500,-0.089844,0.982422,0.000000,32.166935,31.000000
2.753906,-0.089844,0.917969,0.000000,31.156105,31.000000
4.394531,-0.142578,1.287109,0.000000,31.264561,31.000000
4.433594,-0.144531,1.300781,0.000000,30.733517,31.000000
4.804688,-0.306641,0.955078,0.000000,30.077478,31.000000
4.867188,-0.308594,0.849609,0.000000,31.486027,31.000000
0.009766,0.031250,0.025391,0.000000,29.309490,31.000000
0.041016,-0.033203,0.062500,0.000000,30.094509,31.000000
0.044922,-0.046875,0.103516,0.000000,28.976271,31.000000
0.011719,-0.039062,-0.007812,0.000000,30.644581,32.000000
0.017578,-0.080078,-0.007812,0.000000,31.900515,32.000000
0.029297,-0.119141,-0.005859,0.000000,30.149403,32.000000
0.056641,-0.154297,0.005859,0.000000,25.453072,32.000000
0.173828,-0.080078,-1.253906,0.000000,22.878017,32.000000
0.548828,-0.000000,-1.187500,0.000000,23.263359,32.000000
1.314453,-0.294922,-0.072266,0.000000,25.289167,32.000000
1.363281,-0.261719,-0.099609,0.000000,27.355989,32.000000
1.351562,-0.402344,0.244141,0.000000,27.551123,32.000000
1.382812,-0.414062,0.294922,0.000000,28.555191,32.000000
1.453125,-0.378906,0.195312,0.000000,26.981005,32.000000
2.621094,-0.175781,1.033203,0.000000,29.003672,32.000000
2.689453,-0.089844,0.976562,0.000000,32.153732,32.000000
2.750000,-0.089844,0.927734,0.000000,31.055101,32.000000
4.400391,-0.142578,1.269531,0.000000,31.360861,32.000000
4.439453,-0.144531,1.281250,0.000000,30.909630,32.000000
4.814453,-0.306641,0.906250,0.000000,30.187004,32.000000
4.875000,-0.154297,0.843750,0.000000,31.522884,32.000000
1.148438,-0.296875,0.023438,-2.458675,20.718821,32.000000
1.060547,-0.066406,-0.011719,-0.614669,24.440449,32.000000
1.101562,-0.068359,-0.023438,-0.614669,27.788744,32.000000
1.140625,-0.107422,-0.029297,-0.614669,27.299744,32.000000
1.183594,-0.074219,-0.039062,-0.614669,22.900347,32.000000
0.009766,0.031250,0.025391,0.000000,29.314579,32.000000
0.041016,-0.033203,0.062500,0.000000,30.086002,32.000000
0.044922,-0.046875,0.103516,0.000000,28.970770,32.000000
0.011719,-0.039062,-0.007812,0.000000,30.640835,33.000000
0.017578,-0.080078,-0.007812,0.000000,31.897709,33.000000
0.029297,-0.119141,-0.005859,0.000000,30.145205,33.000000
0.056641,-0.154297,0.005859,0.000000,25.440680,33.000000
0.343750,-0.080078,1.218750,0.000000,23.483049,33.000000
0.488281,-0.082031,1.210938,0.000000,25.440680,33.000000
1.128906,-0.126953,-0.728516,0.000000,26.180481,33.000000
1.310547,-0.216797,-0.412109,0.000000,27.283537,33.000000
1.390625,-0.312500,-0.123047,0.000000,27.853298,33.000000
1.423828,-0.367188,0.089844,0.000000,27.619278,33.000000
1.462891,-0.378906,0.091797,0.000000,26.283890,33.000000
2.615234,-0.175781,1.048828,0.000000,28.976271,33.000000
2.691406,-0.089844,0.972656,0.000000,32.180099,33.000000
2.759766,-0.089844,0.900391,0.000000,31.136091,33.000000
4.341797,-0.142578,1.318359,0.000000,27.604225,33.000000
4.400391,-0.142578,1.267578,0.000000,31.405081,33.000000
4.445312,-0.144531,1.259766,0.000000,31.003706,33.000000
4.826172,-0.306641,0.847656,0.000000,30.115704,33.000000
4.882812,-0.308594,0.753906,0.000000,31.364035,33.000000
1.007812,-0.160156,0.072266,-1.844006,26.424644,33.000000
1.048828,-0.166016,0.064453,-1.844006,29.986952,33.000000
1.089844,-0.171875,0.058594,-1.844006,29.890047,33.000000
1.130859,-0.179688,0.044922,-1.844006,25.998831,33.000000
0.009766,0.031250,0.025391,0.000000,29.314579,33.000000
0.041016,-0.033203,0.062500,0.000000,30.086002,33.000000
0.044922,-0.046875,0.103516,0.000000,28.965261,33.000000
1.396484,-0.224609,-0.222656,0.000000,27.767012,33.000000
0.011719,-0.039062,-0.007812,0.000000,30.644581,34.000000
0.017578,-0.080078,-0.007812,0.000000,31.900515,34.000000
0.029297,-0.119141,-0.005859,0.000000,30.145205,34.000000
0.056641,-0.154297,0.005859,0.000000,25.440680,34.000000
0.507812,-0.080078,1.160156,0.000000,22.718416,34.000000
0.871094,-0.123047,0.970703,0.000000,24.149733,34.000000
1.275391,-0.253906,0.365234,0.000000,24.313637,34.000000
1.373047,-0.216797,0.064453,0.000000,25.774918,34.000000
1.398438,-0.267578,0.140625,0.000000,26.354837,34.000000
1.417969,-0.275391,0.283203,0.000000,26.972294,34.000000
1.376953,-0.378906,0.500000,0.000000,25.538830,34.000000
2.619141,-0.175781,1.037109,0.000000,28.965261,34.000000
2.689453,-0.089844,0.978516,0.000000,32.195847,34.000000
2.746094,-0.089844,0.943359,0.000000,31.185953,34.000000
4.390625,-0.142578,1.298828,0.000000,31.316187,34.000000
4.435547,-0.144531,1.294922,0.000000,30.920185,34.000000
4.812500,-0.306641,0.919922,0.000000,29.781805,34.000000
4.857422,-0.154297,0.943359,0.000000,31.245043,34.000000
0.898438,-0.263672,0.082031,-2.458675,19.684830,34.000000
0.976562,-0.287109,0.091797,-2.458675,22.068258,34.000000
1.005859,-0.332031,0.093750,-2.458675,20.000000,34.000000
0.943359,-0.246094,0.121094,-1.844006,22.600714,34.000000
0.984375,-0.255859,0.107422,-1.844006,22.278868,34.000000
0.009766,0.031250,0.025391,0.000000,29.314579,34.000000
0.041016,-0.033203,0.062500,0.000000,30.090258,34.000000
0.044922,-0.046875,0.103516,0.000000,28.970770,34.000000
0.011719,-0.039062,-0.007812,0.000000,30.637085,35.000000
0.017578,-0.080078,-0.007812,0.000000,31.900515,35.000000
0.029297,-0.119141,-0.005859,0.000000,30.149403,35.000000
0.056641,-0.154297,0.005859,0.000000,25.440680,35.000000
0.970703,-0.123047,0.074219,0.000000,21.986570,35.000000
1.009766,-0.160156,0.046875,0.000000,22.174839,35.000000
1.386719,-0.357422,0.027344,0.000000,26.637009,35.000000
1.421875,-0.367188,0.101562,0.000000,27.723217,35.000000
1.486328,-0.283203,0.044922,0.000000,26.503075,35.000000
2.621094,-0.175781,1.033203,0.000000,29.074114,35.000000
2.683594,-0.089844,0.994141,0.000000,32.229763,35.000000
2.734375,-0.089844,0.976562,0.000000,31.245043,35.000000
4.371094,-0.142578,1.222656,0.000000,27.528164,35.000000
4.398438,-0.142578,1.271484,0.000000,31.228710,35.000000
4.439453,-0.144531,1.279297,0.000000,30.755470,35.000000
4.841797,-0.154297,1.017578,0.000000,30.004341,35.000000
0.009766,0.031250,0.025391,0.000000,29.309490,35.000000
0.041016,-0.033203,0.062500,0.000000,30.090258,35.000000
0.044922,-0.046875,0.103516,0.000000,28.965261,35.000000
0.011719,-0.039062,-0.007812,0.000000,30.648323,36.000000
0.017578,-0.080078,-0.007812,0.000000,31.903316,36.000000
0.029297,-0.119141,-0.005859,0.000000,30.149403,36.000000
0.056641,-0.154297,0.005859,0.000000,25.440680,36.000000
0.603516,-0.119141,1.109375,0.000000,24.116198,36.000000
0.695312,-0.164062,-1.097656,0.000000,26.739420,36.000000
1.261719,-0.167969,-0.447266,0.000000,27.226339,36.000000
1.353516,-0.216797,-0.236328,0.000000,27.041506,36.000000
1.396484,-0.312500,0.044922,0.000000,26.693169,36.000000
2.619141,-0.175781,1.037109,0.000000,29.041744,36.000000
2.691406,-0.089844,0.972656,0.000000,32.187981,36.000000
2.753906,-0.089844,0.916016,0.000000,31.149445,36.000000
4.408203,-0.142578,1.240234,0.000000,31.436392,36.000000
4.449219,-0.144531,1.242188,0.000000,31.014034,36.000000
4.855469,-0.154297,0.953125,0.000000,30.678144,36.000000
0.910156,-0.205078,0.125000,1.844006,19.867718,36.000000
0.957031,-0.183594,0.115234,1.844006,27.979597,36.000000
1.003906,-0.160156,0.105469,1.844006,31.132748,36.000000
1.039062,-0.199219,0.117188,1.844006,30.648323,36.000000
1.085938,-0.171875,0.107422,1.844006,26.503075,36.000000
0.009766,0.031250,0.025391,0.000000,29.309490,36.000000
0.041016,-0.033203,0.062500,0.000000,30.081741,36.000000
0.044922,-0.046875,0.103516,0.000000,28.965261,36.000000
0.011719,-0.039062,-0.007812,0.000000,30.644581,37.000000
0.017578,-0.080078,-0.007812,0.000000,31.903316,37.000000
0.029297,-0.119141,-0.005859,0.000000,30.149403,37.000000
0.056641,-0.154297,0.005859,0.000000,25.440680,37.000000
0.603516,-0.039062,-1.115234,0.000000,22.922562,37.000000
0.763672,-0.000000,-1.064453,0.000000,23.710678,37.000000
1.306641,-0.337891,0.054688,0.000000,22.479733,37.000000
1.359375,-0.216797,-0.203125,0.000000,25.587086,37.000000
1.396484,-0.224609,-0.226562,0.000000,25.078558,37.000000
2.621094,-0.175781,1.031250,0.000000,28.992731,37.000000
2.691406,-0.089844,0.972656,0.000000,32.190605,37.000000
2.753906,-0.089844,0.916016,0.000000,31.166077,37.000000
4.404297,-0.142578,1.255859,0.000000,31.277525,37.000000
4.443359,-0.144531,1.261719,0.000000,30.835026,37.000000
4.796875,-0.306641,1.000000,0.000000,29.867718,37.000000
4.855469,-0.154297,0.945312,0.000000,31.238516,37.000000
1.019531,-0.064453,0.035156,1.229337,22.966652,37.000000
1.060547,-0.066406,0.039062,1.229337,26.946053,37.000000
1.101562,-0.068359,0.048828,1.229337,27.084209,37.000000
1.029297,-0.232422,0.132812,2.458675,25.276299,37.000000
1.076172,-0.207031,0.142578,2.458675,27.234556,37.000000
1.111328,-0.250000,0.125000,2.458675,25.622929,37.000000
1.158203,-0.222656,0.136719,2.458675,20.170334,37.000000
0.009766,0.031250,0.025391,0.000000,29.309490,37.000000
0.041016,-0.033203,0.062500,0.000000,30.086002,37.000000
0.044922,-0.046875,0.103516,0.000000,28.965261,37.000000
1.158203,-0.490234,0.363281,0.000000,21.072100,37.000000
1.033203,0.042969,-0.867188,0.000000,21.072100,37.000000
0.011719,-0.039062,-0.007812,0.000000,30.648323,38.000000
0.017578,-0.080078,-0.007812,0.000000,31.903316,38.000000
0.029297,-0.119141,-0.005859,0.000000,30.153597,38.000000
0.056641,-0.154297,0.005859,0.000000,25.440680,38.000000
0.597656,-0.119141,1.111328,0.000000,23.673559,38.000000
0.910156,-0.164062,0.927734,0.000000,26.444386,38.000000
2.623047,-0.175781,1.027344,0.000000,29.041744,38.000000
2.695312,-0.089844,0.964844,0.000000,32.190605,38.000000
2.759766,-0.089844,0.900391,0.000000,31.176027,38.000000
4.404297,-0.142578,1.255859,0.000000,31.166077,38.000000
4.439453,-0.144531,1.277344,0.000000,30.696680,38.000000
4.787109,-0.306641,1.039062,0.000000,30.030294,38.000000
4.863281,-0.308594,0.865234,0.000000,31.479853,38.000000
1.060547,-0.066406,-0.042969,0.614669,25.301996,38.000000
1.101562,-0.068359,-0.044922,0.614669,27.923918,38.000000
1.142578,-0.072266,-0.044922,0.614669,27.092699,38.000000
1.181641,-0.074219,-0.080078,0.614669,23.031961,38.000000
1.316406,-0.294922,-0.005859,-0.614669,27.339993,38.000000
1.357422,-0.304688,-0.039062,-0.614669,28.221682,38.000000
0.009766,0.031250,0.025391,0.000000,29.309490,38.000000
0.041016,-0.033203,0.062500,0.000000,30.086002,38.000000
0.046875,-0.046875,0.103516,0.000000,28.970770,38.000000
0.011719,-0.039062,-0.007812,0.000000,30.644581,39.000000
0.017578,-0.080078,-0.007812,0.000000,31.903316,39.000000
0.029297,-0.119141,-0.005859,0.000000,30.149403,39.000000
0.056641,-0.154297,0.005859,0.000000,25.440680,39.000000
1.058594,-0.066406,-0.085938,0.000000,24.608978,39.000000
1.097656,-0.068359,-0.095703,0.000000,28.299467,39.000000
1.138672,-0.072266,-0.107422,0.000000,28.215136,39.000000
1.179688,-0.037109,-0.117188,0.000000,24.471581,39.000000
0.816406,-0.119141,0.962891,0.000000,23.979401,39.000000
0.933594,-0.123047,0.908203,0.000000,26.875290,39.000000
2.623047,-0.175781,1.029297,0.000000,29.003672,39.000000
2.695312,-0.089844,0.964844,0.000000,32.214142,39.000000
2.753906,-0.089844,0.916016,0.000000,31.169397,39.000000
4.402344,-0.142578,1.257812,0.000000,31.290451,39.000000
4.435547,-0.144531,1.292969,0.000000,30.788193,39.000000
4.828125,-0.000000,1.087891,0.000000,30.240749,39.000000
1.162109,-0.267578,0.291016,-0.614669,20.681858,39.000000
0.009766,0.031250,0.025391,0.000000,29.314579,39.000000
0.041016,-0.033203,0.062500,0.000000,30.086002,39.000000
0.044922,-0.046875,0.103516,0.000000,28.965261,39.000000
4.845703,-0.308594,0.960938,0.000000,30.236639,39.000000
0.011719,-0.039062,-0.007812,0.000000,30.648323,40.000000
0.017578,-0.080078,-0.007812,0.000000,31.903316,40.000000
0.029297,-0.119141,-0.005859,0.000000,30.149403,40.000000
0.056641,-0.154297,0.005859,0.000000,25.440680,40.000000
0.759766,-0.080078,1.011719,0.000000,22.787537,40.000000
1.287109,-0.173828,-0.496094,0.000000,27.831886,40.000000
2.611328,-0.175781,1.054688,0.000000,28.998205,40.000000
2.691406,-0.089844,0.974609,0.000000,32.177471,40.000000
2.755859,-0.089844,0.912109,0.000000,31.142773,40.000000
4.412109,-0.142578,1.222656,0.000000,31.085649,40.000000
4.449219,-0.144531,1.244141,0.000000,30.726175,40.000000
4.863281,-0.154297,0.906250,0.000000,31.149445,40.000000
1.287109,-0.164062,0.179688,0.614669,26.304279,40.000000
1.333984,-0.167969,-0.109375,0.614669,28.034571,40.000000
1.058594,-0.099609,-0.021484,-0.614669,27.201593,40.000000
1.099609,-0.103516,-0.029297,-0.614669,30.021660,40.000000
1.140625,-0.107422,-0.029297,-0.614669,29.132839,40.000000
1.181641,-0.111328,-0.009766,-0.614669,24.471581,40.000000
0.009766,0.031250,0.025391,0.000000,29.309490,40.000000
0.041016,-0.033203,0.062500,0.000000,30.090258,40.000000
0.044922,-0.046875,0.103516,0.000000,28.976271,40.000000
0.011719,-0.039062,-0.007812,0.000000,30.648323,41.000000
0.017578,-0.080078,-0.007812,0.000000,31.900515,41.000000
0.029297,-0.119141,-0.005859,0.000000,30.149403,41.000000
0.056641,-0.154297,0.005859,0.000000,25.440680,41.000000
0.603516,-0.080078,-1.113281,0.000000,24.216040,41.000000
1.121094,-0.082031,-0.671875,0.000000,27.803173,41.000000
1.232422,-0.083984,-0.546875,0.000000,28.750612,41.000000
1.287109,-0.087891,-0.519531,0.000000,27.737864,41.000000
1.388672,-0.267578,-0.218750,0.000000,25.965971,41.000000
2.619141,-0.175781,1.039062,0.000000,29.020029,41.000000
2.689453,-0.089844,0.978516,0.000000,32.156376,41.000000
2.753906,-0.089844,0.919922,0.000000,31.048285,41.000000
4.388672,-0.142578,1.158203,0.000000,27.649229,41.000000
4.419922,-0.142578,1.199219,0.000000,31.510633,41.000000
4.455078,-0.144531,1.226562,0.000000,30.996807,41.000000
4.847656,-0.154297,0.990234,0.000000,30.644581,41.000000
0.990234,-0.255859,0.027344,-2.458675,23.856062,41.000000
1.029297,-0.265625,0.031250,-2.458675,24.742163,41.000000
1.076172,-0.242188,0.044922,-2.458675,22.227165,41.000000
0.009766,0.031250,0.025391,0.000000,29.304396,41.000000
0.041016,-0.033203,0.062500,0.000000,30.090258,41.000000
0.044922,-0.046875,0.103516,0.000000,28.976271,41.000000
0.011719,-0.039062,-0.007812,0.000000,30.652061,42.000000
0.017578,-0.080078,-0.007812,0.000000,31.903316,42.000000
0.029297,-0.119141,-0.005859,0.000000,30.149403,42.000000
0.056641,-0.154297,0.005859,0.000000,25.440680,42.000000
0.306641,-0.080078,-1.228516,0.000000,22.944662,42.000000
0.697266,-0.082031,-1.105469,0.000000,24.456041,42.000000
1.267578,-0.294922,-0.357422,0.000000,26.127838,42.000000
1.330078,-0.347656,-0.208984,0.000000,27.986506,42.000000
1.380859,-0.357422,-0.123047,0.000000,26.720978,42.000000
2.615234,-0.175781,1.046875,0.000000,29.041744,42.000000
2.689453,-0.089844,0.978516,0.000000,32.193226,42.000000
2.751953,-0.089844,0.923828,0.000000,31.129400,42.000000
4.412109,-0.142578,1.226562,0.000000,31.152777,42.000000
4.441406,-0.144531,1.269531,0.000000,30.770042,42.000000
4.787109,-0.154297,1.076172,0.000000,29.991306,42.000000
4.849609,-0.308594,0.943359,0.000000,31.162756,42.000000
0.923828,-0.175781,-0.003906,-1.229337,24.265112,42.000000
0.957031,-0.214844,-0.003906,-1.229337,26.711729,42.000000
0.998047,-0.224609,-0.009766,-1.229337,25.289167,42.000000
1.050781,-0.166016,0.001953,-1.229337,20.211893,42.000000
0.011719,0.031250,0.025391,0.000000,29.309490,42.000000
0.041016,-0.033203,0.062500,0.000000,30.090258,42.000000
0.044922,-0.046875,0.103516,0.000000,28.981766,42.000000
0.910156,-0.234375,-0.005859,-1.229337,24.265112,42.000000
0.011719,-0.039062,-0.007812,0.000000,30.644581,43.000000
0.017578,-0.080078,-0.007812,0.000000,31.900515,43.000000
0.029297,-0.119141,-0.005859,0.000000,30.145205,43.000000
0.056641,-0.154297,0.005859,0.000000,25.440680,43.000000
0.880859,-0.167969,-0.080078,0.000000,23.117538,43.000000
0.919922,-0.175781,-0.080078,0.000000,28.325089,43.000000
0.960938,-0.183594,-0.082031,0.000000,29.429996,43.000000
1.000000,-0.191406,-0.085938,0.000000,26.711729,43.000000
1.349609,-0.216797,-0.255859,0.000000,27.916906,43.000000
1.384766,-0.224609,-0.281250,0.000000,28.299467,43.000000
2.609375,-0.175781,1.062500,0.000000,28.904211,43.000000
2.687500,-0.089844,0.984375,0.000000,32.113876,43.000000
2.753906,-0.089844,0.916016,0.000000,31.082266,43.000000
4.376953,-0.283203,1.171875,0.000000,27.831886,43.000000
4.416016,-0.142578,1.210938,0.000000,31.479853,43.000000
4.445312,-0.144531,1.255859,0.000000,31.031193,43.000000
4.847656,-0.308594,0.955078,0.000000,31.238516,43.000000
0.009766,0.031250,0.025391,0.000000,29.309490,43.000000
0.041016,-0.033203,0.062500,0.000000,30.090258,43.000000
0.046875,-0.046875,0.103516,0.000000,28.970770,43.000000
0.011719,-0.039062,-0.007812,0.000000,30.640835,44.000000
0.017578,-0.080078,-0.007812,0.000000,31.900515,44.000000
0.029297,-0.119141,-0.005859,0.000000,30.149403,44.000000
0.056641,-0.154297,0.005859,0.000000,25.440680,44.000000
