0.011719,-0.039062,-0.007812,0.000000,30.744507,0.000000
0.017578,-0.080078,-0.007812,0.000000,31.986570,0.000000
0.029297,-0.119141,-0.003906,0.000000,30.216026,0.000000
0.056641,-0.154297,0.007812,0.000000,25.514500,0.000000
0.355469,-0.080078,-1.214844,0.000000,22.013971,0.000000
0.271484,-0.041016,1.279297,0.000000,23.304138,0.000000
0.386719,-0.000000,1.292969,0.000000,21.958996,0.000000
2.550781,-0.263672,1.177734,0.000000,29.420080,0.000000
2.601562,-0.267578,1.167969,0.000000,32.755417,0.000000
2.656250,-0.181641,1.162109,0.000000,32.013969,0.000000
4.400391,-0.287109,1.242188,0.000000,30.569048,0.000000
4.470703,-0.289062,1.134766,0.000000,30.136797,0.000000
4.742188,-0.449219,-0.466797,0.000000,32.875778,0.000000
4.791016,-0.453125,-0.382812,0.000000,33.012470,0.000000
4.861328,-0.306641,0.609375,0.000000,30.449316,0.000000
4.884766,-0.308594,0.732422,0.000000,31.383026,0.000000
0.041016,-0.033203,0.062500,0.000000,30.153597,0.000000
0.044922,-0.046875,0.103516,0.000000,29.057959,0.000000
1.214844,0.357422,0.060547,0.000000,19.242792,0.000000
3.039062,-2.021484,-2.833984,0.000000,27.160034,0.000000
0.011719,-0.039062,-0.007812,0.000000,30.737183,1.000000
0.017578,-0.080078,-0.007812,0.000000,31.983822,1.000000
0.029297,-0.119141,-0.003906,0.000000,30.216026,1.000000
0.056641,-0.154297,0.005859,0.000000,25.514500,1.000000
0.332031,-0.080078,-1.220703,0.000000,22.013971,1.000000
0.328125,-0.041016,1.267578,0.000000,23.283796,1.000000
0.443359,-0.000000,1.275391,0.000000,21.986570,1.000000
2.546875,-0.263672,1.185547,0.000000,29.464523,1.000000
2.603516,-0.267578,1.162109,0.000000,32.764618,1.000000
2.662109,-0.181641,1.146484,0.000000,31.967287,1.000000
4.408203,-0.287109,1.218750,0.000000,30.835026,1.000000
4.480469,-0.289062,1.097656,0.000000,30.614525,1.000000
4.742188,-0.449219,-0.468750,0.000000,32.837532,1.000000
4.792969,-0.453125,-0.355469,0.000000,32.938046,1.000000
4.835938,-0.460938,0.705078,0.000000,30.281645,1.000000
4.880859,-0.308594,0.757812,0.000000,31.189257,1.000000
0.041016,-0.033203,0.062500,0.000000,30.157787,1.000000
0.044922,-0.046875,0.103516,0.000000,29.057959,1.000000
1.214844,0.357422,0.058594,0.000000,19.395193,1.000000
0.011719,-0.039062,-0.007812,0.000000,30.744507,2.000000
0.017578,-0.080078,-0.007812,0.000000,31.986570,2.000000
0.029297,-0.119141,-0.003906,0.000000,30.216026,2.000000
0.056641,-0.154297,0.005859,0.000000,25.514500,2.000000
0.341797,-0.080078,-1.218750,0.000000,22.013971,2.000000
0.302734,-0.041016,1.273438,0.000000,23.283796,2.000000
0.488281,-0.042969,1.257812,0.000000,21.931246,2.000000
1.863281,0.058594,-0.259766,0.000000,27.846172,2.000000
2.550781,-0.263672,1.179688,0.000000,29.405165,2.000000
2.599609,-0.267578,1.169922,0.000000,32.764618,2.000000
2.654297,-0.181641,1.164062,0.000000,32.038486,2.000000
4.412109,-0.287109,1.201172,0.000000,31.122698,2.000000
4.480469,-0.289062,1.099609,0.000000,30.909630,2.000000
4.742188,-0.449219,-0.470703,0.000000,32.484638,2.000000
4.794922,-0.453125,-0.332031,0.000000,32.477280,2.000000
4.871094,-0.306641,0.517578,0.000000,30.358297,2.000000
4.894531,-0.308594,0.667969,0.000000,30.913151,2.000000
1.849609,-0.000000,-0.341797,-0.614669,27.788744,2.000000
0.041016,-0.033203,0.062500,0.000000,30.157787,2.000000
0.044922,-0.046875,0.103516,0.000000,29.063351,2.000000
1.214844,0.357422,0.080078,0.000000,19.242792,2.000000
0.011719,-0.039062,-0.007812,0.000000,30.740847,3.000000
0.017578,-0.080078,-0.007812,0.000000,31.986570,3.000000
0.029297,-0.119141,-0.003906,0.000000,30.216026,3.000000
0.056641,-0.154297,0.005859,0.000000,25.514500,3.000000
0.332031,-0.080078,-1.220703,0.000000,22.013971,3.000000
0.314453,-0.041016,1.269531,0.000000,23.283796,3.000000
0.441406,-0.000000,1.275391,0.000000,21.958996,3.000000
1.541016,-0.146484,-0.150391,0.000000,25.705429,3.000000
1.593750,-0.050781,-0.066406,0.000000,26.766935,3.000000
2.542969,-0.263672,1.193359,0.000000,29.227255,3.000000
2.601562,-0.267578,1.166016,0.000000,32.746197,3.000000
2.652344,-0.181641,1.169922,0.000000,32.038486,3.000000
4.412109,-0.287109,1.203125,0.000000,31.065308,3.000000
4.476562,-0.289062,1.115234,0.000000,30.726175,3.000000
4.740234,-0.449219,-0.490234,0.000000,31.914511,3.000000
4.775391,-0.603516,-0.355469,0.000000,31.664301,3.000000
4.847656,-0.460938,0.625000,0.000000,30.468851,3.000000
4.894531,-0.308594,0.667969,0.000000,30.895519,3.000000
1.791016,0.113281,0.128906,-0.614669,26.748611,3.000000
1.833984,0.056641,-0.154297,-0.614669,29.232441,3.000000
1.855469,0.058594,-0.310547,-0.614669,29.370161,3.000000
1.892578,0.060547,-0.330078,-0.614669,27.323938,3.000000
0.041016,-0.033203,0.062500,0.000000,30.157787,3.000000
0.044922,-0.046875,0.103516,0.000000,29.057959,3.000000
1.212891,0.357422,0.089844,0.000000,19.242792,3.000000
2.835938,-2.021484,-3.039062,0.000000,27.752462,3.000000
0.011719,-0.039062,-0.007812,0.000000,30.744507,4.000000
0.017578,-0.080078,-0.007812,0.000000,31.989319,4.000000
0.029297,-0.119141,-0.003906,0.000000,30.216026,4.000000
0.056641,-0.154297,0.005859,0.000000,25.526682,4.000000
0.357422,-0.080078,-1.214844,0.000000,22.041201,4.000000
0.296875,-0.041016,1.273438,0.000000,23.283796,4.000000
0.478516,-0.042969,1.261719,0.000000,21.931246,4.000000
2.550781,-0.263672,1.179688,0.000000,29.444826,4.000000
2.607422,-0.267578,1.154297,0.000000,32.808060,4.000000
2.664062,-0.181641,1.142578,0.000000,32.076344,4.000000
4.414062,-0.287109,1.197266,0.000000,31.055101,4.000000
4.470703,-0.289062,1.140625,0.000000,30.553783,4.000000
4.740234,-0.449219,-0.490234,0.000000,31.364035,4.000000
4.775391,-0.603516,-0.369141,0.000000,31.166077,4.000000
4.851562,-0.460938,0.585938,0.000000,30.132587,4.000000
4.896484,-0.308594,0.658203,0.000000,30.488300,4.000000
1.548828,-0.000000,-0.138672,-0.614669,28.228216,4.000000
1.587891,-0.000000,-0.152344,-0.614669,28.668777,4.000000
1.912109,0.179688,-0.085938,-0.614669,25.751879,4.000000
1.953125,0.183594,-0.097656,-0.614669,25.611013,4.000000
0.041016,-0.033203,0.062500,0.000000,30.153597,4.000000
0.044922,-0.046875,0.103516,0.000000,29.063351,4.000000
1.214844,0.357422,0.083984,0.000000,19.242792,4.000000
2.818359,-2.021484,-3.054688,0.000000,27.759743,4.000000
0.011719,-0.039062,-0.007812,0.000000,30.733517,5.000000
0.017578,-0.080078,-0.007812,0.000000,31.983822,5.000000
0.029297,-0.119141,-0.003906,0.000000,30.216026,5.000000
0.056641,-0.154297,0.007812,0.000000,25.514500,5.000000
0.345703,-0.080078,-1.216797,0.000000,22.068258,5.000000
0.269531,-0.041016,1.281250,0.000000,23.324385,5.000000
0.402344,-0.000000,1.289062,0.000000,21.958996,5.000000
2.560547,-0.263672,1.156250,0.000000,29.464523,5.000000
2.609375,-0.267578,1.150391,0.000000,32.821690,5.000000
2.662109,-0.181641,1.148438,0.000000,32.092468,5.000000
4.408203,-0.287109,1.212891,0.000000,30.927206,5.000000
4.451172,-0.289062,1.208984,0.000000,30.421816,5.000000
4.742188,-0.449219,-0.462891,0.000000,30.124153,5.000000
4.859375,-0.460938,0.525391,0.000000,30.666985,5.000000
4.888672,-0.308594,0.710938,0.000000,30.944712,5.000000
1.546875,-0.000000,-0.146484,-0.614669,26.404814,5.000000
1.589844,-0.000000,-0.130859,-0.614669,25.378191,5.000000
1.732422,0.054688,0.296875,-0.614669,27.923918,5.000000
1.765625,0.056641,0.347656,-0.614669,28.401060,5.000000
1.804688,0.056641,0.357422,-0.614669,25.611013,5.000000
0.041016,-0.033203,0.062500,0.000000,30.161974,5.000000
0.044922,-0.046875,0.103516,0.000000,29.068735,5.000000
1.214844,0.357422,0.083984,0.000000,19.294189,5.000000
2.966797,-2.021484,-2.912109,0.000000,27.528164,5.000000
0.011719,-0.039062,-0.007812,0.000000,30.748165,6.000000
0.017578,-0.080078,-0.007812,0.000000,31.989319,6.000000
0.029297,-0.119141,-0.003906,0.000000,30.220158,6.000000
0.056641,-0.154297,0.005859,0.000000,25.514500,6.000000
0.339844,-0.080078,-1.218750,0.000000,21.958996,6.000000
0.285156,-0.041016,1.277344,0.000000,23.263359,6.000000
0.423828,-0.000000,1.281250,0.000000,21.903316,6.000000
2.556641,-0.263672,1.166016,0.000000,29.449759,6.000000
2.607422,-0.267578,1.152344,0.000000,32.762321,6.000000
2.662109,-0.181641,1.148438,0.000000,31.983822,6.000000
4.402344,-0.287109,1.238281,0.000000,30.955181,6.000000
4.441406,-0.289062,1.250000,0.000000,30.496056,6.000000
4.861328,-0.460938,0.503906,0.000000,31.129400,6.000000
4.892578,-0.308594,0.685547,0.000000,31.335388,6.000000
1.498047,-0.046875,-0.207031,-0.614669,25.763414,6.000000
1.542969,-0.048828,-0.179688,-0.614669,27.466343,6.000000
1.589844,-0.000000,-0.134766,-0.614669,25.658478,6.000000
1.791016,0.056641,-0.167969,-0.614669,27.419392,6.000000
1.826172,0.056641,-0.216797,-0.614669,26.711729,6.000000
0.041016,-0.033203,0.062500,0.000000,30.157787,6.000000
0.044922,-0.046875,0.103516,0.000000,29.063351,6.000000
1.214844,0.357422,0.083984,0.000000,19.294189,6.000000
2.994141,-2.021484,-2.884766,0.000000,27.497364,6.000000
0.011719,-0.039062,-0.007812,0.000000,30.737183,7.000000
0.017578,-0.080078,-0.007812,0.000000,31.989319,7.000000
0.029297,-0.119141,-0.003906,0.000000,30.216026,7.000000
0.056641,-0.154297,0.005859,0.000000,25.514500,7.000000
0.363281,-0.080078,-1.212891,0.000000,22.095150,7.000000
0.296875,-0.041016,1.275391,0.000000,23.344538,7.000000
0.408203,-0.000000,1.287109,0.000000,22.013971,7.000000
1.470703,-0.000000,0.085938,0.000000,24.517864,7.000000
1.513672,-0.000000,-0.044922,0.000000,28.241259,7.000000
2.548828,-0.263672,1.183594,0.000000,29.385197,7.000000
2.605469,-0.267578,1.156250,0.000000,32.750809,7.000000
2.660156,-0.181641,1.152344,0.000000,31.970047,7.000000
4.408203,-0.287109,1.218750,0.000000,30.588055,7.000000
4.453125,-0.289062,1.203125,0.000000,29.831751,7.000000
4.855469,-0.460938,0.550781,0.000000,31.031193,7.000000
4.888672,-0.308594,0.710938,0.000000,30.962147,7.000000
1.552734,-0.000000,-0.074219,-0.614669,29.350031,7.000000
1.593750,0.050781,-0.029297,-0.614669,27.267273,7.000000
1.689453,0.052734,0.302734,-0.614669,28.331470,7.000000
1.744141,0.054688,0.226562,-0.614669,28.779470,7.000000
1.796875,0.056641,0.066406,-0.614669,26.875290,7.000000
0.041016,-0.033203,0.062500,0.000000,30.157787,7.000000
0.044922,-0.046875,0.103516,0.000000,29.057959,7.000000
1.214844,0.357422,0.080078,0.000000,19.344984,7.000000
2.970703,-1.861328,-2.949219,0.000000,27.649229,7.000000
3.017578,-2.021484,-2.859375,0.000000,27.151674,7.000000
0.011719,-0.039062,-0.007812,0.000000,30.737183,8.000000
0.017578,-0.080078,-0.007812,0.000000,31.983822,8.000000
0.029297,-0.119141,-0.003906,0.000000,30.216026,8.000000
0.056641,-0.154297,0.005859,0.000000,25.514500,8.000000
0.351562,-0.080078,-1.214844,0.000000,22.068258,8.000000
0.320312,-0.041016,1.269531,0.000000,23.283796,8.000000
0.501953,-0.042969,1.251953,0.000000,22.041201,8.000000
1.468750,-0.046875,-0.093750,0.000000,28.162413,8.000000
1.511719,-0.046875,-0.072266,0.000000,32.124538,8.000000
1.550781,-0.048828,-0.082031,0.000000,31.989319,8.000000
1.591797,-0.000000,-0.119141,0.000000,28.088860,8.000000
2.546875,-0.263672,1.185547,0.000000,29.344984,8.000000
2.605469,-0.267578,1.158203,0.000000,32.723057,8.000000
2.660156,-0.181641,1.150391,0.000000,31.961761,8.000000
4.406250,-0.287109,1.224609,0.000000,31.218880,8.000000
4.455078,-0.289062,1.201172,0.000000,30.733517,8.000000
4.865234,-0.460938,0.460938,0.000000,30.659531,8.000000
4.882812,-0.308594,0.755859,0.000000,30.507664,8.000000
1.699219,0.052734,0.253906,-0.614669,28.247765,8.000000
1.751953,0.054688,0.142578,-0.614669,28.457180,8.000000
1.796875,0.056641,-0.099609,-0.614669,27.067179,8.000000
0.041016,-0.033203,0.062500,0.000000,30.153597,8.000000
0.044922,-0.046875,0.103516,0.000000,29.057959,8.000000
1.212891,0.357422,0.087891,0.000000,19.294189,8.000000
0.582031,0.697266,1.310547,0.000000,25.092026,8.000000
0.011719,-0.039062,-0.007812,0.000000,30.740847,9.000000
0.017578,-0.080078,-0.007812,0.000000,31.986570,9.000000
0.029297,-0.119141,-0.003906,0.000000,30.220158,9.000000
0.056641,-0.154297,0.005859,0.000000,25.526682,9.000000
0.359375,-0.080078,-1.212891,0.000000,22.041201,9.000000
0.296875,-0.041016,1.273438,0.000000,23.304138,9.000000
0.449219,-0.000000,1.273438,0.000000,22.041201,9.000000
1.460938,-0.000000,-0.185547,0.000000,23.180634,9.000000
1.511719,-0.000000,-0.072266,0.000000,28.175653,9.000000
1.552734,-0.000000,-0.083984,0.000000,28.543060,9.000000
2.552734,-0.263672,1.177734,0.000000,29.459606,9.000000
2.603516,-0.267578,1.160156,0.000000,32.739269,9.000000
2.660156,-0.181641,1.152344,0.000000,31.961761,9.000000
4.408203,-0.287109,1.216797,0.000000,30.421816,9.000000
4.445312,-0.289062,1.230469,0.000000,29.890047,9.000000
4.880859,-0.306641,0.419922,0.000000,30.576660,9.000000
4.884766,-0.308594,0.736328,0.000000,30.445398,9.000000
1.529297,0.242188,0.126953,-1.844006,20.413927,9.000000
0.041016,-0.033203,0.062500,0.000000,30.157787,9.000000
0.044922,-0.046875,0.103516,0.000000,29.063351,9.000000
1.214844,0.357422,0.064453,0.000000,19.242792,9.000000
0.585938,0.630859,1.294922,0.000000,25.987906,9.000000
3.076172,-2.021484,-2.796875,0.000000,27.024305,9.000000
0.011719,-0.039062,-0.007812,0.000000,30.744507,10.000000
0.017578,-0.080078,-0.007812,0.000000,31.986570,10.000000
0.029297,-0.119141,-0.003906,0.000000,30.216026,10.000000
0.056641,-0.154297,0.005859,0.000000,25.514500,10.000000
0.363281,-0.080078,-1.212891,0.000000,22.013971,10.000000
0.322266,-0.041016,1.267578,0.000000,23.304138,10.000000
0.441406,-0.000000,1.275391,0.000000,21.986570,10.000000
2.542969,-0.263672,1.195312,0.000000,29.395193,10.000000
2.605469,-0.267578,1.156250,0.000000,32.796669,10.000000
2.666016,-0.181641,1.136719,0.000000,32.076344,10.000000
4.412109,-0.287109,1.205078,0.000000,30.285713,10.000000
4.460938,-0.289062,1.175781,0.000000,29.498777,10.000000
4.839844,-0.457031,-0.253906,0.000000,30.546131,10.000000
4.871094,-0.306641,0.525391,0.000000,31.122698,10.000000
4.875000,-0.308594,0.804688,0.000000,30.877813,10.000000
1.472656,-0.000000,0.023438,0.614669,25.854607,10.000000
1.513672,-0.000000,-0.029297,0.614669,31.556396,10.000000
1.554688,-0.000000,-0.031250,0.614669,33.293980,10.000000
1.595703,-0.000000,-0.037109,0.614669,31.522884,10.000000
1.632812,0.050781,-0.076172,0.614669,25.843311,10.000000
1.738281,0.054688,-0.261719,-0.614669,26.464037,10.000000
0.041016,-0.033203,0.062500,0.000000,30.153597,10.000000
0.044922,-0.046875,0.103516,0.000000,29.057959,10.000000
1.212891,0.357422,0.099609,0.000000,19.294189,10.000000
2.839844,-2.003906,-2.984375,0.000000,27.505083,10.000000
2.888672,-2.021484,-2.988281,0.000000,26.963564,10.000000
0.011719,-0.039062,-0.007812,0.000000,30.737183,11.000000
0.017578,-0.080078,-0.007812,0.000000,31.986570,11.000000
0.029297,-0.119141,-0.003906,0.000000,30.216026,11.000000
0.056641,-0.154297,0.005859,0.000000,25.502283,11.000000
0.361328,-0.080078,-1.212891,0.000000,22.068258,11.000000
0.298828,-0.041016,1.273438,0.000000,23.324385,11.000000
0.417969,-0.000000,1.283203,0.000000,21.986570,11.000000
2.556641,-0.263672,1.167969,0.000000,29.552065,11.000000
2.601562,-0.267578,1.166016,0.000000,32.853321,11.000000
2.658203,-0.181641,1.156250,0.000000,32.145790,11.000000
4.429688,-0.287109,1.134766,0.000000,31.132748,11.000000
4.492188,-0.289062,1.048828,0.000000,30.499929,11.000000
4.857422,-0.306641,0.642578,0.000000,31.182648,11.000000
4.869141,-0.308594,0.837891,0.000000,31.601683,11.000000
1.511719,-0.000000,-0.080078,0.614669,28.413595,11.000000
1.550781,0.048828,-0.078125,0.614669,32.291698,11.000000
1.591797,0.050781,-0.085938,0.614669,32.464985,11.000000
1.632812,0.050781,-0.097656,0.614669,28.915375,11.000000
1.714844,0.107422,0.019531,-0.614669,25.774918,11.000000
1.755859,0.109375,-0.019531,-0.614669,28.876173,11.000000
1.791016,0.167969,-0.031250,-0.614669,28.909796,11.000000
1.826172,0.230469,0.035156,-0.614669,25.728716,11.000000
0.041016,-0.033203,0.062500,0.000000,30.161974,11.000000
0.044922,-0.046875,0.103516,0.000000,29.063351,11.000000
1.214844,0.357422,0.066406,0.000000,19.444826,11.000000
2.623047,-2.003906,-3.177734,0.000000,28.188854,11.000000
2.546875,-2.021484,-3.285156,0.000000,27.656685,11.000000
0.011719,-0.039062,-0.007812,0.000000,30.740847,12.000000
0.017578,-0.080078,-0.007812,0.000000,31.986570,12.000000
0.029297,-0.119141,-0.003906,0.000000,30.220158,12.000000
0.056641,-0.154297,0.005859,0.000000,25.526682,12.000000
0.345703,-0.080078,-1.216797,0.000000,22.068258,12.000000
0.328125,-0.041016,1.267578,0.000000,23.324385,12.000000
0.457031,-0.000000,1.269531,0.000000,21.986570,12.000000
2.533203,-0.263672,1.216797,0.000000,29.309490,12.000000
2.601562,-0.267578,1.166016,0.000000,32.730011,12.000000
2.662109,-0.181641,1.146484,0.000000,31.947918,12.000000
4.421875,-0.287109,1.167969,0.000000,31.568520,12.000000
4.478516,-0.289062,1.109375,0.000000,31.000257,12.000000
4.832031,-0.460938,0.732422,0.000000,31.058506,12.000000
4.878906,-0.308594,0.775391,0.000000,31.855421,12.000000
1.550781,0.048828,-0.082031,0.614669,28.413595,12.000000
1.593750,0.050781,-0.064453,0.614669,30.927206,12.000000
1.632812,0.050781,-0.080078,0.614669,30.051805,12.000000
1.669922,0.052734,-0.148438,0.614669,26.170004,12.000000
1.285156,0.205078,0.150391,-2.458675,21.139433,12.000000
1.330078,0.167969,0.154297,-2.458675,22.174839,12.000000
1.722656,0.275391,0.218750,-0.614669,25.263393,12.000000
1.791016,0.167969,0.037109,-0.614669,26.493349,12.000000
0.041016,-0.033203,0.062500,0.000000,30.161974,12.000000
0.044922,-0.046875,0.103516,0.000000,29.063351,12.000000
1.214844,0.357422,0.060547,0.000000,19.294189,12.000000
2.638672,-2.021484,-3.212891,0.000000,28.061800,12.000000
0.832031,-0.384766,-1.501953,-0.614669,22.624512,12.000000
0.011719,-0.039062,-0.007812,0.000000,30.733517,13.000000
0.017578,-0.080078,-0.007812,0.000000,31.983822,13.000000
0.029297,-0.119141,-0.003906,0.000000,30.216026,13.000000
0.056641,-0.154297,0.005859,0.000000,25.502283,13.000000
0.281250,-0.080078,-1.234375,0.000000,21.986570,13.000000
0.353516,-0.041016,1.259766,0.000000,23.283796,13.000000
0.519531,-0.042969,1.244141,0.000000,21.986570,13.000000
1.673828,-0.052734,0.087891,0.000000,28.109043,13.000000
1.716797,-0.000000,0.064453,0.000000,30.216026,13.000000
1.755859,-0.000000,0.101562,0.000000,29.074114,13.000000
2.552734,-0.263672,1.173828,0.000000,29.449759,13.000000
2.619141,-0.179688,1.144531,0.000000,32.819420,13.000000
2.666016,-0.181641,1.140625,0.000000,32.164299,13.000000
4.419922,-0.287109,1.173828,0.000000,31.699682,13.000000
4.474609,-0.289062,1.121094,0.000000,31.109262,13.000000
4.843750,-0.460938,0.642578,0.000000,31.280760,13.000000
4.880859,-0.308594,0.757812,0.000000,31.975563,13.000000
1.212891,0.154297,0.101562,-1.844006,21.271048,13.000000
1.253906,0.158203,0.111328,-1.844006,23.180634,13.000000
1.292969,0.164062,0.115234,-1.844006,21.461281,13.000000
1.796875,0.113281,-0.029297,-0.614669,27.611757,13.000000
1.835938,0.115234,-0.080078,-0.614669,25.440680,13.000000
0.041016,-0.033203,0.062500,0.000000,30.153597,13.000000
0.044922,-0.046875,0.103516,0.000000,29.068735,13.000000
1.216797,0.357422,0.048828,0.000000,19.190781,13.000000
2.603516,-2.021484,-3.240234,0.000000,28.142475,13.000000
0.011719,-0.039062,-0.007812,0.000000,30.740847,14.000000
0.017578,-0.080078,-0.007812,0.000000,31.989319,14.000000
0.029297,-0.119141,-0.003906,0.000000,30.220158,14.000000
0.056641,-0.154297,0.007812,0.000000,25.514500,14.000000
0.591797,-0.041016,-1.166016,0.000000,23.283796,14.000000
0.453125,-0.042969,1.271484,0.000000,21.986570,14.000000
1.593750,0.050781,0.019531,0.000000,28.579353,14.000000
1.632812,0.101562,0.009766,0.000000,29.656719,14.000000
1.673828,0.052734,-0.091797,0.000000,28.273693,14.000000
1.695312,0.052734,-0.267578,0.000000,26.785183,14.000000
1.744141,0.054688,-0.216797,0.000000,25.774918,14.000000
2.544922,-0.263672,1.189453,0.000000,29.405165,14.000000
2.623047,-0.179688,1.136719,0.000000,32.798950,14.000000
2.666016,-0.181641,1.138672,0.000000,32.065559,14.000000
4.427734,-0.287109,1.142578,0.000000,31.832699,14.000000
4.482422,-0.289062,1.095703,0.000000,31.235250,14.000000
4.863281,-0.306641,0.591797,0.000000,31.248301,14.000000
4.853516,-0.464844,0.851562,0.000000,31.928461,14.000000
1.167969,0.185547,0.097656,-0.614669,22.068258,14.000000
1.214844,0.154297,0.085938,-0.614669,24.771212,14.000000
1.251953,0.197266,0.031250,-0.614669,24.199558,14.000000
0.041016,-0.033203,0.062500,0.000000,30.157787,14.000000
0.044922,-0.046875,0.103516,0.000000,29.063351,14.000000
1.267578,0.328125,-0.007812,0.000000,20.827854,14.000000
0.011719,-0.039062,-0.007812,0.000000,30.748165,15.000000
0.017578,-0.080078,-0.007812,0.000000,31.989319,15.000000
0.029297,-0.119141,-0.003906,0.000000,30.220158,15.000000
0.056641,-0.154297,0.005859,0.000000,25.514500,15.000000
0.667969,-0.039062,1.076172,0.000000,22.504200,15.000000
0.560547,-0.041016,1.181641,0.000000,23.404442,15.000000
0.519531,-0.000000,1.246094,0.000000,21.958996,15.000000
1.671875,-0.000000,-0.126953,0.000000,30.674429,15.000000
1.712891,-0.000000,-0.132812,0.000000,31.947918,15.000000
1.751953,-0.000000,-0.156250,0.000000,29.489017,15.000000
2.542969,-0.263672,1.195312,0.000000,29.299295,15.000000
2.601562,-0.267578,1.166016,0.000000,32.769211,15.000000
2.654297,-0.181641,1.164062,0.000000,32.057457,15.000000
4.326172,-0.142578,1.369141,0.000000,28.228216,15.000000
4.416016,-0.287109,1.187500,0.000000,31.936810,15.000000
4.468750,-0.289062,1.144531,0.000000,31.430147,15.000000
4.859375,-0.306641,0.619141,0.000000,31.024338,15.000000
4.857422,-0.464844,0.832031,0.000000,31.829849,15.000000
1.210938,0.154297,0.132812,0.614669,21.931246,15.000000
0.041016,-0.033203,0.062500,0.000000,30.149403,15.000000
0.044922,-0.046875,0.103516,0.000000,29.052561,15.000000
3.462891,-1.843750,-2.285156,0.000000,25.705429,15.000000
0.011719,-0.039062,-0.007812,0.000000,30.744507,16.000000
0.017578,-0.080078,-0.007812,0.000000,31.986570,16.000000
0.029297,-0.119141,-0.003906,0.000000,30.216026,16.000000
0.056641,-0.154297,0.007812,0.000000,25.526682,16.000000
0.437500,-0.039062,-1.189453,0.000000,22.121876,16.000000
0.355469,-0.041016,1.259766,0.000000,23.384565,16.000000
0.507812,-0.000000,1.250000,0.000000,22.121876,16.000000
1.636719,-0.000000,-0.017578,0.000000,26.720978,16.000000
1.675781,-0.000000,-0.080078,0.000000,32.068260,16.000000
1.714844,-0.000000,-0.095703,0.000000,33.121773,16.000000
1.755859,0.054688,-0.083984,0.000000,30.737183,16.000000
2.546875,-0.263672,1.187500,0.000000,29.329807,16.000000
2.609375,-0.267578,1.148438,0.000000,32.787537,16.000000
2.666016,-0.181641,1.140625,0.000000,32.076344,16.000000
4.414062,-0.287109,1.193359,0.000000,31.967287,16.000000
4.458984,-0.289062,1.185547,0.000000,31.516762,16.000000
4.849609,-0.306641,0.701172,0.000000,31.034616,16.000000
4.855469,-0.464844,0.839844,0.000000,31.728947,16.000000
1.205078,0.191406,0.126953,1.229337,21.430147,16.000000
1.251953,0.158203,0.128906,1.229337,23.483049,16.000000
1.285156,0.205078,0.136719,1.229337,22.174839,16.000000
1.550781,0.097656,-0.054688,-1.229337,24.533184,16.000000
1.589844,0.099609,-0.080078,-1.229337,25.224442,16.000000
0.041016,-0.033203,0.062500,0.000000,30.153597,16.000000
0.044922,-0.046875,0.103516,0.000000,29.057959,16.000000
0.011719,-0.039062,-0.007812,0.000000,30.740847,17.000000
0.017578,-0.080078,-0.007812,0.000000,31.986570,17.000000
0.029297,-0.119141,-0.003906,0.000000,30.220158,17.000000
0.056641,-0.154297,0.005859,0.000000,25.526682,17.000000
0.330078,-0.080078,-1.220703,0.000000,22.121876,17.000000
0.296875,-0.041016,1.275391,0.000000,23.344538,17.000000
0.429688,-0.000000,1.279297,0.000000,22.041201,17.000000
1.634766,-0.000000,0.058594,0.000000,29.777237,17.000000
1.677734,-0.000000,-0.025391,0.000000,33.277676,17.000000
1.716797,-0.000000,-0.068359,0.000000,33.516029,17.000000
1.755859,-0.000000,-0.101562,0.000000,30.472748,17.000000
2.550781,-0.263672,1.179688,0.000000,29.513374,17.000000
2.603516,-0.267578,1.160156,0.000000,32.727695,17.000000
2.660156,-0.181641,1.150391,0.000000,31.906118,17.000000
4.410156,-0.287109,1.205078,0.000000,31.917303,17.000000
4.451172,-0.289062,1.208984,0.000000,31.492191,17.000000
4.830078,-0.306641,0.820312,0.000000,30.453230,17.000000
4.876953,-0.308594,0.785156,0.000000,31.504494,17.000000
0.041016,-0.033203,0.062500,0.000000,30.153597,17.000000
0.044922,-0.046875,0.103516,0.000000,29.057959,17.000000
1.216797,0.357422,0.046875,0.000000,19.242792,17.000000
0.011719,-0.039062,-0.007812,0.000000,30.733517,18.000000
0.017578,-0.080078,-0.007812,0.000000,31.981070,18.000000
0.029297,-0.119141,-0.003906,0.000000,30.211893,18.000000
0.056641,-0.154297,0.005859,0.000000,25.502283,18.000000
0.335938,-0.080078,-1.220703,0.000000,22.068258,18.000000
0.355469,-0.041016,1.259766,0.000000,23.283796,18.000000
0.539062,-0.042969,1.236328,0.000000,21.958996,18.000000
1.673828,0.052734,0.085938,0.000000,27.458551,18.000000
1.708984,0.052734,0.160156,0.000000,28.228216,18.000000
1.746094,0.054688,0.208984,0.000000,26.334684,18.000000
2.562500,-0.263672,1.152344,0.000000,29.469433,18.000000
2.609375,-0.267578,1.148438,0.000000,32.880257,18.000000
2.660156,-0.181641,1.148438,0.000000,32.193226,18.000000
4.408203,-0.287109,1.216797,0.000000,31.880844,18.000000
4.449219,-0.289062,1.218750,0.000000,31.461281,18.000000
4.769531,-0.460938,1.062500,0.000000,30.553783,18.000000
4.845703,-0.464844,0.892578,0.000000,31.758017,18.000000
1.386719,0.087891,-0.042969,-2.458675,21.072100,18.000000
1.423828,0.134766,-0.046875,-2.458675,22.787537,18.000000
1.464844,0.138672,-0.044922,-2.458675,20.791813,18.000000
0.041016,-0.033203,0.062500,0.000000,30.153597,18.000000
0.044922,-0.046875,0.103516,0.000000,29.057959,18.000000
1.214844,0.357422,0.076172,0.000000,19.294189,18.000000
0.011719,-0.039062,-0.007812,0.000000,30.733517,19.000000
0.017578,-0.080078,-0.007812,0.000000,31.983822,19.000000
0.029297,-0.119141,-0.003906,0.000000,30.216026,19.000000
0.056641,-0.154297,0.005859,0.000000,25.514500,19.000000
0.330078,-0.080078,-1.220703,0.000000,22.013971,19.000000
0.333984,-0.041016,1.265625,0.000000,23.304138,19.000000
0.458984,-0.000000,1.269531,0.000000,21.986570,19.000000
1.546875,0.099609,0.376953,0.000000,26.766935,19.000000
1.609375,0.050781,0.294922,0.000000,28.432327,19.000000
1.658203,-0.000000,0.250000,0.000000,28.375885,19.000000
2.537109,-0.263672,1.208984,0.000000,29.370161,19.000000
2.599609,-0.267578,1.169922,0.000000,32.711445,19.000000
2.656250,-0.271484,1.142578,0.000000,31.922886,19.000000
4.417969,-0.287109,1.183594,0.000000,32.046623,19.000000
4.464844,-0.289062,1.160156,0.000000,31.640553,19.000000
4.800781,-0.460938,0.919922,0.000000,30.659531,19.000000
4.845703,-0.464844,0.896484,0.000000,31.717264,19.000000
1.378906,0.173828,0.044922,1.229337,20.128372,19.000000
1.417969,0.179688,0.070312,1.229337,21.139433,19.000000
1.343750,0.083984,-0.107422,-2.458675,21.553360,19.000000
1.382812,0.087891,-0.113281,-2.458675,19.912260,19.000000
0.041016,-0.033203,0.062500,0.000000,30.157787,19.000000
0.044922,-0.046875,0.103516,0.000000,29.063351,19.000000
1.214844,0.357422,0.054688,0.000000,19.190781,19.000000
1.464844,0.146484,0.500000,0.000000,23.443922,19.000000
0.011719,-0.039062,-0.007812,0.000000,30.737183,20.000000
0.017578,-0.080078,-0.007812,0.000000,31.986570,20.000000
0.029297,-0.119141,-0.003906,0.000000,30.220158,20.000000
0.056641,-0.154297,0.005859,0.000000,25.526682,20.000000
0.353516,-0.080078,-1.214844,0.000000,21.986570,20.000000
0.304688,-0.041016,1.271484,0.000000,23.201464,20.000000
0.425781,-0.000000,1.281250,0.000000,21.789770,20.000000
1.564453,-0.000000,0.310547,0.000000,26.919651,20.000000
1.617188,0.050781,0.242188,0.000000,27.986506,20.000000
1.673828,0.052734,-0.095703,0.000000,27.916906,20.000000
1.708984,0.052734,-0.162109,0.000000,27.201593,20.000000
2.556641,-0.263672,1.167969,0.000000,29.395193,20.000000
2.611328,-0.267578,1.144531,0.000000,32.746197,20.000000
2.669922,-0.271484,1.111328,0.000000,31.997551,20.000000
4.419922,-0.287109,1.169922,0.000000,31.892096,20.000000
4.474609,-0.289062,1.126953,0.000000,31.341770,20.000000
4.837891,-0.460938,0.697266,0.000000,31.254812,20.000000
4.888672,-0.308594,0.714844,0.000000,31.792645,20.000000
1.345703,-0.000000,-0.105469,-1.229337,21.492191,20.000000
0.041016,-0.033203,0.062500,0.000000,30.157787,20.000000
0.044922,-0.046875,0.103516,0.000000,29.063351,20.000000
1.216797,0.357422,0.048828,0.000000,19.190781,20.000000
0.011719,-0.039062,-0.007812,0.000000,30.740847,21.000000
0.017578,-0.080078,-0.007812,0.000000,31.989319,21.000000
0.029297,-0.119141,-0.003906,0.000000,30.220158,21.000000
0.056641,-0.154297,0.005859,0.000000,25.526682,21.000000
0.625000,-0.080078,-1.099609,0.000000,21.522884,21.000000
0.386719,-0.082031,1.248047,0.000000,22.966652,21.000000
0.554688,-0.042969,1.230469,0.000000,21.643528,21.000000
1.562500,0.050781,0.320312,0.000000,27.489628,21.000000
1.609375,0.050781,0.294922,0.000000,27.693773,21.000000
1.697266,0.160156,-0.212891,0.000000,26.414742,21.000000
2.537109,-0.263672,1.207031,0.000000,29.380192,21.000000
2.597656,-0.267578,1.173828,0.000000,32.709118,21.000000
2.656250,-0.181641,1.162109,0.000000,31.925674,21.000000
4.412109,-0.287109,1.197266,0.000000,30.766405,21.000000
4.474609,-0.289062,1.119141,0.000000,30.043213,21.000000
4.851562,-0.460938,0.585938,0.000000,31.251558,21.000000
4.888672,-0.308594,0.707031,0.000000,31.571545,21.000000
0.041016,-0.033203,0.062500,0.000000,30.153597,21.000000
0.044922,-0.046875,0.103516,0.000000,29.057959,21.000000
1.236328,0.277344,-0.023438,0.000000,19.956352,21.000000
0.585938,1.019531,-1.015625,0.000000,24.502491,21.000000
2.750000,-2.003906,-3.066406,0.000000,27.909885,21.000000
2.642578,-2.021484,-3.207031,0.000000,27.395723,21.000000
0.011719,-0.039062,-0.007812,0.000000,30.737183,22.000000
0.017578,-0.080078,-0.007812,0.000000,31.986570,22.000000
0.029297,-0.119141,-0.003906,0.000000,30.216026,22.000000
0.056641,-0.154297,0.005859,0.000000,25.514500,22.000000
1.216797,0.154297,0.035156,0.000000,22.095150,22.000000
1.234375,0.277344,-0.074219,0.000000,20.899052,22.000000
0.904297,-0.082031,0.943359,0.000000,22.430380,22.000000
0.990234,-0.042969,0.916016,0.000000,21.903316,22.000000
1.675781,0.052734,0.041016,0.000000,26.138418,22.000000
2.552734,-0.263672,1.173828,0.000000,29.370161,22.000000
2.611328,-0.267578,1.146484,0.000000,32.785248,22.000000
2.669922,-0.181641,1.126953,0.000000,32.043915,22.000000
4.412109,-0.287109,1.197266,0.000000,30.199467,22.000000
4.441406,-0.433594,1.207031,0.000000,29.375179,22.000000
4.878906,-0.306641,0.451172,0.000000,31.007151,22.000000
4.873047,-0.308594,0.806641,0.000000,31.159431,22.000000
0.041016,-0.033203,0.062500,0.000000,30.153597,22.000000
0.044922,-0.046875,0.103516,0.000000,29.057959,22.000000
0.863281,-0.158203,0.916016,0.000000,20.791813,22.000000
1.230469,0.367188,-0.250000,0.000000,19.912260,22.000000
2.878906,-2.003906,-2.947266,0.000000,27.466343,22.000000
3.011719,-2.021484,-2.865234,0.000000,26.875290,22.000000
0.011719,-0.039062,-0.007812,0.000000,30.740847,23.000000
0.017578,-0.080078,-0.007812,0.000000,31.989319,23.000000
0.029297,-0.119141,-0.003906,0.000000,30.224283,23.000000
0.056641,-0.154297,0.005859,0.000000,25.526682,23.000000
0.542969,-0.080078,1.142578,0.000000,22.552725,23.000000
0.876953,-0.041016,0.970703,0.000000,23.783979,23.000000
1.052734,-0.042969,0.843750,0.000000,22.600714,23.000000
2.552734,-0.263672,1.175781,0.000000,29.385197,23.000000
2.607422,-0.267578,1.154297,0.000000,32.773800,23.000000
2.664062,-0.181641,1.140625,0.000000,32.041199,23.000000
4.406250,-0.287109,1.224609,0.000000,30.128372,23.000000
4.445312,-0.289062,1.232422,0.000000,29.474337,23.000000
4.832031,-0.304688,-0.507812,0.000000,30.852905,23.000000
4.878906,-0.306641,0.445312,0.000000,31.351326,23.000000
4.869141,-0.308594,0.833984,0.000000,31.274288,23.000000
0.041016,-0.033203,0.062500,0.000000,30.153597,23.000000
0.044922,-0.046875,0.103516,0.000000,29.063351,23.000000
1.214844,0.357422,-0.058594,0.000000,19.731279,23.000000
2.939453,-2.003906,-2.886719,0.000000,27.347998,23.000000
3.107422,-2.021484,-2.759766,0.000000,26.821451,23.000000
0.011719,-0.039062,-0.007812,0.000000,30.740847,24.000000
0.017578,-0.080078,-0.007812,0.000000,31.986570,24.000000
0.029297,-0.119141,-0.003906,0.000000,30.216026,24.000000
0.056641,-0.154297,0.005859,0.000000,25.514500,24.000000
0.808594,-0.000000,-1.082031,0.000000,20.755470,24.000000
1.675781,0.052734,-0.031250,0.000000,27.686380,24.000000
2.539062,-0.263672,1.205078,0.000000,29.375179,24.000000
2.619141,-0.179688,1.142578,0.000000,32.769211,24.000000
2.669922,-0.181641,1.128906,0.000000,32.095150,24.000000
4.404297,-0.287109,1.226562,0.000000,30.013010,24.000000
4.875000,-0.306641,0.486328,0.000000,30.835026,24.000000
4.878906,-0.308594,0.771484,0.000000,31.007151,24.000000
1.224609,0.076172,-0.035156,0.614669,19.590414,24.000000
1.255859,0.080078,-0.160156,0.614669,22.624512,24.000000
1.281250,0.082031,-0.259766,0.614669,22.600714,24.000000
0.041016,-0.033203,0.062500,0.000000,30.153597,24.000000
0.044922,-0.046875,0.105469,0.000000,29.057959,24.000000
2.960938,-2.003906,-2.863281,0.000000,27.291647,24.000000
0.345703,-0.382812,1.113281,0.614669,17.403627,24.000000
0.011719,-0.039062,-0.007812,0.000000,30.744507,25.000000
0.017578,-0.080078,-0.007812,0.000000,31.989319,25.000000
0.029297,-0.119141,-0.003906,0.000000,30.224283,25.000000
0.056641,-0.154297,0.005859,0.000000,25.526682,25.000000
0.808594,-0.039062,-0.976562,0.000000,23.283796,25.000000
0.771484,-0.000000,-1.058594,0.000000,24.345690,25.000000
0.802734,-0.000000,-1.085938,0.000000,22.095150,25.000000
2.541016,-0.263672,1.197266,0.000000,29.370161,25.000000
2.613281,-0.179688,1.156250,0.000000,32.762321,25.000000
2.656250,-0.181641,1.160156,0.000000,32.035767,25.000000
4.429688,-0.287109,1.134766,0.000000,31.149445,25.000000
4.492188,-0.289062,1.050781,0.000000,30.633333,25.000000
4.871094,-0.306641,0.521484,0.000000,31.209028,25.000000
4.878906,-0.308594,0.771484,0.000000,31.619667,25.000000
0.041016,-0.033203,0.062500,0.000000,30.157787,25.000000
0.044922,-0.046875,0.103516,0.000000,29.057959,25.000000
2.585938,-2.003906,-3.207031,0.000000,28.254261,25.000000
2.451172,-2.021484,-3.357422,0.000000,27.723217,25.000000
0.011719,-0.039062,-0.007812,0.000000,30.740847,26.000000
0.017578,-0.080078,-0.007812,0.000000,31.986570,26.000000
0.029297,-0.119141,-0.003906,0.000000,30.220158,26.000000
0.056641,-0.154297,0.005859,0.000000,25.526682,26.000000
0.044922,-0.080078,1.265625,0.000000,22.430380,26.000000
0.646484,-0.041016,1.136719,0.000000,24.149733,26.000000
1.669922,-0.000000,-0.154297,0.000000,27.347998,26.000000
1.716797,-0.000000,-0.072266,0.000000,26.599161,26.000000
2.560547,-0.263672,1.156250,0.000000,29.469433,26.000000
2.611328,-0.267578,1.142578,0.000000,32.826221,26.000000
2.671875,-0.181641,1.125000,0.000000,32.111206,26.000000
4.417969,-0.287109,1.177734,0.000000,31.967287,26.000000
4.460938,-0.289062,1.173828,0.000000,31.420765,26.000000
4.832031,-0.460938,0.728516,0.000000,31.241781,26.000000
4.873047,-0.308594,0.806641,0.000000,31.829849,26.000000
1.318359,0.042969,0.287109,0.614669,23.404442,26.000000
1.412109,0.224609,-0.068359,-0.614669,23.502480,26.000000
1.455078,0.230469,0.025391,-0.614669,26.414742,26.000000
1.498047,0.189453,0.099609,-0.614669,25.634811,26.000000
0.041016,-0.033203,0.062500,0.000000,30.161974,26.000000
0.044922,-0.046875,0.103516,0.000000,29.068735,26.000000
1.464844,0.138672,0.035156,-0.614669,26.374897,26.000000
0.011719,-0.039062,-0.007812,0.000000,30.740847,27.000000
0.017578,-0.080078,-0.007812,0.000000,31.986570,27.000000
0.029297,-0.119141,-0.003906,0.000000,30.216026,27.000000
0.056641,-0.154297,0.005859,0.000000,25.514500,27.000000
0.349609,-0.080078,-1.216797,0.000000,21.958996,27.000000
0.390625,-0.041016,1.248047,0.000000,22.900347,27.000000
2.548828,-0.263672,1.183594,0.000000,29.420080,27.000000
2.603516,-0.267578,1.160156,0.000000,32.755417,27.000000
2.662109,-0.181641,1.148438,0.000000,31.992065,27.000000
4.335938,-0.142578,1.337891,0.000000,28.068581,27.000000
4.412109,-0.287109,1.203125,0.000000,31.931246,27.000000
4.451172,-0.289062,1.212891,0.000000,31.467480,27.000000
4.835938,-0.457031,-0.330078,0.000000,30.584261,27.000000
4.849609,-0.460938,0.601562,0.000000,31.379868,27.000000
4.851562,-0.464844,0.867188,0.000000,31.544239,27.000000
1.302734,0.041016,0.121094,1.229337,21.038036,27.000000
1.343750,0.042969,0.113281,1.229337,23.747484,27.000000
1.384766,0.042969,0.126953,1.229337,22.810333,27.000000
1.410156,0.224609,0.093750,-1.229337,22.648178,27.000000
1.443359,0.275391,0.105469,-1.229337,22.148439,27.000000
0.041016,-0.033203,0.062500,0.000000,30.153597,27.000000
0.044922,-0.046875,0.103516,0.000000,29.057959,27.000000
1.216797,0.357422,0.039062,0.000000,19.242792,27.000000
3.509766,-1.843750,-2.212891,0.000000,25.415792,27.000000
0.011719,-0.039062,-0.007812,0.000000,30.737183,28.000000
0.017578,-0.080078,-0.007812,0.000000,31.983822,28.000000
0.029297,-0.119141,-0.005859,0.000000,30.216026,28.000000
0.056641,-0.154297,0.005859,0.000000,25.514500,28.000000
0.349609,-0.080078,-1.216797,0.000000,22.013971,28.000000
0.304688,-0.041016,1.273438,0.000000,23.283796,28.000000
0.519531,-0.042969,1.246094,0.000000,21.958996,28.000000
2.554688,-0.263672,1.169922,0.000000,29.459606,28.000000
2.617188,-0.179688,1.146484,0.000000,32.746197,28.000000
2.658203,-0.181641,1.158203,0.000000,31.970047,28.000000
4.398438,-0.287109,1.248047,0.000000,31.498346,28.000000
4.431641,-0.289062,1.283203,0.000000,31.102530,28.000000
4.855469,-0.306641,0.650391,0.000000,30.813473,28.000000
4.880859,-0.308594,0.765625,0.000000,31.129400,28.000000
1.326172,0.210938,0.138672,-1.844006,22.380461,28.000000
1.367188,0.216797,0.136719,-1.844006,24.183012,28.000000
1.406250,0.224609,0.144531,-1.844006,22.405493,28.000000
0.041016,-0.033203,0.062500,0.000000,30.153597,28.000000
0.044922,-0.046875,0.103516,0.000000,29.063351,28.000000
1.214844,0.357422,0.054688,0.000000,19.344984,28.000000
0.011719,-0.039062,-0.007812,0.000000,30.744507,29.000000
0.017578,-0.080078,-0.007812,0.000000,31.986570,29.000000
0.029297,-0.119141,-0.003906,0.000000,30.216026,29.000000
0.056641,-0.154297,0.005859,0.000000,25.502283,29.000000
0.328125,-0.080078,-1.222656,0.000000,21.986570,29.000000
0.335938,-0.041016,1.263672,0.000000,23.263359,29.000000
0.533203,-0.042969,1.240234,0.000000,21.986570,29.000000
1.707031,0.160156,0.091797,0.000000,28.475727,29.000000
1.751953,0.164062,0.013672,0.000000,26.875290,29.000000
2.541016,-0.263672,1.201172,0.000000,29.314579,29.000000
2.601562,-0.267578,1.166016,0.000000,32.730011,29.000000
2.656250,-0.181641,1.162109,0.000000,31.950689,29.000000
4.400391,-0.287109,1.242188,0.000000,31.205740,29.000000
4.431641,-0.289062,1.283203,0.000000,30.842186,29.000000
4.830078,-0.460938,0.744141,0.000000,30.678144,29.000000
4.875000,-0.308594,0.802734,0.000000,31.215599,29.000000
1.386719,0.087891,0.062500,1.229337,20.644581,29.000000
1.429688,0.044922,0.052734,1.229337,22.988531,29.000000
1.470703,0.046875,0.029297,1.229337,22.227165,29.000000
1.283203,0.246094,0.095703,-2.458675,21.003706,29.000000
1.324219,0.253906,0.080078,-2.458675,20.681858,29.000000
1.664062,0.208984,-0.033203,-0.614669,26.757784,29.000000
0.041016,-0.033203,0.062500,0.000000,30.153597,29.000000
0.044922,-0.046875,0.103516,0.000000,29.063351,29.000000
1.214844,0.357422,0.052734,0.000000,19.294189,29.000000
1.673828,0.105469,-0.017578,-0.614669,26.757784,29.000000
0.011719,-0.039062,-0.007812,0.000000,30.744507,30.000000
0.017578,-0.080078,-0.007812,0.000000,31.986570,30.000000
0.029297,-0.119141,-0.003906,0.000000,30.220158,30.000000
0.056641,-0.154297,0.005859,0.000000,25.526682,30.000000
0.316406,-0.080078,-1.224609,0.000000,21.958996,30.000000
0.320312,-0.041016,1.269531,0.000000,23.263359,30.000000
0.468750,-0.000000,1.265625,0.000000,21.958996,30.000000
0.677734,-0.042969,1.212891,0.000000,21.367207,30.000000
1.498047,0.046875,0.208984,0.000000,23.424227,30.000000
1.531250,0.048828,0.265625,0.000000,26.512779,30.000000
1.666016,0.158203,-0.119141,0.000000,29.656719,30.000000
1.707031,0.160156,-0.109375,0.000000,29.138138,30.000000
2.544922,-0.263672,1.191406,0.000000,29.479237,30.000000
2.595703,-0.267578,1.177734,0.000000,32.743889,30.000000
2.648438,-0.271484,1.162109,0.000000,31.936810,30.000000
4.408203,-0.287109,1.216797,0.000000,31.102530,30.000000
4.443359,-0.289062,1.242188,0.000000,30.737183,30.000000
4.857422,-0.304688,0.042969,0.000000,30.503798,30.000000
4.876953,-0.306641,0.462891,0.000000,31.112625,30.000000
4.882812,-0.308594,0.746094,0.000000,30.856472,30.000000
1.472656,0.046875,-0.017578,0.614669,23.802113,30.000000
1.164062,0.185547,0.138672,-1.844006,21.583626,30.000000
1.199219,0.230469,0.126953,-1.844006,24.281347,30.000000
1.246094,0.197266,0.132812,-1.844006,23.598354,30.000000
0.041016,-0.033203,0.062500,0.000000,30.157787,30.000000
0.044922,-0.046875,0.103516,0.000000,29.063351,30.000000
1.216797,0.357422,0.031250,0.000000,19.190781,30.000000
0.011719,-0.039062,-0.007812,0.000000,30.737183,31.000000
0.017578,-0.080078,-0.007812,0.000000,31.983822,31.000000
0.029297,-0.119141,-0.003906,0.000000,30.216026,31.000000
0.056641,-0.154297,0.005859,0.000000,25.514500,31.000000
0.417969,-0.080078,-1.195312,0.000000,22.068258,31.000000
0.214844,-0.041016,1.291016,0.000000,23.283796,31.000000
0.287109,-0.000000,1.318359,0.000000,21.958996,31.000000
2.558594,-0.263672,1.164062,0.000000,29.523081,31.000000
2.621094,-0.179688,1.140625,0.000000,32.814880,31.000000
2.664062,-0.181641,1.144531,0.000000,32.095150,31.000000
4.402344,-0.287109,1.236328,0.000000,31.215599,31.000000
4.435547,-0.289062,1.269531,0.000000,30.817072,31.000000
4.876953,-0.306641,0.458984,0.000000,30.565237,31.000000
4.890625,-0.308594,0.701172,0.000000,30.652061,31.000000
1.117188,0.214844,0.138672,-0.614669,21.461281,31.000000
1.162109,0.185547,0.150391,-0.614669,23.560259,31.000000
1.195312,0.230469,0.154297,-0.614669,22.479733,31.000000
0.041016,-0.033203,0.062500,0.000000,30.153597,31.000000
0.044922,-0.046875,0.103516,0.000000,29.057959,31.000000
1.212891,0.357422,0.105469,0.000000,19.867718,31.000000
0.011719,-0.039062,-0.007812,0.000000,30.733517,32.000000
0.017578,-0.080078,-0.007812,0.000000,31.983822,32.000000
0.029297,-0.119141,-0.003906,0.000000,30.216026,32.000000
0.056641,-0.154297,0.005859,0.000000,25.514500,32.000000
1.152344,0.259766,0.105469,0.000000,20.413927,32.000000
1.189453,0.267578,0.134766,0.000000,20.211893,32.000000
0.384766,-0.080078,-1.205078,0.000000,22.041201,32.000000
0.078125,-0.041016,1.306641,0.000000,23.304138,32.000000
1.468750,0.046875,0.107422,0.000000,25.786392,32.000000
1.503906,0.046875,0.158203,0.000000,25.809250,32.000000
1.623047,-0.050781,-0.193359,0.000000,28.055008,32.000000
1.667969,-0.000000,-0.177734,0.000000,29.872192,32.000000
1.708984,-0.000000,-0.181641,0.000000,28.048206,32.000000
2.552734,-0.263672,1.175781,0.000000,29.329807,32.000000
2.619141,-0.179688,1.142578,0.000000,32.748505,32.000000
2.662109,-0.181641,1.146484,0.000000,32.035767,32.000000
4.404297,-0.287109,1.226562,0.000000,31.389339,32.000000
4.437500,-0.289062,1.263672,0.000000,31.003706,32.000000
4.875000,-0.306641,0.494141,0.000000,30.755470,32.000000
4.886719,-0.308594,0.724609,0.000000,30.655798,32.000000
0.041016,-0.033203,0.062500,0.000000,30.157787,32.000000
0.044922,-0.046875,0.103516,0.000000,29.063351,32.000000
0.435547,-0.191406,-1.130859,0.000000,18.808136,32.000000
1.212891,0.357422,0.091797,0.000000,19.956352,32.000000
0.476562,0.568359,-1.320312,0.000000,23.673559,32.000000
0.011719,-0.039062,-0.007812,0.000000,30.740847,33.000000
0.017578,-0.080078,-0.007812,0.000000,31.983822,33.000000
0.029297,-0.119141,-0.003906,0.000000,30.216026,33.000000
0.056641,-0.154297,0.005859,0.000000,25.514500,33.000000
0.187500,-0.080078,-1.251953,0.000000,22.068258,33.000000
0.392578,-0.042969,1.291016,0.000000,21.986570,33.000000
1.628906,0.050781,-0.136719,0.000000,28.543060,33.000000
1.671875,0.052734,-0.123047,0.000000,30.923697,33.000000
1.714844,0.052734,-0.105469,0.000000,29.726656,33.000000
2.541016,-0.263672,1.197266,0.000000,29.469433,33.000000
2.595703,-0.267578,1.177734,0.000000,32.796669,33.000000
2.644531,-0.271484,1.167969,0.000000,31.972805,33.000000
4.410156,-0.287109,1.207031,0.000000,31.455072,33.000000
4.447266,-0.289062,1.226562,0.000000,31.149445,33.000000
4.880859,-0.306641,0.425781,0.000000,30.722500,33.000000
4.890625,-0.308594,0.703125,0.000000,30.784569,33.000000
1.125000,0.142578,0.164062,1.229337,20.644581,33.000000
1.160156,0.185547,0.166016,1.229337,23.856062,33.000000
1.205078,0.154297,0.175781,1.229337,23.384565,33.000000
0.041016,-0.033203,0.062500,0.000000,30.157787,33.000000
0.044922,-0.046875,0.103516,0.000000,29.063351,33.000000
1.216797,0.357422,0.027344,0.000000,20.043213,33.000000
1.482422,0.146484,0.443359,0.000000,25.010593,33.000000
0.011719,-0.039062,-0.007812,0.000000,30.740847,34.000000
0.017578,-0.080078,-0.007812,0.000000,31.986570,34.000000
0.029297,-0.119141,-0.003906,0.000000,30.220158,34.000000
0.056641,-0.154297,0.005859,0.000000,25.526682,34.000000
0.064453,-0.080078,-1.263672,0.000000,21.931246,34.000000
0.414062,-0.041016,1.240234,0.000000,23.222193,34.000000
0.472656,-0.000000,1.263672,0.000000,21.818436,34.000000
1.441406,-0.000000,0.458984,0.000000,25.065050,34.000000
1.515625,-0.000000,0.345703,0.000000,28.061800,34.000000
1.537109,0.050781,0.423828,0.000000,26.263403,34.000000
1.634766,-0.050781,0.062500,0.000000,28.444771,34.000000
1.675781,-0.000000,0.052734,0.000000,31.142773,34.000000
1.705078,0.160156,-0.142578,0.000000,29.642597,34.000000
2.542969,-0.263672,1.195312,0.000000,29.355072,34.000000
2.603516,-0.267578,1.160156,0.000000,32.750809,34.000000
2.660156,-0.181641,1.154297,0.000000,32.003033,34.000000
4.404297,-0.287109,1.232422,0.000000,31.439510,34.000000
4.435547,-0.289062,1.267578,0.000000,31.078880,34.000000
4.865234,-0.306641,0.574219,0.000000,30.692980,34.000000
4.884766,-0.308594,0.736328,0.000000,30.941216,34.000000
1.199219,0.191406,0.171875,1.229337,21.760912,34.000000
1.240234,0.197266,0.177734,1.229337,21.731863,34.000000
0.041016,-0.033203,0.062500,0.000000,30.161974,34.000000
0.044922,-0.046875,0.103516,0.000000,29.068735,34.000000
1.103516,-0.515625,0.355469,0.000000,19.084850,34.000000
0.011719,-0.039062,-0.007812,0.000000,30.740847,35.000000
0.017578,-0.080078,-0.007812,0.000000,31.986570,35.000000
0.029297,-0.119141,-0.003906,0.000000,30.220158,35.000000
0.056641,-0.154297,0.005859,0.000000,25.514500,35.000000
0.359375,-0.080078,-1.212891,0.000000,22.041201,35.000000
0.292969,-0.041016,1.275391,0.000000,23.304138,35.000000
0.310547,-0.000000,1.314453,0.000000,21.986570,35.000000
1.464844,-0.046875,0.376953,0.000000,25.352942,35.000000
1.501953,-0.097656,0.390625,0.000000,26.454224,35.000000
1.634766,-0.000000,-0.087891,0.000000,27.604225,35.000000
1.675781,0.052734,-0.037109,0.000000,28.561245,35.000000
1.714844,0.107422,0.025391,0.000000,26.570559,35.000000
2.542969,-0.263672,1.195312,0.000000,29.390198,35.000000
2.613281,-0.179688,1.158203,0.000000,32.711445,35.000000
2.656250,-0.181641,1.162109,0.000000,31.953461,35.000000
4.406250,-0.287109,1.218750,0.000000,31.482941,35.000000
4.443359,-0.289062,1.240234,0.000000,31.115986,35.000000
4.839844,-0.460938,0.671875,0.000000,30.565237,35.000000
4.884766,-0.308594,0.736328,0.000000,31.109262,35.000000
1.255859,0.119141,0.134766,1.229337,20.086002,35.000000
1.400391,0.044922,-0.298828,-0.614669,21.430147,35.000000
1.470703,-0.000000,-0.060547,-0.614669,22.855574,35.000000
0.041016,-0.033203,0.062500,0.000000,30.161974,35.000000
0.044922,-0.046875,0.103516,0.000000,29.068735,35.000000
1.214844,0.357422,0.068359,0.000000,19.242792,35.000000
0.011719,-0.039062,-0.007812,0.000000,30.744507,36.000000
0.017578,-0.080078,-0.007812,0.000000,31.986570,36.000000
0.029297,-0.119141,-0.003906,0.000000,30.211893,36.000000
0.056641,-0.154297,0.007812,0.000000,25.490032,36.000000
0.421875,-0.080078,-1.193359,0.000000,21.958996,36.000000
0.251953,-0.041016,1.283203,0.000000,23.222193,36.000000
0.695312,-0.042969,1.156250,0.000000,21.903316,36.000000
1.445312,-0.000000,0.283203,0.000000,23.096302,36.000000
1.675781,-0.000000,-0.072266,0.000000,26.946053,36.000000
2.548828,-0.263672,1.183594,0.000000,29.400181,36.000000
2.601562,-0.267578,1.164062,0.000000,32.743889,36.000000
2.654297,-0.271484,1.148438,0.000000,31.900515,36.000000
4.330078,-0.142578,1.361328,0.000000,27.881683,36.000000
4.404297,-0.287109,1.230469,0.000000,31.749315,36.000000
4.443359,-0.289062,1.244141,0.000000,31.370375,36.000000
4.855469,-0.306641,0.658203,0.000000,31.058506,36.000000
4.884766,-0.308594,0.742188,0.000000,31.451963,36.000000
1.357422,0.304688,-0.007812,0.614669,22.253094,36.000000
1.427734,-0.000000,0.099609,-0.614669,21.846914,36.000000
0.041016,-0.033203,0.062500,0.000000,30.153597,36.000000
0.044922,-0.046875,0.103516,0.000000,29.057959,36.000000
1.210938,0.357422,0.113281,0.000000,19.395193,36.000000
3.535156,-1.843750,-2.171875,0.000000,25.171959,36.000000
0.445312,-0.216797,1.298828,0.614669,19.294189,36.000000
0.011719,-0.039062,-0.007812,0.000000,30.744507,37.000000
0.017578,-0.080078,-0.007812,0.000000,31.989319,37.000000
0.029297,-0.119141,-0.003906,0.000000,30.220158,37.000000
0.056641,-0.154297,0.005859,0.000000,25.514500,37.000000
0.378906,-0.080078,-1.207031,0.000000,22.013971,37.000000
0.689453,-0.082031,1.109375,0.000000,23.031961,37.000000
1.210938,-0.000000,0.597656,0.000000,22.988531,37.000000
1.312500,-0.000000,0.458984,0.000000,24.502491,37.000000
1.308594,-0.000000,0.578125,0.000000,23.560259,37.000000
1.505859,-0.000000,0.152344,0.000000,24.771212,37.000000
1.544922,-0.000000,0.177734,0.000000,28.182259,37.000000
1.585938,-0.000000,0.166016,0.000000,29.003672,37.000000
1.634766,0.050781,-0.035156,0.000000,29.014584,37.000000
1.660156,0.105469,-0.207031,0.000000,28.692318,37.000000
2.544922,-0.263672,1.189453,0.000000,29.449759,37.000000
2.599609,-0.267578,1.167969,0.000000,32.812607,37.000000
2.648438,-0.271484,1.160156,0.000000,32.024883,37.000000
4.328125,-0.142578,1.363281,0.000000,28.041395,37.000000
4.410156,-0.287109,1.207031,0.000000,31.981070,37.000000
4.455078,-0.289062,1.199219,0.000000,31.568520,37.000000
4.828125,-0.460938,0.751953,0.000000,31.264561,37.000000
4.875000,-0.308594,0.796875,0.000000,32.038486,37.000000
1.339844,0.126953,0.111328,1.229337,20.492180,37.000000
0.041016,-0.033203,0.062500,0.000000,30.166155,37.000000
0.044922,-0.046875,0.103516,0.000000,29.063351,37.000000
1.212891,0.357422,0.107422,0.000000,19.242792,37.000000
0.232422,0.923828,-1.228516,0.000000,25.403296,37.000000
3.507812,-1.843750,-2.214844,0.000000,25.587086,37.000000
0.011719,-0.039062,-0.007812,0.000000,30.740847,38.000000
0.017578,-0.080078,-0.007812,0.000000,31.986570,38.000000
0.029297,-0.119141,-0.003906,0.000000,30.216026,38.000000
0.056641,-0.154297,0.005859,0.000000,25.514500,38.000000
0.359375,-0.080078,-1.212891,0.000000,21.986570,38.000000
0.167969,-0.082031,-1.294922,0.000000,22.764618,38.000000
0.890625,-0.216797,1.046875,0.000000,20.000000,38.000000
1.521484,0.048828,0.310547,0.000000,25.378191,38.000000
1.636719,-0.000000,-0.365234,0.000000,26.702459,38.000000
2.537109,-0.263672,1.208984,0.000000,29.400181,38.000000
2.595703,-0.267578,1.177734,0.000000,32.734642,38.000000
2.654297,-0.181641,1.166016,0.000000,31.947918,38.000000
4.421875,-0.287109,1.166016,0.000000,31.556396,38.000000
4.482422,-0.289062,1.091797,0.000000,31.038036,38.000000
4.843750,-0.306641,0.738281,0.000000,31.231981,38.000000
4.873047,-0.308594,0.806641,0.000000,31.846914,38.000000
1.332031,0.210938,-0.050781,0.614669,21.038036,38.000000
0.041016,-0.033203,0.062500,0.000000,30.149403,38.000000
0.044922,-0.046875,0.103516,0.000000,29.052561,38.000000
1.214844,0.357422,0.074219,0.000000,19.395193,38.000000
1.255859,0.367188,-0.019531,0.000000,20.086002,38.000000
1.332031,0.304688,-0.261719,0.000000,19.294189,38.000000
2.625000,-2.021484,-3.222656,0.000000,28.041395,38.000000
0.011719,-0.039062,-0.007812,0.000000,30.737183,39.000000
0.017578,-0.080078,-0.007812,0.000000,31.989319,39.000000
0.029297,-0.119141,-0.003906,0.000000,30.220158,39.000000
0.056641,-0.154297,0.005859,0.000000,25.526682,39.000000
0.353516,-0.080078,-1.214844,0.000000,22.148439,39.000000
0.087891,-0.041016,-1.304688,0.000000,23.617279,39.000000
0.748047,-0.000000,-1.123047,0.000000,21.958996,39.000000
1.664062,0.052734,-0.199219,0.000000,27.558748,39.000000
2.548828,-0.263672,1.183594,0.000000,29.344984,39.000000
2.615234,-0.179688,1.154297,0.000000,32.718414,39.000000
2.658203,-0.181641,1.154297,0.000000,32.008507,39.000000
4.423828,-0.287109,1.156250,0.000000,30.203613,39.000000
4.488281,-0.433594,1.015625,0.000000,29.599949,39.000000
4.843750,-0.460938,0.648438,0.000000,30.161974,39.000000
4.859375,-0.464844,0.816406,0.000000,30.102999,39.000000
0.041016,-0.033203,0.062500,0.000000,30.149403,39.000000
0.044922,-0.046875,0.103516,0.000000,29.057959,39.000000
1.214844,0.357422,0.054688,0.000000,19.190781,39.000000
2.769531,-2.003906,-3.048828,0.000000,27.489628,39.000000
2.632812,-2.021484,-3.216797,0.000000,27.024305,39.000000
0.011719,-0.039062,-0.007812,0.000000,30.744507,40.000000
0.017578,-0.080078,-0.007812,0.000000,31.986570,40.000000
0.029297,-0.119141,-0.003906,0.000000,30.216026,40.000000
0.056641,-0.154297,0.005859,0.000000,25.502283,40.000000
0.328125,-0.080078,-1.222656,0.000000,21.986570,40.000000
0.328125,-0.041016,1.267578,0.000000,23.783979,40.000000
0.779297,-0.000000,1.101562,0.000000,24.031206,40.000000
1.375000,0.042969,-0.201172,0.000000,24.329693,40.000000
2.537109,-0.263672,1.208984,0.000000,29.289078,40.000000
2.601562,-0.267578,1.167969,0.000000,32.699799,40.000000
2.654297,-0.181641,1.167969,0.000000,31.925674,40.000000
4.406250,-0.287109,1.220703,0.000000,30.437551,40.000000
4.455078,-0.289062,1.201172,0.000000,29.885590,40.000000
4.861328,-0.460938,0.505859,0.000000,30.149403,40.000000
4.878906,-0.464844,0.697266,0.000000,30.310043,40.000000
1.730469,0.275391,0.158203,0.614669,25.465427,40.000000
1.371094,0.179688,0.373047,1.229337,20.128372,40.000000
0.041016,-0.033203,0.062500,0.000000,30.153597,40.000000
0.044922,-0.046875,0.103516,0.000000,29.057959,40.000000
1.212891,0.357422,0.091797,0.000000,19.138138,40.000000
0.011719,-0.039062,-0.007812,0.000000,30.737183,41.000000
0.017578,-0.080078,-0.007812,0.000000,31.986570,41.000000
0.029297,-0.119141,-0.003906,0.000000,30.220158,41.000000
0.056641,-0.154297,0.005859,0.000000,25.514500,41.000000
0.333984,-0.080078,-1.220703,0.000000,22.041201,41.000000
0.478516,-0.041016,1.218750,0.000000,23.579348,41.000000
1.162109,0.042969,0.685547,0.000000,24.031206,41.000000
1.345703,0.042969,0.351562,0.000000,25.010593,41.000000
1.662109,0.105469,-0.193359,0.000000,28.750612,41.000000
1.708984,0.107422,-0.150391,0.000000,29.420080,41.000000
2.548828,-0.263672,1.183594,0.000000,29.464523,41.000000
2.621094,-0.179688,1.138672,0.000000,32.853321,41.000000
2.666016,-0.181641,1.136719,0.000000,32.124538,41.000000
4.400391,-0.287109,1.242188,0.000000,31.238516,41.000000
4.441406,-0.289062,1.250000,0.000000,30.733517,41.000000
4.798828,-0.460938,0.925781,0.000000,30.437551,41.000000
4.873047,-0.308594,0.810547,0.000000,31.325798,41.000000
1.333984,0.044922,0.515625,0.614669,23.263359,41.000000
0.041016,-0.033203,0.062500,0.000000,30.153597,41.000000
0.044922,-0.046875,0.103516,0.000000,29.057959,41.000000
1.214844,0.357422,0.072266,0.000000,19.242792,41.000000
0.011719,-0.039062,-0.007812,0.000000,30.733517,42.000000
0.017578,-0.080078,-0.007812,0.000000,31.983822,42.000000
0.029297,-0.119141,-0.003906,0.000000,30.216026,42.000000
0.056641,-0.154297,0.005859,0.000000,25.514500,42.000000
0.322266,-0.080078,-1.224609,0.000000,22.013971,42.000000
0.207031,-0.041016,-1.291016,0.000000,23.443922,42.000000
1.267578,0.042969,-0.460938,0.000000,24.593925,42.000000
1.376953,0.087891,-0.167969,0.000000,27.411516,42.000000
1.417969,0.089844,-0.169922,0.000000,27.283537,42.000000
1.675781,0.052734,-0.031250,0.000000,27.708521,42.000000
2.552734,-0.263672,1.175781,0.000000,29.459606,42.000000
2.619141,-0.179688,1.142578,0.000000,32.776093,42.000000
2.662109,-0.181641,1.148438,0.000000,32.052044,42.000000
4.417969,-0.287109,1.175781,0.000000,30.696680,42.000000
4.470703,-0.289062,1.136719,0.000000,30.224283,42.000000
4.738281,-0.449219,-0.503906,0.000000,31.936810,42.000000
4.791016,-0.453125,-0.378906,0.000000,31.906118,42.000000
4.835938,-0.460938,0.707031,0.000000,29.749720,42.000000
4.890625,-0.308594,0.693359,0.000000,30.293839,42.000000
1.599609,0.101562,0.324219,0.614669,27.126497,42.000000
1.398438,0.138672,0.441406,1.229337,20.211893,42.000000
0.041016,-0.033203,0.062500,0.000000,30.157787,42.000000
0.044922,-0.046875,0.103516,0.000000,29.063351,42.000000
1.216797,0.357422,0.033203,0.000000,19.242792,42.000000
2.875000,-1.861328,-3.042969,0.000000,27.767012,42.000000
2.820312,-2.021484,-3.054688,0.000000,27.371927,42.000000
0.011719,-0.039062,-0.007812,0.000000,30.740847,43.000000
0.017578,-0.080078,-0.007812,0.000000,31.986570,43.000000
0.029297,-0.119141,-0.003906,0.000000,30.220158,43.000000
0.056641,-0.154297,0.005859,0.000000,25.514500,43.000000
0.339844,-0.080078,-1.218750,0.000000,22.013971,43.000000
0.460938,-0.082031,1.222656,0.000000,23.074961,43.000000
1.232422,-0.000000,0.552734,0.000000,21.846914,43.000000
1.468750,0.046875,0.103516,0.000000,25.797836,43.000000
1.710938,0.160156,0.015625,0.000000,27.543484,43.000000
2.537109,-0.263672,1.208984,0.000000,29.360107,43.000000
2.597656,-0.267578,1.173828,0.000000,32.718414,43.000000
2.656250,-0.271484,1.144531,0.000000,31.900515,43.000000
4.408203,-0.287109,1.218750,0.000000,31.024338,43.000000
4.460938,-0.289062,1.179688,0.000000,30.795429,43.000000
4.740234,-0.449219,-0.492188,0.000000,33.432117,43.000000
4.798828,-0.300781,-0.416016,0.000000,33.870338,43.000000
4.853516,-0.304688,-0.195312,0.000000,30.806265,43.000000
4.845703,-0.460938,0.628906,0.000000,30.370279,43.000000
4.849609,-0.464844,0.869141,0.000000,30.965624,43.000000
1.369141,0.087891,0.224609,0.614669,27.803173,43.000000
1.412109,0.089844,0.212891,0.614669,28.692318,43.000000
1.658203,0.158203,0.191406,0.614669,26.570559,43.000000
1.732422,0.275391,0.128906,0.614669,28.155777,43.000000
1.773438,0.281250,0.123047,0.614669,28.188854,43.000000
