4.794922,-0.150391,-0.541016,0.000000,33.500542,0.000000
4.832031,-0.152344,-0.562500,0.000000,30.090258,0.000000
4.816406,-0.308594,1.101562,0.000000,30.969101,0.000000
0.037109,-0.035156,0.064453,0.000000,30.090258,0.000000
0.044922,-0.046875,0.103516,0.000000,29.003672,0.000000
0.011719,-0.039062,-0.007812,0.000000,30.670708,1.000000
0.027344,-0.076172,-0.009766,0.000000,31.880844,1.000000
0.029297,-0.119141,-0.005859,0.000000,30.090258,1.000000
0.056641,-0.154297,0.007812,0.000000,25.365585,1.000000
0.250000,0.039062,-1.242188,0.000000,23.242825,1.000000
0.316406,0.082031,-1.267578,0.000000,23.909351,1.000000
0.230469,0.126953,1.324219,0.000000,21.931246,1.000000
1.476562,-0.332031,-0.015625,0.000000,26.464037,1.000000
1.515625,-0.339844,0.046875,0.000000,27.259117,1.000000
2.632812,-0.175781,1.003906,0.000000,29.344984,1.000000
2.703125,-0.089844,0.939453,0.000000,32.607868,1.000000
2.763672,-0.089844,0.888672,0.000000,31.936810,1.000000
4.326172,-0.142578,1.371094,0.000000,27.986506,1.000000
4.417969,-0.142578,1.207031,0.000000,31.303337,1.000000
4.488281,-0.144531,1.097656,0.000000,30.895519,1.000000
4.634766,-0.000000,0.521484,0.000000,29.938768,1.000000
4.689453,-0.000000,0.384766,0.000000,30.916670,1.000000
4.744141,-0.000000,-0.087891,0.000000,29.670797,1.000000
4.742188,-0.298828,-0.564453,0.000000,33.081375,1.000000
4.794922,-0.150391,-0.535156,0.000000,33.933998,1.000000
4.832031,-0.152344,-0.576172,0.000000,30.927206,1.000000
4.832031,-0.308594,1.031250,0.000000,30.955181,1.000000
0.037109,-0.035156,0.064453,0.000000,30.090258,1.000000
0.044922,-0.046875,0.103516,0.000000,29.009130,1.000000
1.144531,-0.396484,0.376953,0.000000,20.492180,1.000000
1.218750,-0.367188,0.308594,0.000000,22.227165,1.000000
1.285156,-0.378906,0.169922,0.000000,21.038036,1.000000
0.349609,0.679688,1.353516,0.000000,25.158739,1.000000
0.011719,-0.039062,-0.007812,0.000000,30.689276,2.000000
0.027344,-0.076172,-0.009766,0.000000,31.883659,2.000000
0.029297,-0.119141,-0.005859,0.000000,30.094509,2.000000
0.056641,-0.154297,0.007812,0.000000,25.378191,2.000000
0.464844,0.039062,-1.179688,0.000000,23.598354,2.000000
0.660156,-0.000000,-1.130859,0.000000,24.683474,2.000000
0.806641,0.042969,-1.080078,0.000000,22.988531,2.000000
2.626953,-0.175781,1.015625,0.000000,29.355072,2.000000
2.669922,-0.179688,1.021484,0.000000,32.607868,2.000000
2.763672,-0.089844,0.890625,0.000000,31.922886,2.000000
4.363281,-0.142578,1.250000,0.000000,27.923918,2.000000
4.429688,-0.142578,1.162109,0.000000,31.303337,2.000000
4.494141,-0.144531,1.074219,0.000000,30.913151,2.000000
4.644531,-0.000000,0.425781,0.000000,29.740509,2.000000
4.689453,-0.000000,0.361328,0.000000,30.576660,2.000000
4.738281,-0.148438,-0.208984,0.000000,29.425041,2.000000
4.746094,-0.298828,-0.541016,0.000000,33.378586,2.000000
4.796875,-0.150391,-0.511719,0.000000,34.235737,2.000000
4.828125,-0.152344,-0.601562,0.000000,31.068705,2.000000
4.826172,-0.308594,1.058594,0.000000,31.082266,2.000000
0.037109,-0.035156,0.064453,0.000000,30.090258,2.000000
0.044922,-0.046875,0.103516,0.000000,29.009130,2.000000
0.011719,-0.039062,-0.007812,0.000000,30.681858,3.000000
0.027344,-0.076172,-0.009766,0.000000,31.878027,3.000000
0.029297,-0.119141,-0.005859,0.000000,30.094509,3.000000
0.056641,-0.154297,0.007812,0.000000,25.365585,3.000000
0.621094,-0.000000,1.105469,0.000000,23.283796,3.000000
1.060547,-0.082031,0.763672,0.000000,24.563660,3.000000
1.281250,-0.126953,0.404297,0.000000,23.909351,3.000000
1.205078,-0.042969,0.693359,0.000000,22.355284,3.000000
1.423828,-0.367188,-0.072266,0.000000,25.198280,3.000000
1.476562,-0.332031,0.031250,0.000000,28.567289,3.000000
1.523438,-0.291016,0.103516,0.000000,29.020029,3.000000
2.617188,-0.175781,1.042969,0.000000,29.324738,3.000000
2.701172,-0.089844,0.945312,0.000000,32.607868,3.000000
2.765625,-0.089844,0.880859,0.000000,31.950689,3.000000
4.363281,-0.142578,1.250000,0.000000,27.795965,3.000000
4.425781,-0.142578,1.175781,0.000000,31.287222,3.000000
4.480469,-0.144531,1.126953,0.000000,30.969101,3.000000
4.638672,-0.000000,0.470703,0.000000,29.763500,3.000000
4.691406,-0.000000,0.353516,0.000000,30.519239,3.000000
4.738281,-0.148438,-0.212891,0.000000,29.036325,3.000000
4.746094,-0.298828,-0.546875,0.000000,33.298046,3.000000
4.796875,-0.150391,-0.507812,0.000000,34.192947,3.000000
4.826172,-0.152344,-0.611328,0.000000,30.863598,3.000000
4.822266,-0.308594,1.074219,0.000000,31.082266,3.000000
0.037109,-0.035156,0.064453,0.000000,30.094509,3.000000
0.044922,-0.046875,0.103516,0.000000,29.009130,3.000000
0.011719,-0.039062,-0.007812,0.000000,30.678144,4.000000
0.027344,-0.076172,-0.009766,0.000000,31.880844,4.000000
0.029297,-0.119141,-0.005859,0.000000,30.090258,4.000000
0.056641,-0.154297,0.007812,0.000000,25.365585,4.000000
0.722656,0.119141,-1.035156,0.000000,22.833012,4.000000
1.443359,-0.230469,0.185547,0.000000,23.729120,4.000000
1.486328,-0.283203,0.050781,0.000000,27.143297,4.000000
1.519531,-0.242188,-0.226562,0.000000,26.483601,4.000000
2.634766,-0.175781,1.000000,0.000000,29.304396,4.000000
2.705078,-0.089844,0.933594,0.000000,32.598328,4.000000
2.765625,-0.089844,0.882812,0.000000,31.908916,4.000000
4.435547,-0.142578,1.136719,0.000000,31.271048,4.000000
4.500000,-0.144531,1.048828,0.000000,30.824263,4.000000
4.644531,-0.000000,0.419922,0.000000,29.633156,4.000000
4.691406,-0.000000,0.333984,0.000000,30.557604,4.000000
4.744141,-0.298828,-0.548828,0.000000,33.246941,4.000000
4.787109,-0.300781,-0.535156,0.000000,34.112827,4.000000
4.808594,-0.304688,-0.695312,0.000000,30.614525,4.000000
4.810547,-0.308594,1.119141,0.000000,30.770042,4.000000
1.292969,-0.205078,0.029297,-0.614669,25.921768,4.000000
1.333984,-0.210938,0.019531,-0.614669,26.637009,4.000000
1.378906,-0.173828,0.027344,-0.614669,22.764618,4.000000
0.037109,-0.035156,0.064453,0.000000,30.086002,4.000000
0.046875,-0.046875,0.103516,0.000000,29.003672,4.000000
1.126953,-0.396484,0.423828,0.000000,21.238516,4.000000
4.832031,-0.000000,-0.593750,0.000000,30.610754,4.000000
0.011719,-0.039062,-0.007812,0.000000,30.678144,5.000000
0.027344,-0.076172,-0.009766,0.000000,31.880844,5.000000
0.029297,-0.119141,-0.005859,0.000000,30.094509,5.000000
0.056641,-0.154297,0.007812,0.000000,25.390760,5.000000
0.656250,0.154297,-1.025391,0.000000,18.864906,5.000000
1.472656,-0.332031,-0.107422,0.000000,25.888317,5.000000
1.494141,-0.388672,-0.185547,0.000000,25.943926,5.000000
2.628906,-0.175781,1.013672,0.000000,29.329807,5.000000
2.703125,-0.089844,0.939453,0.000000,32.598328,5.000000
2.763672,-0.089844,0.890625,0.000000,31.928461,5.000000
4.363281,-0.142578,1.248047,0.000000,27.867514,5.000000
4.427734,-0.142578,1.164062,0.000000,31.309767,5.000000
4.486328,-0.144531,1.101562,0.000000,30.937717,5.000000
4.630859,-0.000000,0.550781,0.000000,29.912260,5.000000
4.689453,-0.000000,0.361328,0.000000,30.780941,5.000000
4.744141,-0.000000,-0.078125,0.000000,29.375179,5.000000
4.744141,-0.298828,-0.550781,0.000000,32.873539,5.000000
4.796875,-0.150391,-0.507812,0.000000,33.699577,5.000000
4.835938,-0.152344,-0.539062,0.000000,30.370279,5.000000
4.830078,-0.308594,1.039062,0.000000,30.958664,5.000000
1.248047,-0.197266,0.105469,-0.614669,27.041506,5.000000
1.289062,-0.205078,0.089844,-0.614669,29.726656,5.000000
1.337891,-0.167969,0.072266,-0.614669,28.692318,5.000000
1.373047,-0.173828,0.136719,-0.614669,23.654881,5.000000
0.037109,-0.035156,0.064453,0.000000,30.090258,5.000000
0.044922,-0.046875,0.103516,0.000000,29.003672,5.000000
1.054688,-0.345703,0.525391,0.000000,16.720978,5.000000
0.011719,-0.039062,-0.007812,0.000000,30.678144,6.000000
0.027344,-0.076172,-0.009766,0.000000,31.878027,6.000000
0.029297,-0.119141,-0.005859,0.000000,30.090258,6.000000
0.056641,-0.154297,0.007812,0.000000,25.365585,6.000000
0.125000,0.039062,1.261719,0.000000,23.521826,6.000000
0.250000,0.041016,1.285156,0.000000,24.313637,6.000000
0.595703,0.042969,1.210938,0.000000,22.380461,6.000000
1.437500,-0.322266,0.009766,0.000000,26.148972,6.000000
1.474609,-0.332031,-0.062500,0.000000,29.025467,6.000000
1.513672,-0.339844,-0.107422,0.000000,29.484129,6.000000
1.544922,-0.398438,0.003906,0.000000,29.614210,6.000000
1.564453,-0.460938,0.142578,0.000000,28.709888,6.000000
2.625000,-0.175781,1.025391,0.000000,29.365137,6.000000
2.666016,-0.179688,1.029297,0.000000,32.624512,6.000000
2.757812,-0.089844,0.906250,0.000000,31.925674,6.000000
4.359375,-0.142578,1.263672,0.000000,27.930916,6.000000
4.427734,-0.142578,1.166016,0.000000,31.370375,6.000000
4.492188,-0.144531,1.076172,0.000000,30.976044,6.000000
4.634766,-0.000000,0.509766,0.000000,29.768084,6.000000
4.689453,-0.000000,0.361328,0.000000,30.670708,6.000000
4.736328,-0.298828,-0.617188,0.000000,32.360332,6.000000
4.792969,-0.150391,-0.556641,0.000000,33.257210,6.000000
4.820312,-0.152344,-0.658203,0.000000,29.735897,6.000000
4.830078,-0.308594,1.037109,0.000000,30.909630,6.000000
1.164062,-0.345703,0.177734,-3.073343,23.541084,6.000000
1.203125,-0.357422,0.183594,-3.073343,26.702459,6.000000
1.242188,-0.367188,0.185547,-3.073343,26.211763,6.000000
1.292969,-0.337891,0.193359,-3.073343,21.931246,6.000000
1.191406,-0.267578,0.119141,-1.844006,24.216040,6.000000
1.240234,-0.238281,0.121094,-1.844006,26.627579,6.000000
1.281250,-0.246094,0.119141,-1.844006,25.403296,6.000000
0.037109,-0.035156,0.064453,0.000000,30.086002,6.000000
0.044922,-0.046875,0.103516,0.000000,29.003672,6.000000
1.193359,-0.449219,0.294922,0.000000,21.367207,6.000000
1.255859,-0.464844,0.167969,0.000000,19.684830,6.000000
0.011719,-0.039062,-0.007812,0.000000,30.678144,7.000000
0.027344,-0.076172,-0.009766,0.000000,31.878027,7.000000
0.029297,-0.119141,-0.005859,0.000000,30.090258,7.000000
0.056641,-0.154297,0.007812,0.000000,25.378191,7.000000
0.228516,0.039062,-1.246094,0.000000,23.483049,7.000000
0.136719,0.041016,-1.300781,0.000000,24.313637,7.000000
0.468750,0.042969,1.265625,0.000000,22.430380,7.000000
1.392578,-0.460938,-0.134766,0.000000,24.471581,7.000000
1.419922,-0.519531,0.060547,0.000000,25.289167,7.000000
1.474609,-0.339844,-0.351562,0.000000,26.117233,7.000000
1.539062,-0.398438,-0.142578,0.000000,29.227255,7.000000
1.583984,-0.408203,0.062500,0.000000,28.061800,7.000000
2.626953,-0.175781,1.017578,0.000000,29.360107,7.000000
2.701172,-0.089844,0.945312,0.000000,32.626884,7.000000
2.759766,-0.089844,0.902344,0.000000,31.975563,7.000000
4.365234,-0.142578,1.242188,0.000000,27.708521,7.000000
4.431641,-0.142578,1.152344,0.000000,31.254812,7.000000
4.492188,-0.144531,1.076172,0.000000,30.863598,7.000000
4.634766,-0.000000,0.519531,0.000000,29.689497,7.000000
4.689453,-0.000000,0.382812,0.000000,30.580462,7.000000
4.740234,-0.298828,-0.587891,0.000000,32.041199,7.000000
4.794922,-0.150391,-0.533203,0.000000,32.904797,7.000000
4.822266,-0.308594,1.074219,0.000000,30.972572,7.000000
0.037109,-0.035156,0.064453,0.000000,30.086002,7.000000
0.044922,-0.046875,0.103516,0.000000,29.009130,7.000000
1.185547,-0.449219,0.326172,0.000000,21.461281,7.000000
1.242188,-0.464844,0.248047,0.000000,19.777237,7.000000
0.382812,0.568359,1.349609,0.000000,23.560259,7.000000
0.906250,0.923828,-0.863281,0.000000,24.623980,7.000000
0.011719,-0.039062,-0.007812,0.000000,30.678144,8.000000
0.027344,-0.076172,-0.009766,0.000000,31.880844,8.000000
0.029297,-0.119141,-0.005859,0.000000,30.090258,8.000000
0.056641,-0.154297,0.007812,0.000000,25.352942,8.000000
0.181641,0.039062,-1.253906,0.000000,23.598354,8.000000
0.236328,0.041016,-1.287109,0.000000,24.424797,8.000000
1.437500,-0.472656,0.015625,0.000000,27.596678,8.000000
1.458984,-0.535156,0.068359,0.000000,27.972675,8.000000
1.494141,-0.548828,0.097656,0.000000,28.305887,8.000000
1.533203,-0.562500,0.101562,0.000000,27.185017,8.000000
2.623047,-0.175781,1.027344,0.000000,29.360107,8.000000
2.699219,-0.089844,0.951172,0.000000,32.629253,8.000000
2.753906,-0.089844,0.919922,0.000000,32.019432,8.000000
4.345703,-0.142578,1.306641,0.000000,27.715876,8.000000
4.425781,-0.142578,1.173828,0.000000,31.209028,8.000000
4.496094,-0.144531,1.062500,0.000000,30.813473,8.000000
4.638672,-0.000000,0.472656,0.000000,29.800034,8.000000
4.689453,-0.000000,0.361328,0.000000,30.748165,8.000000
4.744141,-0.000000,-0.085938,0.000000,29.180304,8.000000
4.744141,-0.298828,-0.558594,0.000000,33.153404,8.000000
4.787109,-0.300781,-0.533203,0.000000,33.979401,8.000000
4.828125,-0.152344,-0.603516,0.000000,30.437551,8.000000
4.812500,-0.308594,1.111328,0.000000,30.884905,8.000000
0.037109,-0.035156,0.064453,0.000000,30.090258,8.000000
0.044922,-0.046875,0.103516,0.000000,29.009130,8.000000
0.996094,0.875000,-0.812500,0.000000,25.145477,8.000000
0.011719,-0.039062,-0.007812,0.000000,30.678144,9.000000
0.027344,-0.076172,-0.009766,0.000000,31.878027,9.000000
0.029297,-0.119141,-0.005859,0.000000,30.090258,9.000000
0.056641,-0.154297,0.007812,0.000000,25.352942,9.000000
0.373047,0.039062,-1.210938,0.000000,23.443922,9.000000
0.240234,-0.000000,-1.287109,0.000000,24.281347,9.000000
0.416016,0.042969,1.283203,0.000000,22.528530,9.000000
1.566406,-0.460938,0.117188,0.000000,27.604225,9.000000
2.625000,-0.175781,1.021484,0.000000,29.360107,9.000000
2.667969,-0.179688,1.023438,0.000000,32.622135,9.000000
2.761719,-0.089844,0.894531,0.000000,31.911715,9.000000
4.419922,-0.142578,1.197266,0.000000,31.271048,9.000000
4.482422,-0.144531,1.117188,0.000000,30.867157,9.000000
4.636719,-0.000000,0.490234,0.000000,29.595184,9.000000
4.691406,-0.000000,0.347656,0.000000,30.614525,9.000000
4.742188,-0.298828,-0.574219,0.000000,33.113300,9.000000
4.785156,-0.300781,-0.554688,0.000000,33.933998,9.000000
4.800781,-0.304688,-0.740234,0.000000,30.191162,9.000000
4.802734,-0.154297,1.183594,0.000000,30.744507,9.000000
1.031250,-0.378906,0.113281,1.844006,20.170334,9.000000
1.068359,-0.394531,0.130859,1.844006,22.329962,9.000000
1.105469,-0.408203,0.144531,1.844006,20.934217,9.000000
0.037109,-0.035156,0.064453,0.000000,30.090258,9.000000
0.044922,-0.046875,0.103516,0.000000,29.009130,9.000000
1.171875,-0.449219,0.369141,0.000000,21.398790,9.000000
1.232422,-0.464844,0.292969,0.000000,19.637878,9.000000
0.011719,-0.039062,-0.007812,0.000000,30.681858,10.000000
0.027344,-0.076172,-0.009766,0.000000,31.880844,10.000000
0.029297,-0.119141,-0.005859,0.000000,30.090258,10.000000
0.056641,-0.154297,0.007812,0.000000,25.365585,10.000000
0.322266,0.039062,-1.226562,0.000000,23.521826,10.000000
0.212891,-0.000000,-1.291016,0.000000,24.313637,10.000000
0.351562,0.042969,1.302734,0.000000,22.479733,10.000000
1.402344,-0.230469,0.386719,0.000000,24.166405,10.000000
1.476562,-0.332031,-0.011719,0.000000,28.122446,10.000000
1.478516,-0.339844,-0.337891,0.000000,28.457180,10.000000
2.623047,-0.175781,1.029297,0.000000,29.370161,10.000000
2.666016,-0.179688,1.027344,0.000000,32.603100,10.000000
2.761719,-0.089844,0.894531,0.000000,31.928461,10.000000
4.330078,-0.142578,1.361328,0.000000,27.664129,10.000000
4.421875,-0.142578,1.193359,0.000000,31.218880,10.000000
4.492188,-0.144531,1.076172,0.000000,30.820669,10.000000
4.634766,-0.000000,0.507812,0.000000,29.670797,10.000000
4.689453,-0.000000,0.380859,0.000000,30.637085,10.000000
4.744141,-0.000000,-0.095703,0.000000,29.090208,10.000000
4.742188,-0.298828,-0.572266,0.000000,32.979794,10.000000
4.787109,-0.300781,-0.539062,0.000000,33.825573,10.000000
4.828125,-0.152344,-0.603516,0.000000,30.370279,10.000000
4.828125,-0.308594,1.041016,0.000000,31.055101,10.000000
1.210938,-0.357422,0.111328,1.844006,23.673559,10.000000
1.115234,-0.371094,0.164062,2.458675,23.617279,10.000000
1.152344,-0.382812,0.177734,2.458675,25.289167,10.000000
0.037109,-0.035156,0.064453,0.000000,30.090258,10.000000
0.044922,-0.046875,0.103516,0.000000,29.009130,10.000000
1.167969,-0.449219,0.386719,0.000000,21.367207,10.000000
1.226562,-0.464844,0.322266,0.000000,19.731279,10.000000
1.175781,-0.689453,-0.556641,0.000000,21.903316,10.000000
0.011719,-0.039062,-0.007812,0.000000,30.685570,11.000000
0.027344,-0.076172,-0.009766,0.000000,31.880844,11.000000
0.029297,-0.119141,-0.005859,0.000000,30.090258,11.000000
0.056641,-0.154297,0.007812,0.000000,25.365585,11.000000
0.236328,0.039062,-1.246094,0.000000,23.541084,11.000000
0.251953,0.041016,-1.283203,0.000000,24.361626,11.000000
0.396484,0.042969,1.289062,0.000000,22.528530,11.000000
1.355469,-0.447266,-0.111328,0.000000,21.643528,11.000000
1.423828,-0.367188,-0.087891,0.000000,24.593925,11.000000
1.458984,-0.189453,-0.351562,0.000000,24.871384,11.000000
1.531250,-0.242188,-0.119141,0.000000,25.899496,11.000000
1.539062,-0.398438,-0.126953,0.000000,27.143297,11.000000
2.621094,-0.175781,1.031250,0.000000,29.390198,11.000000
2.699219,-0.089844,0.953125,0.000000,32.631626,11.000000
2.759766,-0.089844,0.900391,0.000000,31.925674,11.000000
4.423828,-0.142578,1.183594,0.000000,31.267805,11.000000
4.492188,-0.144531,1.082031,0.000000,30.902580,11.000000
4.640625,-0.000000,0.457031,0.000000,29.809120,11.000000
4.691406,-0.000000,0.345703,0.000000,30.666985,11.000000
4.740234,-0.298828,-0.587891,0.000000,33.042751,11.000000
4.785156,-0.300781,-0.562500,0.000000,33.953262,11.000000
4.814453,-0.152344,-0.701172,0.000000,30.413927,11.000000
4.798828,-0.308594,1.175781,0.000000,31.051695,11.000000
4.816406,-0.156250,1.298828,0.000000,29.132839,11.000000
1.158203,-0.382812,0.132812,1.844006,21.105898,11.000000
1.193359,-0.396484,0.156250,1.844006,25.921768,11.000000
1.246094,-0.367188,0.154297,1.844006,26.683859,11.000000
1.283203,-0.378906,0.173828,1.844006,23.747484,11.000000
0.037109,-0.035156,0.064453,0.000000,30.094509,11.000000
0.044922,-0.046875,0.103516,0.000000,29.009130,11.000000
1.230469,-0.464844,0.300781,0.000000,19.590414,11.000000
0.962891,-0.000000,1.060547,0.000000,20.755470,11.000000
1.220703,-0.662109,0.603516,0.000000,24.361626,11.000000
0.185547,0.679688,1.384766,0.000000,25.786392,11.000000
0.011719,-0.039062,-0.007812,0.000000,30.678144,12.000000
0.027344,-0.076172,-0.009766,0.000000,31.880844,12.000000
0.029297,-0.119141,-0.005859,0.000000,30.098757,12.000000
0.056641,-0.154297,0.007812,0.000000,25.378191,12.000000
0.125000,-0.000000,-1.261719,0.000000,23.579348,12.000000
1.396484,-0.367188,-0.285156,0.000000,22.528530,12.000000
1.458984,-0.332031,-0.232422,0.000000,26.009729,12.000000
1.503906,-0.339844,-0.191406,0.000000,28.055008,12.000000
1.535156,-0.398438,-0.167969,0.000000,27.723217,12.000000
2.634766,-0.175781,0.996094,0.000000,29.344984,12.000000
2.705078,-0.089844,0.933594,0.000000,32.593548,12.000000
2.765625,-0.089844,0.882812,0.000000,31.939590,12.000000
4.433594,-0.142578,1.148438,0.000000,31.258064,12.000000
4.498047,-0.144531,1.052734,0.000000,30.881361,12.000000
4.636719,-0.000000,0.501953,0.000000,29.813656,12.000000
4.689453,-0.000000,0.365234,0.000000,30.849337,12.000000
4.732422,-0.298828,-0.654297,0.000000,31.010593,12.000000
4.775391,-0.300781,-0.632812,0.000000,32.148438,12.000000
4.806641,-0.308594,1.136719,0.000000,30.948204,12.000000
1.251953,-0.197266,-0.027344,1.229337,20.334238,12.000000
1.292969,-0.205078,-0.003906,1.229337,25.797836,12.000000
1.333984,-0.210938,0.003906,1.229337,27.168377,12.000000
1.373047,-0.216797,0.009766,1.229337,24.983105,12.000000
0.037109,-0.035156,0.064453,0.000000,30.090258,12.000000
0.044922,-0.046875,0.103516,0.000000,29.003672,12.000000
0.701172,0.597656,1.148438,0.000000,20.453230,12.000000
0.585938,0.662109,1.228516,0.000000,24.149733,12.000000
0.625000,0.679688,1.250000,0.000000,25.378191,12.000000
0.011719,-0.039062,-0.007812,0.000000,30.692980,13.000000
0.027344,-0.076172,-0.009766,0.000000,31.883659,13.000000
0.029297,-0.119141,-0.005859,0.000000,30.090258,13.000000
0.056641,-0.154297,0.007812,0.000000,25.378191,13.000000
0.349609,0.039062,1.218750,0.000000,23.463530,13.000000
1.177734,-0.123047,0.558594,0.000000,25.263393,13.000000
1.337891,-0.167969,0.062500,0.000000,27.193314,13.000000
1.378906,-0.173828,0.044922,0.000000,27.075703,13.000000
1.408203,-0.134766,0.222656,0.000000,25.237465,13.000000
1.447266,-0.275391,0.015625,0.000000,26.893089,13.000000
1.474609,-0.332031,-0.085938,0.000000,30.425755,13.000000
1.503906,-0.388672,-0.076172,0.000000,31.556396,13.000000
1.531250,-0.449219,-0.003906,0.000000,30.618294,13.000000
1.568359,-0.460938,0.060547,0.000000,27.379873,13.000000
2.632812,-0.175781,1.000000,0.000000,29.370161,13.000000
2.673828,-0.179688,1.011719,0.000000,32.615009,13.000000
2.767578,-0.089844,0.876953,0.000000,31.928461,13.000000
4.332031,-0.142578,1.355469,0.000000,27.795965,13.000000
4.425781,-0.142578,1.175781,0.000000,31.287222,13.000000
4.503906,-0.144531,1.027344,0.000000,30.930714,13.000000
4.646484,-0.000000,0.406250,0.000000,29.637878,13.000000
4.691406,-0.000000,0.333984,0.000000,30.618294,13.000000
4.814453,-0.308594,1.107422,0.000000,31.309767,13.000000
4.833984,-0.156250,1.234375,0.000000,29.420080,13.000000
0.037109,-0.035156,0.064453,0.000000,30.094509,13.000000
0.044922,-0.046875,0.103516,0.000000,29.009130,13.000000
0.011719,-0.039062,-0.007812,0.000000,30.689276,14.000000
0.027344,-0.076172,-0.009766,0.000000,31.880844,14.000000
0.029297,-0.119141,-0.005859,0.000000,30.090258,14.000000
0.056641,-0.154297,0.007812,0.000000,25.365585,14.000000
0.195312,0.039062,1.251953,0.000000,23.263359,14.000000
1.236328,-0.287109,0.320312,0.000000,24.048338,14.000000
1.451172,-0.425781,-0.044922,0.000000,26.560982,14.000000
1.492188,-0.437500,0.027344,0.000000,27.634279,14.000000
1.525391,-0.449219,0.138672,0.000000,28.061800,14.000000
2.630859,-0.175781,1.007812,0.000000,29.365137,14.000000
2.703125,-0.089844,0.941406,0.000000,32.622135,14.000000
2.759766,-0.089844,0.898438,0.000000,31.922886,14.000000
4.417969,-0.142578,1.207031,0.000000,31.338581,14.000000
4.498047,-0.144531,1.052734,0.000000,30.902580,14.000000
4.642578,-0.000000,0.447266,0.000000,29.405165,14.000000
4.689453,-0.000000,0.361328,0.000000,30.406023,14.000000
4.802734,-0.308594,1.158203,0.000000,30.831442,14.000000
1.326172,-0.253906,0.044922,-0.614669,27.250946,14.000000
1.355469,-0.304688,0.066406,-0.614669,27.379873,14.000000
1.392578,-0.312500,0.109375,-0.614669,24.424797,14.000000
0.037109,-0.035156,0.064453,0.000000,30.094509,14.000000
0.044922,-0.046875,0.103516,0.000000,29.014584,14.000000
1.119141,-0.316406,0.503906,0.000000,20.644581,14.000000
0.560547,0.082031,1.179688,0.000000,23.729120,14.000000
0.283203,0.679688,-1.369141,0.000000,24.969297,14.000000
0.011719,-0.039062,-0.007812,0.000000,30.681858,15.000000
0.027344,-0.076172,-0.009766,0.000000,31.880844,15.000000
0.029297,-0.119141,-0.005859,0.000000,30.094509,15.000000
0.056641,-0.154297,0.007812,0.000000,25.378191,15.000000
0.498047,-0.000000,1.166016,0.000000,24.014006,15.000000
1.343750,-0.492188,-0.011719,0.000000,23.344538,15.000000
1.394531,-0.460938,0.097656,0.000000,28.512583,15.000000
1.433594,-0.472656,0.103516,0.000000,30.614525,15.000000
1.474609,-0.486328,0.072266,0.000000,30.453230,15.000000
1.529297,-0.449219,0.058594,0.000000,28.954226,15.000000
2.630859,-0.175781,1.005859,0.000000,29.314579,15.000000
2.703125,-0.089844,0.939453,0.000000,32.593548,15.000000
2.763672,-0.089844,0.886719,0.000000,31.928461,15.000000
4.343750,-0.142578,1.314453,0.000000,27.839035,15.000000
4.419922,-0.142578,1.199219,0.000000,31.322598,15.000000
4.474609,-0.144531,1.148438,0.000000,30.913151,15.000000
4.621094,-0.000000,0.625000,0.000000,29.670797,15.000000
4.687500,-0.000000,0.394531,0.000000,30.640835,15.000000
4.773438,-0.300781,-0.654297,0.000000,30.923697,15.000000
4.812500,-0.308594,1.117188,0.000000,30.989897,15.000000
1.333984,-0.210938,0.015625,-1.229337,27.466343,15.000000
1.378906,-0.173828,0.027344,-1.229337,24.608978,15.000000
1.292969,-0.164062,0.125000,-0.614669,27.535831,15.000000
0.037109,-0.035156,0.064453,0.000000,30.090258,15.000000
0.044922,-0.046875,0.103516,0.000000,29.009130,15.000000
0.330078,0.044922,1.392578,0.000000,21.553360,15.000000
0.011719,-0.039062,-0.007812,0.000000,30.670708,16.000000
0.027344,-0.076172,-0.009766,0.000000,31.875208,16.000000
0.029297,-0.119141,-0.005859,0.000000,30.090258,16.000000
0.056641,-0.154297,0.007812,0.000000,25.365585,16.000000
0.310547,-0.000000,1.230469,0.000000,23.636120,16.000000
0.267578,-0.000000,1.281250,0.000000,24.517864,16.000000
0.435547,0.042969,1.277344,0.000000,22.718416,16.000000
1.427734,-0.322266,0.169922,0.000000,24.216040,16.000000
1.462891,-0.378906,0.074219,0.000000,29.047155,16.000000
1.505859,-0.388672,-0.011719,0.000000,30.899052,16.000000
1.525391,-0.449219,-0.136719,0.000000,31.095785,16.000000
1.570312,-0.408203,-0.210938,0.000000,28.847954,16.000000
2.623047,-0.175781,1.027344,0.000000,29.380192,16.000000
2.667969,-0.179688,1.025391,0.000000,32.612629,16.000000
2.763672,-0.089844,0.884766,0.000000,31.922886,16.000000
4.357422,-0.142578,1.271484,0.000000,27.951845,16.000000
4.427734,-0.142578,1.171875,0.000000,31.316187,16.000000
4.503906,-0.144531,1.033203,0.000000,30.860037,16.000000
4.640625,-0.000000,0.460938,0.000000,29.474337,16.000000
4.685547,-0.000000,0.425781,0.000000,30.338257,16.000000
4.740234,-0.298828,-0.583984,0.000000,32.499317,16.000000
4.783203,-0.300781,-0.568359,0.000000,33.527611,16.000000
4.798828,-0.152344,-0.798828,0.000000,29.982594,16.000000
4.818359,-0.308594,1.091797,0.000000,31.000257,16.000000
1.201172,-0.230469,0.101562,-1.844006,27.566360,16.000000
1.242188,-0.238281,0.095703,-1.844006,31.717264,16.000000
1.283203,-0.246094,0.089844,-1.844006,32.049335,16.000000
1.324219,-0.253906,0.082031,-1.844006,28.585373,16.000000
1.376953,-0.173828,0.085938,-1.844006,20.934217,16.000000
0.037109,-0.035156,0.064453,0.000000,30.090258,16.000000
0.044922,-0.046875,0.103516,0.000000,29.009130,16.000000
0.802734,1.130859,0.113281,-1.844006,18.195440,16.000000
0.011719,-0.039062,-0.007812,0.000000,30.678144,17.000000
0.027344,-0.076172,-0.009766,0.000000,31.880844,17.000000
0.029297,-0.119141,-0.005859,0.000000,30.090258,17.000000
0.056641,-0.154297,0.007812,0.000000,25.365585,17.000000
0.140625,-0.000000,-1.259766,0.000000,23.636120,17.000000
0.185547,-0.000000,1.294922,0.000000,24.533184,17.000000
0.548828,0.042969,1.232422,0.000000,22.787537,17.000000
1.423828,-0.322266,-0.191406,0.000000,25.250448,17.000000
1.470703,-0.332031,-0.138672,0.000000,30.648323,17.000000
1.500000,-0.388672,-0.119141,0.000000,32.174839,17.000000
1.554688,-0.349609,-0.074219,0.000000,29.800034,17.000000
2.630859,-0.175781,1.005859,0.000000,29.370161,17.000000
2.703125,-0.089844,0.939453,0.000000,32.622135,17.000000
2.763672,-0.089844,0.890625,0.000000,31.931246,17.000000
4.312500,-0.142578,1.414062,0.000000,27.965744,17.000000
4.406250,-0.142578,1.250000,0.000000,31.322598,17.000000
4.468750,-0.144531,1.169922,0.000000,30.944712,17.000000
4.632812,-0.000000,0.529297,0.000000,29.872192,17.000000
4.691406,-0.000000,0.353516,0.000000,30.788193,17.000000
4.744141,-0.000000,-0.105469,0.000000,29.590414,17.000000
4.744141,-0.298828,-0.552734,0.000000,33.213913,17.000000
4.796875,-0.150391,-0.519531,0.000000,34.050045,17.000000
4.830078,-0.152344,-0.585938,0.000000,30.784569,17.000000
4.822266,-0.308594,1.068359,0.000000,30.976044,17.000000
1.087891,-0.322266,0.152344,-2.458675,19.684830,17.000000
1.130859,-0.333984,0.136719,-2.458675,19.822712,17.000000
0.037109,-0.035156,0.064453,0.000000,30.090258,17.000000
0.044922,-0.046875,0.103516,0.000000,29.009130,17.000000
0.011719,-0.039062,-0.007812,0.000000,30.689276,18.000000
0.027344,-0.076172,-0.009766,0.000000,31.883659,18.000000
0.029297,-0.119141,-0.005859,0.000000,30.094509,18.000000
0.056641,-0.154297,0.007812,0.000000,25.365585,18.000000
0.050781,0.039062,1.265625,0.000000,23.521826,18.000000
0.041016,0.041016,-1.308594,0.000000,24.409090,18.000000
0.441406,0.042969,1.275391,0.000000,22.552725,18.000000
1.474609,-0.332031,-0.068359,0.000000,27.242758,18.000000
1.515625,-0.339844,-0.052734,0.000000,29.434946,18.000000
1.566406,-0.298828,0.027344,0.000000,27.535831,18.000000
2.630859,-0.175781,1.005859,0.000000,29.360107,18.000000
2.703125,-0.089844,0.939453,0.000000,32.629253,18.000000
2.761719,-0.089844,0.894531,0.000000,31.956230,18.000000
4.408203,-0.142578,1.242188,0.000000,31.277525,18.000000
4.492188,-0.144531,1.080078,0.000000,30.838608,18.000000
4.642578,-0.000000,0.437500,0.000000,29.571281,18.000000
4.689453,-0.000000,0.378906,0.000000,30.549959,18.000000
4.738281,-0.298828,-0.607422,0.000000,32.615009,18.000000
4.791016,-0.150391,-0.566406,0.000000,33.477203,18.000000
4.814453,-0.152344,-0.701172,0.000000,29.781805,18.000000
4.824219,-0.308594,1.064453,0.000000,30.982975,18.000000
1.009766,-0.298828,0.142578,-1.229337,19.822712,18.000000
1.048828,-0.310547,0.146484,-1.229337,22.227165,18.000000
1.087891,-0.322266,0.152344,-1.229337,21.613680,18.000000
0.037109,-0.035156,0.064453,0.000000,30.094509,18.000000
0.044922,-0.046875,0.103516,0.000000,29.009130,18.000000
1.185547,-0.449219,0.326172,0.000000,21.461281,18.000000
1.230469,-0.464844,0.302734,0.000000,19.731279,18.000000
0.011719,-0.039062,-0.007812,0.000000,30.678144,19.000000
0.027344,-0.076172,-0.009766,0.000000,31.878027,19.000000
0.029297,-0.119141,-0.005859,0.000000,30.090258,19.000000
0.056641,-0.154297,0.007812,0.000000,25.365585,19.000000
0.988281,-0.255859,0.070312,0.000000,20.211893,19.000000
1.017578,-0.298828,0.072266,0.000000,25.263393,19.000000
1.056641,-0.310547,0.072266,0.000000,26.503075,19.000000
1.107422,-0.287109,0.050781,0.000000,24.424797,19.000000
0.160156,0.039062,-1.257812,0.000000,23.404442,19.000000
1.476562,-0.332031,-0.015625,0.000000,29.041744,19.000000
1.513672,-0.339844,-0.091797,0.000000,30.546131,19.000000
2.621094,-0.175781,1.033203,0.000000,29.400181,19.000000
2.701172,-0.089844,0.943359,0.000000,32.631626,19.000000
2.765625,-0.089844,0.882812,0.000000,31.922886,19.000000
4.308594,-0.000000,1.431641,0.000000,27.824726,19.000000
4.394531,-0.142578,1.291016,0.000000,31.296900,19.000000
4.468750,-0.144531,1.173828,0.000000,30.877813,19.000000
4.636719,-0.000000,0.498047,0.000000,29.818186,19.000000
4.687500,-0.000000,0.398438,0.000000,30.737183,19.000000
4.744141,-0.000000,-0.056641,0.000000,29.063351,19.000000
4.738281,-0.298828,-0.601562,0.000000,32.723057,19.000000
4.791016,-0.150391,-0.562500,0.000000,33.575539,19.000000
4.816406,-0.152344,-0.683594,0.000000,29.995655,19.000000
4.812500,-0.308594,1.119141,0.000000,30.944712,19.000000
1.566406,-0.298828,0.050781,0.614669,28.621313,19.000000
0.037109,-0.035156,0.064453,0.000000,30.094509,19.000000
0.044922,-0.046875,0.103516,0.000000,29.009130,19.000000
1.187500,-0.449219,0.316406,0.000000,21.430147,19.000000
3.466797,-1.703125,-2.386719,0.000000,24.927605,19.000000
0.011719,-0.039062,-0.007812,0.000000,30.681858,20.000000
0.027344,-0.076172,-0.009766,0.000000,31.880844,20.000000
0.029297,-0.119141,-0.005859,0.000000,30.094509,20.000000
0.056641,-0.154297,0.007812,0.000000,25.378191,20.000000
0.255859,0.039062,-1.242188,0.000000,23.579348,20.000000
0.216797,0.041016,-1.291016,0.000000,24.361626,20.000000
0.435547,0.042969,1.277344,0.000000,22.504200,20.000000
1.462891,-0.378906,-0.080078,0.000000,27.176704,20.000000
1.509766,-0.339844,-0.142578,0.000000,30.927206,20.000000
1.546875,-0.349609,-0.167969,0.000000,31.498346,20.000000
1.580078,-0.357422,-0.234375,0.000000,29.079485,20.000000
2.630859,-0.175781,1.007812,0.000000,29.314579,20.000000
2.703125,-0.089844,0.939453,0.000000,32.638725,20.000000
2.763672,-0.089844,0.886719,0.000000,31.922886,20.000000
4.306641,-0.000000,1.437500,0.000000,28.075350,20.000000
4.402344,-0.142578,1.261719,0.000000,31.414497,20.000000
4.480469,-0.144531,1.126953,0.000000,30.849337,20.000000
4.642578,-0.000000,0.439453,0.000000,29.661417,20.000000
4.689453,-0.000000,0.382812,0.000000,30.644581,20.000000
4.738281,-0.148438,-0.210938,0.000000,29.410143,20.000000
4.740234,-0.298828,-0.587891,0.000000,33.281757,20.000000
4.785156,-0.300781,-0.556641,0.000000,34.119564,20.000000
4.812500,-0.304688,-0.667969,0.000000,30.733517,20.000000
4.835938,-0.308594,1.005859,0.000000,31.119343,20.000000
4.875000,-0.156250,1.058594,0.000000,29.232441,20.000000
1.029297,-0.265625,0.019531,1.229337,19.590414,20.000000
1.068359,-0.275391,0.046875,1.229337,23.521826,20.000000
1.107422,-0.287109,0.074219,1.229337,24.313637,20.000000
1.144531,-0.296875,0.101562,1.229337,21.430147,20.000000
1.152344,-0.421875,-0.007812,-3.073343,20.043213,20.000000
1.191406,-0.435547,-0.005859,-3.073343,21.643528,20.000000
1.253906,-0.367188,0.078125,-3.073343,20.569048,20.000000
0.037109,-0.035156,0.064453,0.000000,30.090258,20.000000
0.044922,-0.046875,0.103516,0.000000,29.009130,20.000000
1.177734,-0.449219,0.349609,0.000000,21.398790,20.000000
1.234375,-0.464844,0.285156,0.000000,19.684830,20.000000
3.511719,-1.703125,-2.320312,0.000000,25.717089,20.000000
0.011719,-0.039062,-0.007812,0.000000,30.678144,21.000000
0.027344,-0.076172,-0.009766,0.000000,31.880844,21.000000
0.029297,-0.119141,-0.005859,0.000000,30.090258,21.000000
0.056641,-0.154297,0.007812,0.000000,25.365585,21.000000
0.150391,0.039062,-1.257812,0.000000,23.579348,21.000000
0.169922,0.041016,-1.296875,0.000000,24.361626,21.000000
0.462891,0.042969,1.267578,0.000000,22.504200,21.000000
1.458984,-0.378906,-0.138672,0.000000,25.877110,21.000000
1.500000,-0.388672,-0.123047,0.000000,31.162756,21.000000
1.523438,-0.449219,-0.154297,0.000000,31.928461,21.000000
1.570312,-0.408203,-0.212891,0.000000,29.628428,21.000000
2.625000,-0.175781,1.021484,0.000000,29.273705,21.000000
2.701172,-0.089844,0.943359,0.000000,32.650539,21.000000
2.765625,-0.089844,0.884766,0.000000,31.972805,21.000000
4.322266,-0.000000,1.390625,0.000000,28.048206,21.000000
4.410156,-0.142578,1.230469,0.000000,31.467480,21.000000
4.496094,-0.000000,1.072266,0.000000,30.986437,21.000000
4.646484,-0.000000,0.406250,0.000000,29.735897,21.000000
4.691406,-0.000000,0.351562,0.000000,30.625820,21.000000
4.736328,-0.298828,-0.619141,0.000000,32.685780,21.000000
4.779297,-0.300781,-0.601562,0.000000,33.628593,21.000000
4.802734,-0.152344,-0.775391,0.000000,30.047512,21.000000
4.812500,-0.308594,1.115234,0.000000,30.813473,21.000000
1.097656,-0.322266,0.046875,-3.073343,22.455126,21.000000
1.125000,-0.371094,0.056641,-3.073343,24.771212,21.000000
1.175781,-0.345703,0.064453,-3.073343,23.502480,21.000000
0.037109,-0.035156,0.064453,0.000000,30.094509,21.000000
0.044922,-0.046875,0.103516,0.000000,29.009130,21.000000
1.121094,-0.357422,0.472656,0.000000,20.644581,21.000000
1.177734,-0.449219,0.351562,0.000000,21.553360,21.000000
1.238281,-0.464844,0.271484,0.000000,19.867718,21.000000
0.279297,0.615234,1.353516,0.000000,23.944517,21.000000
3.074219,-1.703125,-2.875000,0.000000,25.526682,21.000000
0.011719,-0.039062,-0.007812,0.000000,30.681858,22.000000
0.027344,-0.076172,-0.009766,0.000000,31.878027,22.000000
0.029297,-0.119141,-0.005859,0.000000,30.090258,22.000000
0.056641,-0.154297,0.007812,0.000000,25.365585,22.000000
0.244141,0.039062,-1.244141,0.000000,23.541084,22.000000
0.193359,0.041016,-1.294922,0.000000,24.361626,22.000000
1.408203,-0.414062,0.109375,0.000000,25.976952,22.000000
1.462891,-0.378906,0.091797,0.000000,27.299744,22.000000
1.490234,-0.437500,-0.048828,0.000000,29.385197,22.000000
1.523438,-0.449219,-0.152344,0.000000,30.476643,22.000000
1.568359,-0.408203,-0.226562,0.000000,28.876173,22.000000
2.626953,-0.175781,1.015625,0.000000,29.370161,22.000000
2.703125,-0.089844,0.943359,0.000000,32.633995,22.000000
2.761719,-0.089844,0.892578,0.000000,31.975563,22.000000
4.324219,-0.000000,1.386719,0.000000,28.048206,22.000000
4.410156,-0.142578,1.236328,0.000000,31.451963,22.000000
4.484375,-0.144531,1.109375,0.000000,31.000257,22.000000
4.644531,-0.000000,0.414062,0.000000,29.758911,22.000000
4.689453,-0.000000,0.371094,0.000000,30.591846,22.000000
4.748047,-0.150391,-0.578125,0.000000,32.844307,22.000000
4.781250,-0.300781,-0.589844,0.000000,33.888115,22.000000
4.800781,-0.152344,-0.789062,0.000000,30.546131,22.000000
4.806641,-0.308594,1.140625,0.000000,30.553783,22.000000
1.156250,-0.259766,-0.058594,1.844006,19.912260,22.000000
1.195312,-0.267578,-0.058594,1.844006,21.205740,22.000000
0.998047,-0.365234,0.031250,-1.229337,22.922562,22.000000
1.037109,-0.378906,0.044922,-1.229337,26.232492,22.000000
1.085938,-0.357422,0.058594,-1.229337,25.751879,22.000000
1.125000,-0.371094,0.072266,-1.229337,21.613680,22.000000
0.037109,-0.035156,0.064453,0.000000,30.090258,22.000000
0.044922,-0.046875,0.103516,0.000000,29.009130,22.000000
1.177734,-0.449219,0.351562,0.000000,21.430147,22.000000
3.199219,-1.703125,-2.736328,0.000000,25.263393,22.000000
0.011719,-0.039062,-0.007812,0.000000,30.681858,23.000000
0.027344,-0.076172,-0.009766,0.000000,31.878027,23.000000
0.029297,-0.119141,-0.005859,0.000000,30.094509,23.000000
0.056641,-0.154297,0.007812,0.000000,25.378191,23.000000
0.193359,0.039062,-1.251953,0.000000,23.502480,23.000000
0.142578,0.041016,-1.300781,0.000000,24.361626,23.000000
2.638672,-0.175781,0.984375,0.000000,29.365137,23.000000
2.707031,-0.089844,0.931641,0.000000,32.648178,23.000000
2.763672,-0.089844,0.886719,0.000000,31.953461,23.000000
4.324219,-0.000000,1.382812,0.000000,28.122446,23.000000
4.396484,-0.142578,1.277344,0.000000,31.522884,23.000000
4.472656,-0.144531,1.158203,0.000000,31.034616,23.000000
4.646484,-0.000000,0.404297,0.000000,29.661417,23.000000
4.689453,-0.000000,0.367188,0.000000,30.534626,23.000000
4.742188,-0.298828,-0.582031,0.000000,32.739269,23.000000
4.787109,-0.300781,-0.535156,0.000000,33.469395,23.000000
4.810547,-0.304688,-0.685547,0.000000,29.637878,23.000000
4.814453,-0.308594,1.103516,0.000000,30.982975,23.000000
4.843750,-0.156250,1.191406,0.000000,29.159271,23.000000
1.021484,-0.378906,0.179688,0.614669,23.053514,23.000000
1.058594,-0.394531,0.193359,0.614669,23.443922,23.000000
1.097656,-0.371094,0.253906,0.614669,20.492180,23.000000
1.371094,-0.402344,0.087891,-0.614669,23.729120,23.000000
1.419922,-0.367188,0.132812,-0.614669,26.304279,23.000000
1.462891,-0.332031,0.201172,-0.614669,25.051500,23.000000
0.037109,-0.035156,0.064453,0.000000,30.094509,23.000000
0.044922,-0.046875,0.103516,0.000000,29.009130,23.000000
3.416016,-1.703125,-2.458984,0.000000,25.428255,23.000000
3.287109,-1.718750,-2.689453,0.000000,28.727388,23.000000
0.011719,-0.039062,-0.007812,0.000000,30.678144,24.000000
0.027344,-0.076172,-0.009766,0.000000,31.880844,24.000000
0.029297,-0.119141,-0.005859,0.000000,30.090258,24.000000
0.056641,-0.154297,0.007812,0.000000,25.365585,24.000000
0.214844,0.039062,-1.250000,0.000000,23.502480,24.000000
0.162109,0.041016,-1.298828,0.000000,24.361626,24.000000
0.464844,0.042969,1.267578,0.000000,22.479733,24.000000
1.515625,-0.339844,-0.056641,0.000000,29.542425,24.000000
1.554688,-0.349609,-0.091797,0.000000,30.182842,24.000000
1.593750,-0.357422,-0.105469,0.000000,28.162413,24.000000
2.628906,-0.175781,1.009766,0.000000,29.365137,24.000000
2.703125,-0.089844,0.941406,0.000000,32.659966,24.000000
2.763672,-0.089844,0.890625,0.000000,31.953461,24.000000
4.277344,-0.000000,1.521484,0.000000,27.745171,24.000000
4.384766,-0.142578,1.320312,0.000000,31.373541,24.000000
4.462891,-0.144531,1.193359,0.000000,30.962147,24.000000
4.644531,-0.000000,0.414062,0.000000,29.754318,24.000000
4.691406,-0.000000,0.335938,0.000000,30.606977,24.000000
4.736328,-0.148438,-0.232422,0.000000,29.344984,24.000000
4.740234,-0.298828,-0.582031,0.000000,33.467442,24.000000
4.787109,-0.300781,-0.546875,0.000000,34.315247,24.000000
4.828125,-0.152344,-0.597656,0.000000,31.115986,24.000000
4.812500,-0.308594,1.115234,0.000000,30.751818,24.000000
1.044922,-0.345703,0.083984,1.229337,22.148439,24.000000
1.083984,-0.357422,0.099609,1.229337,23.909351,24.000000
1.123047,-0.371094,0.103516,1.229337,22.278868,24.000000
1.369141,-0.402344,0.103516,-0.614669,25.943926,24.000000
1.419922,-0.367188,0.130859,-0.614669,28.188854,24.000000
1.474609,-0.332031,0.070312,-0.614669,28.175653,24.000000
0.037109,-0.035156,0.064453,0.000000,30.090258,24.000000
0.044922,-0.046875,0.103516,0.000000,29.009130,24.000000
1.181641,-0.449219,0.341797,0.000000,21.430147,24.000000
1.240234,-0.464844,0.261719,0.000000,19.956352,24.000000
3.718750,-1.703125,-1.972656,0.000000,24.800070,24.000000
0.011719,-0.039062,-0.007812,0.000000,30.685570,25.000000
0.027344,-0.076172,-0.009766,0.000000,31.880844,25.000000
0.029297,-0.119141,-0.005859,0.000000,30.094509,25.000000
0.056641,-0.154297,0.007812,0.000000,25.365585,25.000000
0.257812,0.039062,-1.240234,0.000000,23.521826,25.000000
0.195312,0.041016,-1.292969,0.000000,24.329693,25.000000
0.494141,0.042969,1.255859,0.000000,22.504200,25.000000
2.630859,-0.175781,1.005859,0.000000,29.400181,25.000000
2.703125,-0.089844,0.939453,0.000000,32.629253,25.000000
2.763672,-0.089844,0.890625,0.000000,31.917303,25.000000
4.292969,-0.142578,1.470703,0.000000,27.723217,25.000000
4.392578,-0.142578,1.292969,0.000000,31.338581,25.000000
4.464844,-0.144531,1.189453,0.000000,30.934217,25.000000
4.640625,-0.000000,0.464844,0.000000,29.809120,25.000000
4.689453,-0.000000,0.365234,0.000000,30.766405,25.000000
4.738281,-0.148438,-0.197266,0.000000,29.661417,25.000000
4.742188,-0.298828,-0.570312,0.000000,33.463531,25.000000
4.796875,-0.150391,-0.521484,0.000000,34.282967,25.000000
4.837891,-0.152344,-0.523438,0.000000,31.245043,25.000000
4.828125,-0.308594,1.044922,0.000000,30.813473,25.000000
1.335938,-0.347656,0.173828,-0.614669,23.117538,25.000000
1.384766,-0.312500,0.191406,-0.614669,27.193314,25.000000
1.417969,-0.367188,0.142578,-0.614669,28.014036,25.000000
1.464844,-0.378906,0.068359,-0.614669,26.493349,25.000000
1.503906,-0.388672,-0.031250,-0.614669,24.885508,25.000000
0.037109,-0.035156,0.064453,0.000000,30.090258,25.000000
0.044922,-0.046875,0.103516,0.000000,29.009130,25.000000
1.181641,-0.449219,0.341797,0.000000,21.430147,25.000000
1.253906,-0.464844,0.185547,0.000000,20.211893,25.000000
0.875000,1.263672,-0.234375,-0.614669,22.227165,25.000000
0.011719,-0.039062,-0.007812,0.000000,30.678144,26.000000
0.027344,-0.076172,-0.009766,0.000000,31.880844,26.000000
0.029297,-0.119141,-0.005859,0.000000,30.094509,26.000000
0.056641,-0.154297,0.007812,0.000000,25.378191,26.000000
0.238281,0.039062,-1.244141,0.000000,23.502480,26.000000
0.195312,0.041016,-1.292969,0.000000,24.313637,26.000000
0.353516,0.083984,1.300781,0.000000,22.479733,26.000000
1.392578,-0.460938,0.123047,0.000000,24.361626,26.000000
1.437500,-0.472656,-0.017578,0.000000,28.027737,26.000000
1.476562,-0.486328,-0.031250,0.000000,27.581547,26.000000
2.626953,-0.175781,1.019531,0.000000,29.324738,26.000000
2.703125,-0.089844,0.939453,0.000000,32.600716,26.000000
2.763672,-0.089844,0.890625,0.000000,31.917303,26.000000
4.277344,-0.142578,1.517578,0.000000,27.737864,26.000000
4.388672,-0.142578,1.310547,0.000000,31.370375,26.000000
4.464844,-0.144531,1.189453,0.000000,30.993353,26.000000
4.638672,-0.000000,0.470703,0.000000,29.703468,26.000000
4.689453,-0.000000,0.376953,0.000000,30.655798,26.000000
4.744141,-0.000000,-0.087891,0.000000,29.180304,26.000000
4.744141,-0.298828,-0.560547,0.000000,32.990711,26.000000
4.798828,-0.150391,-0.496094,0.000000,33.669830,26.000000
4.843750,-0.152344,-0.462891,0.000000,30.056095,26.000000
4.830078,-0.308594,1.041016,0.000000,31.024338,26.000000
4.849609,-0.156250,1.166016,0.000000,28.932068,26.000000
1.146484,-0.421875,0.119141,1.844006,22.988531,26.000000
1.195312,-0.396484,0.142578,1.844006,22.718416,26.000000
1.337891,-0.304688,0.224609,-0.614669,23.324385,26.000000
1.376953,-0.267578,0.285156,-0.614669,24.593925,26.000000
0.037109,-0.035156,0.064453,0.000000,30.094509,26.000000
0.044922,-0.046875,0.103516,0.000000,29.009130,26.000000
1.177734,-0.449219,0.349609,0.000000,21.430147,26.000000
1.257812,-0.421875,0.253906,0.000000,20.569048,26.000000
0.880859,0.728516,1.054688,0.000000,24.800070,26.000000
3.820312,-1.703125,-1.767578,0.000000,24.842999,26.000000
0.011719,-0.039062,-0.007812,0.000000,30.681858,27.000000
0.027344,-0.076172,-0.009766,0.000000,31.878027,27.000000
0.029297,-0.119141,-0.005859,0.000000,30.086002,27.000000
0.056641,-0.154297,0.007812,0.000000,25.352942,27.000000
0.232422,0.039062,-1.246094,0.000000,23.521826,27.000000
0.255859,0.041016,-1.283203,0.000000,24.329693,27.000000
0.597656,0.126953,-1.203125,0.000000,22.278868,27.000000
1.470703,-0.283203,-0.222656,0.000000,26.404814,27.000000
1.515625,-0.291016,-0.179688,0.000000,27.126497,27.000000
2.632812,-0.175781,1.003906,0.000000,29.329807,27.000000
2.705078,-0.089844,0.935547,0.000000,32.626884,27.000000
2.765625,-0.089844,0.880859,0.000000,31.917303,27.000000
4.326172,-0.000000,1.376953,0.000000,27.860413,27.000000
4.398438,-0.142578,1.271484,0.000000,31.423895,27.000000
4.468750,-0.144531,1.169922,0.000000,31.078880,27.000000
4.636719,-0.000000,0.494141,0.000000,29.978231,27.000000
4.687500,-0.000000,0.392578,0.000000,30.806265,27.000000
4.738281,-0.148438,-0.193359,0.000000,29.708117,27.000000
4.746094,-0.298828,-0.546875,0.000000,33.615391,27.000000
4.791016,-0.300781,-0.511719,0.000000,34.358444,27.000000
4.820312,-0.304688,-0.611328,0.000000,30.813473,27.000000
4.818359,-0.308594,1.091797,0.000000,30.666985,27.000000
1.785156,-0.171875,-0.416016,1.844006,21.846914,27.000000
1.820312,-0.175781,-0.445312,1.844006,21.903316,27.000000
1.791016,-0.171875,-0.386719,2.458675,21.931246,27.000000
1.361328,-0.261719,0.105469,-0.614669,26.344772,27.000000
1.402344,-0.267578,0.113281,-0.614669,26.812412,27.000000
1.447266,-0.275391,0.021484,-0.614669,24.653828,27.000000
0.037109,-0.035156,0.064453,0.000000,30.086002,27.000000
0.044922,-0.046875,0.103516,0.000000,29.009130,27.000000
1.166016,-0.449219,0.386719,0.000000,21.367207,27.000000
1.255859,-0.378906,0.318359,0.000000,21.430147,27.000000
0.460938,0.662109,1.281250,0.000000,24.345690,27.000000
0.320312,0.679688,1.361328,0.000000,25.740313,27.000000
0.011719,-0.039062,-0.007812,0.000000,30.689276,28.000000
0.027344,-0.076172,-0.009766,0.000000,31.880844,28.000000
0.029297,-0.119141,-0.005859,0.000000,30.094509,28.000000
0.056641,-0.154297,0.007812,0.000000,25.365585,28.000000
0.263672,0.039062,-1.240234,0.000000,23.463530,28.000000
0.251953,0.041016,1.283203,0.000000,24.361626,28.000000
1.423828,-0.367188,0.087891,0.000000,27.299744,28.000000
1.449219,-0.425781,-0.085938,0.000000,30.629578,28.000000
1.500000,-0.388672,-0.119141,0.000000,31.238516,28.000000
1.541016,-0.398438,-0.109375,0.000000,28.819550,28.000000
2.625000,-0.175781,1.019531,0.000000,29.329807,28.000000
2.701172,-0.089844,0.945312,0.000000,32.583977,28.000000
2.763672,-0.089844,0.888672,0.000000,31.872387,28.000000
4.304688,-0.142578,1.439453,0.000000,27.817554,28.000000
4.396484,-0.142578,1.283203,0.000000,31.464382,28.000000
4.466797,-0.144531,1.181641,0.000000,31.092409,28.000000
4.642578,-0.000000,0.445312,0.000000,29.754318,28.000000
4.691406,-0.000000,0.335938,0.000000,30.549959,28.000000
4.736328,-0.148438,-0.253906,0.000000,29.232441,28.000000
4.740234,-0.298828,-0.585938,0.000000,33.376591,28.000000
4.785156,-0.300781,-0.564453,0.000000,34.282967,28.000000
4.816406,-0.152344,-0.693359,0.000000,31.089031,28.000000
4.810547,-0.308594,1.121094,0.000000,30.666985,28.000000
1.279297,-0.421875,0.085938,1.229337,21.613680,28.000000
1.861328,-0.117188,-0.257812,1.229337,22.878017,28.000000
1.898438,-0.121094,-0.273438,1.229337,22.479733,28.000000
1.835938,-0.179688,-0.541016,2.458675,21.430147,28.000000
1.312500,-0.253906,0.189453,-0.614669,24.329693,28.000000
1.359375,-0.216797,0.195312,-0.614669,27.109631,28.000000
1.400391,-0.179688,0.240234,-0.614669,26.646420,28.000000
0.037109,-0.035156,0.064453,0.000000,30.094509,28.000000
0.044922,-0.046875,0.103516,0.000000,29.014584,28.000000
1.195312,-0.408203,0.339844,0.000000,21.430147,28.000000
0.011719,-0.039062,-0.007812,0.000000,30.681858,29.000000
0.027344,-0.076172,-0.009766,0.000000,31.880844,29.000000
0.029297,-0.119141,-0.005859,0.000000,30.094509,29.000000
0.056641,-0.154297,0.007812,0.000000,25.378191,29.000000
0.228516,0.039062,-1.246094,0.000000,23.541084,29.000000
0.601562,-0.000000,1.162109,0.000000,24.842999,29.000000
1.302734,-0.126953,0.333984,0.000000,26.839472,29.000000
1.363281,-0.173828,0.210938,0.000000,29.576073,29.000000
1.408203,-0.179688,0.185547,0.000000,29.395193,29.000000
1.382812,-0.046875,0.503906,0.000000,24.563660,29.000000
1.460938,-0.378906,-0.103516,0.000000,30.025980,29.000000
1.501953,-0.388672,-0.083984,0.000000,31.055101,29.000000
1.552734,-0.349609,-0.099609,0.000000,28.312298,29.000000
2.632812,-0.175781,1.001953,0.000000,29.410143,29.000000
2.705078,-0.089844,0.935547,0.000000,32.610249,29.000000
2.763672,-0.089844,0.890625,0.000000,31.934029,29.000000
4.292969,-0.142578,1.472656,0.000000,27.678976,29.000000
4.388672,-0.142578,1.308594,0.000000,31.405081,29.000000
4.458984,-0.144531,1.208984,0.000000,31.109262,29.000000
4.640625,-0.000000,0.453125,0.000000,29.849771,29.000000
4.691406,-0.000000,0.349609,0.000000,30.678144,29.000000
4.740234,-0.298828,-0.585938,0.000000,33.422253,29.000000
4.783203,-0.300781,-0.574219,0.000000,34.316853,29.000000
4.802734,-0.304688,-0.730469,0.000000,31.068705,29.000000
4.812500,-0.308594,1.113281,0.000000,30.591846,29.000000
0.037109,-0.035156,0.064453,0.000000,30.090258,29.000000
0.044922,-0.046875,0.103516,0.000000,29.009130,29.000000
1.226562,-0.449219,0.085938,0.000000,22.227165,29.000000
1.302734,-0.552734,-0.410156,0.000000,24.377506,29.000000
0.011719,-0.039062,-0.007812,0.000000,30.681858,30.000000
0.027344,-0.076172,-0.009766,0.000000,31.878027,30.000000
0.029297,-0.119141,-0.005859,0.000000,30.090258,30.000000
0.056641,-0.154297,0.007812,0.000000,25.365585,30.000000
0.294922,0.039062,-1.232422,0.000000,23.521826,30.000000
0.748047,-0.000000,-1.074219,0.000000,24.232458,30.000000
1.324219,-0.253906,0.062500,0.000000,25.682016,30.000000
1.365234,-0.261719,0.062500,0.000000,28.767950,30.000000
1.406250,-0.267578,0.017578,0.000000,28.115749,30.000000
1.423828,-0.367188,-0.062500,0.000000,24.578819,30.000000
1.447266,-0.425781,-0.126953,0.000000,25.477747,30.000000
2.630859,-0.175781,1.007812,0.000000,29.395193,30.000000
2.703125,-0.089844,0.939453,0.000000,32.610249,30.000000
2.763672,-0.089844,0.888672,0.000000,31.911715,30.000000
4.302734,-0.142578,1.445312,0.000000,27.781513,30.000000
4.394531,-0.142578,1.285156,0.000000,31.427023,30.000000
4.464844,-0.144531,1.187500,0.000000,31.095785,30.000000
4.642578,-0.000000,0.443359,0.000000,29.813656,30.000000
4.691406,-0.000000,0.343750,0.000000,30.711452,30.000000
4.740234,-0.298828,-0.595703,0.000000,32.966652,30.000000
4.783203,-0.300781,-0.580078,0.000000,33.838154,30.000000
4.798828,-0.304688,-0.755859,0.000000,30.402067,30.000000
4.808594,-0.308594,1.128906,0.000000,30.496056,30.000000
0.037109,-0.035156,0.064453,0.000000,30.086002,30.000000
0.044922,-0.046875,0.103516,0.000000,29.009130,30.000000
1.109375,-0.449219,0.531250,0.000000,21.335388,30.000000
0.908203,1.181641,-0.259766,0.000000,23.483049,30.000000
0.011719,-0.039062,-0.007812,0.000000,30.681858,31.000000
0.027344,-0.076172,-0.009766,0.000000,31.880844,31.000000
0.029297,-0.119141,-0.005859,0.000000,30.090258,31.000000
0.056641,-0.154297,0.007812,0.000000,25.352942,31.000000
0.246094,0.039062,-1.244141,0.000000,23.521826,31.000000
0.382812,-0.000000,1.251953,0.000000,24.502491,31.000000
1.189453,-0.083984,0.632812,0.000000,23.926970,31.000000
1.341797,-0.173828,0.322266,0.000000,25.502283,31.000000
1.380859,-0.134766,0.351562,0.000000,25.575071,31.000000
1.445312,-0.230469,0.164062,0.000000,25.705429,31.000000
1.486328,-0.283203,-0.019531,0.000000,28.904211,31.000000
1.523438,-0.291016,-0.107422,0.000000,30.318123,31.000000
1.560547,-0.298828,-0.152344,0.000000,28.407331,31.000000
2.623047,-0.175781,1.027344,0.000000,29.304396,31.000000
2.703125,-0.089844,0.943359,0.000000,32.619762,31.000000
2.763672,-0.089844,0.890625,0.000000,31.945143,31.000000
4.308594,-0.142578,1.425781,0.000000,27.895807,31.000000
4.394531,-0.142578,1.291016,0.000000,31.420765,31.000000
4.468750,-0.144531,1.175781,0.000000,31.089031,31.000000
4.642578,-0.000000,0.445312,0.000000,29.840771,31.000000
4.691406,-0.000000,0.341797,0.000000,30.640835,31.000000
4.742188,-0.298828,-0.574219,0.000000,32.780674,31.000000
4.785156,-0.300781,-0.556641,0.000000,33.669830,31.000000
4.802734,-0.304688,-0.738281,0.000000,30.161974,31.000000
4.810547,-0.308594,1.119141,0.000000,30.542299,31.000000
0.037109,-0.035156,0.064453,0.000000,30.090258,31.000000
0.044922,-0.046875,0.103516,0.000000,29.009130,31.000000
1.205078,-0.449219,0.244141,0.000000,21.702618,31.000000
1.261719,-0.421875,-0.226562,0.000000,22.227165,31.000000
1.382812,-0.224609,0.300781,0.000000,25.563025,31.000000
0.011719,-0.039062,-0.007812,0.000000,30.685570,32.000000
0.027344,-0.076172,-0.009766,0.000000,31.880844,32.000000
0.029297,-0.119141,-0.005859,0.000000,30.094509,32.000000
0.056641,-0.154297,0.007812,0.000000,25.378191,32.000000
0.214844,0.039062,-1.250000,0.000000,23.560259,32.000000
0.117188,-0.000000,1.304688,0.000000,24.393328,32.000000
0.679688,-0.000000,1.166016,0.000000,23.117538,32.000000
2.632812,-0.175781,1.001953,0.000000,29.390198,32.000000
2.671875,-0.179688,1.011719,0.000000,32.615009,32.000000
2.767578,-0.089844,0.875000,0.000000,31.950689,32.000000
4.294922,-0.142578,1.466797,0.000000,27.701153,32.000000
4.390625,-0.142578,1.298828,0.000000,31.373541,32.000000
4.466797,-0.144531,1.183594,0.000000,31.075491,32.000000
4.640625,-0.000000,0.468750,0.000000,29.885590,32.000000
4.689453,-0.000000,0.365234,0.000000,30.674429,32.000000
4.742188,-0.298828,-0.568359,0.000000,33.027637,32.000000
4.785156,-0.300781,-0.558594,0.000000,33.949768,32.000000
4.806641,-0.304688,-0.707031,0.000000,30.557604,32.000000
4.818359,-0.308594,1.091797,0.000000,30.625820,32.000000
1.240234,-0.521484,-0.351562,0.614669,23.873898,32.000000
1.291016,-0.537109,-0.304688,0.614669,25.010593,32.000000
1.408203,-0.414062,-0.125000,0.614669,25.132175,32.000000
1.445312,-0.425781,-0.140625,0.614669,28.280151,32.000000
1.484375,-0.437500,-0.146484,0.614669,29.116901,32.000000
1.525391,-0.449219,-0.138672,0.614669,26.354837,32.000000
0.037109,-0.035156,0.064453,0.000000,30.090258,32.000000
0.044922,-0.046875,0.103516,0.000000,29.009130,32.000000
1.175781,-0.449219,0.355469,0.000000,21.430147,32.000000
1.250000,-0.505859,-0.060547,0.000000,20.934217,32.000000
1.136719,-0.042969,0.800781,0.614669,21.492191,32.000000
0.011719,-0.039062,-0.007812,0.000000,30.681858,33.000000
0.027344,-0.076172,-0.009766,0.000000,31.878027,33.000000
0.029297,-0.119141,-0.005859,0.000000,30.090258,33.000000
0.056641,-0.154297,0.007812,0.000000,25.365585,33.000000
0.218750,0.039062,-1.248047,0.000000,23.541084,33.000000
0.291016,0.041016,-1.275391,0.000000,24.297523,33.000000
0.359375,0.126953,-1.294922,0.000000,22.174839,33.000000
1.345703,-0.347656,-0.003906,0.000000,24.409090,33.000000
1.384766,-0.357422,-0.076172,0.000000,25.132175,33.000000
2.626953,-0.175781,1.015625,0.000000,29.360107,33.000000
2.667969,-0.179688,1.021484,0.000000,32.615009,33.000000
2.763672,-0.089844,0.888672,0.000000,31.934029,33.000000
4.314453,-0.142578,1.408203,0.000000,27.708521,33.000000
4.400391,-0.142578,1.265625,0.000000,31.344959,33.000000
4.470703,-0.144531,1.164062,0.000000,30.972572,33.000000
4.634766,-0.000000,0.517578,0.000000,29.698816,33.000000
4.689453,-0.000000,0.375000,0.000000,30.591846,33.000000
4.742188,-0.298828,-0.572266,0.000000,32.750809,33.000000
4.783203,-0.300781,-0.574219,0.000000,33.827374,33.000000
4.806641,-0.152344,-0.759766,0.000000,30.777311,33.000000
4.804688,-0.308594,1.148438,0.000000,30.569048,33.000000
1.423828,-0.367188,-0.078125,0.614669,22.552725,33.000000
0.037109,-0.035156,0.064453,0.000000,30.090258,33.000000
0.044922,-0.046875,0.103516,0.000000,29.003672,33.000000
1.173828,-0.449219,0.365234,0.000000,21.398790,33.000000
1.281250,-0.378906,0.193359,0.000000,21.398790,33.000000
0.011719,-0.039062,-0.007812,0.000000,30.674429,34.000000
0.027344,-0.076172,-0.009766,0.000000,31.878027,34.000000
0.029297,-0.119141,-0.005859,0.000000,30.094509,34.000000
0.056641,-0.154297,0.007812,0.000000,25.378191,34.000000
0.218750,0.039062,-1.248047,0.000000,23.521826,34.000000
0.169922,0.041016,-1.296875,0.000000,24.345690,34.000000
0.453125,0.126953,1.265625,0.000000,22.552725,34.000000
1.445312,-0.275391,-0.062500,0.000000,28.686445,34.000000
1.488281,-0.236328,-0.140625,0.000000,30.021660,34.000000
1.525391,-0.242188,-0.171875,0.000000,29.694159,34.000000
2.625000,-0.175781,1.021484,0.000000,29.375179,34.000000
2.701172,-0.089844,0.945312,0.000000,32.605484,34.000000
2.759766,-0.089844,0.898438,0.000000,31.897709,34.000000
4.292969,-0.142578,1.474609,0.000000,27.767012,34.000000
4.392578,-0.142578,1.296875,0.000000,31.328999,34.000000
4.464844,-0.144531,1.187500,0.000000,31.000257,34.000000
4.642578,-0.000000,0.443359,0.000000,29.925535,34.000000
4.691406,-0.000000,0.359375,0.000000,30.740847,34.000000
4.744141,-0.298828,-0.554688,0.000000,32.397999,34.000000
4.789062,-0.300781,-0.523438,0.000000,32.981979,34.000000
4.806641,-0.308594,1.138672,0.000000,30.576660,34.000000
1.357422,-0.261719,0.160156,0.614669,27.067179,34.000000
1.400391,-0.267578,0.128906,0.614669,28.920946,34.000000
0.037109,-0.035156,0.064453,0.000000,30.090258,34.000000
0.044922,-0.046875,0.103516,0.000000,29.009130,34.000000
1.181641,-0.449219,0.341797,0.000000,21.553360,34.000000
1.292969,-0.337891,0.193359,0.000000,22.095150,34.000000
0.011719,-0.039062,-0.007812,0.000000,30.678144,35.000000
0.027344,-0.076172,-0.009766,0.000000,31.878027,35.000000
0.029297,-0.119141,-0.005859,0.000000,30.090258,35.000000
0.056641,-0.154297,0.007812,0.000000,25.365585,35.000000
0.236328,0.039062,-1.246094,0.000000,23.483049,35.000000
0.189453,0.041016,-1.294922,0.000000,24.329693,35.000000
0.451172,0.042969,1.271484,0.000000,22.479733,35.000000
1.421875,-0.322266,-0.208984,0.000000,27.160034,35.000000
1.451172,-0.332031,-0.273438,0.000000,30.378248,35.000000
1.480469,-0.339844,-0.330078,0.000000,30.281645,35.000000
1.503906,-0.349609,-0.404297,0.000000,26.599161,35.000000
2.625000,-0.175781,1.021484,0.000000,29.429996,35.000000
2.701172,-0.089844,0.945312,0.000000,32.624512,35.000000
2.763672,-0.089844,0.890625,0.000000,31.936810,35.000000
4.330078,-0.142578,1.359375,0.000000,27.752462,35.000000
4.394531,-0.142578,1.287109,0.000000,31.309767,35.000000
4.457031,-0.144531,1.214844,0.000000,30.951693,35.000000
4.636719,-0.000000,0.490234,0.000000,29.840771,35.000000
4.689453,-0.000000,0.384766,0.000000,30.692980,35.000000
4.744141,-0.298828,-0.562500,0.000000,32.904797,35.000000
4.791016,-0.300781,-0.507812,0.000000,33.420277,35.000000
